1.0000,0.0010,0.0000
1.0000,0.0020,0.0002
1.0000,0.0030,0.0003
1.0000,0.0040,0.0006
1.0000,0.0049,0.0009
1.0000,0.0058,0.0013
1.0000,0.0068,0.0018
1.0000,0.0076,0.0024
1.0000,0.0085,0.0030
1.0000,0.0093,0.0037
1.0000,0.0101,0.0044
1.0000,0.0108,0.0052
1.0000,0.0115,0.0061
1.0000,0.0121,0.0071
1.0000,0.0127,0.0080
1.0000,0.0132,0.0091
1.0000,0.0136,0.0102
1.0000,0.0140,0.0113
1.0000,0.0143,0.0125
1.0000,0.0146,0.0137
1.0000,0.0148,0.0149
1.0000,0.0149,0.0162
1.0000,0.0149,0.0175
1.0000,0.0148,0.0189
1.0000,0.0147,0.0202
1.0000,0.0145,0.0216
1.0000,0.0142,0.0230
1.0000,0.0138,0.0244
1.0000,0.0133,0.0258
1.0000,0.0128,0.0271
1.0000,0.0121,0.0285
1.0000,0.0114,0.0299
1.0000,0.0106,0.0313
1.0000,0.0097,0.0326
1.0000,0.0087,0.0339
1.0000,0.0076,0.0352
1.0000,0.0065,0.0364
1.0000,0.0052,0.0376
1.0000,0.0039,0.0388
1.0000,0.0025,0.0399
1.0000,0.0010,0.0410
1.0000,-0.0005,0.0420
1.0000,-0.0022,0.0429
1.0000,-0.0039,0.0438
1.0000,-0.0056,0.0446
1.0000,-0.0075,0.0454
1.0000,-0.0094,0.0461
1.0000,-0.0114,0.0466
1.0000,-0.0134,0.0471
1.0000,-0.0155,0.0476
1.0000,-0.0176,0.0479
1.0000,-0.0197,0.0481
1.0000,-0.0220,0.0482
1.0000,-0.0242,0.0483
1.0000,-0.0265,0.0482
1.0000,-0.0288,0.0480
1.0000,-0.0311,0.0477
1.0000,-0.0335,0.0473
1.0000,-0.0359,0.0468
1.0000,-0.0382,0.0462
1.0000,-0.0406,0.0455
1.0000,-0.0430,0.0447
1.0000,-0.0454,0.0437
1.0000,-0.0477,0.0426
1.0000,-0.0501,0.0414
1.0000,-0.0524,0.0401
1.0000,-0.0547,0.0387
1.0000,-0.0570,0.0372
1.0000,-0.0592,0.0355
1.0000,-0.0613,0.0337
1.0000,-0.0635,0.0318
1.0000,-0.0655,0.0298
1.0000,-0.0675,0.0277
1.0000,-0.0695,0.0255
1.0000,-0.0713,0.0232
1.0000,-0.0731,0.0207
1.0000,-0.0748,0.0182
1.0000,-0.0764,0.0156
1.0000,-0.0779,0.0128
1.0000,-0.0794,0.0100
1.0000,-0.0807,0.0071
1.0000,-0.0819,0.0041
1.0000,-0.0830,0.0010
1.0000,-0.0840,-0.0021
1.0000,-0.0848,-0.0053
1.0000,-0.0856,-0.0086
1.0000,-0.0862,-0.0120
1.0000,-0.0866,-0.0154
1.0000,-0.0870,-0.0189
1.0000,-0.0872,-0.0224
1.0000,-0.0872,-0.0259
1.0000,-0.0871,-0.0295
1.0000,-0.0869,-0.0331
1.0000,-0.0865,-0.0368
1.0000,-0.0860,-0.0404
1.0000,-0.0853,-0.0441
1.0000,-0.0844,-0.0478
1.0000,-0.0834,-0.0515
1.0000,-0.0822,-0.0551
1.0000,-0.0809,-0.0588
1.0000,-0.0794,-0.0624
1.0000,-0.0778,-0.0660
1.0000,-0.0760,-0.0696
1.0000,-0.0740,-0.0731
1.0000,-0.0719,-0.0765
1.0000,-0.0696,-0.0800
1.0000,-0.0672,-0.0833
1.0000,-0.0646,-0.0866
1.0000,-0.0618,-0.0898
1.0000,-0.0589,-0.0929
1.0000,-0.0559,-0.0959
1.0000,-0.0527,-0.0988
1.0000,-0.0494,-0.1016
1.0000,-0.0459,-0.1043
1.0000,-0.0423,-0.1069
1.0000,-0.0386,-0.1094
1.0000,-0.0348,-0.1117
1.0000,-0.0308,-0.1139
1.0000,-0.0267,-0.1160
1.0000,-0.0225,-0.1179
1.0000,-0.0182,-0.1196
1.0000,-0.0138,-0.1212
1.0000,-0.0093,-0.1227
1.0000,-0.0047,-0.1239
1.0000,-0.0000,-0.1250
1.0000,0.0047,-0.1259
1.0000,0.0096,-0.1266
1.0000,0.0144,-0.1272
1.0000,0.0194,-0.1275
1.0000,0.0244,-0.1277
1.0000,0.0294,-0.1277
1.0000,0.0344,-0.1274
1.0000,0.0395,-0.1270
1.0000,0.0446,-0.1264
1.0000,0.0497,-0.1255
1.0000,0.0548,-0.1245
1.0000,0.0599,-0.1232
1.0000,0.0650,-0.1218
1.0000,0.0700,-0.1201
1.0000,0.0750,-0.1182
1.0000,0.0800,-0.1161
1.0000,0.0849,-0.1138
1.0000,0.0898,-0.1113
1.0000,0.0945,-0.1086
1.0000,0.0993,-0.1057
1.0000,0.1039,-0.1026
1.0000,0.1084,-0.0993
1.0000,0.1128,-0.0958
1.0000,0.1172,-0.0921
1.0000,0.1214,-0.0882
1.0000,0.1254,-0.0841
1.0000,0.1294,-0.0798
1.0000,0.1331,-0.0754
1.0000,0.1368,-0.0708
1.0000,0.1402,-0.0660
1.0000,0.1436,-0.0611
1.0000,0.1467,-0.0560
1.0000,0.1496,-0.0507
1.0000,0.1524,-0.0453
1.0000,0.1550,-0.0398
1.0000,0.1573,-0.0341
1.0000,0.1595,-0.0284
1.0000,0.1614,-0.0225
1.0000,0.1632,-0.0165
1.0000,0.1647,-0.0104
1.0000,0.1659,-0.0042
1.0000,0.1670,0.0021
1.0000,0.1678,0.0084
1.0000,0.1683,0.0148
1.0000,0.1687,0.0213
1.0000,0.1687,0.0278
1.0000,0.1685,0.0344
1.0000,0.1681,0.0409
1.0000,0.1674,0.0475
1.0000,0.1664,0.0541
1.0000,0.1652,0.0607
1.0000,0.1637,0.0672
1.0000,0.1620,0.0738
1.0000,0.1600,0.0803
1.0000,0.1577,0.0867
1.0000,0.1552,0.0931
1.0000,0.1524,0.0994
1.0000,0.1494,0.1057
1.0000,0.1461,0.1119
1.0000,0.1425,0.1179
1.0000,0.1387,0.1239
1.0000,0.1347,0.1297
1.0000,0.1304,0.1354
1.0000,0.1259,0.1410
1.0000,0.1211,0.1464
1.0000,0.1161,0.1517
1.0000,0.1109,0.1567
1.0000,0.1055,0.1616
1.0000,0.0998,0.1664
1.0000,0.0939,0.1709
1.0000,0.0879,0.1752
1.0000,0.0816,0.1793
1.0000,0.0752,0.1832
1.0000,0.0686,0.1868
1.0000,0.0618,0.1902
1.0000,0.0549,0.1934
1.0000,0.0478,0.1963
1.0000,0.0405,0.1989
1.0000,0.0332,0.2013
1.0000,0.0257,0.2034
1.0000,0.0181,0.2052
1.0000,0.0104,0.2067
1.0000,0.0026,0.2080
1.0000,-0.0053,0.2089
1.0000,-0.0132,0.2096
1.0000,-0.0212,0.2099
1.0000,-0.0292,0.2100
1.0000,-0.0373,0.2097
1.0000,-0.0454,0.2091
1.0000,-0.0535,0.2082
1.0000,-0.0616,0.2070
1.0000,-0.0696,0.2055
1.0000,-0.0777,0.2037
1.0000,-0.0857,0.2015
1.0000,-0.0937,0.1991
1.0000,-0.1016,0.1963
1.0000,-0.1094,0.1932
1.0000,-0.1171,0.1898
1.0000,-0.1247,0.1861
1.0000,-0.1323,0.1820
1.0000,-0.1396,0.1777
1.0000,-0.1469,0.1731
1.0000,-0.1540,0.1682
1.0000,-0.1609,0.1629
1.0000,-0.1677,0.1574
1.0000,-0.1742,0.1517
1.0000,-0.1806,0.1456
1.0000,-0.1868,0.1393
1.0000,-0.1927,0.1327
1.0000,-0.1984,0.1259
1.0000,-0.2039,0.1189
1.0000,-0.2091,0.1116
1.0000,-0.2141,0.1040
1.0000,-0.2187,0.0963
1.0000,-0.2231,0.0883
1.0000,-0.2273,0.0802
1.0000,-0.2311,0.0719
1.0000,-0.2346,0.0634
1.0000,-0.2378,0.0547
1.0000,-0.2407,0.0459
1.0000,-0.2432,0.0370
1.0000,-0.2454,0.0279
1.0000,-0.2473,0.0187
1.0000,-0.2488,0.0094
1.0000,-0.2500,0.0000
1.0000,-0.2508,-0.0095
1.0000,-0.2513,-0.0190
1.0000,-0.2514,-0.0286
1.0000,-0.2511,-0.0382
1.0000,-0.2505,-0.0478
1.0000,-0.2495,-0.0574
1.0000,-0.2481,-0.0670
1.0000,-0.2464,-0.0766
1.0000,-0.2442,-0.0862
1.0000,-0.2417,-0.0957
1.0000,-0.2389,-0.1052
1.0000,-0.2356,-0.1145
1.0000,-0.2320,-0.1238
1.0000,-0.2281,-0.1330
1.0000,-0.2237,-0.1420
1.0000,-0.2191,-0.1509
1.0000,-0.2140,-0.1596
1.0000,-0.2086,-0.1682
1.0000,-0.2029,-0.1766
1.0000,-0.1968,-0.1848
1.0000,-0.1904,-0.1928
1.0000,-0.1837,-0.2006
1.0000,-0.1766,-0.2081
1.0000,-0.1693,-0.2154
1.0000,-0.1616,-0.2225
1.0000,-0.1537,-0.2292
1.0000,-0.1455,-0.2357
1.0000,-0.1370,-0.2419
1.0000,-0.1282,-0.2478
1.0000,-0.1192,-0.2534
1.0000,-0.1100,-0.2586
1.0000,-0.1005,-0.2635
1.0000,-0.0908,-0.2680
1.0000,-0.0809,-0.2722
1.0000,-0.0709,-0.2760
1.0000,-0.0606,-0.2795
1.0000,-0.0502,-0.2826
1.0000,-0.0397,-0.2853
1.0000,-0.0290,-0.2875
1.0000,-0.0182,-0.2894
1.0000,-0.0073,-0.2909
1.0000,0.0037,-0.2920
1.0000,0.0147,-0.2926
1.0000,0.0258,-0.2929
1.0000,0.0370,-0.2927
1.0000,0.0481,-0.2921
1.0000,0.0593,-0.2910
1.0000,0.0705,-0.2895
1.0000,0.0816,-0.2876
1.0000,0.0927,-0.2853
1.0000,0.1037,-0.2826
1.0000,0.1147,-0.2794
1.0000,0.1256,-0.2758
1.0000,0.1363,-0.2717
1.0000,0.1469,-0.2673
1.0000,0.1574,-0.2624
1.0000,0.1677,-0.2571
1.0000,0.1779,-0.2514
1.0000,0.1879,-0.2453
1.0000,0.1976,-0.2389
1.0000,0.2071,-0.2320
1.0000,0.2164,-0.2247
1.0000,0.2255,-0.2171
1.0000,0.2342,-0.2091
1.0000,0.2427,-0.2008
1.0000,0.2509,-0.1921
1.0000,0.2588,-0.1831
1.0000,0.2663,-0.1738
1.0000,0.2736,-0.1641
1.0000,0.2804,-0.1542
1.0000,0.2869,-0.1439
1.0000,0.2931,-0.1334
1.0000,0.2988,-0.1227
1.0000,0.3041,-0.1117
1.0000,0.3091,-0.1004
1.0000,0.3136,-0.0890
1.0000,0.3177,-0.0773
1.0000,0.3214,-0.0655
1.0000,0.3246,-0.0535
1.0000,0.3274,-0.0414
1.0000,0.3297,-0.0291
1.0000,0.3316,-0.0167
1.0000,0.3330,-0.0042
1.0000,0.3339,0.0084
1.0000,0.3343,0.0210
1.0000,0.3343,0.0337
1.0000,0.3338,0.0464
1.0000,0.3328,0.0592
1.0000,0.3313,0.0719
1.0000,0.3293,0.0846
1.0000,0.3269,0.0972
1.0000,0.3239,0.1098
1.0000,0.3205,0.1222
1.0000,0.3166,0.1346
1.0000,0.3122,0.1469
1.0000,0.3073,0.1590
1.0000,0.3020,0.1710
1.0000,0.2961,0.1828
1.0000,0.2899,0.1943
1.0000,0.2832,0.2057
1.0000,0.2760,0.2169
1.0000,0.2684,0.2278
1.0000,0.2603,0.2384
1.0000,0.2519,0.2487
1.0000,0.2430,0.2588
1.0000,0.2337,0.2685
1.0000,0.2241,0.2779
1.0000,0.2140,0.2870
1.0000,0.2036,0.2956
1.0000,0.1929,0.3040
1.0000,0.1818,0.3119
1.0000,0.1704,0.3194
1.0000,0.1587,0.3265
1.0000,0.1467,0.3331
1.0000,0.1344,0.3394
1.0000,0.1218,0.3451
1.0000,0.1090,0.3504
1.0000,0.0960,0.3553
1.0000,0.0828,0.3596
1.0000,0.0693,0.3634
1.0000,0.0557,0.3668
1.0000,0.0420,0.3696
1.0000,0.0281,0.3719
1.0000,0.0141,0.3737
1.0000,0.0000,0.3750
1.0000,-0.0142,0.3757
1.0000,-0.0284,0.3759
1.0000,-0.0427,0.3756
1.0000,-0.0569,0.3747
1.0000,-0.0712,0.3733
1.0000,-0.0854,0.3713
1.0000,-0.0996,0.3688
1.0000,-0.1138,0.3657
1.0000,-0.1278,0.3621
1.0000,-0.1417,0.3580
1.0000,-0.1555,0.3533
1.0000,-0.1692,0.3481
1.0000,-0.1826,0.3423
1.0000,-0.1959,0.3361
1.0000,-0.2090,0.3293
1.0000,-0.2218,0.3220
1.0000,-0.2344,0.3142
1.0000,-0.2467,0.3059
1.0000,-0.2587,0.2972
1.0000,-0.2704,0.2879
1.0000,-0.2818,0.2782
1.0000,-0.2928,0.2681
1.0000,-0.3035,0.2575
1.0000,-0.3137,0.2465
1.0000,-0.3236,0.2351
1.0000,-0.3331,0.2233
1.0000,-0.3421,0.2111
1.0000,-0.3507,0.1986
1.0000,-0.3588,0.1857
1.0000,-0.3665,0.1724
1.0000,-0.3736,0.1589
1.0000,-0.3803,0.1451
1.0000,-0.3864,0.1309
1.0000,-0.3920,0.1166
1.0000,-0.3971,0.1020
1.0000,-0.4017,0.0871
1.0000,-0.4056,0.0721
1.0000,-0.4091,0.0569
1.0000,-0.4119,0.0415
1.0000,-0.4142,0.0261
1.0000,-0.4159,0.0105
1.0000,-0.4170,-0.0052
1.0000,-0.4175,-0.0210
1.0000,-0.4174,-0.0368
1.0000,-0.4167,-0.0526
1.0000,-0.4154,-0.0685
1.0000,-0.4135,-0.0843
1.0000,-0.4110,-0.1000
1.0000,-0.4079,-0.1157
1.0000,-0.4042,-0.1313
1.0000,-0.3999,-0.1468
1.0000,-0.3950,-0.1622
1.0000,-0.3895,-0.1774
1.0000,-0.3835,-0.1924
1.0000,-0.3768,-0.2072
1.0000,-0.3696,-0.2217
1.0000,-0.3618,-0.2360
1.0000,-0.3535,-0.2501
1.0000,-0.3446,-0.2638
1.0000,-0.3352,-0.2773
1.0000,-0.3252,-0.2904
1.0000,-0.3148,-0.3031
1.0000,-0.3038,-0.3155
1.0000,-0.2924,-0.3275
1.0000,-0.2805,-0.3390
1.0000,-0.2681,-0.3501
1.0000,-0.2553,-0.3608
1.0000,-0.2421,-0.3710
1.0000,-0.2284,-0.3807
1.0000,-0.2144,-0.3900
1.0000,-0.2000,-0.3987
1.0000,-0.1852,-0.4068
1.0000,-0.1701,-0.4144
1.0000,-0.1547,-0.4215
1.0000,-0.1391,-0.4280
1.0000,-0.1231,-0.4339
1.0000,-0.1069,-0.4392
1.0000,-0.0905,-0.4439
1.0000,-0.0738,-0.4480
1.0000,-0.0570,-0.4514
1.0000,-0.0401,-0.4542
1.0000,-0.0230,-0.4564
1.0000,-0.0058,-0.4580
1.0000,0.0115,-0.4589
1.0000,0.0289,-0.4591
1.0000,0.0463,-0.4587
1.0000,0.0637,-0.4576
1.0000,0.0810,-0.4559
1.0000,0.0984,-0.4535
1.0000,0.1156,-0.4504
1.0000,0.1328,-0.4467
1.0000,0.1499,-0.4423
1.0000,0.1668,-0.4373
1.0000,0.1836,-0.4316
1.0000,0.2001,-0.4253
1.0000,0.2165,-0.4183
1.0000,0.2326,-0.4107
1.0000,0.2484,-0.4025
1.0000,0.2640,-0.3937
1.0000,0.2792,-0.3843
1.0000,0.2941,-0.3743
1.0000,0.3086,-0.3637
1.0000,0.3228,-0.3525
1.0000,0.3366,-0.3408
1.0000,0.3499,-0.3286
1.0000,0.3628,-0.3158
1.0000,0.3752,-0.3025
1.0000,0.3872,-0.2888
1.0000,0.3986,-0.2746
1.0000,0.4095,-0.2599
1.0000,0.4199,-0.2448
1.0000,0.4297,-0.2292
1.0000,0.4389,-0.2133
1.0000,0.4476,-0.1970
1.0000,0.4556,-0.1804
1.0000,0.4630,-0.1634
1.0000,0.4698,-0.1461
1.0000,0.4759,-0.1286
1.0000,0.4814,-0.1108
1.0000,0.4862,-0.0928
1.0000,0.4904,-0.0745
1.0000,0.4938,-0.0561
1.0000,0.4966,-0.0375
1.0000,0.4986,-0.0188
1.0000,0.5000,-0.0000
1.0000,0.5006,0.0189
1.0000,0.5006,0.0378
1.0000,0.4998,0.0568
1.0000,0.4983,0.0757
1.0000,0.4961,0.0946
1.0000,0.4931,0.1135
1.0000,0.4894,0.1322
1.0000,0.4851,0.1509
1.0000,0.4800,0.1694
1.0000,0.4742,0.1877
1.0000,0.4677,0.2059
1.0000,0.4605,0.2238
1.0000,0.4526,0.2415
1.0000,0.4441,0.2589
1.0000,0.4348,0.2760
1.0000,0.4249,0.2927
1.0000,0.4144,0.3091
1.0000,0.4032,0.3251
1.0000,0.3915,0.3408
1.0000,0.3791,0.3560
1.0000,0.3661,0.3707
1.0000,0.3525,0.3850
1.0000,0.3384,0.3988
1.0000,0.3238,0.4120
1.0000,0.3086,0.4247
1.0000,0.2929,0.4369
1.0000,0.2768,0.4485
1.0000,0.2602,0.4595
1.0000,0.2431,0.4698
1.0000,0.2257,0.4796
1.0000,0.2078,0.4886
1.0000,0.1896,0.4971
1.0000,0.1711,0.5048
1.0000,0.1522,0.5119
1.0000,0.1330,0.5182
1.0000,0.1136,0.5238
1.0000,0.0940,0.5287
1.0000,0.0741,0.5329
1.0000,0.0541,0.5363
1.0000,0.0339,0.5389
1.0000,0.0136,0.5408
1.0000,-0.0068,0.5420
1.0000,-0.0273,0.5423
1.0000,-0.0478,0.5419
1.0000,-0.0683,0.5407
1.0000,-0.0888,0.5387
1.0000,-0.1092,0.5360
1.0000,-0.1296,0.5325
1.0000,-0.1499,0.5282
1.0000,-0.1700,0.5231
1.0000,-0.1899,0.5172
1.0000,-0.2096,0.5106
1.0000,-0.2291,0.5033
1.0000,-0.2484,0.4952
1.0000,-0.2674,0.4864
1.0000,-0.2860,0.4768
1.0000,-0.3043,0.4665
1.0000,-0.3223,0.4555
1.0000,-0.3398,0.4438
1.0000,-0.3570,0.4315
1.0000,-0.3736,0.4185
1.0000,-0.3898,0.4048
1.0000,-0.4055,0.3905
1.0000,-0.4207,0.3756
1.0000,-0.4353,0.3601
1.0000,-0.4494,0.3441
1.0000,-0.4629,0.3275
1.0000,-0.4757,0.3104
1.0000,-0.4879,0.2927
1.0000,-0.4995,0.2746
1.0000,-0.5104,0.2560
1.0000,-0.5206,0.2370
1.0000,-0.5301,0.2176
1.0000,-0.5388,0.1978
1.0000,-0.5469,0.1777
1.0000,-0.5541,0.1572
1.0000,-0.5606,0.1365
1.0000,-0.5664,0.1154
1.0000,-0.5713,0.0942
1.0000,-0.5754,0.0727
1.0000,-0.5788,0.0510
1.0000,-0.5813,0.0292
1.0000,-0.5830,0.0073
1.0000,-0.5838,-0.0147
1.0000,-0.5838,-0.0367
1.0000,-0.5830,-0.0588
1.0000,-0.5814,-0.0809
1.0000,-0.5789,-0.1029
1.0000,-0.5756,-0.1249
1.0000,-0.5715,-0.1467
1.0000,-0.5665,-0.1684
1.0000,-0.5607,-0.1900
1.0000,-0.5541,-0.2114
1.0000,-0.5466,-0.2325
1.0000,-0.5384,-0.2533
1.0000,-0.5293,-0.2739
1.0000,-0.5195,-0.2942
1.0000,-0.5089,-0.3141
1.0000,-0.4975,-0.3336
1.0000,-0.4854,-0.3527
1.0000,-0.4726,-0.3713
1.0000,-0.4590,-0.3895
1.0000,-0.4447,-0.4072
1.0000,-0.4298,-0.4244
1.0000,-0.4142,-0.4410
1.0000,-0.3979,-0.4571
1.0000,-0.3810,-0.4725
1.0000,-0.3635,-0.4874
1.0000,-0.3455,-0.5015
1.0000,-0.3269,-0.5150
1.0000,-0.3077,-0.5279
1.0000,-0.2881,-0.5400
1.0000,-0.2680,-0.5513
1.0000,-0.2474,-0.5620
1.0000,-0.2264,-0.5718
1.0000,-0.2050,-0.5809
1.0000,-0.1833,-0.5892
1.0000,-0.1612,-0.5966
1.0000,-0.1388,-0.6032
1.0000,-0.1162,-0.6090
1.0000,-0.0933,-0.6140
1.0000,-0.0702,-0.6180
1.0000,-0.0469,-0.6212
1.0000,-0.0235,-0.6236
1.0000,0.0000,-0.6250
1.0000,0.0236,-0.6256
1.0000,0.0472,-0.6252
1.0000,0.0709,-0.6240
1.0000,0.0945,-0.6219
1.0000,0.1181,-0.6188
1.0000,0.1415,-0.6149
1.0000,0.1649,-0.6101
1.0000,0.1880,-0.6044
1.0000,0.2110,-0.5979
1.0000,0.2338,-0.5904
1.0000,0.2562,-0.5821
1.0000,0.2784,-0.5729
1.0000,0.3003,-0.5629
1.0000,0.3218,-0.5520
1.0000,0.3429,-0.5404
1.0000,0.3636,-0.5279
1.0000,0.3839,-0.5146
1.0000,0.4036,-0.5006
1.0000,0.4228,-0.4857
1.0000,0.4415,-0.4702
1.0000,0.4597,-0.4539
1.0000,0.4772,-0.4369
1.0000,0.4941,-0.4193
1.0000,0.5103,-0.4010
1.0000,0.5259,-0.3821
1.0000,0.5407,-0.3625
1.0000,0.5548,-0.3424
1.0000,0.5682,-0.3218
1.0000,0.5808,-0.3006
1.0000,0.5927,-0.2789
1.0000,0.6037,-0.2567
1.0000,0.6139,-0.2342
1.0000,0.6232,-0.2112
1.0000,0.6317,-0.1878
1.0000,0.6393,-0.1641
1.0000,0.6460,-0.1401
1.0000,0.6518,-0.1159
1.0000,0.6567,-0.0914
1.0000,0.6606,-0.0666
1.0000,0.6637,-0.0418
1.0000,0.6658,-0.0167
1.0000,0.6669,0.0084
1.0000,0.6672,0.0336
1.0000,0.6664,0.0588
1.0000,0.6647,0.0840
1.0000,0.6621,0.1091
1.0000,0.6585,0.1342
1.0000,0.6539,0.1592
1.0000,0.6484,0.1840
1.0000,0.6420,0.2086
1.0000,0.6346,0.2330
1.0000,0.6263,0.2571
1.0000,0.6171,0.2809
1.0000,0.6069,0.3045
1.0000,0.5959,0.3276
1.0000,0.5840,0.3503
1.0000,0.5712,0.3726
1.0000,0.5576,0.3945
1.0000,0.5431,0.4158
1.0000,0.5278,0.4366
1.0000,0.5117,0.4569
1.0000,0.4949,0.4765
1.0000,0.4772,0.4956
1.0000,0.4589,0.5140
1.0000,0.4398,0.5317
1.0000,0.4201,0.5486
1.0000,0.3997,0.5649
1.0000,0.3787,0.5804
1.0000,0.3570,0.5951
1.0000,0.3348,0.6090
1.0000,0.3121,0.6221
1.0000,0.2888,0.6343
1.0000,0.2651,0.6457
1.0000,0.2409,0.6562
1.0000,0.2163,0.6657
1.0000,0.1913,0.6744
1.0000,0.1660,0.6821
1.0000,0.1404,0.6888
1.0000,0.1145,0.6946
1.0000,0.0884,0.6994
1.0000,0.0620,0.7033
1.0000,0.0355,0.7061
1.0000,0.0089,0.7079
1.0000,-0.0178,0.7088
1.0000,-0.0446,0.7086
1.0000,-0.0714,0.7074
1.0000,-0.0981,0.7052
1.0000,-0.1248,0.7020
1.0000,-0.1514,0.6978
1.0000,-0.1778,0.6925
1.0000,-0.2041,0.6863
1.0000,-0.2301,0.6791
1.0000,-0.2559,0.6708
1.0000,-0.2814,0.6616
1.0000,-0.3066,0.6515
1.0000,-0.3314,0.6403
1.0000,-0.3557,0.6283
1.0000,-0.3797,0.6153
1.0000,-0.4032,0.6014
1.0000,-0.4261,0.5865
1.0000,-0.4486,0.5708
1.0000,-0.4704,0.5543
1.0000,-0.4916,0.5369
1.0000,-0.5122,0.5187
1.0000,-0.5321,0.4997
1.0000,-0.5514,0.4800
1.0000,-0.5698,0.4595
1.0000,-0.5875,0.4383
1.0000,-0.6045,0.4164
1.0000,-0.6206,0.3938
1.0000,-0.6358,0.3707
1.0000,-0.6502,0.3469
1.0000,-0.6638,0.3226
1.0000,-0.6764,0.2977
1.0000,-0.6880,0.2724
1.0000,-0.6988,0.2466
1.0000,-0.7085,0.2204
1.0000,-0.7173,0.1938
1.0000,-0.7250,0.1669
1.0000,-0.7318,0.1396
1.0000,-0.7375,0.1121
1.0000,-0.7422,0.0843
1.0000,-0.7459,0.0563
1.0000,-0.7485,0.0282
1.0000,-0.7500,0.0000
1.0000,-0.7505,-0.0283
1.0000,-0.7499,-0.0566
1.0000,-0.7482,-0.0850
1.0000,-0.7454,-0.1133
1.0000,-0.7416,-0.1415
1.0000,-0.7367,-0.1695
1.0000,-0.7308,-0.1975
1.0000,-0.7238,-0.2252
1.0000,-0.7157,-0.2526
1.0000,-0.7066,-0.2798
1.0000,-0.6965,-0.3066
1.0000,-0.6853,-0.3331
1.0000,-0.6732,-0.3591
1.0000,-0.6600,-0.3848
1.0000,-0.6459,-0.4099
1.0000,-0.6308,-0.4345
1.0000,-0.6148,-0.4586
1.0000,-0.5979,-0.4821
1.0000,-0.5800,-0.5049
1.0000,-0.5613,-0.5271
1.0000,-0.5417,-0.5486
1.0000,-0.5214,-0.5694
1.0000,-0.5002,-0.5894
1.0000,-0.4782,-0.6086
1.0000,-0.4555,-0.6270
1.0000,-0.4321,-0.6445
1.0000,-0.4081,-0.6612
1.0000,-0.3833,-0.6770
1.0000,-0.3580,-0.6919
1.0000,-0.3321,-0.7058
1.0000,-0.3057,-0.7187
1.0000,-0.2787,-0.7306
1.0000,-0.2513,-0.7416
1.0000,-0.2235,-0.7515
1.0000,-0.1952,-0.7603
1.0000,-0.1666,-0.7681
1.0000,-0.1377,-0.7749
1.0000,-0.1086,-0.7805
1.0000,-0.0792,-0.7850
1.0000,-0.0496,-0.7884
1.0000,-0.0199,-0.7908
1.0000,0.0100,-0.7919
1.0000,0.0398,-0.7920
1.0000,0.0698,-0.7909
1.0000,0.0996,-0.7887
1.0000,0.1295,-0.7854
1.0000,0.1592,-0.7809
1.0000,0.1887,-0.7754
1.0000,0.2181,-0.7687
1.0000,0.2472,-0.7608
1.0000,0.2761,-0.7519
1.0000,0.3046,-0.7419
1.0000,0.3327,-0.7308
1.0000,0.3605,-0.7186
1.0000,0.3878,-0.7054
1.0000,0.4146,-0.6912
1.0000,0.4409,-0.6759
1.0000,0.4667,-0.6596
1.0000,0.4918,-0.6423
1.0000,0.5163,-0.6241
1.0000,0.5401,-0.6050
1.0000,0.5632,-0.5849
1.0000,0.5856,-0.5639
1.0000,0.6072,-0.5421
1.0000,0.6280,-0.5195
1.0000,0.6479,-0.4961
1.0000,0.6669,-0.4719
1.0000,0.6851,-0.4470
1.0000,0.7023,-0.4213
1.0000,0.7186,-0.3950
1.0000,0.7338,-0.3681
1.0000,0.7481,-0.3406
1.0000,0.7613,-0.3126
1.0000,0.7735,-0.2840
1.0000,0.7846,-0.2549
1.0000,0.7946,-0.2255
1.0000,0.8035,-0.1956
1.0000,0.8113,-0.1654
1.0000,0.8180,-0.1348
1.0000,0.8235,-0.1040
1.0000,0.8278,-0.0730
1.0000,0.8309,-0.0418
1.0000,0.8329,-0.0105
1.0000,0.8337,0.0210
1.0000,0.8334,0.0524
1.0000,0.8318,0.0839
1.0000,0.8290,0.1153
1.0000,0.8251,0.1467
1.0000,0.8199,0.1779
1.0000,0.8136,0.2089
1.0000,0.8061,0.2397
1.0000,0.7975,0.2702
1.0000,0.7876,0.3005
1.0000,0.7767,0.3303
1.0000,0.7646,0.3598
1.0000,0.7514,0.3888
1.0000,0.7370,0.4173
1.0000,0.7216,0.4453
1.0000,0.7052,0.4728
1.0000,0.6877,0.4996
1.0000,0.6691,0.5258
1.0000,0.6496,0.5513
1.0000,0.6291,0.5761
1.0000,0.6077,0.6001
1.0000,0.5853,0.6233
1.0000,0.5620,0.6456
1.0000,0.5379,0.6671
1.0000,0.5130,0.6877
1.0000,0.4873,0.7074
1.0000,0.4608,0.7261
1.0000,0.4336,0.7438
1.0000,0.4057,0.7605
1.0000,0.3772,0.7762
1.0000,0.3481,0.7908
1.0000,0.3184,0.8043
1.0000,0.2882,0.8166
1.0000,0.2575,0.8279
1.0000,0.2264,0.8380
1.0000,0.1949,0.8469
1.0000,0.1630,0.8546
1.0000,0.1308,0.8611
1.0000,0.0984,0.8664
1.0000,0.0658,0.8705
1.0000,0.0329,0.8734
1.0000,0.0000,0.8750
1.0000,-0.0330,0.8754
1.0000,-0.0661,0.8745
1.0000,-0.0991,0.8724
1.0000,-0.1320,0.8690
1.0000,-0.1649,0.8644
1.0000,-0.1976,0.8586
1.0000,-0.2301,0.8515
1.0000,-0.2623,0.8431
1.0000,-0.2942,0.8336
1.0000,-0.3258,0.8229
1.0000,-0.3570,0.8109
1.0000,-0.3877,0.7978
1.0000,-0.4180,0.7835
1.0000,-0.4477,0.7680
1.0000,-0.4769,0.7515
1.0000,-0.5054,0.7338
1.0000,-0.5333,0.7150
1.0000,-0.5605,0.6952
1.0000,-0.5870,0.6743
1.0000,-0.6127,0.6524
1.0000,-0.6375,0.6296
1.0000,-0.6615,0.6058
1.0000,-0.6847,0.5811
1.0000,-0.7069,0.5555
1.0000,-0.7281,0.5290
1.0000,-0.7484,0.5017
1.0000,-0.7676,0.4737
1.0000,-0.7858,0.4449
1.0000,-0.8029,0.4155
1.0000,-0.8189,0.3853
1.0000,-0.8337,0.3546
1.0000,-0.8474,0.3233
1.0000,-0.8600,0.2914
1.0000,-0.8713,0.2591
1.0000,-0.8814,0.2263
1.0000,-0.8903,0.1931
1.0000,-0.8979,0.1596
1.0000,-0.9043,0.1258
1.0000,-0.9094,0.0917
1.0000,-0.9132,0.0575
1.0000,-0.9157,0.0230
1.0000,-0.9169,-0.0115
1.0000,-0.9168,-0.0461
1.0000,-0.9154,-0.0807
1.0000,-0.9127,-0.1153
1.0000,-0.9087,-0.1498
1.0000,-0.9034,-0.1841
1.0000,-0.8968,-0.2183
1.0000,-0.8889,-0.2522
1.0000,-0.8797,-0.2858
1.0000,-0.8693,-0.3191
1.0000,-0.8575,-0.3521
1.0000,-0.8446,-0.3845
1.0000,-0.8304,-0.4165
1.0000,-0.8150,-0.4480
1.0000,-0.7984,-0.4789
1.0000,-0.7806,-0.5092
1.0000,-0.7616,-0.5389
1.0000,-0.7416,-0.5678
1.0000,-0.7204,-0.5960
1.0000,-0.6982,-0.6234
1.0000,-0.6749,-0.6500
1.0000,-0.6506,-0.6756
1.0000,-0.6254,-0.7004
1.0000,-0.5992,-0.7243
1.0000,-0.5721,-0.7471
1.0000,-0.5441,-0.7690
1.0000,-0.5152,-0.7898
1.0000,-0.4856,-0.8095
1.0000,-0.4553,-0.8281
1.0000,-0.4242,-0.8456
1.0000,-0.3924,-0.8619
1.0000,-0.3600,-0.8770
1.0000,-0.3271,-0.8909
1.0000,-0.2936,-0.9035
1.0000,-0.2596,-0.9149
1.0000,-0.2251,-0.9250
1.0000,-0.1903,-0.9338
1.0000,-0.1552,-0.9413
1.0000,-0.1197,-0.9475
1.0000,-0.0840,-0.9523
1.0000,-0.0481,-0.9558
1.0000,-0.0120,-0.9579
1.0000,0.0241,-0.9587
1.0000,0.0603,-0.9581
1.0000,0.0964,-0.9561
1.0000,0.1326,-0.9528
1.0000,0.1685,-0.9481
1.0000,0.2044,-0.9421
1.0000,0.2400,-0.9347
1.0000,0.2753,-0.9259
1.0000,0.3104,-0.9158
1.0000,0.3450,-0.9044
1.0000,0.3792,-0.8917
1.0000,0.4130,-0.8777
1.0000,0.4463,-0.8624
1.0000,0.4789,-0.8458
1.0000,0.5110,-0.8280
1.0000,0.5424,-0.8090
1.0000,0.5731,-0.7888
1.0000,0.6030,-0.7674
1.0000,0.6322,-0.7449
1.0000,0.6605,-0.7213
1.0000,0.6879,-0.6966
1.0000,0.7144,-0.6709
1.0000,0.7399,-0.6441
1.0000,0.7644,-0.6164
1.0000,0.7879,-0.5877
1.0000,0.8104,-0.5582
1.0000,0.8317,-0.5278
1.0000,0.8518,-0.4966
1.0000,0.8708,-0.4646
1.0000,0.8886,-0.4319
1.0000,0.9052,-0.3985
1.0000,0.9205,-0.3644
1.0000,0.9345,-0.3298
1.0000,0.9472,-0.2947
1.0000,0.9586,-0.2590
1.0000,0.9687,-0.2229
1.0000,0.9774,-0.1864
1.0000,0.9847,-0.1496
1.0000,0.9906,-0.1125
1.0000,0.9952,-0.0752
1.0000,0.9983,-0.0377
1.0000,1.0000,-0.0000
2.0000,-0.0000,0.0010
2.0000,-0.0002,0.0020
2.0000,-0.0003,0.0030
2.0000,-0.0006,0.0040
2.0000,-0.0009,0.0049
2.0000,-0.0013,0.0058
2.0000,-0.0018,0.0068
2.0000,-0.0024,0.0076
2.0000,-0.0030,0.0085
2.0000,-0.0037,0.0093
2.0000,-0.0044,0.0101
2.0000,-0.0052,0.0108
2.0000,-0.0061,0.0115
2.0000,-0.0071,0.0121
2.0000,-0.0080,0.0127
2.0000,-0.0091,0.0132
2.0000,-0.0102,0.0136
2.0000,-0.0113,0.0140
2.0000,-0.0125,0.0143
2.0000,-0.0137,0.0146
2.0000,-0.0149,0.0148
2.0000,-0.0162,0.0149
2.0000,-0.0175,0.0149
2.0000,-0.0189,0.0148
2.0000,-0.0202,0.0147
2.0000,-0.0216,0.0145
2.0000,-0.0230,0.0142
2.0000,-0.0244,0.0138
2.0000,-0.0258,0.0133
2.0000,-0.0271,0.0128
2.0000,-0.0285,0.0121
2.0000,-0.0299,0.0114
2.0000,-0.0313,0.0106
2.0000,-0.0326,0.0097
2.0000,-0.0339,0.0087
2.0000,-0.0352,0.0076
2.0000,-0.0364,0.0065
2.0000,-0.0376,0.0052
2.0000,-0.0388,0.0039
2.0000,-0.0399,0.0025
2.0000,-0.0410,0.0010
2.0000,-0.0420,-0.0005
2.0000,-0.0429,-0.0022
2.0000,-0.0438,-0.0039
2.0000,-0.0446,-0.0056
2.0000,-0.0454,-0.0075
2.0000,-0.0461,-0.0094
2.0000,-0.0466,-0.0114
2.0000,-0.0471,-0.0134
2.0000,-0.0476,-0.0155
2.0000,-0.0479,-0.0176
2.0000,-0.0481,-0.0197
2.0000,-0.0482,-0.0220
2.0000,-0.0483,-0.0242
2.0000,-0.0482,-0.0265
2.0000,-0.0480,-0.0288
2.0000,-0.0477,-0.0311
2.0000,-0.0473,-0.0335
2.0000,-0.0468,-0.0359
2.0000,-0.0462,-0.0382
2.0000,-0.0455,-0.0406
2.0000,-0.0447,-0.0430
2.0000,-0.0437,-0.0454
2.0000,-0.0426,-0.0477
2.0000,-0.0414,-0.0501
2.0000,-0.0401,-0.0524
2.0000,-0.0387,-0.0547
2.0000,-0.0372,-0.0570
2.0000,-0.0355,-0.0592
2.0000,-0.0337,-0.0613
2.0000,-0.0318,-0.0635
2.0000,-0.0298,-0.0655
2.0000,-0.0277,-0.0675
2.0000,-0.0255,-0.0695
2.0000,-0.0232,-0.0713
2.0000,-0.0207,-0.0731
2.0000,-0.0182,-0.0748
2.0000,-0.0156,-0.0764
2.0000,-0.0128,-0.0779
2.0000,-0.0100,-0.0794
2.0000,-0.0071,-0.0807
2.0000,-0.0041,-0.0819
2.0000,-0.0010,-0.0830
2.0000,0.0021,-0.0840
2.0000,0.0053,-0.0848
2.0000,0.0086,-0.0856
2.0000,0.0120,-0.0862
2.0000,0.0154,-0.0866
2.0000,0.0189,-0.0870
2.0000,0.0224,-0.0872
2.0000,0.0259,-0.0872
2.0000,0.0295,-0.0871
2.0000,0.0331,-0.0869
2.0000,0.0368,-0.0865
2.0000,0.0404,-0.0860
2.0000,0.0441,-0.0853
2.0000,0.0478,-0.0844
2.0000,0.0515,-0.0834
2.0000,0.0551,-0.0822
2.0000,0.0588,-0.0809
2.0000,0.0624,-0.0794
2.0000,0.0660,-0.0778
2.0000,0.0696,-0.0760
2.0000,0.0731,-0.0740
2.0000,0.0765,-0.0719
2.0000,0.0800,-0.0696
2.0000,0.0833,-0.0672
2.0000,0.0866,-0.0646
2.0000,0.0898,-0.0618
2.0000,0.0929,-0.0589
2.0000,0.0959,-0.0559
2.0000,0.0988,-0.0527
2.0000,0.1016,-0.0494
2.0000,0.1043,-0.0459
2.0000,0.1069,-0.0423
2.0000,0.1094,-0.0386
2.0000,0.1117,-0.0348
2.0000,0.1139,-0.0308
2.0000,0.1160,-0.0267
2.0000,0.1179,-0.0225
2.0000,0.1196,-0.0182
2.0000,0.1212,-0.0138
2.0000,0.1227,-0.0093
2.0000,0.1239,-0.0047
2.0000,0.1250,-0.0000
2.0000,0.1259,0.0047
2.0000,0.1266,0.0096
2.0000,0.1272,0.0144
2.0000,0.1275,0.0194
2.0000,0.1277,0.0244
2.0000,0.1277,0.0294
2.0000,0.1274,0.0344
2.0000,0.1270,0.0395
2.0000,0.1264,0.0446
2.0000,0.1255,0.0497
2.0000,0.1245,0.0548
2.0000,0.1232,0.0599
2.0000,0.1218,0.0650
2.0000,0.1201,0.0700
2.0000,0.1182,0.0750
2.0000,0.1161,0.0800
2.0000,0.1138,0.0849
2.0000,0.1113,0.0898
2.0000,0.1086,0.0945
2.0000,0.1057,0.0993
2.0000,0.1026,0.1039
2.0000,0.0993,0.1084
2.0000,0.0958,0.1128
2.0000,0.0921,0.1172
2.0000,0.0882,0.1214
2.0000,0.0841,0.1254
2.0000,0.0798,0.1294
2.0000,0.0754,0.1331
2.0000,0.0708,0.1368
2.0000,0.0660,0.1402
2.0000,0.0611,0.1436
2.0000,0.0560,0.1467
2.0000,0.0507,0.1496
2.0000,0.0453,0.1524
2.0000,0.0398,0.1550
2.0000,0.0341,0.1573
2.0000,0.0284,0.1595
2.0000,0.0225,0.1614
2.0000,0.0165,0.1632
2.0000,0.0104,0.1647
2.0000,0.0042,0.1659
2.0000,-0.0021,0.1670
2.0000,-0.0084,0.1678
2.0000,-0.0148,0.1683
2.0000,-0.0213,0.1687
2.0000,-0.0278,0.1687
2.0000,-0.0344,0.1685
2.0000,-0.0409,0.1681
2.0000,-0.0475,0.1674
2.0000,-0.0541,0.1664
2.0000,-0.0607,0.1652
2.0000,-0.0672,0.1637
2.0000,-0.0738,0.1620
2.0000,-0.0803,0.1600
2.0000,-0.0867,0.1577
2.0000,-0.0931,0.1552
2.0000,-0.0994,0.1524
2.0000,-0.1057,0.1494
2.0000,-0.1119,0.1461
2.0000,-0.1179,0.1425
2.0000,-0.1239,0.1387
2.0000,-0.1297,0.1347
2.0000,-0.1354,0.1304
2.0000,-0.1410,0.1259
2.0000,-0.1464,0.1211
2.0000,-0.1517,0.1161
2.0000,-0.1567,0.1109
2.0000,-0.1616,0.1055
2.0000,-0.1664,0.0998
2.0000,-0.1709,0.0939
2.0000,-0.1752,0.0879
2.0000,-0.1793,0.0816
2.0000,-0.1832,0.0752
2.0000,-0.1868,0.0686
2.0000,-0.1902,0.0618
2.0000,-0.1934,0.0549
2.0000,-0.1963,0.0478
2.0000,-0.1989,0.0405
2.0000,-0.2013,0.0332
2.0000,-0.2034,0.0257
2.0000,-0.2052,0.0181
2.0000,-0.2067,0.0104
2.0000,-0.2080,0.0026
2.0000,-0.2089,-0.0053
2.0000,-0.2096,-0.0132
2.0000,-0.2099,-0.0212
2.0000,-0.2100,-0.0292
2.0000,-0.2097,-0.0373
2.0000,-0.2091,-0.0454
2.0000,-0.2082,-0.0535
2.0000,-0.2070,-0.0616
2.0000,-0.2055,-0.0696
2.0000,-0.2037,-0.0777
2.0000,-0.2015,-0.0857
2.0000,-0.1991,-0.0937
2.0000,-0.1963,-0.1016
2.0000,-0.1932,-0.1094
2.0000,-0.1898,-0.1171
2.0000,-0.1861,-0.1247
2.0000,-0.1820,-0.1323
2.0000,-0.1777,-0.1396
2.0000,-0.1731,-0.1469
2.0000,-0.1682,-0.1540
2.0000,-0.1629,-0.1609
2.0000,-0.1574,-0.1677
2.0000,-0.1517,-0.1742
2.0000,-0.1456,-0.1806
2.0000,-0.1393,-0.1868
2.0000,-0.1327,-0.1927
2.0000,-0.1259,-0.1984
2.0000,-0.1189,-0.2039
2.0000,-0.1116,-0.2091
2.0000,-0.1040,-0.2141
2.0000,-0.0963,-0.2187
2.0000,-0.0883,-0.2231
2.0000,-0.0802,-0.2273
2.0000,-0.0719,-0.2311
2.0000,-0.0634,-0.2346
2.0000,-0.0547,-0.2378
2.0000,-0.0459,-0.2407
2.0000,-0.0370,-0.2432
2.0000,-0.0279,-0.2454
2.0000,-0.0187,-0.2473
2.0000,-0.0094,-0.2488
2.0000,-0.0000,-0.2500
2.0000,0.0095,-0.2508
2.0000,0.0190,-0.2513
2.0000,0.0286,-0.2514
2.0000,0.0382,-0.2511
2.0000,0.0478,-0.2505
2.0000,0.0574,-0.2495
2.0000,0.0670,-0.2481
2.0000,0.0766,-0.2464
2.0000,0.0862,-0.2442
2.0000,0.0957,-0.2417
2.0000,0.1052,-0.2389
2.0000,0.1145,-0.2356
2.0000,0.1238,-0.2320
2.0000,0.1330,-0.2281
2.0000,0.1420,-0.2237
2.0000,0.1509,-0.2191
2.0000,0.1596,-0.2140
2.0000,0.1682,-0.2086
2.0000,0.1766,-0.2029
2.0000,0.1848,-0.1968
2.0000,0.1928,-0.1904
2.0000,0.2006,-0.1837
2.0000,0.2081,-0.1766
2.0000,0.2154,-0.1693
2.0000,0.2225,-0.1616
2.0000,0.2292,-0.1537
2.0000,0.2357,-0.1455
2.0000,0.2419,-0.1370
2.0000,0.2478,-0.1282
2.0000,0.2534,-0.1192
2.0000,0.2586,-0.1100
2.0000,0.2635,-0.1005
2.0000,0.2680,-0.0908
2.0000,0.2722,-0.0809
2.0000,0.2760,-0.0709
2.0000,0.2795,-0.0606
2.0000,0.2826,-0.0502
2.0000,0.2853,-0.0397
2.0000,0.2875,-0.0290
2.0000,0.2894,-0.0182
2.0000,0.2909,-0.0073
2.0000,0.2920,0.0037
2.0000,0.2926,0.0147
2.0000,0.2929,0.0258
2.0000,0.2927,0.0370
2.0000,0.2921,0.0481
2.0000,0.2910,0.0593
2.0000,0.2895,0.0705
2.0000,0.2876,0.0816
2.0000,0.2853,0.0927
2.0000,0.2826,0.1037
2.0000,0.2794,0.1147
2.0000,0.2758,0.1256
2.0000,0.2717,0.1363
2.0000,0.2673,0.1469
2.0000,0.2624,0.1574
2.0000,0.2571,0.1677
2.0000,0.2514,0.1779
2.0000,0.2453,0.1879
2.0000,0.2389,0.1976
2.0000,0.2320,0.2071
2.0000,0.2247,0.2164
2.0000,0.2171,0.2255
2.0000,0.2091,0.2342
2.0000,0.2008,0.2427
2.0000,0.1921,0.2509
2.0000,0.1831,0.2588
2.0000,0.1738,0.2663
2.0000,0.1641,0.2736
2.0000,0.1542,0.2804
2.0000,0.1439,0.2869
2.0000,0.1334,0.2931
2.0000,0.1227,0.2988
2.0000,0.1117,0.3041
2.0000,0.1004,0.3091
2.0000,0.0890,0.3136
2.0000,0.0773,0.3177
2.0000,0.0655,0.3214
2.0000,0.0535,0.3246
2.0000,0.0414,0.3274
2.0000,0.0291,0.3297
2.0000,0.0167,0.3316
2.0000,0.0042,0.3330
2.0000,-0.0084,0.3339
2.0000,-0.0210,0.3343
2.0000,-0.0337,0.3343
2.0000,-0.0464,0.3338
2.0000,-0.0592,0.3328
2.0000,-0.0719,0.3313
2.0000,-0.0846,0.3293
2.0000,-0.0972,0.3269
2.0000,-0.1098,0.3239
2.0000,-0.1222,0.3205
2.0000,-0.1346,0.3166
2.0000,-0.1469,0.3122
2.0000,-0.1590,0.3073
2.0000,-0.1710,0.3020
2.0000,-0.1828,0.2961
2.0000,-0.1943,0.2899
2.0000,-0.2057,0.2832
2.0000,-0.2169,0.2760
2.0000,-0.2278,0.2684
2.0000,-0.2384,0.2603
2.0000,-0.2487,0.2519
2.0000,-0.2588,0.2430
2.0000,-0.2685,0.2337
2.0000,-0.2779,0.2241
2.0000,-0.2870,0.2140
2.0000,-0.2956,0.2036
2.0000,-0.3040,0.1929
2.0000,-0.3119,0.1818
2.0000,-0.3194,0.1704
2.0000,-0.3265,0.1587
2.0000,-0.3331,0.1467
2.0000,-0.3394,0.1344
2.0000,-0.3451,0.1218
2.0000,-0.3504,0.1090
2.0000,-0.3553,0.0960
2.0000,-0.3596,0.0828
2.0000,-0.3634,0.0693
2.0000,-0.3668,0.0557
2.0000,-0.3696,0.0420
2.0000,-0.3719,0.0281
2.0000,-0.3737,0.0141
2.0000,-0.3750,0.0000
2.0000,-0.3757,-0.0142
2.0000,-0.3759,-0.0284
2.0000,-0.3756,-0.0427
2.0000,-0.3747,-0.0569
2.0000,-0.3733,-0.0712
2.0000,-0.3713,-0.0854
2.0000,-0.3688,-0.0996
2.0000,-0.3657,-0.1138
2.0000,-0.3621,-0.1278
2.0000,-0.3580,-0.1417
2.0000,-0.3533,-0.1555
2.0000,-0.3481,-0.1692
2.0000,-0.3423,-0.1826
2.0000,-0.3361,-0.1959
2.0000,-0.3293,-0.2090
2.0000,-0.3220,-0.2218
2.0000,-0.3142,-0.2344
2.0000,-0.3059,-0.2467
2.0000,-0.2972,-0.2587
2.0000,-0.2879,-0.2704
2.0000,-0.2782,-0.2818
2.0000,-0.2681,-0.2928
2.0000,-0.2575,-0.3035
2.0000,-0.2465,-0.3137
2.0000,-0.2351,-0.3236
2.0000,-0.2233,-0.3331
2.0000,-0.2111,-0.3421
2.0000,-0.1986,-0.3507
2.0000,-0.1857,-0.3588
2.0000,-0.1724,-0.3665
2.0000,-0.1589,-0.3736
2.0000,-0.1451,-0.3803
2.0000,-0.1309,-0.3864
2.0000,-0.1166,-0.3920
2.0000,-0.1020,-0.3971
2.0000,-0.0871,-0.4017
2.0000,-0.0721,-0.4056
2.0000,-0.0569,-0.4091
2.0000,-0.0415,-0.4119
2.0000,-0.0261,-0.4142
2.0000,-0.0105,-0.4159
2.0000,0.0052,-0.4170
2.0000,0.0210,-0.4175
2.0000,0.0368,-0.4174
2.0000,0.0526,-0.4167
2.0000,0.0685,-0.4154
2.0000,0.0843,-0.4135
2.0000,0.1000,-0.4110
2.0000,0.1157,-0.4079
2.0000,0.1313,-0.4042
2.0000,0.1468,-0.3999
2.0000,0.1622,-0.3950
2.0000,0.1774,-0.3895
2.0000,0.1924,-0.3835
2.0000,0.2072,-0.3768
2.0000,0.2217,-0.3696
2.0000,0.2360,-0.3618
2.0000,0.2501,-0.3535
2.0000,0.2638,-0.3446
2.0000,0.2773,-0.3352
2.0000,0.2904,-0.3252
2.0000,0.3031,-0.3148
2.0000,0.3155,-0.3038
2.0000,0.3275,-0.2924
2.0000,0.3390,-0.2805
2.0000,0.3501,-0.2681
2.0000,0.3608,-0.2553
2.0000,0.3710,-0.2421
2.0000,0.3807,-0.2284
2.0000,0.3900,-0.2144
2.0000,0.3987,-0.2000
2.0000,0.4068,-0.1852
2.0000,0.4144,-0.1701
2.0000,0.4215,-0.1547
2.0000,0.4280,-0.1391
2.0000,0.4339,-0.1231
2.0000,0.4392,-0.1069
2.0000,0.4439,-0.0905
2.0000,0.4480,-0.0738
2.0000,0.4514,-0.0570
2.0000,0.4542,-0.0401
2.0000,0.4564,-0.0230
2.0000,0.4580,-0.0058
2.0000,0.4589,0.0115
2.0000,0.4591,0.0289
2.0000,0.4587,0.0463
2.0000,0.4576,0.0637
2.0000,0.4559,0.0810
2.0000,0.4535,0.0984
2.0000,0.4504,0.1156
2.0000,0.4467,0.1328
2.0000,0.4423,0.1499
2.0000,0.4373,0.1668
2.0000,0.4316,0.1836
2.0000,0.4253,0.2001
2.0000,0.4183,0.2165
2.0000,0.4107,0.2326
2.0000,0.4025,0.2484
2.0000,0.3937,0.2640
2.0000,0.3843,0.2792
2.0000,0.3743,0.2941
2.0000,0.3637,0.3086
2.0000,0.3525,0.3228
2.0000,0.3408,0.3366
2.0000,0.3286,0.3499
2.0000,0.3158,0.3628
2.0000,0.3025,0.3752
2.0000,0.2888,0.3872
2.0000,0.2746,0.3986
2.0000,0.2599,0.4095
2.0000,0.2448,0.4199
2.0000,0.2292,0.4297
2.0000,0.2133,0.4389
2.0000,0.1970,0.4476
2.0000,0.1804,0.4556
2.0000,0.1634,0.4630
2.0000,0.1461,0.4698
2.0000,0.1286,0.4759
2.0000,0.1108,0.4814
2.0000,0.0928,0.4862
2.0000,0.0745,0.4904
2.0000,0.0561,0.4938
2.0000,0.0375,0.4966
2.0000,0.0188,0.4986
2.0000,-0.0000,0.5000
2.0000,-0.0189,0.5006
2.0000,-0.0378,0.5006
2.0000,-0.0568,0.4998
2.0000,-0.0757,0.4983
2.0000,-0.0946,0.4961
2.0000,-0.1135,0.4931
2.0000,-0.1322,0.4894
2.0000,-0.1509,0.4851
2.0000,-0.1694,0.4800
2.0000,-0.1877,0.4742
2.0000,-0.2059,0.4677
2.0000,-0.2238,0.4605
2.0000,-0.2415,0.4526
2.0000,-0.2589,0.4441
2.0000,-0.2760,0.4348
2.0000,-0.2927,0.4249
2.0000,-0.3091,0.4144
2.0000,-0.3251,0.4032
2.0000,-0.3408,0.3915
2.0000,-0.3560,0.3791
2.0000,-0.3707,0.3661
2.0000,-0.3850,0.3525
2.0000,-0.3988,0.3384
2.0000,-0.4120,0.3238
2.0000,-0.4247,0.3086
2.0000,-0.4369,0.2929
2.0000,-0.4485,0.2768
2.0000,-0.4595,0.2602
2.0000,-0.4698,0.2431
2.0000,-0.4796,0.2257
2.0000,-0.4886,0.2078
2.0000,-0.4971,0.1896
2.0000,-0.5048,0.1711
2.0000,-0.5119,0.1522
2.0000,-0.5182,0.1330
2.0000,-0.5238,0.1136
2.0000,-0.5287,0.0940
2.0000,-0.5329,0.0741
2.0000,-0.5363,0.0541
2.0000,-0.5389,0.0339
2.0000,-0.5408,0.0136
2.0000,-0.5420,-0.0068
2.0000,-0.5423,-0.0273
2.0000,-0.5419,-0.0478
2.0000,-0.5407,-0.0683
2.0000,-0.5387,-0.0888
2.0000,-0.5360,-0.1092
2.0000,-0.5325,-0.1296
2.0000,-0.5282,-0.1499
2.0000,-0.5231,-0.1700
2.0000,-0.5172,-0.1899
2.0000,-0.5106,-0.2096
2.0000,-0.5033,-0.2291
2.0000,-0.4952,-0.2484
2.0000,-0.4864,-0.2674
2.0000,-0.4768,-0.2860
2.0000,-0.4665,-0.3043
2.0000,-0.4555,-0.3223
2.0000,-0.4438,-0.3398
2.0000,-0.4315,-0.3570
2.0000,-0.4185,-0.3736
2.0000,-0.4048,-0.3898
2.0000,-0.3905,-0.4055
2.0000,-0.3756,-0.4207
2.0000,-0.3601,-0.4353
2.0000,-0.3441,-0.4494
2.0000,-0.3275,-0.4629
2.0000,-0.3104,-0.4757
2.0000,-0.2927,-0.4879
2.0000,-0.2746,-0.4995
2.0000,-0.2560,-0.5104
2.0000,-0.2370,-0.5206
2.0000,-0.2176,-0.5301
2.0000,-0.1978,-0.5388
2.0000,-0.1777,-0.5469
2.0000,-0.1572,-0.5541
2.0000,-0.1365,-0.5606
2.0000,-0.1154,-0.5664
2.0000,-0.0942,-0.5713
2.0000,-0.0727,-0.5754
2.0000,-0.0510,-0.5788
2.0000,-0.0292,-0.5813
2.0000,-0.0073,-0.5830
2.0000,0.0147,-0.5838
2.0000,0.0367,-0.5838
2.0000,0.0588,-0.5830
2.0000,0.0809,-0.5814
2.0000,0.1029,-0.5789
2.0000,0.1249,-0.5756
2.0000,0.1467,-0.5715
2.0000,0.1684,-0.5665
2.0000,0.1900,-0.5607
2.0000,0.2114,-0.5541
2.0000,0.2325,-0.5466
2.0000,0.2533,-0.5384
2.0000,0.2739,-0.5293
2.0000,0.2942,-0.5195
2.0000,0.3141,-0.5089
2.0000,0.3336,-0.4975
2.0000,0.3527,-0.4854
2.0000,0.3713,-0.4726
2.0000,0.3895,-0.4590
2.0000,0.4072,-0.4447
2.0000,0.4244,-0.4298
2.0000,0.4410,-0.4142
2.0000,0.4571,-0.3979
2.0000,0.4725,-0.3810
2.0000,0.4874,-0.3635
2.0000,0.5015,-0.3455
2.0000,0.5150,-0.3269
2.0000,0.5279,-0.3077
2.0000,0.5400,-0.2881
2.0000,0.5513,-0.2680
2.0000,0.5620,-0.2474
2.0000,0.5718,-0.2264
2.0000,0.5809,-0.2050
2.0000,0.5892,-0.1833
2.0000,0.5966,-0.1612
2.0000,0.6032,-0.1388
2.0000,0.6090,-0.1162
2.0000,0.6140,-0.0933
2.0000,0.6180,-0.0702
2.0000,0.6212,-0.0469
2.0000,0.6236,-0.0235
2.0000,0.6250,-0.0000
2.0000,0.6256,0.0236
2.0000,0.6252,0.0472
2.0000,0.6240,0.0709
2.0000,0.6219,0.0945
2.0000,0.6188,0.1181
2.0000,0.6149,0.1415
2.0000,0.6101,0.1649
2.0000,0.6044,0.1880
2.0000,0.5979,0.2110
2.0000,0.5904,0.2338
2.0000,0.5821,0.2562
2.0000,0.5729,0.2784
2.0000,0.5629,0.3003
2.0000,0.5520,0.3218
2.0000,0.5404,0.3429
2.0000,0.5279,0.3636
2.0000,0.5146,0.3839
2.0000,0.5006,0.4036
2.0000,0.4857,0.4228
2.0000,0.4702,0.4415
2.0000,0.4539,0.4597
2.0000,0.4369,0.4772
2.0000,0.4193,0.4941
2.0000,0.4010,0.5103
2.0000,0.3821,0.5259
2.0000,0.3625,0.5407
2.0000,0.3424,0.5548
2.0000,0.3218,0.5682
2.0000,0.3006,0.5808
2.0000,0.2789,0.5927
2.0000,0.2567,0.6037
2.0000,0.2342,0.6139
2.0000,0.2112,0.6232
2.0000,0.1878,0.6317
2.0000,0.1641,0.6393
2.0000,0.1401,0.6460
2.0000,0.1159,0.6518
2.0000,0.0914,0.6567
2.0000,0.0666,0.6606
2.0000,0.0418,0.6637
2.0000,0.0167,0.6658
2.0000,-0.0084,0.6669
2.0000,-0.0336,0.6672
2.0000,-0.0588,0.6664
2.0000,-0.0840,0.6647
2.0000,-0.1091,0.6621
2.0000,-0.1342,0.6585
2.0000,-0.1592,0.6539
2.0000,-0.1840,0.6484
2.0000,-0.2086,0.6420
2.0000,-0.2330,0.6346
2.0000,-0.2571,0.6263
2.0000,-0.2809,0.6171
2.0000,-0.3045,0.6069
2.0000,-0.3276,0.5959
2.0000,-0.3503,0.5840
2.0000,-0.3726,0.5712
2.0000,-0.3945,0.5576
2.0000,-0.4158,0.5431
2.0000,-0.4366,0.5278
2.0000,-0.4569,0.5117
2.0000,-0.4765,0.4949
2.0000,-0.4956,0.4772
2.0000,-0.5140,0.4589
2.0000,-0.5317,0.4398
2.0000,-0.5486,0.4201
2.0000,-0.5649,0.3997
2.0000,-0.5804,0.3787
2.0000,-0.5951,0.3570
2.0000,-0.6090,0.3348
2.0000,-0.6221,0.3121
2.0000,-0.6343,0.2888
2.0000,-0.6457,0.2651
2.0000,-0.6562,0.2409
2.0000,-0.6657,0.2163
2.0000,-0.6744,0.1913
2.0000,-0.6821,0.1660
2.0000,-0.6888,0.1404
2.0000,-0.6946,0.1145
2.0000,-0.6994,0.0884
2.0000,-0.7033,0.0620
2.0000,-0.7061,0.0355
2.0000,-0.7079,0.0089
2.0000,-0.7088,-0.0178
2.0000,-0.7086,-0.0446
2.0000,-0.7074,-0.0714
2.0000,-0.7052,-0.0981
2.0000,-0.7020,-0.1248
2.0000,-0.6978,-0.1514
2.0000,-0.6925,-0.1778
2.0000,-0.6863,-0.2041
2.0000,-0.6791,-0.2301
2.0000,-0.6708,-0.2559
2.0000,-0.6616,-0.2814
2.0000,-0.6515,-0.3066
2.0000,-0.6403,-0.3314
2.0000,-0.6283,-0.3557
2.0000,-0.6153,-0.3797
2.0000,-0.6014,-0.4032
2.0000,-0.5865,-0.4261
2.0000,-0.5708,-0.4486
2.0000,-0.5543,-0.4704
2.0000,-0.5369,-0.4916
2.0000,-0.5187,-0.5122
2.0000,-0.4997,-0.5321
2.0000,-0.4800,-0.5514
2.0000,-0.4595,-0.5698
2.0000,-0.4383,-0.5875
2.0000,-0.4164,-0.6045
2.0000,-0.3938,-0.6206
2.0000,-0.3707,-0.6358
2.0000,-0.3469,-0.6502
2.0000,-0.3226,-0.6638
2.0000,-0.2977,-0.6764
2.0000,-0.2724,-0.6880
2.0000,-0.2466,-0.6988
2.0000,-0.2204,-0.7085
2.0000,-0.1938,-0.7173
2.0000,-0.1669,-0.7250
2.0000,-0.1396,-0.7318
2.0000,-0.1121,-0.7375
2.0000,-0.0843,-0.7422
2.0000,-0.0563,-0.7459
2.0000,-0.0282,-0.7485
2.0000,-0.0000,-0.7500
2.0000,0.0283,-0.7505
2.0000,0.0566,-0.7499
2.0000,0.0850,-0.7482
2.0000,0.1133,-0.7454
2.0000,0.1415,-0.7416
2.0000,0.1695,-0.7367
2.0000,0.1975,-0.7308
2.0000,0.2252,-0.7238
2.0000,0.2526,-0.7157
2.0000,0.2798,-0.7066
2.0000,0.3066,-0.6965
2.0000,0.3331,-0.6853
2.0000,0.3591,-0.6732
2.0000,0.3848,-0.6600
2.0000,0.4099,-0.6459
2.0000,0.4345,-0.6308
2.0000,0.4586,-0.6148
2.0000,0.4821,-0.5979
2.0000,0.5049,-0.5800
2.0000,0.5271,-0.5613
2.0000,0.5486,-0.5417
2.0000,0.5694,-0.5214
2.0000,0.5894,-0.5002
2.0000,0.6086,-0.4782
2.0000,0.6270,-0.4555
2.0000,0.6445,-0.4321
2.0000,0.6612,-0.4081
2.0000,0.6770,-0.3833
2.0000,0.6919,-0.3580
2.0000,0.7058,-0.3321
2.0000,0.7187,-0.3057
2.0000,0.7306,-0.2787
2.0000,0.7416,-0.2513
2.0000,0.7515,-0.2235
2.0000,0.7603,-0.1952
2.0000,0.7681,-0.1666
2.0000,0.7749,-0.1377
2.0000,0.7805,-0.1086
2.0000,0.7850,-0.0792
2.0000,0.7884,-0.0496
2.0000,0.7908,-0.0199
2.0000,0.7919,0.0100
2.0000,0.7920,0.0398
2.0000,0.7909,0.0698
2.0000,0.7887,0.0996
2.0000,0.7854,0.1295
2.0000,0.7809,0.1592
2.0000,0.7754,0.1887
2.0000,0.7687,0.2181
2.0000,0.7608,0.2472
2.0000,0.7519,0.2761
2.0000,0.7419,0.3046
2.0000,0.7308,0.3327
2.0000,0.7186,0.3605
2.0000,0.7054,0.3878
2.0000,0.6912,0.4146
2.0000,0.6759,0.4409
2.0000,0.6596,0.4667
2.0000,0.6423,0.4918
2.0000,0.6241,0.5163
2.0000,0.6050,0.5401
2.0000,0.5849,0.5632
2.0000,0.5639,0.5856
2.0000,0.5421,0.6072
2.0000,0.5195,0.6280
2.0000,0.4961,0.6479
2.0000,0.4719,0.6669
2.0000,0.4470,0.6851
2.0000,0.4213,0.7023
2.0000,0.3950,0.7186
2.0000,0.3681,0.7338
2.0000,0.3406,0.7481
2.0000,0.3126,0.7613
2.0000,0.2840,0.7735
2.0000,0.2549,0.7846
2.0000,0.2255,0.7946
2.0000,0.1956,0.8035
2.0000,0.1654,0.8113
2.0000,0.1348,0.8180
2.0000,0.1040,0.8235
2.0000,0.0730,0.8278
2.0000,0.0418,0.8309
2.0000,0.0105,0.8329
2.0000,-0.0210,0.8337
2.0000,-0.0524,0.8334
2.0000,-0.0839,0.8318
2.0000,-0.1153,0.8290
2.0000,-0.1467,0.8251
2.0000,-0.1779,0.8199
2.0000,-0.2089,0.8136
2.0000,-0.2397,0.8061
2.0000,-0.2702,0.7975
2.0000,-0.3005,0.7876
2.0000,-0.3303,0.7767
2.0000,-0.3598,0.7646
2.0000,-0.3888,0.7514
2.0000,-0.4173,0.7370
2.0000,-0.4453,0.7216
2.0000,-0.4728,0.7052
2.0000,-0.4996,0.6877
2.0000,-0.5258,0.6691
2.0000,-0.5513,0.6496
2.0000,-0.5761,0.6291
2.0000,-0.6001,0.6077
2.0000,-0.6233,0.5853
2.0000,-0.6456,0.5620
2.0000,-0.6671,0.5379
2.0000,-0.6877,0.5130
2.0000,-0.7074,0.4873
2.0000,-0.7261,0.4608
2.0000,-0.7438,0.4336
2.0000,-0.7605,0.4057
2.0000,-0.7762,0.3772
2.0000,-0.7908,0.3481
2.0000,-0.8043,0.3184
2.0000,-0.8166,0.2882
2.0000,-0.8279,0.2575
2.0000,-0.8380,0.2264
2.0000,-0.8469,0.1949
2.0000,-0.8546,0.1630
2.0000,-0.8611,0.1308
2.0000,-0.8664,0.0984
2.0000,-0.8705,0.0658
2.0000,-0.8734,0.0329
2.0000,-0.8750,0.0000
2.0000,-0.8754,-0.0330
2.0000,-0.8745,-0.0661
2.0000,-0.8724,-0.0991
2.0000,-0.8690,-0.1320
2.0000,-0.8644,-0.1649
2.0000,-0.8586,-0.1976
2.0000,-0.8515,-0.2301
2.0000,-0.8431,-0.2623
2.0000,-0.8336,-0.2942
2.0000,-0.8229,-0.3258
2.0000,-0.8109,-0.3570
2.0000,-0.7978,-0.3877
2.0000,-0.7835,-0.4180
2.0000,-0.7680,-0.4477
2.0000,-0.7515,-0.4769
2.0000,-0.7338,-0.5054
2.0000,-0.7150,-0.5333
2.0000,-0.6952,-0.5605
2.0000,-0.6743,-0.5870
2.0000,-0.6524,-0.6127
2.0000,-0.6296,-0.6375
2.0000,-0.6058,-0.6615
2.0000,-0.5811,-0.6847
2.0000,-0.5555,-0.7069
2.0000,-0.5290,-0.7281
2.0000,-0.5017,-0.7484
2.0000,-0.4737,-0.7676
2.0000,-0.4449,-0.7858
2.0000,-0.4155,-0.8029
2.0000,-0.3853,-0.8189
2.0000,-0.3546,-0.8337
2.0000,-0.3233,-0.8474
2.0000,-0.2914,-0.8600
2.0000,-0.2591,-0.8713
2.0000,-0.2263,-0.8814
2.0000,-0.1931,-0.8903
2.0000,-0.1596,-0.8979
2.0000,-0.1258,-0.9043
2.0000,-0.0917,-0.9094
2.0000,-0.0575,-0.9132
2.0000,-0.0230,-0.9157
2.0000,0.0115,-0.9169
2.0000,0.0461,-0.9168
2.0000,0.0807,-0.9154
2.0000,0.1153,-0.9127
2.0000,0.1498,-0.9087
2.0000,0.1841,-0.9034
2.0000,0.2183,-0.8968
2.0000,0.2522,-0.8889
2.0000,0.2858,-0.8797
2.0000,0.3191,-0.8693
2.0000,0.3521,-0.8575
2.0000,0.3845,-0.8446
2.0000,0.4165,-0.8304
2.0000,0.4480,-0.8150
2.0000,0.4789,-0.7984
2.0000,0.5092,-0.7806
2.0000,0.5389,-0.7616
2.0000,0.5678,-0.7416
2.0000,0.5960,-0.7204
2.0000,0.6234,-0.6982
2.0000,0.6500,-0.6749
2.0000,0.6756,-0.6506
2.0000,0.7004,-0.6254
2.0000,0.7243,-0.5992
2.0000,0.7471,-0.5721
2.0000,0.7690,-0.5441
2.0000,0.7898,-0.5152
2.0000,0.8095,-0.4856
2.0000,0.8281,-0.4553
2.0000,0.8456,-0.4242
2.0000,0.8619,-0.3924
2.0000,0.8770,-0.3600
2.0000,0.8909,-0.3271
2.0000,0.9035,-0.2936
2.0000,0.9149,-0.2596
2.0000,0.9250,-0.2251
2.0000,0.9338,-0.1903
2.0000,0.9413,-0.1552
2.0000,0.9475,-0.1197
2.0000,0.9523,-0.0840
2.0000,0.9558,-0.0481
2.0000,0.9579,-0.0120
2.0000,0.9587,0.0241
2.0000,0.9581,0.0603
2.0000,0.9561,0.0964
2.0000,0.9528,0.1326
2.0000,0.9481,0.1685
2.0000,0.9421,0.2044
2.0000,0.9347,0.2400
2.0000,0.9259,0.2753
2.0000,0.9158,0.3104
2.0000,0.9044,0.3450
2.0000,0.8917,0.3792
2.0000,0.8777,0.4130
2.0000,0.8624,0.4463
2.0000,0.8458,0.4789
2.0000,0.8280,0.5110
2.0000,0.8090,0.5424
2.0000,0.7888,0.5731
2.0000,0.7674,0.6030
2.0000,0.7449,0.6322
2.0000,0.7213,0.6605
2.0000,0.6966,0.6879
2.0000,0.6709,0.7144
2.0000,0.6441,0.7399
2.0000,0.6164,0.7644
2.0000,0.5877,0.7879
2.0000,0.5582,0.8104
2.0000,0.5278,0.8317
2.0000,0.4966,0.8518
2.0000,0.4646,0.8708
2.0000,0.4319,0.8886
2.0000,0.3985,0.9052
2.0000,0.3644,0.9205
2.0000,0.3298,0.9345
2.0000,0.2947,0.9472
2.0000,0.2590,0.9586
2.0000,0.2229,0.9687
2.0000,0.1864,0.9774
2.0000,0.1496,0.9847
2.0000,0.1125,0.9906
2.0000,0.0752,0.9952
2.0000,0.0377,0.9983
2.0000,-0.0000,1.0000
3.0000,-0.0010,-0.0000
3.0000,-0.0020,-0.0002
3.0000,-0.0030,-0.0003
3.0000,-0.0040,-0.0006
3.0000,-0.0049,-0.0009
3.0000,-0.0058,-0.0013
3.0000,-0.0068,-0.0018
3.0000,-0.0076,-0.0024
3.0000,-0.0085,-0.0030
3.0000,-0.0093,-0.0037
3.0000,-0.0101,-0.0044
3.0000,-0.0108,-0.0052
3.0000,-0.0115,-0.0061
3.0000,-0.0121,-0.0071
3.0000,-0.0127,-0.0080
3.0000,-0.0132,-0.0091
3.0000,-0.0136,-0.0102
3.0000,-0.0140,-0.0113
3.0000,-0.0143,-0.0125
3.0000,-0.0146,-0.0137
3.0000,-0.0148,-0.0149
3.0000,-0.0149,-0.0162
3.0000,-0.0149,-0.0175
3.0000,-0.0148,-0.0189
3.0000,-0.0147,-0.0202
3.0000,-0.0145,-0.0216
3.0000,-0.0142,-0.0230
3.0000,-0.0138,-0.0244
3.0000,-0.0133,-0.0258
3.0000,-0.0128,-0.0271
3.0000,-0.0121,-0.0285
3.0000,-0.0114,-0.0299
3.0000,-0.0106,-0.0313
3.0000,-0.0097,-0.0326
3.0000,-0.0087,-0.0339
3.0000,-0.0076,-0.0352
3.0000,-0.0065,-0.0364
3.0000,-0.0052,-0.0376
3.0000,-0.0039,-0.0388
3.0000,-0.0025,-0.0399
3.0000,-0.0010,-0.0410
3.0000,0.0005,-0.0420
3.0000,0.0022,-0.0429
3.0000,0.0039,-0.0438
3.0000,0.0056,-0.0446
3.0000,0.0075,-0.0454
3.0000,0.0094,-0.0461
3.0000,0.0114,-0.0466
3.0000,0.0134,-0.0471
3.0000,0.0155,-0.0476
3.0000,0.0176,-0.0479
3.0000,0.0197,-0.0481
3.0000,0.0220,-0.0482
3.0000,0.0242,-0.0483
3.0000,0.0265,-0.0482
3.0000,0.0288,-0.0480
3.0000,0.0311,-0.0477
3.0000,0.0335,-0.0473
3.0000,0.0359,-0.0468
3.0000,0.0382,-0.0462
3.0000,0.0406,-0.0455
3.0000,0.0430,-0.0447
3.0000,0.0454,-0.0437
3.0000,0.0477,-0.0426
3.0000,0.0501,-0.0414
3.0000,0.0524,-0.0401
3.0000,0.0547,-0.0387
3.0000,0.0570,-0.0372
3.0000,0.0592,-0.0355
3.0000,0.0613,-0.0337
3.0000,0.0635,-0.0318
3.0000,0.0655,-0.0298
3.0000,0.0675,-0.0277
3.0000,0.0695,-0.0255
3.0000,0.0713,-0.0232
3.0000,0.0731,-0.0207
3.0000,0.0748,-0.0182
3.0000,0.0764,-0.0156
3.0000,0.0779,-0.0128
3.0000,0.0794,-0.0100
3.0000,0.0807,-0.0071
3.0000,0.0819,-0.0041
3.0000,0.0830,-0.0010
3.0000,0.0840,0.0021
3.0000,0.0848,0.0053
3.0000,0.0856,0.0086
3.0000,0.0862,0.0120
3.0000,0.0866,0.0154
3.0000,0.0870,0.0189
3.0000,0.0872,0.0224
3.0000,0.0872,0.0259
3.0000,0.0871,0.0295
3.0000,0.0869,0.0331
3.0000,0.0865,0.0368
3.0000,0.0860,0.0404
3.0000,0.0853,0.0441
3.0000,0.0844,0.0478
3.0000,0.0834,0.0515
3.0000,0.0822,0.0551
3.0000,0.0809,0.0588
3.0000,0.0794,0.0624
3.0000,0.0778,0.0660
3.0000,0.0760,0.0696
3.0000,0.0740,0.0731
3.0000,0.0719,0.0765
3.0000,0.0696,0.0800
3.0000,0.0672,0.0833
3.0000,0.0646,0.0866
3.0000,0.0618,0.0898
3.0000,0.0589,0.0929
3.0000,0.0559,0.0959
3.0000,0.0527,0.0988
3.0000,0.0494,0.1016
3.0000,0.0459,0.1043
3.0000,0.0423,0.1069
3.0000,0.0386,0.1094
3.0000,0.0348,0.1117
3.0000,0.0308,0.1139
3.0000,0.0267,0.1160
3.0000,0.0225,0.1179
3.0000,0.0182,0.1196
3.0000,0.0138,0.1212
3.0000,0.0093,0.1227
3.0000,0.0047,0.1239
3.0000,0.0000,0.1250
3.0000,-0.0047,0.1259
3.0000,-0.0096,0.1266
3.0000,-0.0144,0.1272
3.0000,-0.0194,0.1275
3.0000,-0.0244,0.1277
3.0000,-0.0294,0.1277
3.0000,-0.0344,0.1274
3.0000,-0.0395,0.1270
3.0000,-0.0446,0.1264
3.0000,-0.0497,0.1255
3.0000,-0.0548,0.1245
3.0000,-0.0599,0.1232
3.0000,-0.0650,0.1218
3.0000,-0.0700,0.1201
3.0000,-0.0750,0.1182
3.0000,-0.0800,0.1161
3.0000,-0.0849,0.1138
3.0000,-0.0898,0.1113
3.0000,-0.0945,0.1086
3.0000,-0.0993,0.1057
3.0000,-0.1039,0.1026
3.0000,-0.1084,0.0993
3.0000,-0.1128,0.0958
3.0000,-0.1172,0.0921
3.0000,-0.1214,0.0882
3.0000,-0.1254,0.0841
3.0000,-0.1294,0.0798
3.0000,-0.1331,0.0754
3.0000,-0.1368,0.0708
3.0000,-0.1402,0.0660
3.0000,-0.1436,0.0611
3.0000,-0.1467,0.0560
3.0000,-0.1496,0.0507
3.0000,-0.1524,0.0453
3.0000,-0.1550,0.0398
3.0000,-0.1573,0.0341
3.0000,-0.1595,0.0284
3.0000,-0.1614,0.0225
3.0000,-0.1632,0.0165
3.0000,-0.1647,0.0104
3.0000,-0.1659,0.0042
3.0000,-0.1670,-0.0021
3.0000,-0.1678,-0.0084
3.0000,-0.1683,-0.0148
3.0000,-0.1687,-0.0213
3.0000,-0.1687,-0.0278
3.0000,-0.1685,-0.0344
3.0000,-0.1681,-0.0409
3.0000,-0.1674,-0.0475
3.0000,-0.1664,-0.0541
3.0000,-0.1652,-0.0607
3.0000,-0.1637,-0.0672
3.0000,-0.1620,-0.0738
3.0000,-0.1600,-0.0803
3.0000,-0.1577,-0.0867
3.0000,-0.1552,-0.0931
3.0000,-0.1524,-0.0994
3.0000,-0.1494,-0.1057
3.0000,-0.1461,-0.1119
3.0000,-0.1425,-0.1179
3.0000,-0.1387,-0.1239
3.0000,-0.1347,-0.1297
3.0000,-0.1304,-0.1354
3.0000,-0.1259,-0.1410
3.0000,-0.1211,-0.1464
3.0000,-0.1161,-0.1517
3.0000,-0.1109,-0.1567
3.0000,-0.1055,-0.1616
3.0000,-0.0998,-0.1664
3.0000,-0.0939,-0.1709
3.0000,-0.0879,-0.1752
3.0000,-0.0816,-0.1793
3.0000,-0.0752,-0.1832
3.0000,-0.0686,-0.1868
3.0000,-0.0618,-0.1902
3.0000,-0.0549,-0.1934
3.0000,-0.0478,-0.1963
3.0000,-0.0405,-0.1989
3.0000,-0.0332,-0.2013
3.0000,-0.0257,-0.2034
3.0000,-0.0181,-0.2052
3.0000,-0.0104,-0.2067
3.0000,-0.0026,-0.2080
3.0000,0.0053,-0.2089
3.0000,0.0132,-0.2096
3.0000,0.0212,-0.2099
3.0000,0.0292,-0.2100
3.0000,0.0373,-0.2097
3.0000,0.0454,-0.2091
3.0000,0.0535,-0.2082
3.0000,0.0616,-0.2070
3.0000,0.0696,-0.2055
3.0000,0.0777,-0.2037
3.0000,0.0857,-0.2015
3.0000,0.0937,-0.1991
3.0000,0.1016,-0.1963
3.0000,0.1094,-0.1932
3.0000,0.1171,-0.1898
3.0000,0.1247,-0.1861
3.0000,0.1323,-0.1820
3.0000,0.1396,-0.1777
3.0000,0.1469,-0.1731
3.0000,0.1540,-0.1682
3.0000,0.1609,-0.1629
3.0000,0.1677,-0.1574
3.0000,0.1742,-0.1517
3.0000,0.1806,-0.1456
3.0000,0.1868,-0.1393
3.0000,0.1927,-0.1327
3.0000,0.1984,-0.1259
3.0000,0.2039,-0.1189
3.0000,0.2091,-0.1116
3.0000,0.2141,-0.1040
3.0000,0.2187,-0.0963
3.0000,0.2231,-0.0883
3.0000,0.2273,-0.0802
3.0000,0.2311,-0.0719
3.0000,0.2346,-0.0634
3.0000,0.2378,-0.0547
3.0000,0.2407,-0.0459
3.0000,0.2432,-0.0370
3.0000,0.2454,-0.0279
3.0000,0.2473,-0.0187
3.0000,0.2488,-0.0094
3.0000,0.2500,-0.0000
3.0000,0.2508,0.0095
3.0000,0.2513,0.0190
3.0000,0.2514,0.0286
3.0000,0.2511,0.0382
3.0000,0.2505,0.0478
3.0000,0.2495,0.0574
3.0000,0.2481,0.0670
3.0000,0.2464,0.0766
3.0000,0.2442,0.0862
3.0000,0.2417,0.0957
3.0000,0.2389,0.1052
3.0000,0.2356,0.1145
3.0000,0.2320,0.1238
3.0000,0.2281,0.1330
3.0000,0.2237,0.1420
3.0000,0.2191,0.1509
3.0000,0.2140,0.1596
3.0000,0.2086,0.1682
3.0000,0.2029,0.1766
3.0000,0.1968,0.1848
3.0000,0.1904,0.1928
3.0000,0.1837,0.2006
3.0000,0.1766,0.2081
3.0000,0.1693,0.2154
3.0000,0.1616,0.2225
3.0000,0.1537,0.2292
3.0000,0.1455,0.2357
3.0000,0.1370,0.2419
3.0000,0.1282,0.2478
3.0000,0.1192,0.2534
3.0000,0.1100,0.2586
3.0000,0.1005,0.2635
3.0000,0.0908,0.2680
3.0000,0.0809,0.2722
3.0000,0.0709,0.2760
3.0000,0.0606,0.2795
3.0000,0.0502,0.2826
3.0000,0.0397,0.2853
3.0000,0.0290,0.2875
3.0000,0.0182,0.2894
3.0000,0.0073,0.2909
3.0000,-0.0037,0.2920
3.0000,-0.0147,0.2926
3.0000,-0.0258,0.2929
3.0000,-0.0370,0.2927
3.0000,-0.0481,0.2921
3.0000,-0.0593,0.2910
3.0000,-0.0705,0.2895
3.0000,-0.0816,0.2876
3.0000,-0.0927,0.2853
3.0000,-0.1037,0.2826
3.0000,-0.1147,0.2794
3.0000,-0.1256,0.2758
3.0000,-0.1363,0.2717
3.0000,-0.1469,0.2673
3.0000,-0.1574,0.2624
3.0000,-0.1677,0.2571
3.0000,-0.1779,0.2514
3.0000,-0.1879,0.2453
3.0000,-0.1976,0.2389
3.0000,-0.2071,0.2320
3.0000,-0.2164,0.2247
3.0000,-0.2255,0.2171
3.0000,-0.2342,0.2091
3.0000,-0.2427,0.2008
3.0000,-0.2509,0.1921
3.0000,-0.2588,0.1831
3.0000,-0.2663,0.1738
3.0000,-0.2736,0.1641
3.0000,-0.2804,0.1542
3.0000,-0.2869,0.1439
3.0000,-0.2931,0.1334
3.0000,-0.2988,0.1227
3.0000,-0.3041,0.1117
3.0000,-0.3091,0.1004
3.0000,-0.3136,0.0890
3.0000,-0.3177,0.0773
3.0000,-0.3214,0.0655
3.0000,-0.3246,0.0535
3.0000,-0.3274,0.0414
3.0000,-0.3297,0.0291
3.0000,-0.3316,0.0167
3.0000,-0.3330,0.0042
3.0000,-0.3339,-0.0084
3.0000,-0.3343,-0.0210
3.0000,-0.3343,-0.0337
3.0000,-0.3338,-0.0464
3.0000,-0.3328,-0.0592
3.0000,-0.3313,-0.0719
3.0000,-0.3293,-0.0846
3.0000,-0.3269,-0.0972
3.0000,-0.3239,-0.1098
3.0000,-0.3205,-0.1222
3.0000,-0.3166,-0.1346
3.0000,-0.3122,-0.1469
3.0000,-0.3073,-0.1590
3.0000,-0.3020,-0.1710
3.0000,-0.2961,-0.1828
3.0000,-0.2899,-0.1943
3.0000,-0.2832,-0.2057
3.0000,-0.2760,-0.2169
3.0000,-0.2684,-0.2278
3.0000,-0.2603,-0.2384
3.0000,-0.2519,-0.2487
3.0000,-0.2430,-0.2588
3.0000,-0.2337,-0.2685
3.0000,-0.2241,-0.2779
3.0000,-0.2140,-0.2870
3.0000,-0.2036,-0.2956
3.0000,-0.1929,-0.3040
3.0000,-0.1818,-0.3119
3.0000,-0.1704,-0.3194
3.0000,-0.1587,-0.3265
3.0000,-0.1467,-0.3331
3.0000,-0.1344,-0.3394
3.0000,-0.1218,-0.3451
3.0000,-0.1090,-0.3504
3.0000,-0.0960,-0.3553
3.0000,-0.0828,-0.3596
3.0000,-0.0693,-0.3634
3.0000,-0.0557,-0.3668
3.0000,-0.0420,-0.3696
3.0000,-0.0281,-0.3719
3.0000,-0.0141,-0.3737
3.0000,-0.0000,-0.3750
3.0000,0.0142,-0.3757
3.0000,0.0284,-0.3759
3.0000,0.0427,-0.3756
3.0000,0.0569,-0.3747
3.0000,0.0712,-0.3733
3.0000,0.0854,-0.3713
3.0000,0.0996,-0.3688
3.0000,0.1138,-0.3657
3.0000,0.1278,-0.3621
3.0000,0.1417,-0.3580
3.0000,0.1555,-0.3533
3.0000,0.1692,-0.3481
3.0000,0.1826,-0.3423
3.0000,0.1959,-0.3361
3.0000,0.2090,-0.3293
3.0000,0.2218,-0.3220
3.0000,0.2344,-0.3142
3.0000,0.2467,-0.3059
3.0000,0.2587,-0.2972
3.0000,0.2704,-0.2879
3.0000,0.2818,-0.2782
3.0000,0.2928,-0.2681
3.0000,0.3035,-0.2575
3.0000,0.3137,-0.2465
3.0000,0.3236,-0.2351
3.0000,0.3331,-0.2233
3.0000,0.3421,-0.2111
3.0000,0.3507,-0.1986
3.0000,0.3588,-0.1857
3.0000,0.3665,-0.1724
3.0000,0.3736,-0.1589
3.0000,0.3803,-0.1451
3.0000,0.3864,-0.1309
3.0000,0.3920,-0.1166
3.0000,0.3971,-0.1020
3.0000,0.4017,-0.0871
3.0000,0.4056,-0.0721
3.0000,0.4091,-0.0569
3.0000,0.4119,-0.0415
3.0000,0.4142,-0.0261
3.0000,0.4159,-0.0105
3.0000,0.4170,0.0052
3.0000,0.4175,0.0210
3.0000,0.4174,0.0368
3.0000,0.4167,0.0526
3.0000,0.4154,0.0685
3.0000,0.4135,0.0843
3.0000,0.4110,0.1000
3.0000,0.4079,0.1157
3.0000,0.4042,0.1313
3.0000,0.3999,0.1468
3.0000,0.3950,0.1622
3.0000,0.3895,0.1774
3.0000,0.3835,0.1924
3.0000,0.3768,0.2072
3.0000,0.3696,0.2217
3.0000,0.3618,0.2360
3.0000,0.3535,0.2501
3.0000,0.3446,0.2638
3.0000,0.3352,0.2773
3.0000,0.3252,0.2904
3.0000,0.3148,0.3031
3.0000,0.3038,0.3155
3.0000,0.2924,0.3275
3.0000,0.2805,0.3390
3.0000,0.2681,0.3501
3.0000,0.2553,0.3608
3.0000,0.2421,0.3710
3.0000,0.2284,0.3807
3.0000,0.2144,0.3900
3.0000,0.2000,0.3987
3.0000,0.1852,0.4068
3.0000,0.1701,0.4144
3.0000,0.1547,0.4215
3.0000,0.1391,0.4280
3.0000,0.1231,0.4339
3.0000,0.1069,0.4392
3.0000,0.0905,0.4439
3.0000,0.0738,0.4480
3.0000,0.0570,0.4514
3.0000,0.0401,0.4542
3.0000,0.0230,0.4564
3.0000,0.0058,0.4580
3.0000,-0.0115,0.4589
3.0000,-0.0289,0.4591
3.0000,-0.0463,0.4587
3.0000,-0.0637,0.4576
3.0000,-0.0810,0.4559
3.0000,-0.0984,0.4535
3.0000,-0.1156,0.4504
3.0000,-0.1328,0.4467
3.0000,-0.1499,0.4423
3.0000,-0.1668,0.4373
3.0000,-0.1836,0.4316
3.0000,-0.2001,0.4253
3.0000,-0.2165,0.4183
3.0000,-0.2326,0.4107
3.0000,-0.2484,0.4025
3.0000,-0.2640,0.3937
3.0000,-0.2792,0.3843
3.0000,-0.2941,0.3743
3.0000,-0.3086,0.3637
3.0000,-0.3228,0.3525
3.0000,-0.3366,0.3408
3.0000,-0.3499,0.3286
3.0000,-0.3628,0.3158
3.0000,-0.3752,0.3025
3.0000,-0.3872,0.2888
3.0000,-0.3986,0.2746
3.0000,-0.4095,0.2599
3.0000,-0.4199,0.2448
3.0000,-0.4297,0.2292
3.0000,-0.4389,0.2133
3.0000,-0.4476,0.1970
3.0000,-0.4556,0.1804
3.0000,-0.4630,0.1634
3.0000,-0.4698,0.1461
3.0000,-0.4759,0.1286
3.0000,-0.4814,0.1108
3.0000,-0.4862,0.0928
3.0000,-0.4904,0.0745
3.0000,-0.4938,0.0561
3.0000,-0.4966,0.0375
3.0000,-0.4986,0.0188
3.0000,-0.5000,0.0000
3.0000,-0.5006,-0.0189
3.0000,-0.5006,-0.0378
3.0000,-0.4998,-0.0568
3.0000,-0.4983,-0.0757
3.0000,-0.4961,-0.0946
3.0000,-0.4931,-0.1135
3.0000,-0.4894,-0.1322
3.0000,-0.4851,-0.1509
3.0000,-0.4800,-0.1694
3.0000,-0.4742,-0.1877
3.0000,-0.4677,-0.2059
3.0000,-0.4605,-0.2238
3.0000,-0.4526,-0.2415
3.0000,-0.4441,-0.2589
3.0000,-0.4348,-0.2760
3.0000,-0.4249,-0.2927
3.0000,-0.4144,-0.3091
3.0000,-0.4032,-0.3251
3.0000,-0.3915,-0.3408
3.0000,-0.3791,-0.3560
3.0000,-0.3661,-0.3707
3.0000,-0.3525,-0.3850
3.0000,-0.3384,-0.3988
3.0000,-0.3238,-0.4120
3.0000,-0.3086,-0.4247
3.0000,-0.2929,-0.4369
3.0000,-0.2768,-0.4485
3.0000,-0.2602,-0.4595
3.0000,-0.2431,-0.4698
3.0000,-0.2257,-0.4796
3.0000,-0.2078,-0.4886
3.0000,-0.1896,-0.4971
3.0000,-0.1711,-0.5048
3.0000,-0.1522,-0.5119
3.0000,-0.1330,-0.5182
3.0000,-0.1136,-0.5238
3.0000,-0.0940,-0.5287
3.0000,-0.0741,-0.5329
3.0000,-0.0541,-0.5363
3.0000,-0.0339,-0.5389
3.0000,-0.0136,-0.5408
3.0000,0.0068,-0.5420
3.0000,0.0273,-0.5423
3.0000,0.0478,-0.5419
3.0000,0.0683,-0.5407
3.0000,0.0888,-0.5387
3.0000,0.1092,-0.5360
3.0000,0.1296,-0.5325
3.0000,0.1499,-0.5282
3.0000,0.1700,-0.5231
3.0000,0.1899,-0.5172
3.0000,0.2096,-0.5106
3.0000,0.2291,-0.5033
3.0000,0.2484,-0.4952
3.0000,0.2674,-0.4864
3.0000,0.2860,-0.4768
3.0000,0.3043,-0.4665
3.0000,0.3223,-0.4555
3.0000,0.3398,-0.4438
3.0000,0.3570,-0.4315
3.0000,0.3736,-0.4185
3.0000,0.3898,-0.4048
3.0000,0.4055,-0.3905
3.0000,0.4207,-0.3756
3.0000,0.4353,-0.3601
3.0000,0.4494,-0.3441
3.0000,0.4629,-0.3275
3.0000,0.4757,-0.3104
3.0000,0.4879,-0.2927
3.0000,0.4995,-0.2746
3.0000,0.5104,-0.2560
3.0000,0.5206,-0.2370
3.0000,0.5301,-0.2176
3.0000,0.5388,-0.1978
3.0000,0.5469,-0.1777
3.0000,0.5541,-0.1572
3.0000,0.5606,-0.1365
3.0000,0.5664,-0.1154
3.0000,0.5713,-0.0942
3.0000,0.5754,-0.0727
3.0000,0.5788,-0.0510
3.0000,0.5813,-0.0292
3.0000,0.5830,-0.0073
3.0000,0.5838,0.0147
3.0000,0.5838,0.0367
3.0000,0.5830,0.0588
3.0000,0.5814,0.0809
3.0000,0.5789,0.1029
3.0000,0.5756,0.1249
3.0000,0.5715,0.1467
3.0000,0.5665,0.1684
3.0000,0.5607,0.1900
3.0000,0.5541,0.2114
3.0000,0.5466,0.2325
3.0000,0.5384,0.2533
3.0000,0.5293,0.2739
3.0000,0.5195,0.2942
3.0000,0.5089,0.3141
3.0000,0.4975,0.3336
3.0000,0.4854,0.3527
3.0000,0.4726,0.3713
3.0000,0.4590,0.3895
3.0000,0.4447,0.4072
3.0000,0.4298,0.4244
3.0000,0.4142,0.4410
3.0000,0.3979,0.4571
3.0000,0.3810,0.4725
3.0000,0.3635,0.4874
3.0000,0.3455,0.5015
3.0000,0.3269,0.5150
3.0000,0.3077,0.5279
3.0000,0.2881,0.5400
3.0000,0.2680,0.5513
3.0000,0.2474,0.5620
3.0000,0.2264,0.5718
3.0000,0.2050,0.5809
3.0000,0.1833,0.5892
3.0000,0.1612,0.5966
3.0000,0.1388,0.6032
3.0000,0.1162,0.6090
3.0000,0.0933,0.6140
3.0000,0.0702,0.6180
3.0000,0.0469,0.6212
3.0000,0.0235,0.6236
3.0000,-0.0000,0.6250
3.0000,-0.0236,0.6256
3.0000,-0.0472,0.6252
3.0000,-0.0709,0.6240
3.0000,-0.0945,0.6219
3.0000,-0.1181,0.6188
3.0000,-0.1415,0.6149
3.0000,-0.1649,0.6101
3.0000,-0.1880,0.6044
3.0000,-0.2110,0.5979
3.0000,-0.2338,0.5904
3.0000,-0.2562,0.5821
3.0000,-0.2784,0.5729
3.0000,-0.3003,0.5629
3.0000,-0.3218,0.5520
3.0000,-0.3429,0.5404
3.0000,-0.3636,0.5279
3.0000,-0.3839,0.5146
3.0000,-0.4036,0.5006
3.0000,-0.4228,0.4857
3.0000,-0.4415,0.4702
3.0000,-0.4597,0.4539
3.0000,-0.4772,0.4369
3.0000,-0.4941,0.4193
3.0000,-0.5103,0.4010
3.0000,-0.5259,0.3821
3.0000,-0.5407,0.3625
3.0000,-0.5548,0.3424
3.0000,-0.5682,0.3218
3.0000,-0.5808,0.3006
3.0000,-0.5927,0.2789
3.0000,-0.6037,0.2567
3.0000,-0.6139,0.2342
3.0000,-0.6232,0.2112
3.0000,-0.6317,0.1878
3.0000,-0.6393,0.1641
3.0000,-0.6460,0.1401
3.0000,-0.6518,0.1159
3.0000,-0.6567,0.0914
3.0000,-0.6606,0.0666
3.0000,-0.6637,0.0418
3.0000,-0.6658,0.0167
3.0000,-0.6669,-0.0084
3.0000,-0.6672,-0.0336
3.0000,-0.6664,-0.0588
3.0000,-0.6647,-0.0840
3.0000,-0.6621,-0.1091
3.0000,-0.6585,-0.1342
3.0000,-0.6539,-0.1592
3.0000,-0.6484,-0.1840
3.0000,-0.6420,-0.2086
3.0000,-0.6346,-0.2330
3.0000,-0.6263,-0.2571
3.0000,-0.6171,-0.2809
3.0000,-0.6069,-0.3045
3.0000,-0.5959,-0.3276
3.0000,-0.5840,-0.3503
3.0000,-0.5712,-0.3726
3.0000,-0.5576,-0.3945
3.0000,-0.5431,-0.4158
3.0000,-0.5278,-0.4366
3.0000,-0.5117,-0.4569
3.0000,-0.4949,-0.4765
3.0000,-0.4772,-0.4956
3.0000,-0.4589,-0.5140
3.0000,-0.4398,-0.5317
3.0000,-0.4201,-0.5486
3.0000,-0.3997,-0.5649
3.0000,-0.3787,-0.5804
3.0000,-0.3570,-0.5951
3.0000,-0.3348,-0.6090
3.0000,-0.3121,-0.6221
3.0000,-0.2888,-0.6343
3.0000,-0.2651,-0.6457
3.0000,-0.2409,-0.6562
3.0000,-0.2163,-0.6657
3.0000,-0.1913,-0.6744
3.0000,-0.1660,-0.6821
3.0000,-0.1404,-0.6888
3.0000,-0.1145,-0.6946
3.0000,-0.0884,-0.6994
3.0000,-0.0620,-0.7033
3.0000,-0.0355,-0.7061
3.0000,-0.0089,-0.7079
3.0000,0.0178,-0.7088
3.0000,0.0446,-0.7086
3.0000,0.0714,-0.7074
3.0000,0.0981,-0.7052
3.0000,0.1248,-0.7020
3.0000,0.1514,-0.6978
3.0000,0.1778,-0.6925
3.0000,0.2041,-0.6863
3.0000,0.2301,-0.6791
3.0000,0.2559,-0.6708
3.0000,0.2814,-0.6616
3.0000,0.3066,-0.6515
3.0000,0.3314,-0.6403
3.0000,0.3557,-0.6283
3.0000,0.3797,-0.6153
3.0000,0.4032,-0.6014
3.0000,0.4261,-0.5865
3.0000,0.4486,-0.5708
3.0000,0.4704,-0.5543
3.0000,0.4916,-0.5369
3.0000,0.5122,-0.5187
3.0000,0.5321,-0.4997
3.0000,0.5514,-0.4800
3.0000,0.5698,-0.4595
3.0000,0.5875,-0.4383
3.0000,0.6045,-0.4164
3.0000,0.6206,-0.3938
3.0000,0.6358,-0.3707
3.0000,0.6502,-0.3469
3.0000,0.6638,-0.3226
3.0000,0.6764,-0.2977
3.0000,0.6880,-0.2724
3.0000,0.6988,-0.2466
3.0000,0.7085,-0.2204
3.0000,0.7173,-0.1938
3.0000,0.7250,-0.1669
3.0000,0.7318,-0.1396
3.0000,0.7375,-0.1121
3.0000,0.7422,-0.0843
3.0000,0.7459,-0.0563
3.0000,0.7485,-0.0282
3.0000,0.7500,-0.0000
3.0000,0.7505,0.0283
3.0000,0.7499,0.0566
3.0000,0.7482,0.0850
3.0000,0.7454,0.1133
3.0000,0.7416,0.1415
3.0000,0.7367,0.1695
3.0000,0.7308,0.1975
3.0000,0.7238,0.2252
3.0000,0.7157,0.2526
3.0000,0.7066,0.2798
3.0000,0.6965,0.3066
3.0000,0.6853,0.3331
3.0000,0.6732,0.3591
3.0000,0.6600,0.3848
3.0000,0.6459,0.4099
3.0000,0.6308,0.4345
3.0000,0.6148,0.4586
3.0000,0.5979,0.4821
3.0000,0.5800,0.5049
3.0000,0.5613,0.5271
3.0000,0.5417,0.5486
3.0000,0.5214,0.5694
3.0000,0.5002,0.5894
3.0000,0.4782,0.6086
3.0000,0.4555,0.6270
3.0000,0.4321,0.6445
3.0000,0.4081,0.6612
3.0000,0.3833,0.6770
3.0000,0.3580,0.6919
3.0000,0.3321,0.7058
3.0000,0.3057,0.7187
3.0000,0.2787,0.7306
3.0000,0.2513,0.7416
3.0000,0.2235,0.7515
3.0000,0.1952,0.7603
3.0000,0.1666,0.7681
3.0000,0.1377,0.7749
3.0000,0.1086,0.7805
3.0000,0.0792,0.7850
3.0000,0.0496,0.7884
3.0000,0.0199,0.7908
3.0000,-0.0100,0.7919
3.0000,-0.0398,0.7920
3.0000,-0.0698,0.7909
3.0000,-0.0996,0.7887
3.0000,-0.1295,0.7854
3.0000,-0.1592,0.7809
3.0000,-0.1887,0.7754
3.0000,-0.2181,0.7687
3.0000,-0.2472,0.7608
3.0000,-0.2761,0.7519
3.0000,-0.3046,0.7419
3.0000,-0.3327,0.7308
3.0000,-0.3605,0.7186
3.0000,-0.3878,0.7054
3.0000,-0.4146,0.6912
3.0000,-0.4409,0.6759
3.0000,-0.4667,0.6596
3.0000,-0.4918,0.6423
3.0000,-0.5163,0.6241
3.0000,-0.5401,0.6050
3.0000,-0.5632,0.5849
3.0000,-0.5856,0.5639
3.0000,-0.6072,0.5421
3.0000,-0.6280,0.5195
3.0000,-0.6479,0.4961
3.0000,-0.6669,0.4719
3.0000,-0.6851,0.4470
3.0000,-0.7023,0.4213
3.0000,-0.7186,0.3950
3.0000,-0.7338,0.3681
3.0000,-0.7481,0.3406
3.0000,-0.7613,0.3126
3.0000,-0.7735,0.2840
3.0000,-0.7846,0.2549
3.0000,-0.7946,0.2255
3.0000,-0.8035,0.1956
3.0000,-0.8113,0.1654
3.0000,-0.8180,0.1348
3.0000,-0.8235,0.1040
3.0000,-0.8278,0.0730
3.0000,-0.8309,0.0418
3.0000,-0.8329,0.0105
3.0000,-0.8337,-0.0210
3.0000,-0.8334,-0.0524
3.0000,-0.8318,-0.0839
3.0000,-0.8290,-0.1153
3.0000,-0.8251,-0.1467
3.0000,-0.8199,-0.1779
3.0000,-0.8136,-0.2089
3.0000,-0.8061,-0.2397
3.0000,-0.7975,-0.2702
3.0000,-0.7876,-0.3005
3.0000,-0.7767,-0.3303
3.0000,-0.7646,-0.3598
3.0000,-0.7514,-0.3888
3.0000,-0.7370,-0.4173
3.0000,-0.7216,-0.4453
3.0000,-0.7052,-0.4728
3.0000,-0.6877,-0.4996
3.0000,-0.6691,-0.5258
3.0000,-0.6496,-0.5513
3.0000,-0.6291,-0.5761
3.0000,-0.6077,-0.6001
3.0000,-0.5853,-0.6233
3.0000,-0.5620,-0.6456
3.0000,-0.5379,-0.6671
3.0000,-0.5130,-0.6877
3.0000,-0.4873,-0.7074
3.0000,-0.4608,-0.7261
3.0000,-0.4336,-0.7438
3.0000,-0.4057,-0.7605
3.0000,-0.3772,-0.7762
3.0000,-0.3481,-0.7908
3.0000,-0.3184,-0.8043
3.0000,-0.2882,-0.8166
3.0000,-0.2575,-0.8279
3.0000,-0.2264,-0.8380
3.0000,-0.1949,-0.8469
3.0000,-0.1630,-0.8546
3.0000,-0.1308,-0.8611
3.0000,-0.0984,-0.8664
3.0000,-0.0658,-0.8705
3.0000,-0.0329,-0.8734
3.0000,-0.0000,-0.8750
3.0000,0.0330,-0.8754
3.0000,0.0661,-0.8745
3.0000,0.0991,-0.8724
3.0000,0.1320,-0.8690
3.0000,0.1649,-0.8644
3.0000,0.1976,-0.8586
3.0000,0.2301,-0.8515
3.0000,0.2623,-0.8431
3.0000,0.2942,-0.8336
3.0000,0.3258,-0.8229
3.0000,0.3570,-0.8109
3.0000,0.3877,-0.7978
3.0000,0.4180,-0.7835
3.0000,0.4477,-0.7680
3.0000,0.4769,-0.7515
3.0000,0.5054,-0.7338
3.0000,0.5333,-0.7150
3.0000,0.5605,-0.6952
3.0000,0.5870,-0.6743
3.0000,0.6127,-0.6524
3.0000,0.6375,-0.6296
3.0000,0.6615,-0.6058
3.0000,0.6847,-0.5811
3.0000,0.7069,-0.5555
3.0000,0.7281,-0.5290
3.0000,0.7484,-0.5017
3.0000,0.7676,-0.4737
3.0000,0.7858,-0.4449
3.0000,0.8029,-0.4155
3.0000,0.8189,-0.3853
3.0000,0.8337,-0.3546
3.0000,0.8474,-0.3233
3.0000,0.8600,-0.2914
3.0000,0.8713,-0.2591
3.0000,0.8814,-0.2263
3.0000,0.8903,-0.1931
3.0000,0.8979,-0.1596
3.0000,0.9043,-0.1258
3.0000,0.9094,-0.0917
3.0000,0.9132,-0.0575
3.0000,0.9157,-0.0230
3.0000,0.9169,0.0115
3.0000,0.9168,0.0461
3.0000,0.9154,0.0807
3.0000,0.9127,0.1153
3.0000,0.9087,0.1498
3.0000,0.9034,0.1841
3.0000,0.8968,0.2183
3.0000,0.8889,0.2522
3.0000,0.8797,0.2858
3.0000,0.8693,0.3191
3.0000,0.8575,0.3521
3.0000,0.8446,0.3845
3.0000,0.8304,0.4165
3.0000,0.8150,0.4480
3.0000,0.7984,0.4789
3.0000,0.7806,0.5092
3.0000,0.7616,0.5389
3.0000,0.7416,0.5678
3.0000,0.7204,0.5960
3.0000,0.6982,0.6234
3.0000,0.6749,0.6500
3.0000,0.6506,0.6756
3.0000,0.6254,0.7004
3.0000,0.5992,0.7243
3.0000,0.5721,0.7471
3.0000,0.5441,0.7690
3.0000,0.5152,0.7898
3.0000,0.4856,0.8095
3.0000,0.4553,0.8281
3.0000,0.4242,0.8456
3.0000,0.3924,0.8619
3.0000,0.3600,0.8770
3.0000,0.3271,0.8909
3.0000,0.2936,0.9035
3.0000,0.2596,0.9149
3.0000,0.2251,0.9250
3.0000,0.1903,0.9338
3.0000,0.1552,0.9413
3.0000,0.1197,0.9475
3.0000,0.0840,0.9523
3.0000,0.0481,0.9558
3.0000,0.0120,0.9579
3.0000,-0.0241,0.9587
3.0000,-0.0603,0.9581
3.0000,-0.0964,0.9561
3.0000,-0.1326,0.9528
3.0000,-0.1685,0.9481
3.0000,-0.2044,0.9421
3.0000,-0.2400,0.9347
3.0000,-0.2753,0.9259
3.0000,-0.3104,0.9158
3.0000,-0.3450,0.9044
3.0000,-0.3792,0.8917
3.0000,-0.4130,0.8777
3.0000,-0.4463,0.8624
3.0000,-0.4789,0.8458
3.0000,-0.5110,0.8280
3.0000,-0.5424,0.8090
3.0000,-0.5731,0.7888
3.0000,-0.6030,0.7674
3.0000,-0.6322,0.7449
3.0000,-0.6605,0.7213
3.0000,-0.6879,0.6966
3.0000,-0.7144,0.6709
3.0000,-0.7399,0.6441
3.0000,-0.7644,0.6164
3.0000,-0.7879,0.5877
3.0000,-0.8104,0.5582
3.0000,-0.8317,0.5278
3.0000,-0.8518,0.4966
3.0000,-0.8708,0.4646
3.0000,-0.8886,0.4319
3.0000,-0.9052,0.3985
3.0000,-0.9205,0.3644
3.0000,-0.9345,0.3298
3.0000,-0.9472,0.2947
3.0000,-0.9586,0.2590
3.0000,-0.9687,0.2229
3.0000,-0.9774,0.1864
3.0000,-0.9847,0.1496
3.0000,-0.9906,0.1125
3.0000,-0.9952,0.0752
3.0000,-0.9983,0.0377
3.0000,-1.0000,-0.0000
4.0000,0.0000,-0.0010
4.0000,0.0002,-0.0020
4.0000,0.0003,-0.0030
4.0000,0.0006,-0.0040
4.0000,0.0009,-0.0049
4.0000,0.0013,-0.0058
4.0000,0.0018,-0.0068
4.0000,0.0024,-0.0076
4.0000,0.0030,-0.0085
4.0000,0.0037,-0.0093
4.0000,0.0044,-0.0101
4.0000,0.0052,-0.0108
4.0000,0.0061,-0.0115
4.0000,0.0071,-0.0121
4.0000,0.0080,-0.0127
4.0000,0.0091,-0.0132
4.0000,0.0102,-0.0136
4.0000,0.0113,-0.0140
4.0000,0.0125,-0.0143
4.0000,0.0137,-0.0146
4.0000,0.0149,-0.0148
4.0000,0.0162,-0.0149
4.0000,0.0175,-0.0149
4.0000,0.0189,-0.0148
4.0000,0.0202,-0.0147
4.0000,0.0216,-0.0145
4.0000,0.0230,-0.0142
4.0000,0.0244,-0.0138
4.0000,0.0258,-0.0133
4.0000,0.0271,-0.0128
4.0000,0.0285,-0.0121
4.0000,0.0299,-0.0114
4.0000,0.0313,-0.0106
4.0000,0.0326,-0.0097
4.0000,0.0339,-0.0087
4.0000,0.0352,-0.0076
4.0000,0.0364,-0.0065
4.0000,0.0376,-0.0052
4.0000,0.0388,-0.0039
4.0000,0.0399,-0.0025
4.0000,0.0410,-0.0010
4.0000,0.0420,0.0005
4.0000,0.0429,0.0022
4.0000,0.0438,0.0039
4.0000,0.0446,0.0056
4.0000,0.0454,0.0075
4.0000,0.0461,0.0094
4.0000,0.0466,0.0114
4.0000,0.0471,0.0134
4.0000,0.0476,0.0155
4.0000,0.0479,0.0176
4.0000,0.0481,0.0197
4.0000,0.0482,0.0220
4.0000,0.0483,0.0242
4.0000,0.0482,0.0265
4.0000,0.0480,0.0288
4.0000,0.0477,0.0311
4.0000,0.0473,0.0335
4.0000,0.0468,0.0359
4.0000,0.0462,0.0382
4.0000,0.0455,0.0406
4.0000,0.0447,0.0430
4.0000,0.0437,0.0454
4.0000,0.0426,0.0477
4.0000,0.0414,0.0501
4.0000,0.0401,0.0524
4.0000,0.0387,0.0547
4.0000,0.0372,0.0570
4.0000,0.0355,0.0592
4.0000,0.0337,0.0613
4.0000,0.0318,0.0635
4.0000,0.0298,0.0655
4.0000,0.0277,0.0675
4.0000,0.0255,0.0695
4.0000,0.0232,0.0713
4.0000,0.0207,0.0731
4.0000,0.0182,0.0748
4.0000,0.0156,0.0764
4.0000,0.0128,0.0779
4.0000,0.0100,0.0794
4.0000,0.0071,0.0807
4.0000,0.0041,0.0819
4.0000,0.0010,0.0830
4.0000,-0.0021,0.0840
4.0000,-0.0053,0.0848
4.0000,-0.0086,0.0856
4.0000,-0.0120,0.0862
4.0000,-0.0154,0.0866
4.0000,-0.0189,0.0870
4.0000,-0.0224,0.0872
4.0000,-0.0259,0.0872
4.0000,-0.0295,0.0871
4.0000,-0.0331,0.0869
4.0000,-0.0368,0.0865
4.0000,-0.0404,0.0860
4.0000,-0.0441,0.0853
4.0000,-0.0478,0.0844
4.0000,-0.0515,0.0834
4.0000,-0.0551,0.0822
4.0000,-0.0588,0.0809
4.0000,-0.0624,0.0794
4.0000,-0.0660,0.0778
4.0000,-0.0696,0.0760
4.0000,-0.0731,0.0740
4.0000,-0.0765,0.0719
4.0000,-0.0800,0.0696
4.0000,-0.0833,0.0672
4.0000,-0.0866,0.0646
4.0000,-0.0898,0.0618
4.0000,-0.0929,0.0589
4.0000,-0.0959,0.0559
4.0000,-0.0988,0.0527
4.0000,-0.1016,0.0494
4.0000,-0.1043,0.0459
4.0000,-0.1069,0.0423
4.0000,-0.1094,0.0386
4.0000,-0.1117,0.0348
4.0000,-0.1139,0.0308
4.0000,-0.1160,0.0267
4.0000,-0.1179,0.0225
4.0000,-0.1196,0.0182
4.0000,-0.1212,0.0138
4.0000,-0.1227,0.0093
4.0000,-0.1239,0.0047
4.0000,-0.1250,0.0000
4.0000,-0.1259,-0.0047
4.0000,-0.1266,-0.0096
4.0000,-0.1272,-0.0144
4.0000,-0.1275,-0.0194
4.0000,-0.1277,-0.0244
4.0000,-0.1277,-0.0294
4.0000,-0.1274,-0.0344
4.0000,-0.1270,-0.0395
4.0000,-0.1264,-0.0446
4.0000,-0.1255,-0.0497
4.0000,-0.1245,-0.0548
4.0000,-0.1232,-0.0599
4.0000,-0.1218,-0.0650
4.0000,-0.1201,-0.0700
4.0000,-0.1182,-0.0750
4.0000,-0.1161,-0.0800
4.0000,-0.1138,-0.0849
4.0000,-0.1113,-0.0898
4.0000,-0.1086,-0.0945
4.0000,-0.1057,-0.0993
4.0000,-0.1026,-0.1039
4.0000,-0.0993,-0.1084
4.0000,-0.0958,-0.1128
4.0000,-0.0921,-0.1172
4.0000,-0.0882,-0.1214
4.0000,-0.0841,-0.1254
4.0000,-0.0798,-0.1294
4.0000,-0.0754,-0.1331
4.0000,-0.0708,-0.1368
4.0000,-0.0660,-0.1402
4.0000,-0.0611,-0.1436
4.0000,-0.0560,-0.1467
4.0000,-0.0507,-0.1496
4.0000,-0.0453,-0.1524
4.0000,-0.0398,-0.1550
4.0000,-0.0341,-0.1573
4.0000,-0.0284,-0.1595
4.0000,-0.0225,-0.1614
4.0000,-0.0165,-0.1632
4.0000,-0.0104,-0.1647
4.0000,-0.0042,-0.1659
4.0000,0.0021,-0.1670
4.0000,0.0084,-0.1678
4.0000,0.0148,-0.1683
4.0000,0.0213,-0.1687
4.0000,0.0278,-0.1687
4.0000,0.0344,-0.1685
4.0000,0.0409,-0.1681
4.0000,0.0475,-0.1674
4.0000,0.0541,-0.1664
4.0000,0.0607,-0.1652
4.0000,0.0672,-0.1637
4.0000,0.0738,-0.1620
4.0000,0.0803,-0.1600
4.0000,0.0867,-0.1577
4.0000,0.0931,-0.1552
4.0000,0.0994,-0.1524
4.0000,0.1057,-0.1494
4.0000,0.1119,-0.1461
4.0000,0.1179,-0.1425
4.0000,0.1239,-0.1387
4.0000,0.1297,-0.1347
4.0000,0.1354,-0.1304
4.0000,0.1410,-0.1259
4.0000,0.1464,-0.1211
4.0000,0.1517,-0.1161
4.0000,0.1567,-0.1109
4.0000,0.1616,-0.1055
4.0000,0.1664,-0.0998
4.0000,0.1709,-0.0939
4.0000,0.1752,-0.0879
4.0000,0.1793,-0.0816
4.0000,0.1832,-0.0752
4.0000,0.1868,-0.0686
4.0000,0.1902,-0.0618
4.0000,0.1934,-0.0549
4.0000,0.1963,-0.0478
4.0000,0.1989,-0.0405
4.0000,0.2013,-0.0332
4.0000,0.2034,-0.0257
4.0000,0.2052,-0.0181
4.0000,0.2067,-0.0104
4.0000,0.2080,-0.0026
4.0000,0.2089,0.0053
4.0000,0.2096,0.0132
4.0000,0.2099,0.0212
4.0000,0.2100,0.0292
4.0000,0.2097,0.0373
4.0000,0.2091,0.0454
4.0000,0.2082,0.0535
4.0000,0.2070,0.0616
4.0000,0.2055,0.0696
4.0000,0.2037,0.0777
4.0000,0.2015,0.0857
4.0000,0.1991,0.0937
4.0000,0.1963,0.1016
4.0000,0.1932,0.1094
4.0000,0.1898,0.1171
4.0000,0.1861,0.1247
4.0000,0.1820,0.1323
4.0000,0.1777,0.1396
4.0000,0.1731,0.1469
4.0000,0.1682,0.1540
4.0000,0.1629,0.1609
4.0000,0.1574,0.1677
4.0000,0.1517,0.1742
4.0000,0.1456,0.1806
4.0000,0.1393,0.1868
4.0000,0.1327,0.1927
4.0000,0.1259,0.1984
4.0000,0.1189,0.2039
4.0000,0.1116,0.2091
4.0000,0.1040,0.2141
4.0000,0.0963,0.2187
4.0000,0.0883,0.2231
4.0000,0.0802,0.2273
4.0000,0.0719,0.2311
4.0000,0.0634,0.2346
4.0000,0.0547,0.2378
4.0000,0.0459,0.2407
4.0000,0.0370,0.2432
4.0000,0.0279,0.2454
4.0000,0.0187,0.2473
4.0000,0.0094,0.2488
4.0000,0.0000,0.2500
4.0000,-0.0095,0.2508
4.0000,-0.0190,0.2513
4.0000,-0.0286,0.2514
4.0000,-0.0382,0.2511
4.0000,-0.0478,0.2505
4.0000,-0.0574,0.2495
4.0000,-0.0670,0.2481
4.0000,-0.0766,0.2464
4.0000,-0.0862,0.2442
4.0000,-0.0957,0.2417
4.0000,-0.1052,0.2389
4.0000,-0.1145,0.2356
4.0000,-0.1238,0.2320
4.0000,-0.1330,0.2281
4.0000,-0.1420,0.2237
4.0000,-0.1509,0.2191
4.0000,-0.1596,0.2140
4.0000,-0.1682,0.2086
4.0000,-0.1766,0.2029
4.0000,-0.1848,0.1968
4.0000,-0.1928,0.1904
4.0000,-0.2006,0.1837
4.0000,-0.2081,0.1766
4.0000,-0.2154,0.1693
4.0000,-0.2225,0.1616
4.0000,-0.2292,0.1537
4.0000,-0.2357,0.1455
4.0000,-0.2419,0.1370
4.0000,-0.2478,0.1282
4.0000,-0.2534,0.1192
4.0000,-0.2586,0.1100
4.0000,-0.2635,0.1005
4.0000,-0.2680,0.0908
4.0000,-0.2722,0.0809
4.0000,-0.2760,0.0709
4.0000,-0.2795,0.0606
4.0000,-0.2826,0.0502
4.0000,-0.2853,0.0397
4.0000,-0.2875,0.0290
4.0000,-0.2894,0.0182
4.0000,-0.2909,0.0073
4.0000,-0.2920,-0.0037
4.0000,-0.2926,-0.0147
4.0000,-0.2929,-0.0258
4.0000,-0.2927,-0.0370
4.0000,-0.2921,-0.0481
4.0000,-0.2910,-0.0593
4.0000,-0.2895,-0.0705
4.0000,-0.2876,-0.0816
4.0000,-0.2853,-0.0927
4.0000,-0.2826,-0.1037
4.0000,-0.2794,-0.1147
4.0000,-0.2758,-0.1256
4.0000,-0.2717,-0.1363
4.0000,-0.2673,-0.1469
4.0000,-0.2624,-0.1574
4.0000,-0.2571,-0.1677
4.0000,-0.2514,-0.1779
4.0000,-0.2453,-0.1879
4.0000,-0.2389,-0.1976
4.0000,-0.2320,-0.2071
4.0000,-0.2247,-0.2164
4.0000,-0.2171,-0.2255
4.0000,-0.2091,-0.2342
4.0000,-0.2008,-0.2427
4.0000,-0.1921,-0.2509
4.0000,-0.1831,-0.2588
4.0000,-0.1738,-0.2663
4.0000,-0.1641,-0.2736
4.0000,-0.1542,-0.2804
4.0000,-0.1439,-0.2869
4.0000,-0.1334,-0.2931
4.0000,-0.1227,-0.2988
4.0000,-0.1117,-0.3041
4.0000,-0.1004,-0.3091
4.0000,-0.0890,-0.3136
4.0000,-0.0773,-0.3177
4.0000,-0.0655,-0.3214
4.0000,-0.0535,-0.3246
4.0000,-0.0414,-0.3274
4.0000,-0.0291,-0.3297
4.0000,-0.0167,-0.3316
4.0000,-0.0042,-0.3330
4.0000,0.0084,-0.3339
4.0000,0.0210,-0.3343
4.0000,0.0337,-0.3343
4.0000,0.0464,-0.3338
4.0000,0.0592,-0.3328
4.0000,0.0719,-0.3313
4.0000,0.0846,-0.3293
4.0000,0.0972,-0.3269
4.0000,0.1098,-0.3239
4.0000,0.1222,-0.3205
4.0000,0.1346,-0.3166
4.0000,0.1469,-0.3122
4.0000,0.1590,-0.3073
4.0000,0.1710,-0.3020
4.0000,0.1828,-0.2961
4.0000,0.1943,-0.2899
4.0000,0.2057,-0.2832
4.0000,0.2169,-0.2760
4.0000,0.2278,-0.2684
4.0000,0.2384,-0.2603
4.0000,0.2487,-0.2519
4.0000,0.2588,-0.2430
4.0000,0.2685,-0.2337
4.0000,0.2779,-0.2241
4.0000,0.2870,-0.2140
4.0000,0.2956,-0.2036
4.0000,0.3040,-0.1929
4.0000,0.3119,-0.1818
4.0000,0.3194,-0.1704
4.0000,0.3265,-0.1587
4.0000,0.3331,-0.1467
4.0000,0.3394,-0.1344
4.0000,0.3451,-0.1218
4.0000,0.3504,-0.1090
4.0000,0.3553,-0.0960
4.0000,0.3596,-0.0828
4.0000,0.3634,-0.0693
4.0000,0.3668,-0.0557
4.0000,0.3696,-0.0420
4.0000,0.3719,-0.0281
4.0000,0.3737,-0.0141
4.0000,0.3750,-0.0000
4.0000,0.3757,0.0142
4.0000,0.3759,0.0284
4.0000,0.3756,0.0427
4.0000,0.3747,0.0569
4.0000,0.3733,0.0712
4.0000,0.3713,0.0854
4.0000,0.3688,0.0996
4.0000,0.3657,0.1138
4.0000,0.3621,0.1278
4.0000,0.3580,0.1417
4.0000,0.3533,0.1555
4.0000,0.3481,0.1692
4.0000,0.3423,0.1826
4.0000,0.3361,0.1959
4.0000,0.3293,0.2090
4.0000,0.3220,0.2218
4.0000,0.3142,0.2344
4.0000,0.3059,0.2467
4.0000,0.2972,0.2587
4.0000,0.2879,0.2704
4.0000,0.2782,0.2818
4.0000,0.2681,0.2928
4.0000,0.2575,0.3035
4.0000,0.2465,0.3137
4.0000,0.2351,0.3236
4.0000,0.2233,0.3331
4.0000,0.2111,0.3421
4.0000,0.1986,0.3507
4.0000,0.1857,0.3588
4.0000,0.1724,0.3665
4.0000,0.1589,0.3736
4.0000,0.1451,0.3803
4.0000,0.1309,0.3864
4.0000,0.1166,0.3920
4.0000,0.1020,0.3971
4.0000,0.0871,0.4017
4.0000,0.0721,0.4056
4.0000,0.0569,0.4091
4.0000,0.0415,0.4119
4.0000,0.0261,0.4142
4.0000,0.0105,0.4159
4.0000,-0.0052,0.4170
4.0000,-0.0210,0.4175
4.0000,-0.0368,0.4174
4.0000,-0.0526,0.4167
4.0000,-0.0685,0.4154
4.0000,-0.0843,0.4135
4.0000,-0.1000,0.4110
4.0000,-0.1157,0.4079
4.0000,-0.1313,0.4042
4.0000,-0.1468,0.3999
4.0000,-0.1622,0.3950
4.0000,-0.1774,0.3895
4.0000,-0.1924,0.3835
4.0000,-0.2072,0.3768
4.0000,-0.2217,0.3696
4.0000,-0.2360,0.3618
4.0000,-0.2501,0.3535
4.0000,-0.2638,0.3446
4.0000,-0.2773,0.3352
4.0000,-0.2904,0.3252
4.0000,-0.3031,0.3148
4.0000,-0.3155,0.3038
4.0000,-0.3275,0.2924
4.0000,-0.3390,0.2805
4.0000,-0.3501,0.2681
4.0000,-0.3608,0.2553
4.0000,-0.3710,0.2421
4.0000,-0.3807,0.2284
4.0000,-0.3900,0.2144
4.0000,-0.3987,0.2000
4.0000,-0.4068,0.1852
4.0000,-0.4144,0.1701
4.0000,-0.4215,0.1547
4.0000,-0.4280,0.1391
4.0000,-0.4339,0.1231
4.0000,-0.4392,0.1069
4.0000,-0.4439,0.0905
4.0000,-0.4480,0.0738
4.0000,-0.4514,0.0570
4.0000,-0.4542,0.0401
4.0000,-0.4564,0.0230
4.0000,-0.4580,0.0058
4.0000,-0.4589,-0.0115
4.0000,-0.4591,-0.0289
4.0000,-0.4587,-0.0463
4.0000,-0.4576,-0.0637
4.0000,-0.4559,-0.0810
4.0000,-0.4535,-0.0984
4.0000,-0.4504,-0.1156
4.0000,-0.4467,-0.1328
4.0000,-0.4423,-0.1499
4.0000,-0.4373,-0.1668
4.0000,-0.4316,-0.1836
4.0000,-0.4253,-0.2001
4.0000,-0.4183,-0.2165
4.0000,-0.4107,-0.2326
4.0000,-0.4025,-0.2484
4.0000,-0.3937,-0.2640
4.0000,-0.3843,-0.2792
4.0000,-0.3743,-0.2941
4.0000,-0.3637,-0.3086
4.0000,-0.3525,-0.3228
4.0000,-0.3408,-0.3366
4.0000,-0.3286,-0.3499
4.0000,-0.3158,-0.3628
4.0000,-0.3025,-0.3752
4.0000,-0.2888,-0.3872
4.0000,-0.2746,-0.3986
4.0000,-0.2599,-0.4095
4.0000,-0.2448,-0.4199
4.0000,-0.2292,-0.4297
4.0000,-0.2133,-0.4389
4.0000,-0.1970,-0.4476
4.0000,-0.1804,-0.4556
4.0000,-0.1634,-0.4630
4.0000,-0.1461,-0.4698
4.0000,-0.1286,-0.4759
4.0000,-0.1108,-0.4814
4.0000,-0.0928,-0.4862
4.0000,-0.0745,-0.4904
4.0000,-0.0561,-0.4938
4.0000,-0.0375,-0.4966
4.0000,-0.0188,-0.4986
4.0000,-0.0000,-0.5000
4.0000,0.0189,-0.5006
4.0000,0.0378,-0.5006
4.0000,0.0568,-0.4998
4.0000,0.0757,-0.4983
4.0000,0.0946,-0.4961
4.0000,0.1135,-0.4931
4.0000,0.1322,-0.4894
4.0000,0.1509,-0.4851
4.0000,0.1694,-0.4800
4.0000,0.1877,-0.4742
4.0000,0.2059,-0.4677
4.0000,0.2238,-0.4605
4.0000,0.2415,-0.4526
4.0000,0.2589,-0.4441
4.0000,0.2760,-0.4348
4.0000,0.2927,-0.4249
4.0000,0.3091,-0.4144
4.0000,0.3251,-0.4032
4.0000,0.3408,-0.3915
4.0000,0.3560,-0.3791
4.0000,0.3707,-0.3661
4.0000,0.3850,-0.3525
4.0000,0.3988,-0.3384
4.0000,0.4120,-0.3238
4.0000,0.4247,-0.3086
4.0000,0.4369,-0.2929
4.0000,0.4485,-0.2768
4.0000,0.4595,-0.2602
4.0000,0.4698,-0.2431
4.0000,0.4796,-0.2257
4.0000,0.4886,-0.2078
4.0000,0.4971,-0.1896
4.0000,0.5048,-0.1711
4.0000,0.5119,-0.1522
4.0000,0.5182,-0.1330
4.0000,0.5238,-0.1136
4.0000,0.5287,-0.0940
4.0000,0.5329,-0.0741
4.0000,0.5363,-0.0541
4.0000,0.5389,-0.0339
4.0000,0.5408,-0.0136
4.0000,0.5420,0.0068
4.0000,0.5423,0.0273
4.0000,0.5419,0.0478
4.0000,0.5407,0.0683
4.0000,0.5387,0.0888
4.0000,0.5360,0.1092
4.0000,0.5325,0.1296
4.0000,0.5282,0.1499
4.0000,0.5231,0.1700
4.0000,0.5172,0.1899
4.0000,0.5106,0.2096
4.0000,0.5033,0.2291
4.0000,0.4952,0.2484
4.0000,0.4864,0.2674
4.0000,0.4768,0.2860
4.0000,0.4665,0.3043
4.0000,0.4555,0.3223
4.0000,0.4438,0.3398
4.0000,0.4315,0.3570
4.0000,0.4185,0.3736
4.0000,0.4048,0.3898
4.0000,0.3905,0.4055
4.0000,0.3756,0.4207
4.0000,0.3601,0.4353
4.0000,0.3441,0.4494
4.0000,0.3275,0.4629
4.0000,0.3104,0.4757
4.0000,0.2927,0.4879
4.0000,0.2746,0.4995
4.0000,0.2560,0.5104
4.0000,0.2370,0.5206
4.0000,0.2176,0.5301
4.0000,0.1978,0.5388
4.0000,0.1777,0.5469
4.0000,0.1572,0.5541
4.0000,0.1365,0.5606
4.0000,0.1154,0.5664
4.0000,0.0942,0.5713
4.0000,0.0727,0.5754
4.0000,0.0510,0.5788
4.0000,0.0292,0.5813
4.0000,0.0073,0.5830
4.0000,-0.0147,0.5838
4.0000,-0.0367,0.5838
4.0000,-0.0588,0.5830
4.0000,-0.0809,0.5814
4.0000,-0.1029,0.5789
4.0000,-0.1249,0.5756
4.0000,-0.1467,0.5715
4.0000,-0.1684,0.5665
4.0000,-0.1900,0.5607
4.0000,-0.2114,0.5541
4.0000,-0.2325,0.5466
4.0000,-0.2533,0.5384
4.0000,-0.2739,0.5293
4.0000,-0.2942,0.5195
4.0000,-0.3141,0.5089
4.0000,-0.3336,0.4975
4.0000,-0.3527,0.4854
4.0000,-0.3713,0.4726
4.0000,-0.3895,0.4590
4.0000,-0.4072,0.4447
4.0000,-0.4244,0.4298
4.0000,-0.4410,0.4142
4.0000,-0.4571,0.3979
4.0000,-0.4725,0.3810
4.0000,-0.4874,0.3635
4.0000,-0.5015,0.3455
4.0000,-0.5150,0.3269
4.0000,-0.5279,0.3077
4.0000,-0.5400,0.2881
4.0000,-0.5513,0.2680
4.0000,-0.5620,0.2474
4.0000,-0.5718,0.2264
4.0000,-0.5809,0.2050
4.0000,-0.5892,0.1833
4.0000,-0.5966,0.1612
4.0000,-0.6032,0.1388
4.0000,-0.6090,0.1162
4.0000,-0.6140,0.0933
4.0000,-0.6180,0.0702
4.0000,-0.6212,0.0469
4.0000,-0.6236,0.0235
4.0000,-0.6250,-0.0000
4.0000,-0.6256,-0.0236
4.0000,-0.6252,-0.0472
4.0000,-0.6240,-0.0709
4.0000,-0.6219,-0.0945
4.0000,-0.6188,-0.1181
4.0000,-0.6149,-0.1415
4.0000,-0.6101,-0.1649
4.0000,-0.6044,-0.1880
4.0000,-0.5979,-0.2110
4.0000,-0.5904,-0.2338
4.0000,-0.5821,-0.2562
4.0000,-0.5729,-0.2784
4.0000,-0.5629,-0.3003
4.0000,-0.5520,-0.3218
4.0000,-0.5404,-0.3429
4.0000,-0.5279,-0.3636
4.0000,-0.5146,-0.3839
4.0000,-0.5006,-0.4036
4.0000,-0.4857,-0.4228
4.0000,-0.4702,-0.4415
4.0000,-0.4539,-0.4597
4.0000,-0.4369,-0.4772
4.0000,-0.4193,-0.4941
4.0000,-0.4010,-0.5103
4.0000,-0.3821,-0.5259
4.0000,-0.3625,-0.5407
4.0000,-0.3424,-0.5548
4.0000,-0.3218,-0.5682
4.0000,-0.3006,-0.5808
4.0000,-0.2789,-0.5927
4.0000,-0.2567,-0.6037
4.0000,-0.2342,-0.6139
4.0000,-0.2112,-0.6232
4.0000,-0.1878,-0.6317
4.0000,-0.1641,-0.6393
4.0000,-0.1401,-0.6460
4.0000,-0.1159,-0.6518
4.0000,-0.0914,-0.6567
4.0000,-0.0666,-0.6606
4.0000,-0.0418,-0.6637
4.0000,-0.0167,-0.6658
4.0000,0.0084,-0.6669
4.0000,0.0336,-0.6672
4.0000,0.0588,-0.6664
4.0000,0.0840,-0.6647
4.0000,0.1091,-0.6621
4.0000,0.1342,-0.6585
4.0000,0.1592,-0.6539
4.0000,0.1840,-0.6484
4.0000,0.2086,-0.6420
4.0000,0.2330,-0.6346
4.0000,0.2571,-0.6263
4.0000,0.2809,-0.6171
4.0000,0.3045,-0.6069
4.0000,0.3276,-0.5959
4.0000,0.3503,-0.5840
4.0000,0.3726,-0.5712
4.0000,0.3945,-0.5576
4.0000,0.4158,-0.5431
4.0000,0.4366,-0.5278
4.0000,0.4569,-0.5117
4.0000,0.4765,-0.4949
4.0000,0.4956,-0.4772
4.0000,0.5140,-0.4589
4.0000,0.5317,-0.4398
4.0000,0.5486,-0.4201
4.0000,0.5649,-0.3997
4.0000,0.5804,-0.3787
4.0000,0.5951,-0.3570
4.0000,0.6090,-0.3348
4.0000,0.6221,-0.3121
4.0000,0.6343,-0.2888
4.0000,0.6457,-0.2651
4.0000,0.6562,-0.2409
4.0000,0.6657,-0.2163
4.0000,0.6744,-0.1913
4.0000,0.6821,-0.1660
4.0000,0.6888,-0.1404
4.0000,0.6946,-0.1145
4.0000,0.6994,-0.0884
4.0000,0.7033,-0.0620
4.0000,0.7061,-0.0355
4.0000,0.7079,-0.0089
4.0000,0.7088,0.0178
4.0000,0.7086,0.0446
4.0000,0.7074,0.0714
4.0000,0.7052,0.0981
4.0000,0.7020,0.1248
4.0000,0.6978,0.1514
4.0000,0.6925,0.1778
4.0000,0.6863,0.2041
4.0000,0.6791,0.2301
4.0000,0.6708,0.2559
4.0000,0.6616,0.2814
4.0000,0.6515,0.3066
4.0000,0.6403,0.3314
4.0000,0.6283,0.3557
4.0000,0.6153,0.3797
4.0000,0.6014,0.4032
4.0000,0.5865,0.4261
4.0000,0.5708,0.4486
4.0000,0.5543,0.4704
4.0000,0.5369,0.4916
4.0000,0.5187,0.5122
4.0000,0.4997,0.5321
4.0000,0.4800,0.5514
4.0000,0.4595,0.5698
4.0000,0.4383,0.5875
4.0000,0.4164,0.6045
4.0000,0.3938,0.6206
4.0000,0.3707,0.6358
4.0000,0.3469,0.6502
4.0000,0.3226,0.6638
4.0000,0.2977,0.6764
4.0000,0.2724,0.6880
4.0000,0.2466,0.6988
4.0000,0.2204,0.7085
4.0000,0.1938,0.7173
4.0000,0.1669,0.7250
4.0000,0.1396,0.7318
4.0000,0.1121,0.7375
4.0000,0.0843,0.7422
4.0000,0.0563,0.7459
4.0000,0.0282,0.7485
4.0000,-0.0000,0.7500
4.0000,-0.0283,0.7505
4.0000,-0.0566,0.7499
4.0000,-0.0850,0.7482
4.0000,-0.1133,0.7454
4.0000,-0.1415,0.7416
4.0000,-0.1695,0.7367
4.0000,-0.1975,0.7308
4.0000,-0.2252,0.7238
4.0000,-0.2526,0.7157
4.0000,-0.2798,0.7066
4.0000,-0.3066,0.6965
4.0000,-0.3331,0.6853
4.0000,-0.3591,0.6732
4.0000,-0.3848,0.6600
4.0000,-0.4099,0.6459
4.0000,-0.4345,0.6308
4.0000,-0.4586,0.6148
4.0000,-0.4821,0.5979
4.0000,-0.5049,0.5800
4.0000,-0.5271,0.5613
4.0000,-0.5486,0.5417
4.0000,-0.5694,0.5214
4.0000,-0.5894,0.5002
4.0000,-0.6086,0.4782
4.0000,-0.6270,0.4555
4.0000,-0.6445,0.4321
4.0000,-0.6612,0.4081
4.0000,-0.6770,0.3833
4.0000,-0.6919,0.3580
4.0000,-0.7058,0.3321
4.0000,-0.7187,0.3057
4.0000,-0.7306,0.2787
4.0000,-0.7416,0.2513
4.0000,-0.7515,0.2235
4.0000,-0.7603,0.1952
4.0000,-0.7681,0.1666
4.0000,-0.7749,0.1377
4.0000,-0.7805,0.1086
4.0000,-0.7850,0.0792
4.0000,-0.7884,0.0496
4.0000,-0.7908,0.0199
4.0000,-0.7919,-0.0100
4.0000,-0.7920,-0.0398
4.0000,-0.7909,-0.0698
4.0000,-0.7887,-0.0996
4.0000,-0.7854,-0.1295
4.0000,-0.7809,-0.1592
4.0000,-0.7754,-0.1887
4.0000,-0.7687,-0.2181
4.0000,-0.7608,-0.2472
4.0000,-0.7519,-0.2761
4.0000,-0.7419,-0.3046
4.0000,-0.7308,-0.3327
4.0000,-0.7186,-0.3605
4.0000,-0.7054,-0.3878
4.0000,-0.6912,-0.4146
4.0000,-0.6759,-0.4409
4.0000,-0.6596,-0.4667
4.0000,-0.6423,-0.4918
4.0000,-0.6241,-0.5163
4.0000,-0.6050,-0.5401
4.0000,-0.5849,-0.5632
4.0000,-0.5639,-0.5856
4.0000,-0.5421,-0.6072
4.0000,-0.5195,-0.6280
4.0000,-0.4961,-0.6479
4.0000,-0.4719,-0.6669
4.0000,-0.4470,-0.6851
4.0000,-0.4213,-0.7023
4.0000,-0.3950,-0.7186
4.0000,-0.3681,-0.7338
4.0000,-0.3406,-0.7481
4.0000,-0.3126,-0.7613
4.0000,-0.2840,-0.7735
4.0000,-0.2549,-0.7846
4.0000,-0.2255,-0.7946
4.0000,-0.1956,-0.8035
4.0000,-0.1654,-0.8113
4.0000,-0.1348,-0.8180
4.0000,-0.1040,-0.8235
4.0000,-0.0730,-0.8278
4.0000,-0.0418,-0.8309
4.0000,-0.0105,-0.8329
4.0000,0.0210,-0.8337
4.0000,0.0524,-0.8334
4.0000,0.0839,-0.8318
4.0000,0.1153,-0.8290
4.0000,0.1467,-0.8251
4.0000,0.1779,-0.8199
4.0000,0.2089,-0.8136
4.0000,0.2397,-0.8061
4.0000,0.2702,-0.7975
4.0000,0.3005,-0.7876
4.0000,0.3303,-0.7767
4.0000,0.3598,-0.7646
4.0000,0.3888,-0.7514
4.0000,0.4173,-0.7370
4.0000,0.4453,-0.7216
4.0000,0.4728,-0.7052
4.0000,0.4996,-0.6877
4.0000,0.5258,-0.6691
4.0000,0.5513,-0.6496
4.0000,0.5761,-0.6291
4.0000,0.6001,-0.6077
4.0000,0.6233,-0.5853
4.0000,0.6456,-0.5620
4.0000,0.6671,-0.5379
4.0000,0.6877,-0.5130
4.0000,0.7074,-0.4873
4.0000,0.7261,-0.4608
4.0000,0.7438,-0.4336
4.0000,0.7605,-0.4057
4.0000,0.7762,-0.3772
4.0000,0.7908,-0.3481
4.0000,0.8043,-0.3184
4.0000,0.8166,-0.2882
4.0000,0.8279,-0.2575
4.0000,0.8380,-0.2264
4.0000,0.8469,-0.1949
4.0000,0.8546,-0.1630
4.0000,0.8611,-0.1308
4.0000,0.8664,-0.0984
4.0000,0.8705,-0.0658
4.0000,0.8734,-0.0329
4.0000,0.8750,-0.0000
4.0000,0.8754,0.0330
4.0000,0.8745,0.0661
4.0000,0.8724,0.0991
4.0000,0.8690,0.1320
4.0000,0.8644,0.1649
4.0000,0.8586,0.1976
4.0000,0.8515,0.2301
4.0000,0.8431,0.2623
4.0000,0.8336,0.2942
4.0000,0.8229,0.3258
4.0000,0.8109,0.3570
4.0000,0.7978,0.3877
4.0000,0.7835,0.4180
4.0000,0.7680,0.4477
4.0000,0.7515,0.4769
4.0000,0.7338,0.5054
4.0000,0.7150,0.5333
4.0000,0.6952,0.5605
4.0000,0.6743,0.5870
4.0000,0.6524,0.6127
4.0000,0.6296,0.6375
4.0000,0.6058,0.6615
4.0000,0.5811,0.6847
4.0000,0.5555,0.7069
4.0000,0.5290,0.7281
4.0000,0.5017,0.7484
4.0000,0.4737,0.7676
4.0000,0.4449,0.7858
4.0000,0.4155,0.8029
4.0000,0.3853,0.8189
4.0000,0.3546,0.8337
4.0000,0.3233,0.8474
4.0000,0.2914,0.8600
4.0000,0.2591,0.8713
4.0000,0.2263,0.8814
4.0000,0.1931,0.8903
4.0000,0.1596,0.8979
4.0000,0.1258,0.9043
4.0000,0.0917,0.9094
4.0000,0.0575,0.9132
4.0000,0.0230,0.9157
4.0000,-0.0115,0.9169
4.0000,-0.0461,0.9168
4.0000,-0.0807,0.9154
4.0000,-0.1153,0.9127
4.0000,-0.1498,0.9087
4.0000,-0.1841,0.9034
4.0000,-0.2183,0.8968
4.0000,-0.2522,0.8889
4.0000,-0.2858,0.8797
4.0000,-0.3191,0.8693
4.0000,-0.3521,0.8575
4.0000,-0.3845,0.8446
4.0000,-0.4165,0.8304
4.0000,-0.4480,0.8150
4.0000,-0.4789,0.7984
4.0000,-0.5092,0.7806
4.0000,-0.5389,0.7616
4.0000,-0.5678,0.7416
4.0000,-0.5960,0.7204
4.0000,-0.6234,0.6982
4.0000,-0.6500,0.6749
4.0000,-0.6756,0.6506
4.0000,-0.7004,0.6254
4.0000,-0.7243,0.5992
4.0000,-0.7471,0.5721
4.0000,-0.7690,0.5441
4.0000,-0.7898,0.5152
4.0000,-0.8095,0.4856
4.0000,-0.8281,0.4553
4.0000,-0.8456,0.4242
4.0000,-0.8619,0.3924
4.0000,-0.8770,0.3600
4.0000,-0.8909,0.3271
4.0000,-0.9035,0.2936
4.0000,-0.9149,0.2596
4.0000,-0.9250,0.2251
4.0000,-0.9338,0.1903
4.0000,-0.9413,0.1552
4.0000,-0.9475,0.1197
4.0000,-0.9523,0.0840
4.0000,-0.9558,0.0481
4.0000,-0.9579,0.0120
4.0000,-0.9587,-0.0241
4.0000,-0.9581,-0.0603
4.0000,-0.9561,-0.0964
4.0000,-0.9528,-0.1326
4.0000,-0.9481,-0.1685
4.0000,-0.9421,-0.2044
4.0000,-0.9347,-0.2400
4.0000,-0.9259,-0.2753
4.0000,-0.9158,-0.3104
4.0000,-0.9044,-0.3450
4.0000,-0.8917,-0.3792
4.0000,-0.8777,-0.4130
4.0000,-0.8624,-0.4463
4.0000,-0.8458,-0.4789
4.0000,-0.8280,-0.5110
4.0000,-0.8090,-0.5424
4.0000,-0.7888,-0.5731
4.0000,-0.7674,-0.6030
4.0000,-0.7449,-0.6322
4.0000,-0.7213,-0.6605
4.0000,-0.6966,-0.6879
4.0000,-0.6709,-0.7144
4.0000,-0.6441,-0.7399
4.0000,-0.6164,-0.7644
4.0000,-0.5877,-0.7879
4.0000,-0.5582,-0.8104
4.0000,-0.5278,-0.8317
4.0000,-0.4966,-0.8518
4.0000,-0.4646,-0.8708
4.0000,-0.4319,-0.8886
4.0000,-0.3985,-0.9052
4.0000,-0.3644,-0.9205
4.0000,-0.3298,-0.9345
4.0000,-0.2947,-0.9472
4.0000,-0.2590,-0.9586
4.0000,-0.2229,-0.9687
4.0000,-0.1864,-0.9774
4.0000,-0.1496,-0.9847
4.0000,-0.1125,-0.9906
4.0000,-0.0752,-0.9952
4.0000,-0.0377,-0.9983
4.0000,-0.0000,-1.0000
