1.0000,-0.0018,-0.0028
1.0000,-0.0008,-0.0028
1.0000,0.0044,0.0016
1.0000,0.0013,-0.0024
1.0000,0.0101,0.0056
1.0000,0.0080,0.0027
1.0000,0.0105,0.0045
1.0000,0.0050,-0.0017
1.0000,0.0087,0.0013
1.0000,0.0116,0.0037
1.0000,0.0084,-0.0001
1.0000,0.0071,-0.0019
1.0000,0.0097,0.0002
1.0000,0.0093,-0.0005
1.0000,0.0169,0.0066
1.0000,0.0178,0.0073
1.0000,0.0149,0.0041
1.0000,0.0200,0.0090
1.0000,0.0163,0.0052
1.0000,0.0230,0.0117
1.0000,0.0227,0.0115
1.0000,0.0237,0.0124
1.0000,0.0238,0.0126
1.0000,0.0246,0.0135
1.0000,0.0220,0.0111
1.0000,0.0199,0.0092
1.0000,0.0223,0.0119
1.0000,0.0243,0.0142
1.0000,0.0227,0.0130
1.0000,0.0209,0.0117
1.0000,0.0297,0.0210
1.0000,0.0297,0.0215
1.0000,0.0253,0.0177
1.0000,0.0258,0.0189
1.0000,0.0269,0.0207
1.0000,0.0272,0.0218
1.0000,0.0263,0.0217
1.0000,0.0332,0.0295
1.0000,0.0254,0.0227
1.0000,0.0322,0.0304
1.0000,0.0250,0.0243
1.0000,0.0333,0.0336
1.0000,0.0321,0.0337
1.0000,0.0254,0.0282
1.0000,0.0296,0.0336
1.0000,0.0344,0.0397
1.0000,0.0269,0.0336
1.0000,0.0271,0.0352
1.0000,0.0343,0.0439
1.0000,0.0293,0.0403
1.0000,0.0252,0.0379
1.0000,0.0262,0.0405
1.0000,0.0276,0.0435
1.0000,0.0272,0.0448
1.0000,0.0272,0.0465
1.0000,0.0306,0.0517
1.0000,0.0297,0.0526
1.0000,0.0311,0.0560
1.0000,0.0288,0.0555
1.0000,0.0206,0.0493
1.0000,0.0285,0.0592
1.0000,0.0222,0.0549
1.0000,0.0263,0.0612
1.0000,0.0263,0.0633
1.0000,0.0256,0.0647
1.0000,0.0177,0.0590
1.0000,0.0255,0.0690
1.0000,0.0170,0.0628
1.0000,0.0221,0.0702
1.0000,0.0127,0.0631
1.0000,0.0194,0.0721
1.0000,0.0148,0.0699
1.0000,0.0183,0.0758
1.0000,0.0163,0.0762
1.0000,0.0092,0.0716
1.0000,0.0144,0.0792
1.0000,0.0071,0.0744
1.0000,0.0092,0.0789
1.0000,0.0105,0.0828
1.0000,0.0097,0.0845
1.0000,0.0017,0.0790
1.0000,-0.0028,0.0772
1.0000,0.0013,0.0838
1.0000,-0.0063,0.0787
1.0000,-0.0071,0.0806
1.0000,0.0009,0.0911
1.0000,-0.0050,0.0878
1.0000,-0.0117,0.0836
1.0000,-0.0127,0.0853
1.0000,-0.0121,0.0885
1.0000,-0.0087,0.0945
1.0000,-0.0170,0.0887
1.0000,-0.0185,0.0898
1.0000,-0.0223,0.0886
1.0000,-0.0164,0.0971
1.0000,-0.0252,0.0908
1.0000,-0.0212,0.0973
1.0000,-0.0239,0.0971
1.0000,-0.0269,0.0966
1.0000,-0.0266,0.0994
1.0000,-0.0294,0.0991
1.0000,-0.0308,0.1001
1.0000,-0.0321,0.1012
1.0000,-0.0432,0.0925
1.0000,-0.0459,0.0922
1.0000,-0.0416,0.0988
1.0000,-0.0511,0.0916
1.0000,-0.0483,0.0967
1.0000,-0.0483,0.0989
1.0000,-0.0496,0.0998
1.0000,-0.0565,0.0950
1.0000,-0.0623,0.0914
1.0000,-0.0555,0.1002
1.0000,-0.0646,0.0932
1.0000,-0.0649,0.0948
1.0000,-0.0715,0.0902
1.0000,-0.0653,0.0983
1.0000,-0.0706,0.0948
1.0000,-0.0720,0.0952
1.0000,-0.0786,0.0904
1.0000,-0.0739,0.0968
1.0000,-0.0770,0.0953
1.0000,-0.0797,0.0941
1.0000,-0.0888,0.0865
1.0000,-0.0879,0.0889
1.0000,-0.0873,0.0908
1.0000,-0.0917,0.0877
1.0000,-0.0973,0.0834
1.0000,-0.0933,0.0886
1.0000,-0.1028,0.0802
1.0000,-0.1002,0.0839
1.0000,-0.1075,0.0776
1.0000,-0.1036,0.0823
1.0000,-0.1091,0.0777
1.0000,-0.1071,0.0804
1.0000,-0.1166,0.0717
1.0000,-0.1147,0.0742
1.0000,-0.1171,0.0722
1.0000,-0.1166,0.0731
1.0000,-0.1200,0.0701
1.0000,-0.1267,0.0637
1.0000,-0.1251,0.0655
1.0000,-0.1317,0.0590
1.0000,-0.1348,0.0559
1.0000,-0.1372,0.0535
1.0000,-0.1365,0.0541
1.0000,-0.1399,0.0504
1.0000,-0.1426,0.0474
1.0000,-0.1413,0.0482
1.0000,-0.1403,0.0487
1.0000,-0.1419,0.0465
1.0000,-0.1497,0.0380
1.0000,-0.1526,0.0343
1.0000,-0.1541,0.0320
1.0000,-0.1475,0.0375
1.0000,-0.1581,0.0259
1.0000,-0.1524,0.0304
1.0000,-0.1585,0.0231
1.0000,-0.1524,0.0279
1.0000,-0.1536,0.0252
1.0000,-0.1581,0.0192
1.0000,-0.1578,0.0178
1.0000,-0.1614,0.0125
1.0000,-0.1601,0.0119
1.0000,-0.1695,0.0006
1.0000,-0.1624,0.0057
1.0000,-0.1641,0.0019
1.0000,-0.1703,-0.0066
1.0000,-0.1725,-0.0111
1.0000,-0.1707,-0.0117
1.0000,-0.1691,-0.0127
1.0000,-0.1700,-0.0161
1.0000,-0.1751,-0.0240
1.0000,-0.1768,-0.0284
1.0000,-0.1683,-0.0228
1.0000,-0.1778,-0.0353
1.0000,-0.1776,-0.0382
1.0000,-0.1780,-0.0418
1.0000,-0.1745,-0.0415
1.0000,-0.1719,-0.0423
1.0000,-0.1701,-0.0439
1.0000,-0.1731,-0.0506
1.0000,-0.1734,-0.0544
1.0000,-0.1788,-0.0636
1.0000,-0.1720,-0.0606
1.0000,-0.1750,-0.0675
1.0000,-0.1757,-0.0722
1.0000,-0.1737,-0.0743
1.0000,-0.1736,-0.0783
1.0000,-0.1678,-0.0768
1.0000,-0.1725,-0.0858
1.0000,-0.1753,-0.0931
1.0000,-0.1648,-0.0871
1.0000,-0.1689,-0.0957
1.0000,-0.1728,-0.1043
1.0000,-0.1694,-0.1055
1.0000,-0.1687,-0.1096
1.0000,-0.1683,-0.1141
1.0000,-0.1597,-0.1105
1.0000,-0.1639,-0.1197
1.0000,-0.1580,-0.1188
1.0000,-0.1540,-0.1200
1.0000,-0.1603,-0.1315
1.0000,-0.1602,-0.1367
1.0000,-0.1550,-0.1368
1.0000,-0.1512,-0.1384
1.0000,-0.1464,-0.1391
1.0000,-0.1446,-0.1427
1.0000,-0.1483,-0.1520
1.0000,-0.1393,-0.1486
1.0000,-0.1443,-0.1593
1.0000,-0.1347,-0.1554
1.0000,-0.1325,-0.1589
1.0000,-0.1391,-0.1713
1.0000,-0.1368,-0.1749
1.0000,-0.1306,-0.1746
1.0000,-0.1299,-0.1798
1.0000,-0.1259,-0.1818
1.0000,-0.1187,-0.1805
1.0000,-0.1208,-0.1886
1.0000,-0.1141,-0.1880
1.0000,-0.1098,-0.1898
1.0000,-0.1115,-0.1976
1.0000,-0.1043,-0.1965
1.0000,-0.1024,-0.2007
1.0000,-0.0989,-0.2034
1.0000,-0.0963,-0.2069
1.0000,-0.0876,-0.2044
1.0000,-0.0920,-0.2150
1.0000,-0.0814,-0.2106
1.0000,-0.0762,-0.2116
1.0000,-0.0755,-0.2171
1.0000,-0.0682,-0.2160
1.0000,-0.0733,-0.2272
1.0000,-0.0646,-0.2247
1.0000,-0.0660,-0.2323
1.0000,-0.0620,-0.2344
1.0000,-0.0523,-0.2308
1.0000,-0.0439,-0.2286
1.0000,-0.0418,-0.2326
1.0000,-0.0454,-0.2422
1.0000,-0.0376,-0.2405
1.0000,-0.0342,-0.2431
1.0000,-0.0304,-0.2453
1.0000,-0.0276,-0.2484
1.0000,-0.0196,-0.2463
1.0000,-0.0136,-0.2463
1.0000,-0.0137,-0.2522
1.0000,-0.0088,-0.2531
1.0000,-0.0028,-0.2528
1.0000,0.0006,-0.2551
1.0000,0.0098,-0.2515
1.0000,0.0101,-0.2568
1.0000,0.0198,-0.2526
1.0000,0.0187,-0.2592
1.0000,0.0269,-0.2564
1.0000,0.0381,-0.2504
1.0000,0.0363,-0.2575
1.0000,0.0428,-0.2563
1.0000,0.0447,-0.2594
1.0000,0.0551,-0.2540
1.0000,0.0563,-0.2578
1.0000,0.0600,-0.2590
1.0000,0.0639,-0.2598
1.0000,0.0782,-0.2502
1.0000,0.0775,-0.2555
1.0000,0.0885,-0.2490
1.0000,0.0910,-0.2509
1.0000,0.0927,-0.2535
1.0000,0.0979,-0.2525
1.0000,0.1093,-0.2452
1.0000,0.1125,-0.2460
1.0000,0.1116,-0.2508
1.0000,0.1150,-0.2512
1.0000,0.1280,-0.2419
1.0000,0.1258,-0.2476
1.0000,0.1370,-0.2399
1.0000,0.1425,-0.2377
1.0000,0.1485,-0.2349
1.0000,0.1533,-0.2331
1.0000,0.1518,-0.2376
1.0000,0.1628,-0.2295
1.0000,0.1694,-0.2255
1.0000,0.1712,-0.2262
1.0000,0.1718,-0.2281
1.0000,0.1821,-0.2200
1.0000,0.1860,-0.2183
1.0000,0.1896,-0.2168
1.0000,0.1988,-0.2094
1.0000,0.2013,-0.2087
1.0000,0.1983,-0.2132
1.0000,0.2078,-0.2052
1.0000,0.2122,-0.2020
1.0000,0.2146,-0.2008
1.0000,0.2263,-0.1901
1.0000,0.2207,-0.1965
1.0000,0.2337,-0.1842
1.0000,0.2377,-0.1808
1.0000,0.2363,-0.1825
1.0000,0.2387,-0.1803
1.0000,0.2431,-0.1760
1.0000,0.2517,-0.1673
1.0000,0.2563,-0.1625
1.0000,0.2617,-0.1566
1.0000,0.2598,-0.1580
1.0000,0.2683,-0.1488
1.0000,0.2739,-0.1423
1.0000,0.2694,-0.1457
1.0000,0.2724,-0.1414
1.0000,0.2788,-0.1336
1.0000,0.2795,-0.1314
1.0000,0.2884,-0.1208
1.0000,0.2944,-0.1129
1.0000,0.2981,-0.1072
1.0000,0.3000,-0.1031
1.0000,0.3011,-0.0996
1.0000,0.3035,-0.0946
1.0000,0.3005,-0.0950
1.0000,0.3107,-0.0819
1.0000,0.3074,-0.0821
1.0000,0.3097,-0.0766
1.0000,0.3198,-0.0632
1.0000,0.3190,-0.0604
1.0000,0.3151,-0.0606
1.0000,0.3191,-0.0527
1.0000,0.3193,-0.0485
1.0000,0.3280,-0.0356
1.0000,0.3278,-0.0314
1.0000,0.3312,-0.0236
1.0000,0.3284,-0.0217
1.0000,0.3349,-0.0103
1.0000,0.3337,-0.0066
1.0000,0.3350,-0.0001
1.0000,0.3303,0.0005
1.0000,0.3358,0.0115
1.0000,0.3390,0.0203
1.0000,0.3413,0.0284
1.0000,0.3321,0.0251
1.0000,0.3411,0.0402
1.0000,0.3416,0.0469
1.0000,0.3396,0.0512
1.0000,0.3387,0.0569
1.0000,0.3398,0.0647
1.0000,0.3388,0.0704
1.0000,0.3368,0.0754
1.0000,0.3327,0.0783
1.0000,0.3378,0.0906
1.0000,0.3348,0.0950
1.0000,0.3379,0.1056
1.0000,0.3329,0.1081
1.0000,0.3326,0.1156
1.0000,0.3272,0.1181
1.0000,0.3292,0.1281
1.0000,0.3318,0.1387
1.0000,0.3220,0.1372
1.0000,0.3266,0.1502
1.0000,0.3244,0.1563
1.0000,0.3152,0.1557
1.0000,0.3126,0.1618
1.0000,0.3132,0.1712
1.0000,0.3141,0.1809
1.0000,0.3091,0.1849
1.0000,0.3069,0.1918
1.0000,0.3088,0.2028
1.0000,0.3061,0.2093
1.0000,0.2954,0.2080
1.0000,0.2935,0.2155
1.0000,0.2944,0.2259
1.0000,0.2897,0.2308
1.0000,0.2835,0.2342
1.0000,0.2794,0.2398
1.0000,0.2743,0.2446
1.0000,0.2743,0.2545
1.0000,0.2686,0.2586
1.0000,0.2694,0.2694
1.0000,0.2658,0.2758
1.0000,0.2545,0.2745
1.0000,0.2469,0.2771
1.0000,0.2494,0.2898
1.0000,0.2434,0.2940
1.0000,0.2404,0.3012
1.0000,0.2297,0.3007
1.0000,0.2273,0.3087
1.0000,0.2260,0.3177
1.0000,0.2189,0.3209
1.0000,0.2152,0.3275
1.0000,0.2084,0.3312
1.0000,0.2013,0.3345
1.0000,0.1953,0.3388
1.0000,0.1921,0.3460
1.0000,0.1830,0.3472
1.0000,0.1769,0.3515
1.0000,0.1659,0.3509
1.0000,0.1632,0.3586
1.0000,0.1546,0.3602
1.0000,0.1473,0.3633
1.0000,0.1400,0.3662
1.0000,0.1322,0.3686
1.0000,0.1272,0.3738
1.0000,0.1217,0.3786
1.0000,0.1171,0.3841
1.0000,0.1051,0.3821
1.0000,0.1071,0.3942
1.0000,0.0926,0.3896
1.0000,0.0899,0.3968
1.0000,0.0806,0.3974
1.0000,0.0756,0.4021
1.0000,0.0653,0.4015
1.0000,0.0576,0.4035
1.0000,0.0528,0.4082
1.0000,0.0434,0.4083
1.0000,0.0409,0.4152
1.0000,0.0262,0.4097
1.0000,0.0163,0.4090
1.0000,0.0161,0.4178
1.0000,0.0048,0.4156
1.0000,-0.0056,0.4140
1.0000,-0.0077,0.4207
1.0000,-0.0229,0.4142
1.0000,-0.0312,0.4143
1.0000,-0.0320,0.4219
1.0000,-0.0464,0.4158
1.0000,-0.0452,0.4251
1.0000,-0.0586,0.4198
1.0000,-0.0681,0.4181
1.0000,-0.0773,0.4167
1.0000,-0.0813,0.4203
1.0000,-0.0921,0.4169
1.0000,-0.1039,0.4124
1.0000,-0.1047,0.4187
1.0000,-0.1163,0.4141
1.0000,-0.1213,0.4159
1.0000,-0.1345,0.4094
1.0000,-0.1398,0.4105
1.0000,-0.1425,0.4141
1.0000,-0.1529,0.4098
1.0000,-0.1651,0.4036
1.0000,-0.1711,0.4034
1.0000,-0.1773,0.4027
1.0000,-0.1831,0.4024
1.0000,-0.1913,0.3994
1.0000,-0.2066,0.3891
1.0000,-0.2101,0.3905
1.0000,-0.2141,0.3910
1.0000,-0.2240,0.3856
1.0000,-0.2308,0.3830
1.0000,-0.2373,0.3805
1.0000,-0.2535,0.3680
1.0000,-0.2602,0.3650
1.0000,-0.2607,0.3679
1.0000,-0.2699,0.3618
1.0000,-0.2750,0.3597
1.0000,-0.2840,0.3534
1.0000,-0.2932,0.3467
1.0000,-0.3011,0.3411
1.0000,-0.3066,0.3376
1.0000,-0.3160,0.3301
1.0000,-0.3219,0.3258
1.0000,-0.3312,0.3178
1.0000,-0.3395,0.3107
1.0000,-0.3469,0.3043
1.0000,-0.3513,0.3005
1.0000,-0.3595,0.2928
1.0000,-0.3592,0.2933
1.0000,-0.3711,0.2813
1.0000,-0.3749,0.2773
1.0000,-0.3833,0.2683
1.0000,-0.3895,0.2614
1.0000,-0.3924,0.2575
1.0000,-0.3993,0.2494
1.0000,-0.3986,0.2486
1.0000,-0.4028,0.2427
1.0000,-0.4161,0.2275
1.0000,-0.4189,0.2224
1.0000,-0.4190,0.2198
1.0000,-0.4256,0.2105
1.0000,-0.4341,0.1992
1.0000,-0.4420,0.1881
1.0000,-0.4441,0.1826
1.0000,-0.4497,0.1733
1.0000,-0.4512,0.1679
1.0000,-0.4564,0.1586
1.0000,-0.4603,0.1503
1.0000,-0.4586,0.1473
1.0000,-0.4687,0.1324
1.0000,-0.4712,0.1247
1.0000,-0.4748,0.1158
1.0000,-0.4763,0.1087
1.0000,-0.4784,0.1007
1.0000,-0.4780,0.0951
1.0000,-0.4816,0.0852
1.0000,-0.4813,0.0790
1.0000,-0.4933,0.0603
1.0000,-0.4901,0.0565
1.0000,-0.4921,0.0473
1.0000,-0.4965,0.0355
1.0000,-0.4963,0.0280
1.0000,-0.5004,0.0160
1.0000,-0.4943,0.0140
1.0000,-0.4975,0.0025
1.0000,-0.5011,-0.0096
1.0000,-0.5016,-0.0189
1.0000,-0.5014,-0.0277
1.0000,-0.4977,-0.0331
1.0000,-0.4977,-0.0425
1.0000,-0.5032,-0.0575
1.0000,-0.5021,-0.0662
1.0000,-0.5023,-0.0764
1.0000,-0.5069,-0.0911
1.0000,-0.5054,-0.1000
1.0000,-0.4980,-0.1032
1.0000,-0.5023,-0.1182
1.0000,-0.4977,-0.1245
1.0000,-0.4980,-0.1358
1.0000,-0.4911,-0.1403
1.0000,-0.4883,-0.1488
1.0000,-0.4866,-0.1587
1.0000,-0.4883,-0.1723
1.0000,-0.4832,-0.1790
1.0000,-0.4858,-0.1938
1.0000,-0.4768,-0.1970
1.0000,-0.4796,-0.2122
1.0000,-0.4747,-0.2198
1.0000,-0.4664,-0.2242
1.0000,-0.4712,-0.2417
1.0000,-0.4591,-0.2426
1.0000,-0.4654,-0.2619
1.0000,-0.4575,-0.2672
1.0000,-0.4510,-0.2741
1.0000,-0.4463,-0.2828
1.0000,-0.4452,-0.2952
1.0000,-0.4353,-0.2990
1.0000,-0.4285,-0.3059
1.0000,-0.4276,-0.3189
1.0000,-0.4218,-0.3269
1.0000,-0.4150,-0.3342
1.0000,-0.4115,-0.3448
1.0000,-0.4053,-0.3528
1.0000,-0.4039,-0.3656
1.0000,-0.3968,-0.3729
1.0000,-0.3862,-0.3766
1.0000,-0.3763,-0.3811
1.0000,-0.3733,-0.3926
1.0000,-0.3626,-0.3964
1.0000,-0.3602,-0.4086
1.0000,-0.3567,-0.4197
1.0000,-0.3462,-0.4238
1.0000,-0.3376,-0.4299
1.0000,-0.3271,-0.4341
1.0000,-0.3206,-0.4423
1.0000,-0.3143,-0.4507
1.0000,-0.3125,-0.4636
1.0000,-0.2950,-0.4608
1.0000,-0.2958,-0.4763
1.0000,-0.2857,-0.4809
1.0000,-0.2694,-0.4792
1.0000,-0.2701,-0.4947
1.0000,-0.2555,-0.4946
1.0000,-0.2518,-0.5055
1.0000,-0.2340,-0.5023
1.0000,-0.2333,-0.5161
1.0000,-0.2176,-0.5148
1.0000,-0.2057,-0.5174
1.0000,-0.2030,-0.5289
1.0000,-0.1875,-0.5277
1.0000,-0.1842,-0.5386
1.0000,-0.1671,-0.5357
1.0000,-0.1594,-0.5420
1.0000,-0.1512,-0.5476
1.0000,-0.1436,-0.5540
1.0000,-0.1264,-0.5504
1.0000,-0.1189,-0.5566
1.0000,-0.1085,-0.5598
1.0000,-0.1044,-0.5691
1.0000,-0.0919,-0.5699
1.0000,-0.0822,-0.5734
1.0000,-0.0645,-0.5687
1.0000,-0.0568,-0.5739
1.0000,-0.0439,-0.5738
1.0000,-0.0338,-0.5762
1.0000,-0.0276,-0.5825
1.0000,-0.0172,-0.5844
1.0000,-0.0021,-0.5814
1.0000,0.0086,-0.5827
1.0000,0.0214,-0.5816
1.0000,0.0286,-0.5861
1.0000,0.0456,-0.5806
1.0000,0.0495,-0.5879
1.0000,0.0607,-0.5877
1.0000,0.0783,-0.5809
1.0000,0.0848,-0.5851
1.0000,0.0936,-0.5868
1.0000,0.1053,-0.5853
1.0000,0.1159,-0.5848
1.0000,0.1314,-0.5790
1.0000,0.1425,-0.5775
1.0000,0.1477,-0.5817
1.0000,0.1603,-0.5782
1.0000,0.1732,-0.5742
1.0000,0.1851,-0.5709
1.0000,0.1936,-0.5708
1.0000,0.2074,-0.5652
1.0000,0.2191,-0.5614
1.0000,0.2273,-0.5609
1.0000,0.2382,-0.5573
1.0000,0.2484,-0.5542
1.0000,0.2635,-0.5460
1.0000,0.2753,-0.5407
1.0000,0.2840,-0.5384
1.0000,0.2939,-0.5345
1.0000,0.3053,-0.5289
1.0000,0.3123,-0.5273
1.0000,0.3218,-0.5230
1.0000,0.3329,-0.5169
1.0000,0.3477,-0.5066
1.0000,0.3564,-0.5022
1.0000,0.3671,-0.4956
1.0000,0.3717,-0.4947
1.0000,0.3907,-0.4791
1.0000,0.3975,-0.4754
1.0000,0.4015,-0.4742
1.0000,0.4092,-0.4690
1.0000,0.4188,-0.4616
1.0000,0.4293,-0.4530
1.0000,0.4462,-0.4377
1.0000,0.4535,-0.4317
1.0000,0.4619,-0.4242
1.0000,0.4665,-0.4202
1.0000,0.4800,-0.4071
1.0000,0.4852,-0.4018
1.0000,0.4963,-0.3904
1.0000,0.5029,-0.3831
1.0000,0.5102,-0.3748
1.0000,0.5192,-0.3646
1.0000,0.5226,-0.3595
1.0000,0.5309,-0.3493
1.0000,0.5371,-0.3408
1.0000,0.5465,-0.3289
1.0000,0.5542,-0.3182
1.0000,0.5567,-0.3125
1.0000,0.5700,-0.2956
1.0000,0.5734,-0.2883
1.0000,0.5837,-0.2738
1.0000,0.5857,-0.2673
1.0000,0.5886,-0.2596
1.0000,0.5972,-0.2457
1.0000,0.5996,-0.2378
1.0000,0.6047,-0.2269
1.0000,0.6083,-0.2172
1.0000,0.6216,-0.1975
1.0000,0.6278,-0.1845
1.0000,0.6296,-0.1756
1.0000,0.6322,-0.1657
1.0000,0.6360,-0.1541
1.0000,0.6414,-0.1407
1.0000,0.6472,-0.1266
1.0000,0.6436,-0.1216
1.0000,0.6467,-0.1096
1.0000,0.6474,-0.0996
1.0000,0.6593,-0.0782
1.0000,0.6556,-0.0721
1.0000,0.6566,-0.0610
1.0000,0.6585,-0.0487
1.0000,0.6584,-0.0381
1.0000,0.6640,-0.0215
1.0000,0.6701,-0.0042
1.0000,0.6687,0.0059
1.0000,0.6687,0.0177
1.0000,0.6713,0.0324
1.0000,0.6702,0.0436
1.0000,0.6657,0.0517
1.0000,0.6723,0.0711
1.0000,0.6643,0.0762
1.0000,0.6668,0.0921
1.0000,0.6622,0.1011
1.0000,0.6672,0.1199
1.0000,0.6688,0.1356
1.0000,0.6671,0.1483
1.0000,0.6567,0.1524
1.0000,0.6631,0.1736
1.0000,0.6519,0.1773
1.0000,0.6545,0.1952
1.0000,0.6552,0.2113
1.0000,0.6433,0.2151
1.0000,0.6457,0.2332
1.0000,0.6361,0.2397
1.0000,0.6416,0.2614
1.0000,0.6287,0.2648
1.0000,0.6320,0.2847
1.0000,0.6228,0.2923
1.0000,0.6156,0.3020
1.0000,0.6148,0.3182
1.0000,0.6086,0.3293
1.0000,0.6064,0.3444
1.0000,0.6026,0.3582
1.0000,0.5910,0.3642
1.0000,0.5826,0.3737
1.0000,0.5803,0.3892
1.0000,0.5712,0.3982
1.0000,0.5621,0.4072
1.0000,0.5606,0.4240
1.0000,0.5566,0.4383
1.0000,0.5460,0.4462
1.0000,0.5327,0.4514
1.0000,0.5288,0.4662
1.0000,0.5260,0.4821
1.0000,0.5087,0.4835
1.0000,0.5060,0.4997
1.0000,0.4969,0.5095
1.0000,0.4892,0.5207
1.0000,0.4749,0.5254
1.0000,0.4717,0.5412
1.0000,0.4552,0.5438
1.0000,0.4476,0.5553
1.0000,0.4387,0.5654
1.0000,0.4310,0.5768
1.0000,0.4193,0.5842
1.0000,0.4095,0.5935
1.0000,0.4003,0.6034
1.0000,0.3867,0.6088
1.0000,0.3713,0.6124
1.0000,0.3607,0.6209
1.0000,0.3492,0.6283
1.0000,0.3386,0.6366
1.0000,0.3322,0.6491
1.0000,0.3221,0.6578
1.0000,0.3049,0.6593
1.0000,0.2982,0.6712
1.0000,0.2812,0.6727
1.0000,0.2660,0.6760
1.0000,0.2589,0.6872
1.0000,0.2391,0.6857
1.0000,0.2274,0.6922
1.0000,0.2131,0.6959
1.0000,0.2073,0.7080
1.0000,0.1956,0.7142
1.0000,0.1738,0.7100
1.0000,0.1613,0.7150
1.0000,0.1539,0.7250
1.0000,0.1425,0.7307
1.0000,0.1232,0.7285
1.0000,0.1070,0.7291
1.0000,0.1017,0.7404
1.0000,0.0789,0.7342
1.0000,0.0741,0.7457
1.0000,0.0569,0.7446
1.0000,0.0410,0.7446
1.0000,0.0267,0.7460
1.0000,0.0181,0.7528
1.0000,-0.0005,0.7495
1.0000,-0.0117,0.7533
1.0000,-0.0321,0.7477
1.0000,-0.0386,0.7558
1.0000,-0.0588,0.7498
1.0000,-0.0667,0.7560
1.0000,-0.0833,0.7531
1.0000,-0.0975,0.7525
1.0000,-0.1145,0.7487
1.0000,-0.1283,0.7479
1.0000,-0.1469,0.7420
1.0000,-0.1533,0.7481
1.0000,-0.1691,0.7444
1.0000,-0.1841,0.7412
1.0000,-0.2043,0.7325
1.0000,-0.2179,0.7302
1.0000,-0.2278,0.7312
1.0000,-0.2420,0.7276
1.0000,-0.2572,0.7226
1.0000,-0.2704,0.7194
1.0000,-0.2788,0.7206
1.0000,-0.3021,0.7066
1.0000,-0.3121,0.7055
1.0000,-0.3244,0.7019
1.0000,-0.3357,0.6988
1.0000,-0.3533,0.6891
1.0000,-0.3667,0.6832
1.0000,-0.3833,0.6738
1.0000,-0.3935,0.6705
1.0000,-0.4005,0.6699
1.0000,-0.4196,0.6569
1.0000,-0.4270,0.6553
1.0000,-0.4476,0.6400
1.0000,-0.4526,0.6400
1.0000,-0.4636,0.6336
1.0000,-0.4837,0.6177
1.0000,-0.4896,0.6157
1.0000,-0.5007,0.6080
1.0000,-0.5205,0.5913
1.0000,-0.5341,0.5803
1.0000,-0.5442,0.5725
1.0000,-0.5525,0.5661
1.0000,-0.5624,0.5576
1.0000,-0.5754,0.5458
1.0000,-0.5863,0.5355
1.0000,-0.5931,0.5290
1.0000,-0.6105,0.5115
1.0000,-0.6120,0.5094
1.0000,-0.6228,0.4977
1.0000,-0.6391,0.4801
1.0000,-0.6522,0.4652
1.0000,-0.6605,0.4548
1.0000,-0.6623,0.4505
1.0000,-0.6708,0.4390
1.0000,-0.6837,0.4227
1.0000,-0.6884,0.4143
1.0000,-0.7037,0.3948
1.0000,-0.7084,0.3855
1.0000,-0.7150,0.3740
1.0000,-0.7221,0.3614
1.0000,-0.7365,0.3412
1.0000,-0.7435,0.3281
1.0000,-0.7433,0.3217
1.0000,-0.7525,0.3055
1.0000,-0.7608,0.2899
1.0000,-0.7720,0.2709
1.0000,-0.7683,0.2665
1.0000,-0.7754,0.2508
1.0000,-0.7798,0.2374
1.0000,-0.7880,0.2199
1.0000,-0.7976,0.2005
1.0000,-0.8003,0.1878
1.0000,-0.8020,0.1756
1.0000,-0.8090,0.1577
1.0000,-0.8158,0.1397
1.0000,-0.8107,0.1332
1.0000,-0.8141,0.1178
1.0000,-0.8231,0.0965
1.0000,-0.8280,0.0789
1.0000,-0.8287,0.0652
1.0000,-0.8288,0.0517
1.0000,-0.8309,0.0358
1.0000,-0.8320,0.0206
1.0000,-0.8344,0.0038
1.0000,-0.8357,-0.0123
1.0000,-0.8306,-0.0223
1.0000,-0.8309,-0.0380
1.0000,-0.8363,-0.0591
1.0000,-0.8339,-0.0728
1.0000,-0.8290,-0.0842
1.0000,-0.8284,-0.1003
1.0000,-0.8362,-0.1251
1.0000,-0.8286,-0.1347
1.0000,-0.8268,-0.1505
1.0000,-0.8300,-0.1715
1.0000,-0.8281,-0.1878
1.0000,-0.8179,-0.1960
1.0000,-0.8157,-0.2124
1.0000,-0.8184,-0.2341
1.0000,-0.8154,-0.2503
1.0000,-0.8036,-0.2578
1.0000,-0.8075,-0.2814
1.0000,-0.8029,-0.2967
1.0000,-0.7945,-0.3085
1.0000,-0.7872,-0.3215
1.0000,-0.7863,-0.3412
1.0000,-0.7753,-0.3509
1.0000,-0.7700,-0.3666
1.0000,-0.7681,-0.3859
1.0000,-0.7551,-0.3943
1.0000,-0.7513,-0.4120
1.0000,-0.7465,-0.4289
1.0000,-0.7377,-0.4420
1.0000,-0.7274,-0.4537
1.0000,-0.7241,-0.4726
1.0000,-0.7198,-0.4905
1.0000,-0.7067,-0.4999
1.0000,-0.6954,-0.5112
1.0000,-0.6930,-0.5315
1.0000,-0.6817,-0.5430
1.0000,-0.6680,-0.5522
1.0000,-0.6657,-0.5729
1.0000,-0.6549,-0.5852
1.0000,-0.6438,-0.5973
1.0000,-0.6292,-0.6059
1.0000,-0.6191,-0.6191
1.0000,-0.6094,-0.6327
1.0000,-0.5975,-0.6442
1.0000,-0.5862,-0.6563
1.0000,-0.5757,-0.6693
1.0000,-0.5623,-0.6794
1.0000,-0.5500,-0.6906
1.0000,-0.5395,-0.7036
1.0000,-0.5188,-0.7064
1.0000,-0.5065,-0.7176
1.0000,-0.4950,-0.7295
1.0000,-0.4820,-0.7400
1.0000,-0.4723,-0.7536
1.0000,-0.4579,-0.7626
1.0000,-0.4389,-0.7669
1.0000,-0.4246,-0.7757
1.0000,-0.4144,-0.7887
1.0000,-0.3992,-0.7965
1.0000,-0.3891,-0.8094
1.0000,-0.3660,-0.8092
1.0000,-0.3546,-0.8205
1.0000,-0.3434,-0.8320
1.0000,-0.3215,-0.8327
1.0000,-0.3084,-0.8419
1.0000,-0.2949,-0.8506
1.0000,-0.2788,-0.8566
1.0000,-0.2597,-0.8594
1.0000,-0.2464,-0.8679
1.0000,-0.2320,-0.8751
1.0000,-0.2110,-0.8756
1.0000,-0.1999,-0.8857
1.0000,-0.1838,-0.8906
1.0000,-0.1591,-0.8867
1.0000,-0.1461,-0.8944
1.0000,-0.1323,-0.9009
1.0000,-0.1168,-0.9056
1.0000,-0.0951,-0.9038
1.0000,-0.0816,-0.9100
1.0000,-0.0650,-0.9128
1.0000,-0.0494,-0.9163
1.0000,-0.0302,-0.9160
1.0000,-0.0072,-0.9116
1.0000,0.0018,-0.9209
1.0000,0.0256,-0.9152
1.0000,0.0453,-0.9133
1.0000,0.0549,-0.9210
1.0000,0.0766,-0.9164
1.0000,0.0970,-0.9129
1.0000,0.1126,-0.9137
1.0000,0.1221,-0.9204
1.0000,0.1481,-0.9102
1.0000,0.1622,-0.9116
1.0000,0.1758,-0.9131
1.0000,0.1975,-0.9061
1.0000,0.2093,-0.9088
1.0000,0.2320,-0.9000
1.0000,0.2490,-0.8967
1.0000,0.2643,-0.8947
1.0000,0.2849,-0.8870
1.0000,0.2989,-0.8855
1.0000,0.3158,-0.8806
1.0000,0.3381,-0.8700
1.0000,0.3539,-0.8655
1.0000,0.3702,-0.8601
1.0000,0.3856,-0.8552
1.0000,0.4024,-0.8483
1.0000,0.4192,-0.8411
1.0000,0.4341,-0.8354
1.0000,0.4484,-0.8299
1.0000,0.4684,-0.8182
1.0000,0.4788,-0.8156
1.0000,0.4917,-0.8101
1.0000,0.5130,-0.7958
1.0000,0.5289,-0.7864
1.0000,0.5441,-0.7773
1.0000,0.5588,-0.7682
1.0000,0.5784,-0.7537
1.0000,0.5915,-0.7452
1.0000,0.6022,-0.7387
1.0000,0.6167,-0.7279
1.0000,0.6314,-0.7165
1.0000,0.6496,-0.7011
1.0000,0.6569,-0.6960
1.0000,0.6682,-0.6866
1.0000,0.6888,-0.6673
1.0000,0.6972,-0.6598
1.0000,0.7087,-0.6486
1.0000,0.7301,-0.6271
1.0000,0.7372,-0.6194
1.0000,0.7524,-0.6031
1.0000,0.7624,-0.5916
1.0000,0.7763,-0.5756
1.0000,0.7857,-0.5637
1.0000,0.8017,-0.5446
1.0000,0.8086,-0.5342
1.0000,0.8146,-0.5241
1.0000,0.8328,-0.5014
1.0000,0.8398,-0.4895
1.0000,0.8457,-0.4780
1.0000,0.8601,-0.4577
1.0000,0.8718,-0.4395
1.0000,0.8781,-0.4263
1.0000,0.8836,-0.4135
1.0000,0.8936,-0.3955
1.0000,0.9084,-0.3724
1.0000,0.9070,-0.3650
1.0000,0.9239,-0.3388
1.0000,0.9298,-0.3231
1.0000,0.9283,-0.3143
1.0000,0.9398,-0.2920
1.0000,0.9469,-0.2738
1.0000,0.9497,-0.2593
1.0000,0.9573,-0.2396
1.0000,0.9603,-0.2241
1.0000,0.9644,-0.2071
1.0000,0.9775,-0.1805
1.0000,0.9786,-0.1655
1.0000,0.9829,-0.1469
1.0000,0.9871,-0.1280
1.0000,0.9869,-0.1129
1.0000,0.9891,-0.0952
1.0000,0.9887,-0.0795
1.0000,0.9925,-0.0592
1.0000,1.0011,-0.0338
1.0000,0.9984,-0.0193
1.0000,1.0012,0.0012
2.0000,-0.0023,-0.0013
2.0000,-0.0035,-0.0014
2.0000,0.0027,0.0059
2.0000,-0.0029,0.0014
2.0000,-0.0008,0.0046
2.0000,-0.0038,0.0029
2.0000,-0.0023,0.0055
2.0000,-0.0022,0.0069
2.0000,-0.0036,0.0067
2.0000,-0.0041,0.0076
2.0000,-0.0024,0.0106
2.0000,-0.0001,0.0143
2.0000,0.0013,0.0171
2.0000,-0.0079,0.0093
2.0000,0.0001,0.0187
2.0000,-0.0078,0.0122
2.0000,-0.0075,0.0140
2.0000,-0.0100,0.0129
2.0000,-0.0106,0.0139
2.0000,-0.0102,0.0157
2.0000,-0.0087,0.0188
2.0000,-0.0049,0.0241
2.0000,-0.0099,0.0206
2.0000,-0.0144,0.0177
2.0000,-0.0147,0.0189
2.0000,-0.0129,0.0222
2.0000,-0.0178,0.0189
2.0000,-0.0105,0.0278
2.0000,-0.0130,0.0268
2.0000,-0.0122,0.0292
2.0000,-0.0182,0.0248
2.0000,-0.0173,0.0272
2.0000,-0.0143,0.0317
2.0000,-0.0194,0.0282
2.0000,-0.0210,0.0281
2.0000,-0.0197,0.0309
2.0000,-0.0250,0.0272
2.0000,-0.0263,0.0273
2.0000,-0.0289,0.0262
2.0000,-0.0321,0.0244
2.0000,-0.0330,0.0250
2.0000,-0.0293,0.0301
2.0000,-0.0279,0.0329
2.0000,-0.0326,0.0295
2.0000,-0.0364,0.0271
2.0000,-0.0396,0.0253
2.0000,-0.0355,0.0307
2.0000,-0.0340,0.0334
2.0000,-0.0428,0.0259
2.0000,-0.0389,0.0309
2.0000,-0.0459,0.0251
2.0000,-0.0407,0.0315
2.0000,-0.0397,0.0335
2.0000,-0.0445,0.0298
2.0000,-0.0514,0.0240
2.0000,-0.0496,0.0268
2.0000,-0.0538,0.0234
2.0000,-0.0534,0.0247
2.0000,-0.0558,0.0232
2.0000,-0.0540,0.0258
2.0000,-0.0601,0.0205
2.0000,-0.0597,0.0216
2.0000,-0.0572,0.0248
2.0000,-0.0592,0.0234
2.0000,-0.0648,0.0184
2.0000,-0.0657,0.0180
2.0000,-0.0651,0.0190
2.0000,-0.0673,0.0173
2.0000,-0.0697,0.0152
2.0000,-0.0725,0.0127
2.0000,-0.0744,0.0111
2.0000,-0.0723,0.0133
2.0000,-0.0718,0.0139
2.0000,-0.0685,0.0173
2.0000,-0.0702,0.0156
2.0000,-0.0717,0.0140
2.0000,-0.0757,0.0099
2.0000,-0.0754,0.0100
2.0000,-0.0835,0.0017
2.0000,-0.0798,0.0050
2.0000,-0.0760,0.0085
2.0000,-0.0831,0.0010
2.0000,-0.0831,0.0004
2.0000,-0.0797,0.0032
2.0000,-0.0802,0.0021
2.0000,-0.0890,-0.0074
2.0000,-0.0842,-0.0035
2.0000,-0.0898,-0.0099
2.0000,-0.0885,-0.0095
2.0000,-0.0868,-0.0088
2.0000,-0.0904,-0.0135
2.0000,-0.0858,-0.0099
2.0000,-0.0948,-0.0202
2.0000,-0.0970,-0.0236
2.0000,-0.0898,-0.0178
2.0000,-0.0978,-0.0272
2.0000,-0.0986,-0.0295
2.0000,-0.0922,-0.0246
2.0000,-0.0957,-0.0298
2.0000,-0.0902,-0.0260
2.0000,-0.0974,-0.0350
2.0000,-0.0915,-0.0309
2.0000,-0.0928,-0.0341
2.0000,-0.0968,-0.0401
2.0000,-0.0959,-0.0413
2.0000,-0.0987,-0.0461
2.0000,-0.1010,-0.0506
2.0000,-0.1005,-0.0524
2.0000,-0.0924,-0.0466
2.0000,-0.1012,-0.0578
2.0000,-0.0942,-0.0532
2.0000,-0.0993,-0.0609
2.0000,-0.0975,-0.0617
2.0000,-0.0929,-0.0597
2.0000,-0.0926,-0.0621
2.0000,-0.0981,-0.0704
2.0000,-0.0966,-0.0717
2.0000,-0.0963,-0.0744
2.0000,-0.0883,-0.0693
2.0000,-0.0935,-0.0775
2.0000,-0.0902,-0.0773
2.0000,-0.0868,-0.0771
2.0000,-0.0917,-0.0851
2.0000,-0.0901,-0.0868
2.0000,-0.0833,-0.0833
2.0000,-0.0897,-0.0931
2.0000,-0.0870,-0.0937
2.0000,-0.0860,-0.0962
2.0000,-0.0854,-0.0992
2.0000,-0.0792,-0.0965
2.0000,-0.0771,-0.0980
2.0000,-0.0804,-0.1050
2.0000,-0.0741,-0.1023
2.0000,-0.0809,-0.1129
2.0000,-0.0776,-0.1134
2.0000,-0.0727,-0.1123
2.0000,-0.0747,-0.1182
2.0000,-0.0717,-0.1190
2.0000,-0.0716,-0.1229
2.0000,-0.0638,-0.1190
2.0000,-0.0696,-0.1288
2.0000,-0.0668,-0.1301
2.0000,-0.0665,-0.1338
2.0000,-0.0586,-0.1299
2.0000,-0.0616,-0.1371
2.0000,-0.0580,-0.1376
2.0000,-0.0517,-0.1355
2.0000,-0.0538,-0.1417
2.0000,-0.0470,-0.1391
2.0000,-0.0467,-0.1430
2.0000,-0.0469,-0.1475
2.0000,-0.0447,-0.1494
2.0000,-0.0367,-0.1457
2.0000,-0.0374,-0.1506
2.0000,-0.0377,-0.1552
2.0000,-0.0311,-0.1528
2.0000,-0.0242,-0.1501
2.0000,-0.0308,-0.1610
2.0000,-0.0240,-0.1585
2.0000,-0.0236,-0.1623
2.0000,-0.0128,-0.1557
2.0000,-0.0141,-0.1612
2.0000,-0.0119,-0.1633
2.0000,-0.0118,-0.1673
2.0000,-0.0028,-0.1625
2.0000,-0.0025,-0.1664
2.0000,-0.0019,-0.1699
2.0000,0.0003,-0.1719
2.0000,0.0093,-0.1670
2.0000,0.0101,-0.1703
2.0000,0.0125,-0.1719
2.0000,0.0185,-0.1699
2.0000,0.0223,-0.1700
2.0000,0.0225,-0.1738
2.0000,0.0285,-0.1717
2.0000,0.0334,-0.1707
2.0000,0.0313,-0.1766
2.0000,0.0353,-0.1764
2.0000,0.0387,-0.1767
2.0000,0.0444,-0.1747
2.0000,0.0457,-0.1770
2.0000,0.0555,-0.1708
2.0000,0.0510,-0.1788
2.0000,0.0640,-0.1693
2.0000,0.0652,-0.1715
2.0000,0.0706,-0.1695
2.0000,0.0693,-0.1740
2.0000,0.0727,-0.1739
2.0000,0.0737,-0.1760
2.0000,0.0814,-0.1715
2.0000,0.0865,-0.1693
2.0000,0.0907,-0.1680
2.0000,0.0895,-0.1721
2.0000,0.0981,-0.1663
2.0000,0.0943,-0.1728
2.0000,0.0982,-0.1715
2.0000,0.1107,-0.1615
2.0000,0.1126,-0.1621
2.0000,0.1151,-0.1620
2.0000,0.1137,-0.1656
2.0000,0.1209,-0.1607
2.0000,0.1256,-0.1580
2.0000,0.1257,-0.1600
2.0000,0.1293,-0.1583
2.0000,0.1312,-0.1582
2.0000,0.1365,-0.1546
2.0000,0.1456,-0.1470
2.0000,0.1432,-0.1509
2.0000,0.1448,-0.1508
2.0000,0.1562,-0.1406
2.0000,0.1537,-0.1443
2.0000,0.1596,-0.1395
2.0000,0.1663,-0.1337
2.0000,0.1700,-0.1309
2.0000,0.1719,-0.1298
2.0000,0.1682,-0.1340
2.0000,0.1781,-0.1247
2.0000,0.1807,-0.1225
2.0000,0.1780,-0.1255
2.0000,0.1852,-0.1184
2.0000,0.1896,-0.1141
2.0000,0.1911,-0.1125
2.0000,0.1928,-0.1106
2.0000,0.1925,-0.1106
2.0000,0.2036,-0.0990
2.0000,0.2059,-0.0962
2.0000,0.2071,-0.0943
2.0000,0.2099,-0.0906
2.0000,0.2094,-0.0902
2.0000,0.2129,-0.0856
2.0000,0.2115,-0.0859
2.0000,0.2159,-0.0801
2.0000,0.2176,-0.0769
2.0000,0.2210,-0.0719
2.0000,0.2302,-0.0610
2.0000,0.2326,-0.0568
2.0000,0.2306,-0.0568
2.0000,0.2288,-0.0566
2.0000,0.2337,-0.0494
2.0000,0.2380,-0.0427
2.0000,0.2322,-0.0460
2.0000,0.2413,-0.0343
2.0000,0.2393,-0.0336
2.0000,0.2450,-0.0250
2.0000,0.2396,-0.0274
2.0000,0.2425,-0.0213
2.0000,0.2425,-0.0181
2.0000,0.2440,-0.0132
2.0000,0.2488,-0.0049
2.0000,0.2493,-0.0007
2.0000,0.2492,0.0030
2.0000,0.2471,0.0048
2.0000,0.2566,0.0183
2.0000,0.2503,0.0162
2.0000,0.2512,0.0213
2.0000,0.2552,0.0297
2.0000,0.2528,0.0318
2.0000,0.2532,0.0369
2.0000,0.2556,0.0440
2.0000,0.2562,0.0496
2.0000,0.2556,0.0539
2.0000,0.2505,0.0539
2.0000,0.2602,0.0688
2.0000,0.2571,0.0711
2.0000,0.2526,0.0720
2.0000,0.2587,0.0837
2.0000,0.2529,0.0836
2.0000,0.2521,0.0886
2.0000,0.2523,0.0947
2.0000,0.2457,0.0941
2.0000,0.2513,0.1058
2.0000,0.2494,0.1100
2.0000,0.2489,0.1159
2.0000,0.2471,0.1205
2.0000,0.2438,0.1236
2.0000,0.2485,0.1349
2.0000,0.2378,0.1309
2.0000,0.2421,0.1419
2.0000,0.2392,0.1459
2.0000,0.2351,0.1488
2.0000,0.2340,0.1547
2.0000,0.2291,0.1568
2.0000,0.2277,0.1626
2.0000,0.2306,0.1727
2.0000,0.2246,0.1741
2.0000,0.2265,0.1834
2.0000,0.2203,0.1846
2.0000,0.2193,0.1912
2.0000,0.2186,0.1980
2.0000,0.2150,0.2021
2.0000,0.2109,0.2057
2.0000,0.2014,0.2040
2.0000,0.2041,0.2145
2.0000,0.1940,0.2122
2.0000,0.2000,0.2262
2.0000,0.1921,0.2263
2.0000,0.1833,0.2255
2.0000,0.1798,0.2300
2.0000,0.1807,0.2389
2.0000,0.1816,0.2480
2.0000,0.1726,0.2471
2.0000,0.1663,0.2489
2.0000,0.1594,0.2502
2.0000,0.1628,0.2618
2.0000,0.1588,0.2660
2.0000,0.1455,0.2610
2.0000,0.1506,0.2743
2.0000,0.1453,0.2773
2.0000,0.1353,0.2756
2.0000,0.1303,0.2788
2.0000,0.1255,0.2823
2.0000,0.1258,0.2908
2.0000,0.1164,0.2896
2.0000,0.1164,0.2979
2.0000,0.1015,0.2912
2.0000,0.1041,0.3019
2.0000,0.0986,0.3047
2.0000,0.0903,0.3045
2.0000,0.0827,0.3050
2.0000,0.0765,0.3069
2.0000,0.0777,0.3161
2.0000,0.0673,0.3137
2.0000,0.0603,0.3146
2.0000,0.0559,0.3182
2.0000,0.0554,0.3256
2.0000,0.0415,0.3194
2.0000,0.0340,0.3197
2.0000,0.0283,0.3217
2.0000,0.0269,0.3280
2.0000,0.0255,0.3341
2.0000,0.0168,0.3330
2.0000,0.0098,0.3333
2.0000,-0.0019,0.3290
2.0000,-0.0066,0.3316
2.0000,-0.0124,0.3329
2.0000,-0.0153,0.3372
2.0000,-0.0264,0.3331
2.0000,-0.0332,0.3332
2.0000,-0.0411,0.3321
2.0000,-0.0397,0.3402
2.0000,-0.0532,0.3333
2.0000,-0.0516,0.3415
2.0000,-0.0650,0.3344
2.0000,-0.0663,0.3394
2.0000,-0.0770,0.3349
2.0000,-0.0852,0.3328
2.0000,-0.0866,0.3373
2.0000,-0.0965,0.3332
2.0000,-0.1035,0.3319
2.0000,-0.1029,0.3381
2.0000,-0.1135,0.3330
2.0000,-0.1263,0.3254
2.0000,-0.1288,0.3282
2.0000,-0.1395,0.3224
2.0000,-0.1363,0.3305
2.0000,-0.1494,0.3221
2.0000,-0.1530,0.3231
2.0000,-0.1650,0.3155
2.0000,-0.1677,0.3171
2.0000,-0.1777,0.3112
2.0000,-0.1804,0.3124
2.0000,-0.1912,0.3055
2.0000,-0.1894,0.3109
2.0000,-0.2022,0.3016
2.0000,-0.2027,0.3043
2.0000,-0.2136,0.2966
2.0000,-0.2172,0.2959
2.0000,-0.2219,0.2940
2.0000,-0.2255,0.2930
2.0000,-0.2398,0.2811
2.0000,-0.2396,0.2836
2.0000,-0.2432,0.2820
2.0000,-0.2542,0.2729
2.0000,-0.2561,0.2727
2.0000,-0.2701,0.2603
2.0000,-0.2693,0.2624
2.0000,-0.2774,0.2554
2.0000,-0.2833,0.2504
2.0000,-0.2874,0.2470
2.0000,-0.2944,0.2407
2.0000,-0.2948,0.2406
2.0000,-0.3055,0.2300
2.0000,-0.3111,0.2244
2.0000,-0.3087,0.2266
2.0000,-0.3227,0.2121
2.0000,-0.3251,0.2091
2.0000,-0.3288,0.2045
2.0000,-0.3296,0.2028
2.0000,-0.3413,0.1898
2.0000,-0.3449,0.1848
2.0000,-0.3437,0.1843
2.0000,-0.3514,0.1748
2.0000,-0.3597,0.1644
2.0000,-0.3630,0.1589
2.0000,-0.3645,0.1549
2.0000,-0.3630,0.1538
2.0000,-0.3696,0.1442
2.0000,-0.3753,0.1355
2.0000,-0.3762,0.1313
2.0000,-0.3791,0.1249
2.0000,-0.3857,0.1147
2.0000,-0.3899,0.1065
2.0000,-0.3941,0.0983
2.0000,-0.3889,0.0992
2.0000,-0.3996,0.0840
2.0000,-0.3936,0.0853
2.0000,-0.4052,0.0688
2.0000,-0.4014,0.0675
2.0000,-0.4098,0.0539
2.0000,-0.4072,0.0510
2.0000,-0.4107,0.0418
2.0000,-0.4074,0.0392
2.0000,-0.4104,0.0302
2.0000,-0.4111,0.0232
2.0000,-0.4135,0.0143
2.0000,-0.4157,0.0055
2.0000,-0.4210,-0.0067
2.0000,-0.4132,-0.0059
2.0000,-0.4144,-0.0142
2.0000,-0.4195,-0.0267
2.0000,-0.4175,-0.0323
2.0000,-0.4190,-0.0415
2.0000,-0.4167,-0.0470
2.0000,-0.4219,-0.0604
2.0000,-0.4249,-0.0717
2.0000,-0.4167,-0.0719
2.0000,-0.4212,-0.0849
2.0000,-0.4143,-0.0868
2.0000,-0.4128,-0.0942
2.0000,-0.4161,-0.1066
2.0000,-0.4201,-0.1198
2.0000,-0.4171,-0.1262
2.0000,-0.4096,-0.1281
2.0000,-0.4123,-0.1405
2.0000,-0.4065,-0.1446
2.0000,-0.4080,-0.1560
2.0000,-0.4094,-0.1676
2.0000,-0.3984,-0.1667
2.0000,-0.4038,-0.1826
2.0000,-0.4028,-0.1920
2.0000,-0.3954,-0.1953
2.0000,-0.3875,-0.1980
2.0000,-0.3920,-0.2134
2.0000,-0.3897,-0.2221
2.0000,-0.3873,-0.2308
2.0000,-0.3817,-0.2364
2.0000,-0.3756,-0.2416
2.0000,-0.3705,-0.2479
2.0000,-0.3730,-0.2619
2.0000,-0.3608,-0.2613
2.0000,-0.3588,-0.2709
2.0000,-0.3516,-0.2754
2.0000,-0.3472,-0.2829
2.0000,-0.3500,-0.2976
2.0000,-0.3409,-0.3005
2.0000,-0.3396,-0.3113
2.0000,-0.3345,-0.3183
2.0000,-0.3270,-0.3229
2.0000,-0.3222,-0.3303
2.0000,-0.3131,-0.3335
2.0000,-0.3063,-0.3390
2.0000,-0.2994,-0.3445
2.0000,-0.2926,-0.3501
2.0000,-0.2922,-0.3622
2.0000,-0.2866,-0.3690
2.0000,-0.2820,-0.3769
2.0000,-0.2740,-0.3814
2.0000,-0.2668,-0.3868
2.0000,-0.2553,-0.3878
2.0000,-0.2483,-0.3933
2.0000,-0.2419,-0.3995
2.0000,-0.2371,-0.4071
2.0000,-0.2306,-0.4132
2.0000,-0.2203,-0.4154
2.0000,-0.2157,-0.4233
2.0000,-0.2130,-0.4330
2.0000,-0.1988,-0.4313
2.0000,-0.1970,-0.4419
2.0000,-0.1858,-0.4431
2.0000,-0.1733,-0.4429
2.0000,-0.1651,-0.4470
2.0000,-0.1610,-0.4551
2.0000,-0.1522,-0.4585
2.0000,-0.1423,-0.4607
2.0000,-0.1341,-0.4645
2.0000,-0.1306,-0.4730
2.0000,-0.1202,-0.4745
2.0000,-0.1122,-0.4783
2.0000,-0.0972,-0.4751
2.0000,-0.0923,-0.4818
2.0000,-0.0871,-0.4882
2.0000,-0.0764,-0.4889
2.0000,-0.0643,-0.4882
2.0000,-0.0516,-0.4867
2.0000,-0.0514,-0.4977
2.0000,-0.0362,-0.4934
2.0000,-0.0237,-0.4918
2.0000,-0.0212,-0.5001
2.0000,-0.0057,-0.4952
2.0000,0.0001,-0.4999
2.0000,0.0060,-0.5044
2.0000,0.0186,-0.5020
2.0000,0.0285,-0.5021
2.0000,0.0351,-0.5054
2.0000,0.0499,-0.5004
2.0000,0.0541,-0.5058
2.0000,0.0629,-0.5064
2.0000,0.0810,-0.4975
2.0000,0.0891,-0.4985
2.0000,0.0959,-0.5006
2.0000,0.1024,-0.5028
2.0000,0.1141,-0.4996
2.0000,0.1250,-0.4971
2.0000,0.1311,-0.4992
2.0000,0.1474,-0.4908
2.0000,0.1568,-0.4892
2.0000,0.1584,-0.4951
2.0000,0.1704,-0.4904
2.0000,0.1769,-0.4911
2.0000,0.1925,-0.4825
2.0000,0.2051,-0.4765
2.0000,0.2128,-0.4752
2.0000,0.2190,-0.4753
2.0000,0.2276,-0.4727
2.0000,0.2353,-0.4708
2.0000,0.2518,-0.4598
2.0000,0.2518,-0.4652
2.0000,0.2703,-0.4518
2.0000,0.2720,-0.4549
2.0000,0.2879,-0.4436
2.0000,0.2982,-0.4376
2.0000,0.3004,-0.4395
2.0000,0.3116,-0.4322
2.0000,0.3222,-0.4252
2.0000,0.3253,-0.4253
2.0000,0.3389,-0.4148
2.0000,0.3432,-0.4133
2.0000,0.3575,-0.4015
2.0000,0.3630,-0.3983
2.0000,0.3710,-0.3923
2.0000,0.3737,-0.3913
2.0000,0.3806,-0.3859
2.0000,0.3893,-0.3784
2.0000,0.3962,-0.3724
2.0000,0.4043,-0.3649
2.0000,0.4184,-0.3512
2.0000,0.4184,-0.3512
2.0000,0.4277,-0.3417
2.0000,0.4383,-0.3307
2.0000,0.4468,-0.3214
2.0000,0.4518,-0.3154
2.0000,0.4559,-0.3100
2.0000,0.4633,-0.3010
2.0000,0.4691,-0.2933
2.0000,0.4798,-0.2805
2.0000,0.4809,-0.2768
2.0000,0.4902,-0.2649
2.0000,0.4925,-0.2595
2.0000,0.5026,-0.2462
2.0000,0.5056,-0.2396
2.0000,0.5169,-0.2243
2.0000,0.5217,-0.2154
2.0000,0.5206,-0.2121
2.0000,0.5239,-0.2041
2.0000,0.5297,-0.1933
2.0000,0.5365,-0.1812
2.0000,0.5370,-0.1751
2.0000,0.5462,-0.1602
2.0000,0.5490,-0.1512
2.0000,0.5471,-0.1468
2.0000,0.5525,-0.1347
2.0000,0.5594,-0.1209
2.0000,0.5637,-0.1093
2.0000,0.5677,-0.0979
2.0000,0.5726,-0.0852
2.0000,0.5729,-0.0770
2.0000,0.5749,-0.0667
2.0000,0.5763,-0.0568
2.0000,0.5722,-0.0521
2.0000,0.5763,-0.0390
2.0000,0.5763,-0.0297
2.0000,0.5869,-0.0095
2.0000,0.5835,-0.0032
2.0000,0.5835,0.0069
2.0000,0.5834,0.0171
2.0000,0.5905,0.0347
2.0000,0.5905,0.0455
2.0000,0.5881,0.0540
2.0000,0.5819,0.0590
2.0000,0.5847,0.0733
2.0000,0.5875,0.0877
2.0000,0.5875,0.0997
2.0000,0.5836,0.1079
2.0000,0.5836,0.1202
2.0000,0.5844,0.1335
2.0000,0.5797,0.1415
2.0000,0.5801,0.1549
2.0000,0.5707,0.1586
2.0000,0.5738,0.1751
2.0000,0.5720,0.1868
2.0000,0.5716,0.2001
2.0000,0.5603,0.2026
2.0000,0.5634,0.2198
2.0000,0.5602,0.2308
2.0000,0.5583,0.2433
2.0000,0.5500,0.2496
2.0000,0.5485,0.2628
2.0000,0.5399,0.2691
2.0000,0.5376,0.2817
2.0000,0.5316,0.2909
2.0000,0.5258,0.3005
2.0000,0.5219,0.3119
2.0000,0.5195,0.3251
2.0000,0.5135,0.3347
2.0000,0.5054,0.3424
2.0000,0.5032,0.3561
2.0000,0.4930,0.3619
2.0000,0.4894,0.3744
2.0000,0.4792,0.3804
2.0000,0.4782,0.3957
2.0000,0.4706,0.4045
2.0000,0.4588,0.4090
2.0000,0.4578,0.4246
2.0000,0.4500,0.4333
2.0000,0.4407,0.4407
2.0000,0.4393,0.4560
2.0000,0.4231,0.4565
2.0000,0.4174,0.4676
2.0000,0.4090,0.4760
2.0000,0.3968,0.4806
2.0000,0.3914,0.4921
2.0000,0.3877,0.5053
2.0000,0.3711,0.5056
2.0000,0.3610,0.5124
2.0000,0.3562,0.5244
2.0000,0.3504,0.5355
2.0000,0.3416,0.5436
2.0000,0.3237,0.5426
2.0000,0.3151,0.5508
2.0000,0.3104,0.5629
2.0000,0.3000,0.5693
2.0000,0.2849,0.5709
2.0000,0.2743,0.5770
2.0000,0.2708,0.5901
2.0000,0.2581,0.5939
2.0000,0.2431,0.5953
2.0000,0.2299,0.5985
2.0000,0.2212,0.6061
2.0000,0.2155,0.6167
2.0000,0.1995,0.6169
2.0000,0.1941,0.6274
2.0000,0.1826,0.6319
2.0000,0.1647,0.6298
2.0000,0.1517,0.6325
2.0000,0.1480,0.6444
2.0000,0.1360,0.6477
2.0000,0.1196,0.6467
2.0000,0.1118,0.6540
2.0000,0.0989,0.6561
2.0000,0.0796,0.6517
2.0000,0.0693,0.6561
2.0000,0.0615,0.6628
2.0000,0.0478,0.6635
2.0000,0.0375,0.6673
2.0000,0.0215,0.6653
2.0000,0.0071,0.6647
2.0000,-0.0018,0.6694
2.0000,-0.0194,0.6651
2.0000,-0.0252,0.6725
2.0000,-0.0371,0.6736
2.0000,-0.0496,0.6739
2.0000,-0.0638,0.6722
2.0000,-0.0781,0.6703
2.0000,-0.0934,0.6671
2.0000,-0.1033,0.6690
2.0000,-0.1197,0.6641
2.0000,-0.1357,0.6595
2.0000,-0.1462,0.6602
2.0000,-0.1609,0.6562
2.0000,-0.1687,0.6590
2.0000,-0.1838,0.6543
2.0000,-0.1943,0.6538
2.0000,-0.2099,0.6479
2.0000,-0.2211,0.6462
2.0000,-0.2310,0.6455
2.0000,-0.2428,0.6426
2.0000,-0.2589,0.6351
2.0000,-0.2666,0.6358
2.0000,-0.2842,0.6262
2.0000,-0.2891,0.6290
2.0000,-0.3077,0.6179
2.0000,-0.3135,0.6191
2.0000,-0.3293,0.6101
2.0000,-0.3428,0.6031
2.0000,-0.3575,0.5945
2.0000,-0.3637,0.5941
2.0000,-0.3727,0.5906
2.0000,-0.3929,0.5755
2.0000,-0.4014,0.5719
2.0000,-0.4156,0.5622
2.0000,-0.4277,0.5542
2.0000,-0.4307,0.5550
2.0000,-0.4444,0.5447
2.0000,-0.4596,0.5326
2.0000,-0.4672,0.5278
2.0000,-0.4753,0.5222
2.0000,-0.4881,0.5114
2.0000,-0.4935,0.5077
2.0000,-0.5128,0.4898
2.0000,-0.5131,0.4905
2.0000,-0.5290,0.4753
2.0000,-0.5422,0.4623
2.0000,-0.5451,0.4594
2.0000,-0.5559,0.4481
2.0000,-0.5692,0.4340
2.0000,-0.5706,0.4314
2.0000,-0.5789,0.4216
2.0000,-0.5903,0.4083
2.0000,-0.6048,0.3916
2.0000,-0.6060,0.3877
2.0000,-0.6132,0.3776
2.0000,-0.6266,0.3607
2.0000,-0.6345,0.3492
2.0000,-0.6372,0.3423
2.0000,-0.6420,0.3331
2.0000,-0.6550,0.3153
2.0000,-0.6637,0.3014
2.0000,-0.6660,0.2936
2.0000,-0.6722,0.2816
2.0000,-0.6740,0.2734
2.0000,-0.6830,0.2579
2.0000,-0.6916,0.2423
2.0000,-0.6964,0.2302
2.0000,-0.6969,0.2220
2.0000,-0.7035,0.2074
2.0000,-0.7093,0.1932
2.0000,-0.7190,0.1748
2.0000,-0.7197,0.1650
2.0000,-0.7258,0.1495
2.0000,-0.7279,0.1376
2.0000,-0.7325,0.1229
2.0000,-0.7341,0.1109
2.0000,-0.7385,0.0958
2.0000,-0.7389,0.0843
2.0000,-0.7409,0.0709
2.0000,-0.7482,0.0519
2.0000,-0.7465,0.0415
2.0000,-0.7469,0.0288
2.0000,-0.7500,0.0130
2.0000,-0.7534,-0.0034
2.0000,-0.7478,-0.0111
2.0000,-0.7546,-0.0314
2.0000,-0.7474,-0.0382
2.0000,-0.7471,-0.0520
2.0000,-0.7537,-0.0732
2.0000,-0.7483,-0.0824
2.0000,-0.7548,-0.1040
2.0000,-0.7458,-0.1103
2.0000,-0.7438,-0.1239
2.0000,-0.7461,-0.1420
2.0000,-0.7428,-0.1548
2.0000,-0.7461,-0.1744
2.0000,-0.7350,-0.1799
2.0000,-0.7348,-0.1965
2.0000,-0.7337,-0.2125
2.0000,-0.7263,-0.2224
2.0000,-0.7320,-0.2457
2.0000,-0.7212,-0.2526
2.0000,-0.7247,-0.2740
2.0000,-0.7171,-0.2847
2.0000,-0.7166,-0.3025
2.0000,-0.7069,-0.3113
2.0000,-0.7019,-0.3251
2.0000,-0.6930,-0.3352
2.0000,-0.6899,-0.3512
2.0000,-0.6893,-0.3699
2.0000,-0.6747,-0.3748
2.0000,-0.6680,-0.3877
2.0000,-0.6656,-0.4051
2.0000,-0.6628,-0.4221
2.0000,-0.6565,-0.4359
2.0000,-0.6401,-0.4397
2.0000,-0.6372,-0.4571
2.0000,-0.6302,-0.4705
2.0000,-0.6214,-0.4822
2.0000,-0.6085,-0.4900
2.0000,-0.6078,-0.5100
2.0000,-0.5919,-0.5149
2.0000,-0.5902,-0.5341
2.0000,-0.5795,-0.5444
2.0000,-0.5689,-0.5548
2.0000,-0.5540,-0.5610
2.0000,-0.5450,-0.5731
2.0000,-0.5350,-0.5844
2.0000,-0.5266,-0.5972
2.0000,-0.5163,-0.6082
2.0000,-0.4992,-0.6123
2.0000,-0.4932,-0.6276
2.0000,-0.4778,-0.6335
2.0000,-0.4722,-0.6492
2.0000,-0.4574,-0.6557
2.0000,-0.4494,-0.6689
2.0000,-0.4387,-0.6795
2.0000,-0.4249,-0.6868
2.0000,-0.4108,-0.6939
2.0000,-0.3922,-0.6964
2.0000,-0.3833,-0.7086
2.0000,-0.3668,-0.7131
2.0000,-0.3586,-0.7258
2.0000,-0.3484,-0.7365
2.0000,-0.3298,-0.7385
2.0000,-0.3223,-0.7518
2.0000,-0.3033,-0.7533
2.0000,-0.2854,-0.7558
2.0000,-0.2800,-0.7708
2.0000,-0.2626,-0.7736
2.0000,-0.2514,-0.7824
2.0000,-0.2383,-0.7893
2.0000,-0.2179,-0.7885
2.0000,-0.2056,-0.7960
2.0000,-0.1900,-0.7998
2.0000,-0.1777,-0.8068
2.0000,-0.1593,-0.8075
2.0000,-0.1400,-0.8070
2.0000,-0.1328,-0.8186
2.0000,-0.1177,-0.8220
2.0000,-0.1008,-0.8234
2.0000,-0.0840,-0.8247
2.0000,-0.0657,-0.8243
2.0000,-0.0503,-0.8266
2.0000,-0.0318,-0.8254
2.0000,-0.0239,-0.8347
2.0000,-0.0081,-0.8359
2.0000,0.0110,-0.8334
2.0000,0.0300,-0.8308
2.0000,0.0400,-0.8369
2.0000,0.0563,-0.8365
2.0000,0.0712,-0.8372
2.0000,0.0911,-0.8326
2.0000,0.1002,-0.8385
2.0000,0.1246,-0.8288
2.0000,0.1330,-0.8347
2.0000,0.1479,-0.8339
2.0000,0.1661,-0.8295
2.0000,0.1894,-0.8196
2.0000,0.2051,-0.8170
2.0000,0.2144,-0.8204
2.0000,0.2317,-0.8155
2.0000,0.2517,-0.8077
2.0000,0.2668,-0.8043
2.0000,0.2772,-0.8052
2.0000,0.2925,-0.8010
2.0000,0.3119,-0.7922
2.0000,0.3224,-0.7919
2.0000,0.3382,-0.7860
2.0000,0.3574,-0.7764
2.0000,0.3691,-0.7738
2.0000,0.3833,-0.7683
2.0000,0.3974,-0.7626
2.0000,0.4100,-0.7579
2.0000,0.4246,-0.7509
2.0000,0.4425,-0.7402
2.0000,0.4577,-0.7316
2.0000,0.4764,-0.7193
2.0000,0.4898,-0.7118
2.0000,0.4954,-0.7118
2.0000,0.5127,-0.6995
2.0000,0.5228,-0.6941
2.0000,0.5376,-0.6835
2.0000,0.5517,-0.6732
2.0000,0.5722,-0.6561
2.0000,0.5833,-0.6479
2.0000,0.5960,-0.6377
2.0000,0.6091,-0.6267
2.0000,0.6204,-0.6170
2.0000,0.6260,-0.6126
2.0000,0.6484,-0.5910
2.0000,0.6538,-0.5859
2.0000,0.6680,-0.5715
2.0000,0.6827,-0.5562
2.0000,0.6882,-0.5498
2.0000,0.6987,-0.5378
2.0000,0.7074,-0.5272
2.0000,0.7226,-0.5097
2.0000,0.7274,-0.5020
2.0000,0.7468,-0.4794
2.0000,0.7559,-0.4666
2.0000,0.7587,-0.4596
2.0000,0.7698,-0.4439
2.0000,0.7827,-0.4259
2.0000,0.7881,-0.4151
2.0000,0.8020,-0.3952
2.0000,0.8022,-0.3887
2.0000,0.8164,-0.3677
2.0000,0.8222,-0.3547
2.0000,0.8337,-0.3355
2.0000,0.8371,-0.3239
2.0000,0.8402,-0.3122
2.0000,0.8471,-0.2963
2.0000,0.8575,-0.2766
2.0000,0.8582,-0.2660
2.0000,0.8707,-0.2432
2.0000,0.8756,-0.2277
2.0000,0.8773,-0.2149
2.0000,0.8877,-0.1929
2.0000,0.8856,-0.1831
2.0000,0.8893,-0.1670
2.0000,0.8977,-0.1459
2.0000,0.8943,-0.1361
2.0000,0.9002,-0.1167
2.0000,0.9029,-0.1000
2.0000,0.9098,-0.0788
2.0000,0.9094,-0.0645
2.0000,0.9147,-0.0441
2.0000,0.9140,-0.0293
2.0000,0.9194,-0.0080
2.0000,0.9163,0.0051
2.0000,0.9160,0.0213
2.0000,0.9137,0.0360
2.0000,0.9156,0.0551
2.0000,0.9185,0.0757
2.0000,0.9127,0.0879
2.0000,0.9152,0.1087
2.0000,0.9185,0.1307
2.0000,0.9185,0.1496
2.0000,0.9152,0.1656
2.0000,0.9046,0.1746
2.0000,0.9074,0.1972
2.0000,0.9050,0.2150
2.0000,0.8987,0.2292
2.0000,0.8925,0.2438
2.0000,0.8976,0.2699
2.0000,0.8898,0.2834
2.0000,0.8873,0.3025
2.0000,0.8784,0.3154
2.0000,0.8695,0.3285
2.0000,0.8666,0.3480
2.0000,0.8649,0.3688
2.0000,0.8590,0.3857
2.0000,0.8514,0.4011
2.0000,0.8489,0.4218
2.0000,0.8349,0.4312
2.0000,0.8305,0.4504
2.0000,0.8220,0.4657
2.0000,0.8092,0.4768
2.0000,0.8037,0.4955
2.0000,0.7970,0.5131
2.0000,0.7865,0.5270
2.0000,0.7778,0.5429
2.0000,0.7707,0.5605
2.0000,0.7568,0.5714
2.0000,0.7525,0.5922
2.0000,0.7328,0.5975
2.0000,0.7274,0.6173
2.0000,0.7161,0.6313
2.0000,0.7036,0.6441
2.0000,0.6916,0.6575
2.0000,0.6806,0.6721
2.0000,0.6735,0.6906
2.0000,0.6541,0.6968
2.0000,0.6408,0.7091
2.0000,0.6265,0.7205
2.0000,0.6150,0.7346
2.0000,0.6048,0.7502
2.0000,0.5960,0.7670
2.0000,0.5781,0.7748
2.0000,0.5665,0.7889
2.0000,0.5447,0.7928
2.0000,0.5374,0.8111
2.0000,0.5160,0.8152
2.0000,0.5082,0.8330
2.0000,0.4850,0.8353
2.0000,0.4699,0.8455
2.0000,0.4637,0.8646
2.0000,0.4439,0.8700
2.0000,0.4301,0.8813
2.0000,0.4065,0.8827
2.0000,0.3933,0.8944
2.0000,0.3772,0.9031
2.0000,0.3592,0.9096
2.0000,0.3456,0.9205
2.0000,0.3318,0.9310
2.0000,0.3062,0.9295
2.0000,0.2975,0.9448
2.0000,0.2770,0.9481
2.0000,0.2618,0.9565
2.0000,0.2346,0.9526
2.0000,0.2221,0.9633
2.0000,0.2073,0.9716
2.0000,0.1835,0.9704
2.0000,0.1646,0.9741
2.0000,0.1493,0.9810
2.0000,0.1293,0.9831
2.0000,0.1169,0.9924
2.0000,0.0916,0.9885
2.0000,0.0773,0.9954
2.0000,0.0540,0.9931
2.0000,0.0357,0.9954
2.0000,0.0140,0.9940
2.0000,0.0012,1.0012
3.0000,-0.0056,-0.0046
3.0000,-0.0063,-0.0044
3.0000,-0.0068,-0.0040
3.0000,-0.0023,0.0014
3.0000,-0.0050,-0.0005
3.0000,-0.0022,0.0031
3.0000,-0.0090,-0.0030
3.0000,-0.0030,0.0037
3.0000,-0.0139,-0.0065
3.0000,-0.0078,0.0002
3.0000,-0.0123,-0.0038
3.0000,-0.0128,-0.0037
3.0000,-0.0174,-0.0079
3.0000,-0.0097,0.0001
3.0000,-0.0099,0.0003
3.0000,-0.0127,-0.0022
3.0000,-0.0198,-0.0090
3.0000,-0.0201,-0.0091
3.0000,-0.0147,-0.0036
3.0000,-0.0228,-0.0115
3.0000,-0.0169,-0.0056
3.0000,-0.0218,-0.0105
3.0000,-0.0241,-0.0129
3.0000,-0.0230,-0.0119
3.0000,-0.0257,-0.0148
3.0000,-0.0237,-0.0130
3.0000,-0.0285,-0.0181
3.0000,-0.0256,-0.0155
3.0000,-0.0289,-0.0192
3.0000,-0.0210,-0.0118
3.0000,-0.0208,-0.0120
3.0000,-0.0277,-0.0195
3.0000,-0.0318,-0.0242
3.0000,-0.0225,-0.0156
3.0000,-0.0226,-0.0163
3.0000,-0.0255,-0.0201
3.0000,-0.0251,-0.0205
3.0000,-0.0254,-0.0217
3.0000,-0.0271,-0.0244
3.0000,-0.0253,-0.0235
3.0000,-0.0259,-0.0251
3.0000,-0.0286,-0.0290
3.0000,-0.0283,-0.0298
3.0000,-0.0306,-0.0333
3.0000,-0.0258,-0.0298
3.0000,-0.0318,-0.0371
3.0000,-0.0250,-0.0317
3.0000,-0.0308,-0.0388
3.0000,-0.0325,-0.0421
3.0000,-0.0279,-0.0389
3.0000,-0.0282,-0.0408
3.0000,-0.0241,-0.0384
3.0000,-0.0245,-0.0404
3.0000,-0.0285,-0.0461
3.0000,-0.0310,-0.0503
3.0000,-0.0265,-0.0476
3.0000,-0.0259,-0.0489
3.0000,-0.0275,-0.0524
3.0000,-0.0310,-0.0578
3.0000,-0.0215,-0.0502
3.0000,-0.0268,-0.0575
3.0000,-0.0282,-0.0610
3.0000,-0.0228,-0.0577
3.0000,-0.0249,-0.0619
3.0000,-0.0271,-0.0662
3.0000,-0.0259,-0.0672
3.0000,-0.0220,-0.0656
3.0000,-0.0170,-0.0628
3.0000,-0.0230,-0.0711
3.0000,-0.0163,-0.0667
3.0000,-0.0133,-0.0660
3.0000,-0.0182,-0.0733
3.0000,-0.0131,-0.0706
3.0000,-0.0104,-0.0703
3.0000,-0.0164,-0.0787
3.0000,-0.0078,-0.0726
3.0000,-0.0060,-0.0733
3.0000,-0.0050,-0.0748
3.0000,-0.0060,-0.0782
3.0000,-0.0024,-0.0772
3.0000,-0.0081,-0.0855
3.0000,-0.0014,-0.0813
3.0000,-0.0025,-0.0849
3.0000,-0.0019,-0.0870
3.0000,0.0003,-0.0873
3.0000,0.0072,-0.0830
3.0000,0.0072,-0.0856
3.0000,0.0036,-0.0918
3.0000,0.0132,-0.0848
3.0000,0.0121,-0.0885
3.0000,0.0101,-0.0930
3.0000,0.0170,-0.0888
3.0000,0.0116,-0.0967
3.0000,0.0209,-0.0899
3.0000,0.0188,-0.0946
3.0000,0.0210,-0.0950
3.0000,0.0207,-0.0978
3.0000,0.0315,-0.0895
3.0000,0.0334,-0.0902
3.0000,0.0333,-0.0927
3.0000,0.0289,-0.0996
3.0000,0.0379,-0.0930
3.0000,0.0370,-0.0963
3.0000,0.0349,-0.1008
3.0000,0.0404,-0.0976
3.0000,0.0393,-0.1011
3.0000,0.0417,-0.1010
3.0000,0.0437,-0.1013
3.0000,0.0533,-0.0939
3.0000,0.0583,-0.0911
3.0000,0.0574,-0.0942
3.0000,0.0580,-0.0957
3.0000,0.0614,-0.0943
3.0000,0.0606,-0.0972
3.0000,0.0659,-0.0939
3.0000,0.0652,-0.0965
3.0000,0.0721,-0.0915
3.0000,0.0759,-0.0895
3.0000,0.0769,-0.0903
3.0000,0.0753,-0.0936
3.0000,0.0812,-0.0895
3.0000,0.0823,-0.0900
3.0000,0.0791,-0.0947
3.0000,0.0810,-0.0943
3.0000,0.0895,-0.0872
3.0000,0.0915,-0.0867
3.0000,0.0925,-0.0870
3.0000,0.0964,-0.0843
3.0000,0.0976,-0.0844
3.0000,0.0953,-0.0878
3.0000,0.1003,-0.0838
3.0000,0.1026,-0.0825
3.0000,0.1103,-0.0757
3.0000,0.1068,-0.0800
3.0000,0.1102,-0.0773
3.0000,0.1159,-0.0723
3.0000,0.1204,-0.0684
3.0000,0.1183,-0.0710
3.0000,0.1164,-0.0733
3.0000,0.1227,-0.0675
3.0000,0.1226,-0.0678
3.0000,0.1221,-0.0685
3.0000,0.1309,-0.0598
3.0000,0.1358,-0.0550
3.0000,0.1349,-0.0558
3.0000,0.1319,-0.0586
3.0000,0.1341,-0.0562
3.0000,0.1355,-0.0544
3.0000,0.1361,-0.0534
3.0000,0.1456,-0.0434
3.0000,0.1486,-0.0398
3.0000,0.1458,-0.0419
3.0000,0.1506,-0.0363
3.0000,0.1514,-0.0347
3.0000,0.1545,-0.0306
3.0000,0.1502,-0.0339
3.0000,0.1585,-0.0243
3.0000,0.1540,-0.0275
3.0000,0.1556,-0.0246
3.0000,0.1588,-0.0200
3.0000,0.1600,-0.0172
3.0000,0.1627,-0.0129
3.0000,0.1583,-0.0156
3.0000,0.1611,-0.0109
3.0000,0.1682,-0.0019
3.0000,0.1618,-0.0063
3.0000,0.1618,-0.0041
3.0000,0.1683,0.0046
3.0000,0.1669,0.0055
3.0000,0.1688,0.0098
3.0000,0.1689,0.0124
3.0000,0.1700,0.0161
3.0000,0.1673,0.0161
3.0000,0.1752,0.0268
3.0000,0.1691,0.0236
3.0000,0.1754,0.0329
3.0000,0.1725,0.0331
3.0000,0.1767,0.0405
3.0000,0.1794,0.0465
3.0000,0.1730,0.0434
3.0000,0.1704,0.0443
3.0000,0.1714,0.0489
3.0000,0.1749,0.0560
3.0000,0.1728,0.0576
3.0000,0.1737,0.0624
3.0000,0.1766,0.0691
3.0000,0.1729,0.0694
3.0000,0.1760,0.0766
3.0000,0.1756,0.0804
3.0000,0.1755,0.0845
3.0000,0.1705,0.0838
3.0000,0.1699,0.0877
3.0000,0.1735,0.0957
3.0000,0.1685,0.0952
3.0000,0.1688,0.1002
3.0000,0.1633,0.0994
3.0000,0.1686,0.1096
3.0000,0.1639,0.1097
3.0000,0.1649,0.1156
3.0000,0.1602,0.1160
3.0000,0.1590,0.1198
3.0000,0.1603,0.1263
3.0000,0.1610,0.1322
3.0000,0.1575,0.1340
3.0000,0.1568,0.1386
3.0000,0.1553,0.1425
3.0000,0.1513,0.1440
3.0000,0.1458,0.1439
3.0000,0.1453,0.1490
3.0000,0.1432,0.1525
3.0000,0.1451,0.1601
3.0000,0.1384,0.1591
3.0000,0.1382,0.1646
3.0000,0.1298,0.1621
3.0000,0.1352,0.1733
3.0000,0.1322,0.1762
3.0000,0.1215,0.1714
3.0000,0.1211,0.1770
3.0000,0.1176,0.1795
3.0000,0.1129,0.1808
3.0000,0.1142,0.1882
3.0000,0.1084,0.1883
3.0000,0.1068,0.1929
3.0000,0.1089,0.2011
3.0000,0.1063,0.2047
3.0000,0.0978,0.2023
3.0000,0.0931,0.2037
3.0000,0.0950,0.2118
3.0000,0.0880,0.2110
3.0000,0.0884,0.2175
3.0000,0.0788,0.2141
3.0000,0.0805,0.2221
3.0000,0.0723,0.2201
3.0000,0.0651,0.2190
3.0000,0.0616,0.2217
3.0000,0.0600,0.2262
3.0000,0.0625,0.2349
3.0000,0.0495,0.2281
3.0000,0.0540,0.2387
3.0000,0.0483,0.2391
3.0000,0.0417,0.2386
3.0000,0.0354,0.2383
3.0000,0.0279,0.2369
3.0000,0.0310,0.2459
3.0000,0.0220,0.2428
3.0000,0.0229,0.2497
3.0000,0.0136,0.2463
3.0000,0.0102,0.2487
3.0000,0.0083,0.2525
3.0000,0.0002,0.2502
3.0000,-0.0089,0.2468
3.0000,-0.0054,0.2560
3.0000,-0.0091,0.2578
3.0000,-0.0209,0.2515
3.0000,-0.0194,0.2585
3.0000,-0.0298,0.2535
3.0000,-0.0302,0.2584
3.0000,-0.0349,0.2589
3.0000,-0.0425,0.2565
3.0000,-0.0526,0.2516
3.0000,-0.0551,0.2541
3.0000,-0.0609,0.2532
3.0000,-0.0605,0.2585
3.0000,-0.0694,0.2543
3.0000,-0.0704,0.2580
3.0000,-0.0766,0.2564
3.0000,-0.0871,0.2504
3.0000,-0.0916,0.2503
3.0000,-0.0991,0.2471
3.0000,-0.1009,0.2495
3.0000,-0.1006,0.2539
3.0000,-0.1080,0.2505
3.0000,-0.1154,0.2471
3.0000,-0.1166,0.2496
3.0000,-0.1202,0.2497
3.0000,-0.1260,0.2474
3.0000,-0.1301,0.2468
3.0000,-0.1369,0.2433
3.0000,-0.1401,0.2433
3.0000,-0.1484,0.2380
3.0000,-0.1524,0.2370
3.0000,-0.1627,0.2295
3.0000,-0.1696,0.2253
3.0000,-0.1708,0.2267
3.0000,-0.1731,0.2267
3.0000,-0.1836,0.2185
3.0000,-0.1874,0.2169
3.0000,-0.1922,0.2141
3.0000,-0.1925,0.2157
3.0000,-0.2030,0.2070
3.0000,-0.2080,0.2035
3.0000,-0.2048,0.2082
3.0000,-0.2156,0.1986
3.0000,-0.2184,0.1970
3.0000,-0.2255,0.1909
3.0000,-0.2217,0.1955
3.0000,-0.2352,0.1827
3.0000,-0.2293,0.1891
3.0000,-0.2411,0.1777
3.0000,-0.2380,0.1811
3.0000,-0.2510,0.1681
3.0000,-0.2484,0.1706
3.0000,-0.2597,0.1591
3.0000,-0.2559,0.1624
3.0000,-0.2582,0.1596
3.0000,-0.2621,0.1549
3.0000,-0.2749,0.1412
3.0000,-0.2713,0.1438
3.0000,-0.2773,0.1366
3.0000,-0.2802,0.1323
3.0000,-0.2839,0.1271
3.0000,-0.2874,0.1218
3.0000,-0.2885,0.1189
3.0000,-0.2947,0.1106
3.0000,-0.2989,0.1042
3.0000,-0.3010,0.0997
3.0000,-0.2968,0.1013
3.0000,-0.3078,0.0876
3.0000,-0.3063,0.0863
3.0000,-0.3144,0.0752
3.0000,-0.3101,0.0762
3.0000,-0.3148,0.0681
3.0000,-0.3183,0.0611
3.0000,-0.3226,0.0531
3.0000,-0.3246,0.0472
3.0000,-0.3202,0.0476
3.0000,-0.3208,0.0428
3.0000,-0.3247,0.0345
3.0000,-0.3291,0.0256
3.0000,-0.3263,0.0237
3.0000,-0.3342,0.0111
3.0000,-0.3329,0.0073
3.0000,-0.3335,0.0015
3.0000,-0.3374,-0.0076
3.0000,-0.3302,-0.0059
3.0000,-0.3352,-0.0165
3.0000,-0.3356,-0.0226
3.0000,-0.3396,-0.0326
3.0000,-0.3328,-0.0318
3.0000,-0.3329,-0.0382
3.0000,-0.3328,-0.0445
3.0000,-0.3421,-0.0603
3.0000,-0.3388,-0.0637
3.0000,-0.3334,-0.0650
3.0000,-0.3359,-0.0744
3.0000,-0.3342,-0.0799
3.0000,-0.3355,-0.0883
3.0000,-0.3321,-0.0923
3.0000,-0.3313,-0.0990
3.0000,-0.3327,-0.1080
3.0000,-0.3367,-0.1197
3.0000,-0.3277,-0.1185
3.0000,-0.3301,-0.1289
3.0000,-0.3315,-0.1384
3.0000,-0.3303,-0.1455
3.0000,-0.3209,-0.1444
3.0000,-0.3238,-0.1558
3.0000,-0.3197,-0.1602
3.0000,-0.3161,-0.1653
3.0000,-0.3194,-0.1773
3.0000,-0.3105,-0.1774
3.0000,-0.3093,-0.1851
3.0000,-0.3080,-0.1929
3.0000,-0.3083,-0.2023
3.0000,-0.2983,-0.2016
3.0000,-0.3015,-0.2141
3.0000,-0.2976,-0.2197
3.0000,-0.2949,-0.2265
3.0000,-0.2869,-0.2280
3.0000,-0.2891,-0.2399
3.0000,-0.2817,-0.2422
3.0000,-0.2791,-0.2494
3.0000,-0.2756,-0.2557
3.0000,-0.2674,-0.2575
3.0000,-0.2614,-0.2614
3.0000,-0.2656,-0.2756
3.0000,-0.2600,-0.2801
3.0000,-0.2467,-0.2769
3.0000,-0.2450,-0.2854
3.0000,-0.2444,-0.2949
3.0000,-0.2396,-0.3004
3.0000,-0.2321,-0.3032
3.0000,-0.2267,-0.3081
3.0000,-0.2222,-0.3139
3.0000,-0.2187,-0.3207
3.0000,-0.2085,-0.3208
3.0000,-0.2065,-0.3293
3.0000,-0.2040,-0.3371
3.0000,-0.1909,-0.3344
3.0000,-0.1885,-0.3424
3.0000,-0.1775,-0.3417
3.0000,-0.1760,-0.3506
3.0000,-0.1668,-0.3518
3.0000,-0.1604,-0.3557
3.0000,-0.1538,-0.3595
3.0000,-0.1480,-0.3640
3.0000,-0.1386,-0.3648
3.0000,-0.1319,-0.3683
3.0000,-0.1337,-0.3803
3.0000,-0.1284,-0.3852
3.0000,-0.1137,-0.3807
3.0000,-0.1062,-0.3832
3.0000,-0.0985,-0.3855
3.0000,-0.1005,-0.3975
3.0000,-0.0863,-0.3932
3.0000,-0.0824,-0.3992
3.0000,-0.0706,-0.3971
3.0000,-0.0625,-0.3987
3.0000,-0.0576,-0.4034
3.0000,-0.0549,-0.4102
3.0000,-0.0393,-0.4042
3.0000,-0.0392,-0.4134
3.0000,-0.0280,-0.4114
3.0000,-0.0196,-0.4123
3.0000,-0.0176,-0.4193
3.0000,-0.0090,-0.4197
3.0000,0.0077,-0.4119
3.0000,0.0092,-0.4192
3.0000,0.0231,-0.4140
3.0000,0.0254,-0.4201
3.0000,0.0303,-0.4237
3.0000,0.0405,-0.4217
3.0000,0.0462,-0.4242
3.0000,0.0582,-0.4201
3.0000,0.0679,-0.4184
3.0000,0.0775,-0.4165
3.0000,0.0802,-0.4214
3.0000,0.0928,-0.4162
3.0000,0.1002,-0.4161
3.0000,0.1087,-0.4147
3.0000,0.1118,-0.4186
3.0000,0.1250,-0.4122
3.0000,0.1274,-0.4164
3.0000,0.1376,-0.4127
3.0000,0.1444,-0.4123
3.0000,0.1504,-0.4123
3.0000,0.1613,-0.4074
3.0000,0.1679,-0.4066
3.0000,0.1807,-0.3994
3.0000,0.1829,-0.4026
3.0000,0.1915,-0.3991
3.0000,0.1983,-0.3974
3.0000,0.2119,-0.3886
3.0000,0.2186,-0.3865
3.0000,0.2247,-0.3849
3.0000,0.2370,-0.3768
3.0000,0.2411,-0.3767
3.0000,0.2496,-0.3720
3.0000,0.2614,-0.3638
3.0000,0.2631,-0.3654
3.0000,0.2747,-0.3570
3.0000,0.2745,-0.3602
3.0000,0.2856,-0.3518
3.0000,0.2939,-0.3460
3.0000,0.3028,-0.3394
3.0000,0.3090,-0.3353
3.0000,0.3185,-0.3276
3.0000,0.3184,-0.3292
3.0000,0.3283,-0.3208
3.0000,0.3388,-0.3114
3.0000,0.3396,-0.3116
3.0000,0.3499,-0.3019
3.0000,0.3602,-0.2921
3.0000,0.3566,-0.2959
3.0000,0.3632,-0.2892
3.0000,0.3714,-0.2807
3.0000,0.3825,-0.2692
3.0000,0.3814,-0.2695
3.0000,0.3900,-0.2599
3.0000,0.4018,-0.2469
3.0000,0.4015,-0.2457
3.0000,0.4060,-0.2395
3.0000,0.4174,-0.2261
3.0000,0.4163,-0.2250
3.0000,0.4269,-0.2120
3.0000,0.4315,-0.2047
3.0000,0.4289,-0.2044
3.0000,0.4414,-0.1887
3.0000,0.4403,-0.1864
3.0000,0.4440,-0.1790
3.0000,0.4516,-0.1674
3.0000,0.4587,-0.1562
3.0000,0.4557,-0.1548
3.0000,0.4595,-0.1464
3.0000,0.4678,-0.1333
3.0000,0.4672,-0.1288
3.0000,0.4686,-0.1220
3.0000,0.4758,-0.1092
3.0000,0.4773,-0.1019
3.0000,0.4795,-0.0937
3.0000,0.4862,-0.0806
3.0000,0.4915,-0.0689
3.0000,0.4927,-0.0609
3.0000,0.4910,-0.0556
3.0000,0.4957,-0.0437
3.0000,0.4938,-0.0382
3.0000,0.4961,-0.0282
3.0000,0.4999,-0.0165
3.0000,0.4943,-0.0141
3.0000,0.5032,0.0032
3.0000,0.4957,0.0042
3.0000,0.5025,0.0198
3.0000,0.4971,0.0233
3.0000,0.5061,0.0415
3.0000,0.4990,0.0437
3.0000,0.5036,0.0579
3.0000,0.5070,0.0712
3.0000,0.4976,0.0716
3.0000,0.5021,0.0863
3.0000,0.5040,0.0986
3.0000,0.5006,0.1057
3.0000,0.4989,0.1148
3.0000,0.4947,0.1215
3.0000,0.4974,0.1352
3.0000,0.4939,0.1430
3.0000,0.4973,0.1579
3.0000,0.4929,0.1650
3.0000,0.4933,0.1772
3.0000,0.4827,0.1785
3.0000,0.4844,0.1923
3.0000,0.4788,0.1990
3.0000,0.4800,0.2125
3.0000,0.4767,0.2218
3.0000,0.4670,0.2248
3.0000,0.4730,0.2436
3.0000,0.4605,0.2440
3.0000,0.4596,0.2561
3.0000,0.4538,0.2635
3.0000,0.4546,0.2777
3.0000,0.4505,0.2870
3.0000,0.4401,0.2901
3.0000,0.4425,0.3062
3.0000,0.4302,0.3076
3.0000,0.4237,0.3149
3.0000,0.4223,0.3275
3.0000,0.4124,0.3316
3.0000,0.4146,0.3479
3.0000,0.4017,0.3491
3.0000,0.4042,0.3659
3.0000,0.3888,0.3648
3.0000,0.3833,0.3737
3.0000,0.3832,0.3881
3.0000,0.3698,0.3891
3.0000,0.3636,0.3974
3.0000,0.3635,0.4119
3.0000,0.3585,0.4215
3.0000,0.3461,0.4237
3.0000,0.3386,0.4309
3.0000,0.3325,0.4394
3.0000,0.3250,0.4467
3.0000,0.3162,0.4526
3.0000,0.3059,0.4570
3.0000,0.3033,0.4691
3.0000,0.2910,0.4715
3.0000,0.2819,0.4771
3.0000,0.2761,0.4859
3.0000,0.2616,0.4861
3.0000,0.2535,0.4926
3.0000,0.2439,0.4976
3.0000,0.2432,0.5115
3.0000,0.2275,0.5103
3.0000,0.2184,0.5156
3.0000,0.2087,0.5203
3.0000,0.1986,0.5246
3.0000,0.1909,0.5311
3.0000,0.1824,0.5368
3.0000,0.1728,0.5413
3.0000,0.1650,0.5476
3.0000,0.1538,0.5503
3.0000,0.1468,0.5572
3.0000,0.1315,0.5556
3.0000,0.1218,0.5595
3.0000,0.1128,0.5640
3.0000,0.1025,0.5672
3.0000,0.0886,0.5666
3.0000,0.0811,0.5722
3.0000,0.0651,0.5693
3.0000,0.0536,0.5706
3.0000,0.0462,0.5760
3.0000,0.0382,0.5806
3.0000,0.0235,0.5784
3.0000,0.0106,0.5777
3.0000,0.0008,0.5801
3.0000,-0.0076,0.5837
3.0000,-0.0183,0.5848
3.0000,-0.0336,0.5811
3.0000,-0.0418,0.5843
3.0000,-0.0554,0.5819
3.0000,-0.0658,0.5827
3.0000,-0.0745,0.5848
3.0000,-0.0841,0.5859
3.0000,-0.0998,0.5806
3.0000,-0.1069,0.5837
3.0000,-0.1225,0.5781
3.0000,-0.1296,0.5808
3.0000,-0.1406,0.5794
3.0000,-0.1529,0.5765
3.0000,-0.1599,0.5786
3.0000,-0.1751,0.5723
3.0000,-0.1832,0.5728
3.0000,-0.1914,0.5730
3.0000,-0.2095,0.5631
3.0000,-0.2198,0.5607
3.0000,-0.2344,0.5538
3.0000,-0.2448,0.5507
3.0000,-0.2472,0.5555
3.0000,-0.2630,0.5465
3.0000,-0.2733,0.5428
3.0000,-0.2793,0.5430
3.0000,-0.2974,0.5310
3.0000,-0.3088,0.5254
3.0000,-0.3180,0.5217
3.0000,-0.3271,0.5177
3.0000,-0.3335,0.5162
3.0000,-0.3492,0.5051
3.0000,-0.3566,0.5021
3.0000,-0.3629,0.4998
3.0000,-0.3717,0.4947
3.0000,-0.3873,0.4825
3.0000,-0.3935,0.4794
3.0000,-0.4084,0.4673
3.0000,-0.4109,0.4674
3.0000,-0.4188,0.4617
3.0000,-0.4375,0.4448
3.0000,-0.4435,0.4404
3.0000,-0.4472,0.4379
3.0000,-0.4601,0.4260
3.0000,-0.4687,0.4180
3.0000,-0.4774,0.4096
3.0000,-0.4905,0.3965
3.0000,-0.4946,0.3921
3.0000,-0.4967,0.3894
3.0000,-0.5053,0.3797
3.0000,-0.5212,0.3625
3.0000,-0.5204,0.3617
3.0000,-0.5358,0.3444
3.0000,-0.5404,0.3375
3.0000,-0.5491,0.3262
3.0000,-0.5580,0.3144
3.0000,-0.5620,0.3072
3.0000,-0.5646,0.3010
3.0000,-0.5715,0.2902
3.0000,-0.5818,0.2757
3.0000,-0.5862,0.2668
3.0000,-0.5952,0.2529
3.0000,-0.5977,0.2452
3.0000,-0.6056,0.2318
3.0000,-0.6125,0.2191
3.0000,-0.6151,0.2104
3.0000,-0.6216,0.1975
3.0000,-0.6247,0.1876
3.0000,-0.6306,0.1746
3.0000,-0.6311,0.1668
3.0000,-0.6399,0.1502
3.0000,-0.6408,0.1413
3.0000,-0.6428,0.1310
3.0000,-0.6466,0.1186
3.0000,-0.6529,0.1033
3.0000,-0.6535,0.0936
3.0000,-0.6528,0.0848
3.0000,-0.6563,0.0714
3.0000,-0.6592,0.0584
3.0000,-0.6634,0.0438
3.0000,-0.6681,0.0285
3.0000,-0.6660,0.0196
3.0000,-0.6673,0.0070
3.0000,-0.6675,-0.0047
3.0000,-0.6686,-0.0176
3.0000,-0.6731,-0.0341
3.0000,-0.6707,-0.0441
3.0000,-0.6715,-0.0575
3.0000,-0.6680,-0.0669
3.0000,-0.6670,-0.0789
3.0000,-0.6648,-0.0901
3.0000,-0.6622,-0.1011
3.0000,-0.6615,-0.1143
3.0000,-0.6686,-0.1355
3.0000,-0.6614,-0.1425
3.0000,-0.6629,-0.1586
3.0000,-0.6620,-0.1725
3.0000,-0.6611,-0.1866
3.0000,-0.6562,-0.1969
3.0000,-0.6496,-0.2057
3.0000,-0.6438,-0.2155
3.0000,-0.6487,-0.2362
3.0000,-0.6376,-0.2411
3.0000,-0.6347,-0.2545
3.0000,-0.6357,-0.2718
3.0000,-0.6302,-0.2829
3.0000,-0.6262,-0.2957
3.0000,-0.6205,-0.3069
3.0000,-0.6150,-0.3184
3.0000,-0.6049,-0.3256
3.0000,-0.6020,-0.3401
3.0000,-0.5942,-0.3498
3.0000,-0.5937,-0.3669
3.0000,-0.5824,-0.3734
3.0000,-0.5795,-0.3884
3.0000,-0.5681,-0.3951
3.0000,-0.5667,-0.4119
3.0000,-0.5564,-0.4198
3.0000,-0.5498,-0.4315
3.0000,-0.5450,-0.4452
3.0000,-0.5392,-0.4579
3.0000,-0.5250,-0.4624
3.0000,-0.5250,-0.4811
3.0000,-0.5165,-0.4914
3.0000,-0.5012,-0.4949
3.0000,-0.4934,-0.5060
3.0000,-0.4872,-0.5187
3.0000,-0.4717,-0.5223
3.0000,-0.4671,-0.5366
3.0000,-0.4566,-0.5452
3.0000,-0.4476,-0.5553
3.0000,-0.4430,-0.5698
3.0000,-0.4238,-0.5696
3.0000,-0.4137,-0.5786
3.0000,-0.4041,-0.5881
3.0000,-0.3928,-0.5958
3.0000,-0.3829,-0.6050
3.0000,-0.3764,-0.6175
3.0000,-0.3663,-0.6264
3.0000,-0.3531,-0.6321
3.0000,-0.3403,-0.6383
3.0000,-0.3316,-0.6484
3.0000,-0.3208,-0.6564
3.0000,-0.3087,-0.6630
3.0000,-0.2978,-0.6708
3.0000,-0.2759,-0.6674
3.0000,-0.2648,-0.6748
3.0000,-0.2590,-0.6873
3.0000,-0.2413,-0.6880
3.0000,-0.2257,-0.6905
3.0000,-0.2231,-0.7059
3.0000,-0.2086,-0.7093
3.0000,-0.1921,-0.7106
3.0000,-0.1774,-0.7136
3.0000,-0.1634,-0.7171
3.0000,-0.1565,-0.7275
3.0000,-0.1368,-0.7251
3.0000,-0.1276,-0.7329
3.0000,-0.1078,-0.7300
3.0000,-0.1003,-0.7391
3.0000,-0.0858,-0.7411
3.0000,-0.0708,-0.7423
3.0000,-0.0590,-0.7467
3.0000,-0.0415,-0.7451
3.0000,-0.0326,-0.7519
3.0000,-0.0128,-0.7475
3.0000,-0.0032,-0.7532
3.0000,0.0108,-0.7542
3.0000,0.0247,-0.7552
3.0000,0.0453,-0.7490
3.0000,0.0556,-0.7531
3.0000,0.0678,-0.7549
3.0000,0.0853,-0.7511
3.0000,0.0991,-0.7509
3.0000,0.1159,-0.7474
3.0000,0.1285,-0.7478
3.0000,0.1373,-0.7516
3.0000,0.1564,-0.7449
3.0000,0.1677,-0.7457
3.0000,0.1813,-0.7440
3.0000,0.2017,-0.7351
3.0000,0.2087,-0.7394
3.0000,0.2308,-0.7281
3.0000,0.2462,-0.7233
3.0000,0.2527,-0.7271
3.0000,0.2651,-0.7247
3.0000,0.2856,-0.7138
3.0000,0.2991,-0.7095
3.0000,0.3066,-0.7111
3.0000,0.3265,-0.6997
3.0000,0.3418,-0.6927
3.0000,0.3499,-0.6925
3.0000,0.3689,-0.6810
3.0000,0.3829,-0.6742
3.0000,0.3950,-0.6689
3.0000,0.3996,-0.6708
3.0000,0.4224,-0.6541
3.0000,0.4284,-0.6538
3.0000,0.4474,-0.6402
3.0000,0.4608,-0.6318
3.0000,0.4694,-0.6278
3.0000,0.4821,-0.6194
3.0000,0.4961,-0.6091
3.0000,0.5053,-0.6034
3.0000,0.5147,-0.5970
3.0000,0.5290,-0.5854
3.0000,0.5361,-0.5805
3.0000,0.5484,-0.5702
3.0000,0.5647,-0.5554
3.0000,0.5703,-0.5508
3.0000,0.5837,-0.5381
3.0000,0.6013,-0.5208
3.0000,0.6113,-0.5107
3.0000,0.6193,-0.5021
3.0000,0.6275,-0.4930
3.0000,0.6388,-0.4804
3.0000,0.6429,-0.4745
3.0000,0.6612,-0.4541
3.0000,0.6609,-0.4519
3.0000,0.6706,-0.4392
3.0000,0.6855,-0.4209
3.0000,0.6912,-0.4115
3.0000,0.6967,-0.4018
3.0000,0.7063,-0.3877
3.0000,0.7156,-0.3733
3.0000,0.7297,-0.3539
3.0000,0.7368,-0.3410
3.0000,0.7442,-0.3274
3.0000,0.7437,-0.3213
3.0000,0.7552,-0.3028
3.0000,0.7599,-0.2908
3.0000,0.7668,-0.2760
3.0000,0.7694,-0.2654
3.0000,0.7757,-0.2505
3.0000,0.7835,-0.2337
3.0000,0.7931,-0.2148
3.0000,0.7995,-0.1987
3.0000,0.7962,-0.1918
3.0000,0.8014,-0.1762
3.0000,0.8101,-0.1566
3.0000,0.8103,-0.1452
3.0000,0.8122,-0.1317
3.0000,0.8130,-0.1190
3.0000,0.8188,-0.1008
3.0000,0.8288,-0.0781
3.0000,0.8303,-0.0635
3.0000,0.8333,-0.0472
3.0000,0.8340,-0.0327
3.0000,0.8366,-0.0160
3.0000,0.8350,-0.0033
3.0000,0.8362,0.0127
3.0000,0.8304,0.0221
3.0000,0.8321,0.0392
3.0000,0.8392,0.0620
3.0000,0.8382,0.0771
3.0000,0.8374,0.0926
3.0000,0.8346,0.1065
3.0000,0.8341,0.1229
3.0000,0.8346,0.1408
3.0000,0.8284,0.1521
3.0000,0.8294,0.1710
3.0000,0.8199,0.1796
3.0000,0.8218,0.1998
3.0000,0.8140,0.2108
3.0000,0.8136,0.2293
3.0000,0.8095,0.2444
3.0000,0.8059,0.2601
3.0000,0.8050,0.2790
3.0000,0.7979,0.2918
3.0000,0.7979,0.3119
3.0000,0.7881,0.3224
3.0000,0.7877,0.3425
3.0000,0.7770,0.3527
3.0000,0.7743,0.3710
3.0000,0.7619,0.3797
3.0000,0.7554,0.3945
3.0000,0.7545,0.4151
3.0000,0.7467,0.4291
3.0000,0.7365,0.4408
3.0000,0.7329,0.4592
3.0000,0.7241,0.4726
3.0000,0.7125,0.4833
3.0000,0.7020,0.4952
3.0000,0.6948,0.5106
3.0000,0.6845,0.5230
3.0000,0.6807,0.5420
3.0000,0.6729,0.5571
3.0000,0.6599,0.5671
3.0000,0.6517,0.5820
3.0000,0.6374,0.5909
3.0000,0.6333,0.6100
3.0000,0.6197,0.6197
3.0000,0.6111,0.6345
3.0000,0.5957,0.6425
3.0000,0.5800,0.6502
3.0000,0.5700,0.6637
3.0000,0.5624,0.6795
3.0000,0.5442,0.6848
3.0000,0.5377,0.7018
3.0000,0.5222,0.7098
3.0000,0.5155,0.7266
3.0000,0.4989,0.7334
3.0000,0.4816,0.7396
3.0000,0.4710,0.7524
3.0000,0.4557,0.7604
3.0000,0.4462,0.7741
3.0000,0.4302,0.7814
3.0000,0.4101,0.7844
3.0000,0.3971,0.7945
3.0000,0.3879,0.8083
3.0000,0.3746,0.8178
3.0000,0.3592,0.8251
3.0000,0.3371,0.8256
3.0000,0.3270,0.8382
3.0000,0.3089,0.8424
3.0000,0.2954,0.8512
3.0000,0.2746,0.8524
3.0000,0.2671,0.8669
3.0000,0.2429,0.8645
3.0000,0.2336,0.8767
3.0000,0.2108,0.8754
3.0000,0.1936,0.8794
3.0000,0.1781,0.8849
3.0000,0.1626,0.8902
3.0000,0.1491,0.8973
3.0000,0.1301,0.8987
3.0000,0.1187,0.9074
3.0000,0.0940,0.9027
3.0000,0.0792,0.9075
3.0000,0.0621,0.9098
3.0000,0.0446,0.9115
3.0000,0.0284,0.9142
3.0000,0.0099,0.9144
3.0000,-0.0092,0.9136
3.0000,-0.0201,0.9207
3.0000,-0.0456,0.9129
3.0000,-0.0583,0.9176
3.0000,-0.0741,0.9190
3.0000,-0.0900,0.9199
3.0000,-0.1097,0.9166
3.0000,-0.1321,0.9104
3.0000,-0.1497,0.9087
3.0000,-0.1656,0.9082
3.0000,-0.1840,0.9049
3.0000,-0.1963,0.9074
3.0000,-0.2140,0.9040
3.0000,-0.2344,0.8976
3.0000,-0.2470,0.8987
3.0000,-0.2696,0.8894
3.0000,-0.2811,0.8907
3.0000,-0.2982,0.8861
3.0000,-0.3208,0.8757
3.0000,-0.3338,0.8743
3.0000,-0.3465,0.8729
3.0000,-0.3711,0.8592
3.0000,-0.3829,0.8578
3.0000,-0.3987,0.8521
3.0000,-0.4209,0.8395
3.0000,-0.4318,0.8378
3.0000,-0.4511,0.8272
3.0000,-0.4668,0.8198
3.0000,-0.4806,0.8139
3.0000,-0.4999,0.8020
3.0000,-0.5100,0.7988
3.0000,-0.5326,0.7827
3.0000,-0.5416,0.7797
3.0000,-0.5591,0.7679
3.0000,-0.5761,0.7560
3.0000,-0.5871,0.7496
3.0000,-0.5983,0.7426
3.0000,-0.6222,0.7225
3.0000,-0.6291,0.7189
3.0000,-0.6472,0.7035
3.0000,-0.6580,0.6950
3.0000,-0.6735,0.6812
3.0000,-0.6858,0.6703
3.0000,-0.7033,0.6537
3.0000,-0.7175,0.6399
3.0000,-0.7227,0.6346
3.0000,-0.7404,0.6162
3.0000,-0.7481,0.6075
3.0000,-0.7595,0.5945
3.0000,-0.7698,0.5821
3.0000,-0.7878,0.5615
3.0000,-0.7961,0.5502
3.0000,-0.8068,0.5360
3.0000,-0.8224,0.5164
3.0000,-0.8281,0.5061
3.0000,-0.8392,0.4900
3.0000,-0.8535,0.4703
3.0000,-0.8561,0.4617
3.0000,-0.8711,0.4403
3.0000,-0.8766,0.4278
3.0000,-0.8889,0.4082
3.0000,-0.8993,0.3899
3.0000,-0.9035,0.3772
3.0000,-0.9079,0.3641
3.0000,-0.9136,0.3490
3.0000,-0.9263,0.3265
3.0000,-0.9366,0.3060
3.0000,-0.9404,0.2914
3.0000,-0.9475,0.2732
3.0000,-0.9479,0.2612
3.0000,-0.9616,0.2354
3.0000,-0.9604,0.2240
3.0000,-0.9637,0.2077
3.0000,-0.9739,0.1841
3.0000,-0.9746,0.1695
3.0000,-0.9812,0.1486
3.0000,-0.9838,0.1312
3.0000,-0.9874,0.1125
3.0000,-0.9885,0.0957
3.0000,-0.9943,0.0739
3.0000,-0.9970,0.0547
3.0000,-0.9925,0.0425
3.0000,-1.0029,0.0148
3.0000,-0.9982,0.0018
4.0000,0.0039,0.0029
4.0000,0.0020,-0.0001
4.0000,0.0054,0.0023
4.0000,0.0030,-0.0013
4.0000,-0.0014,-0.0068
4.0000,-0.0008,-0.0074
4.0000,-0.0033,-0.0112
4.0000,0.0014,-0.0077
4.0000,-0.0037,-0.0141
4.0000,-0.0012,-0.0128
4.0000,-0.0017,-0.0148
4.0000,0.0039,-0.0105
4.0000,0.0045,-0.0113
4.0000,0.0018,-0.0154
4.0000,0.0069,-0.0117
4.0000,0.0058,-0.0143
4.0000,0.0033,-0.0182
4.0000,0.0083,-0.0147
4.0000,0.0058,-0.0187
4.0000,0.0073,-0.0186
4.0000,0.0089,-0.0186
4.0000,0.0077,-0.0213
4.0000,0.0110,-0.0195
4.0000,0.0056,-0.0265
4.0000,0.0132,-0.0204
4.0000,0.0139,-0.0212
4.0000,0.0174,-0.0193
4.0000,0.0148,-0.0235
4.0000,0.0114,-0.0285
4.0000,0.0149,-0.0265
4.0000,0.0195,-0.0235
4.0000,0.0211,-0.0234
4.0000,0.0140,-0.0320
4.0000,0.0247,-0.0229
4.0000,0.0214,-0.0277
4.0000,0.0273,-0.0234
4.0000,0.0258,-0.0263
4.0000,0.0225,-0.0311
4.0000,0.0282,-0.0269
4.0000,0.0230,-0.0336
4.0000,0.0303,-0.0277
4.0000,0.0258,-0.0336
4.0000,0.0274,-0.0334
4.0000,0.0299,-0.0323
4.0000,0.0356,-0.0279
4.0000,0.0322,-0.0326
4.0000,0.0414,-0.0247
4.0000,0.0374,-0.0300
4.0000,0.0416,-0.0270
4.0000,0.0404,-0.0294
4.0000,0.0461,-0.0249
4.0000,0.0428,-0.0293
4.0000,0.0414,-0.0318
4.0000,0.0473,-0.0270
4.0000,0.0499,-0.0255
4.0000,0.0465,-0.0298
4.0000,0.0488,-0.0285
4.0000,0.0557,-0.0225
4.0000,0.0526,-0.0264
4.0000,0.0545,-0.0254
4.0000,0.0512,-0.0294
4.0000,0.0610,-0.0204
4.0000,0.0607,-0.0213
4.0000,0.0633,-0.0193
4.0000,0.0575,-0.0257
4.0000,0.0574,-0.0262
4.0000,0.0679,-0.0162
4.0000,0.0697,-0.0149
4.0000,0.0678,-0.0171
4.0000,0.0695,-0.0157
4.0000,0.0709,-0.0146
4.0000,0.0750,-0.0107
4.0000,0.0672,-0.0185
4.0000,0.0774,-0.0084
4.0000,0.0709,-0.0149
4.0000,0.0781,-0.0077
4.0000,0.0797,-0.0059
4.0000,0.0738,-0.0117
4.0000,0.0835,-0.0016
4.0000,0.0836,-0.0012
4.0000,0.0818,-0.0027
4.0000,0.0790,-0.0051
4.0000,0.0863,0.0028
4.0000,0.0794,-0.0036
4.0000,0.0800,-0.0023
4.0000,0.0902,0.0087
4.0000,0.0913,0.0105
4.0000,0.0861,0.0062
4.0000,0.0852,0.0062
4.0000,0.0915,0.0135
4.0000,0.0861,0.0092
4.0000,0.0956,0.0198
4.0000,0.0953,0.0207
4.0000,0.0910,0.0177
4.0000,0.0941,0.0221
4.0000,0.0965,0.0259
4.0000,0.0955,0.0264
4.0000,0.0929,0.0254
4.0000,0.0941,0.0282
4.0000,0.0976,0.0334
4.0000,0.0960,0.0336
4.0000,0.0995,0.0389
4.0000,0.1006,0.0419
4.0000,0.0973,0.0406
4.0000,0.0990,0.0444
4.0000,0.1017,0.0491
4.0000,0.0973,0.0470
4.0000,0.0960,0.0479
4.0000,0.0929,0.0471
4.0000,0.0993,0.0559
4.0000,0.0982,0.0572
4.0000,0.0961,0.0576
4.0000,0.0977,0.0618
4.0000,0.0994,0.0662
4.0000,0.0960,0.0655
4.0000,0.0995,0.0718
4.0000,0.0916,0.0668
4.0000,0.0899,0.0679
4.0000,0.0894,0.0704
4.0000,0.0898,0.0738
4.0000,0.0914,0.0785
4.0000,0.0883,0.0786
4.0000,0.0868,0.0802
4.0000,0.0891,0.0858
4.0000,0.0912,0.0912
4.0000,0.0852,0.0886
4.0000,0.0821,0.0888
4.0000,0.0881,0.0984
4.0000,0.0871,0.1008
4.0000,0.0793,0.0966
4.0000,0.0813,0.1022
4.0000,0.0845,0.1091
4.0000,0.0835,0.1117
4.0000,0.0745,0.1065
4.0000,0.0762,0.1119
4.0000,0.0707,0.1103
4.0000,0.0684,0.1119
4.0000,0.0710,0.1183
4.0000,0.0722,0.1234
4.0000,0.0715,0.1267
4.0000,0.0639,0.1231
4.0000,0.0682,0.1315
4.0000,0.0623,0.1296
4.0000,0.0567,0.1280
4.0000,0.0574,0.1329
4.0000,0.0589,0.1385
4.0000,0.0504,0.1341
4.0000,0.0503,0.1382
4.0000,0.0498,0.1419
4.0000,0.0504,0.1467
4.0000,0.0481,0.1486
4.0000,0.0465,0.1512
4.0000,0.0400,0.1490
4.0000,0.0401,0.1533
4.0000,0.0301,0.1476
4.0000,0.0344,0.1561
4.0000,0.0244,0.1503
4.0000,0.0251,0.1553
4.0000,0.0207,0.1551
4.0000,0.0236,0.1623
4.0000,0.0141,0.1570
4.0000,0.0191,0.1663
4.0000,0.0071,0.1585
4.0000,0.0076,0.1632
4.0000,0.0096,0.1694
4.0000,0.0046,0.1685
4.0000,-0.0039,0.1641
4.0000,-0.0067,0.1655
4.0000,-0.0096,0.1667
4.0000,-0.0071,0.1733
4.0000,-0.0140,0.1704
4.0000,-0.0201,0.1683
4.0000,-0.0180,0.1744
4.0000,-0.0258,0.1705
4.0000,-0.0222,0.1780
4.0000,-0.0311,0.1730
4.0000,-0.0377,0.1703
4.0000,-0.0386,0.1730
4.0000,-0.0453,0.1701
4.0000,-0.0499,0.1692
4.0000,-0.0504,0.1723
4.0000,-0.0541,0.1723
4.0000,-0.0557,0.1742
4.0000,-0.0614,0.1719
4.0000,-0.0674,0.1693
4.0000,-0.0610,0.1791
4.0000,-0.0735,0.1698
4.0000,-0.0754,0.1711
4.0000,-0.0801,0.1696
4.0000,-0.0801,0.1727
4.0000,-0.0880,0.1678
4.0000,-0.0930,0.1658
4.0000,-0.0903,0.1713
4.0000,-0.0981,0.1663
4.0000,-0.0951,0.1721
4.0000,-0.1042,0.1655
4.0000,-0.1032,0.1691
4.0000,-0.1085,0.1662
4.0000,-0.1145,0.1626
4.0000,-0.1163,0.1631
4.0000,-0.1239,0.1577
4.0000,-0.1230,0.1606
4.0000,-0.1331,0.1525
4.0000,-0.1360,0.1516
4.0000,-0.1318,0.1575
4.0000,-0.1407,0.1503
4.0000,-0.1431,0.1496
4.0000,-0.1506,0.1436
4.0000,-0.1476,0.1479
4.0000,-0.1570,0.1399
4.0000,-0.1606,0.1374
4.0000,-0.1633,0.1358
4.0000,-0.1593,0.1408
4.0000,-0.1620,0.1389
4.0000,-0.1716,0.1300
4.0000,-0.1679,0.1344
4.0000,-0.1807,0.1221
4.0000,-0.1801,0.1231
4.0000,-0.1876,0.1159
4.0000,-0.1872,0.1165
4.0000,-0.1897,0.1140
4.0000,-0.1938,0.1098
4.0000,-0.1897,0.1137
4.0000,-0.1961,0.1070
4.0000,-0.2054,0.0972
4.0000,-0.2010,0.1011
4.0000,-0.2022,0.0991
4.0000,-0.2088,0.0917
4.0000,-0.2144,0.0852
4.0000,-0.2145,0.0840
4.0000,-0.2195,0.0778
4.0000,-0.2201,0.0759
4.0000,-0.2205,0.0740
4.0000,-0.2252,0.0678
4.0000,-0.2264,0.0649
4.0000,-0.2295,0.0599
4.0000,-0.2305,0.0569
4.0000,-0.2357,0.0496
4.0000,-0.2325,0.0506
4.0000,-0.2357,0.0450
4.0000,-0.2324,0.0459
4.0000,-0.2388,0.0368
4.0000,-0.2399,0.0330
4.0000,-0.2406,0.0293
4.0000,-0.2477,0.0192
4.0000,-0.2498,0.0141
4.0000,-0.2426,0.0180
4.0000,-0.2433,0.0138
4.0000,-0.2449,0.0087
4.0000,-0.2490,0.0010
4.0000,-0.2494,-0.0032
4.0000,-0.2476,-0.0053
4.0000,-0.2552,-0.0169
4.0000,-0.2486,-0.0145
4.0000,-0.2520,-0.0222
4.0000,-0.2500,-0.0245
4.0000,-0.2496,-0.0286
4.0000,-0.2504,-0.0341
4.0000,-0.2549,-0.0434
4.0000,-0.2560,-0.0493
4.0000,-0.2503,-0.0486
4.0000,-0.2594,-0.0628
4.0000,-0.2550,-0.0636
4.0000,-0.2586,-0.0726
4.0000,-0.2590,-0.0785
4.0000,-0.2511,-0.0761
4.0000,-0.2578,-0.0885
4.0000,-0.2497,-0.0862
4.0000,-0.2520,-0.0944
4.0000,-0.2561,-0.1044
4.0000,-0.2488,-0.1033
4.0000,-0.2495,-0.1101
4.0000,-0.2492,-0.1161
4.0000,-0.2432,-0.1165
4.0000,-0.2499,-0.1297
4.0000,-0.2389,-0.1253
4.0000,-0.2385,-0.1316
4.0000,-0.2361,-0.1359
4.0000,-0.2397,-0.1464
4.0000,-0.2327,-0.1463
4.0000,-0.2351,-0.1558
4.0000,-0.2303,-0.1580
4.0000,-0.2320,-0.1669
4.0000,-0.2327,-0.1749
4.0000,-0.2203,-0.1698
4.0000,-0.2174,-0.1743
4.0000,-0.2194,-0.1837
4.0000,-0.2143,-0.1862
4.0000,-0.2147,-0.1942
4.0000,-0.2084,-0.1955
4.0000,-0.2069,-0.2017
4.0000,-0.2087,-0.2113
4.0000,-0.1993,-0.2097
4.0000,-0.1957,-0.2140
4.0000,-0.1957,-0.2218
4.0000,-0.1929,-0.2271
4.0000,-0.1859,-0.2281
4.0000,-0.1879,-0.2381
4.0000,-0.1826,-0.2408
4.0000,-0.1804,-0.2467
4.0000,-0.1676,-0.2421
4.0000,-0.1651,-0.2478
4.0000,-0.1642,-0.2550
4.0000,-0.1563,-0.2554
4.0000,-0.1593,-0.2665
4.0000,-0.1491,-0.2646
4.0000,-0.1436,-0.2673
4.0000,-0.1392,-0.2712
4.0000,-0.1409,-0.2812
4.0000,-0.1359,-0.2844
4.0000,-0.1271,-0.2839
4.0000,-0.1178,-0.2828
4.0000,-0.1202,-0.2935
4.0000,-0.1082,-0.2896
4.0000,-0.1056,-0.2952
4.0000,-0.1003,-0.2981
4.0000,-0.0997,-0.3057
4.0000,-0.0863,-0.3005
4.0000,-0.0837,-0.3060
4.0000,-0.0750,-0.3054
4.0000,-0.0747,-0.3131
4.0000,-0.0640,-0.3104
4.0000,-0.0631,-0.3174
4.0000,-0.0571,-0.3194
4.0000,-0.0492,-0.3193
4.0000,-0.0429,-0.3208
4.0000,-0.0391,-0.3248
4.0000,-0.0335,-0.3269
4.0000,-0.0253,-0.3264
4.0000,-0.0224,-0.3310
4.0000,-0.0106,-0.3268
4.0000,-0.0093,-0.3329
4.0000,-0.0045,-0.3354
4.0000,0.0029,-0.3352
4.0000,0.0111,-0.3342
4.0000,0.0179,-0.3346
4.0000,0.0214,-0.3380
4.0000,0.0342,-0.3321
4.0000,0.0353,-0.3379
4.0000,0.0444,-0.3356
4.0000,0.0452,-0.3414
4.0000,0.0523,-0.3407
4.0000,0.0648,-0.3347
4.0000,0.0655,-0.3402
4.0000,0.0737,-0.3382
4.0000,0.0818,-0.3362
4.0000,0.0838,-0.3401
4.0000,0.0916,-0.3381
4.0000,0.0984,-0.3370
4.0000,0.1124,-0.3286
4.0000,0.1103,-0.3361
4.0000,0.1193,-0.3325
4.0000,0.1301,-0.3268
4.0000,0.1396,-0.3223
4.0000,0.1453,-0.3215
4.0000,0.1467,-0.3248
4.0000,0.1584,-0.3177
4.0000,0.1573,-0.3232
4.0000,0.1649,-0.3199
4.0000,0.1762,-0.3127
4.0000,0.1772,-0.3156
4.0000,0.1879,-0.3087
4.0000,0.1947,-0.3056
4.0000,0.1979,-0.3059
4.0000,0.2040,-0.3030
4.0000,0.2096,-0.3006
4.0000,0.2205,-0.2926
4.0000,0.2260,-0.2899
4.0000,0.2255,-0.2930
4.0000,0.2376,-0.2833
4.0000,0.2373,-0.2859
4.0000,0.2470,-0.2782
4.0000,0.2490,-0.2781
4.0000,0.2624,-0.2664
4.0000,0.2605,-0.2699
4.0000,0.2684,-0.2632
4.0000,0.2784,-0.2544
4.0000,0.2802,-0.2536
4.0000,0.2894,-0.2450
4.0000,0.2907,-0.2443
4.0000,0.2976,-0.2378
4.0000,0.3042,-0.2314
4.0000,0.3083,-0.2272
4.0000,0.3108,-0.2245
4.0000,0.3204,-0.2145
4.0000,0.3209,-0.2133
4.0000,0.3327,-0.2007
4.0000,0.3345,-0.1978
4.0000,0.3367,-0.1944
4.0000,0.3455,-0.1841
4.0000,0.3411,-0.1869
4.0000,0.3516,-0.1746
4.0000,0.3506,-0.1735
4.0000,0.3533,-0.1685
4.0000,0.3620,-0.1574
4.0000,0.3715,-0.1452
4.0000,0.3674,-0.1464
4.0000,0.3767,-0.1340
4.0000,0.3769,-0.1306
4.0000,0.3818,-0.1223
4.0000,0.3809,-0.1195
4.0000,0.3819,-0.1146
4.0000,0.3868,-0.1056
4.0000,0.3915,-0.0966
4.0000,0.3922,-0.0914
4.0000,0.3981,-0.0808
4.0000,0.3984,-0.0756
4.0000,0.4020,-0.0669
4.0000,0.4035,-0.0601
4.0000,0.4031,-0.0550
4.0000,0.4109,-0.0416
4.0000,0.4090,-0.0376
4.0000,0.4093,-0.0312
4.0000,0.4183,-0.0160
4.0000,0.4149,-0.0129
4.0000,0.4167,-0.0045
4.0000,0.4134,-0.0010
4.0000,0.4214,0.0140
4.0000,0.4157,0.0155
4.0000,0.4198,0.0270
4.0000,0.4153,0.0301
4.0000,0.4147,0.0371
4.0000,0.4251,0.0555
4.0000,0.4245,0.0630
4.0000,0.4245,0.0712
4.0000,0.4143,0.0694
4.0000,0.4186,0.0823
4.0000,0.4160,0.0885
4.0000,0.4226,0.1040
4.0000,0.4143,0.1047
4.0000,0.4108,0.1104
4.0000,0.4134,0.1225
4.0000,0.4145,0.1330
4.0000,0.4086,0.1368
4.0000,0.4108,0.1489
4.0000,0.4091,0.1571
4.0000,0.4026,0.1608
4.0000,0.4032,0.1716
4.0000,0.4056,0.1843
4.0000,0.3929,0.1821
4.0000,0.3988,0.1987
4.0000,0.3875,0.1981
4.0000,0.3911,0.2126
4.0000,0.3857,0.2181
4.0000,0.3805,0.2240
4.0000,0.3809,0.2355
4.0000,0.3806,0.2466
4.0000,0.3693,0.2467
4.0000,0.3671,0.2559
4.0000,0.3657,0.2662
4.0000,0.3569,0.2690
4.0000,0.3526,0.2765
4.0000,0.3556,0.2913
4.0000,0.3490,0.2966
4.0000,0.3452,0.3048
4.0000,0.3395,0.3111
4.0000,0.3259,0.3097
4.0000,0.3282,0.3242
4.0000,0.3198,0.3280
4.0000,0.3178,0.3382
4.0000,0.3041,0.3368
4.0000,0.3061,0.3512
4.0000,0.2986,0.3562
4.0000,0.2932,0.3631
4.0000,0.2862,0.3686
4.0000,0.2836,0.3785
4.0000,0.2675,0.3749
4.0000,0.2664,0.3863
4.0000,0.2596,0.3920
4.0000,0.2510,0.3960
4.0000,0.2427,0.4003
4.0000,0.2405,0.4105
4.0000,0.2288,0.4114
4.0000,0.2245,0.4196
4.0000,0.2133,0.4209
4.0000,0.2075,0.4276
4.0000,0.2027,0.4352
4.0000,0.1912,0.4361
4.0000,0.1873,0.4445
4.0000,0.1757,0.4453
4.0000,0.1687,0.4506
4.0000,0.1653,0.4594
4.0000,0.1570,0.4633
4.0000,0.1432,0.4616
4.0000,0.1305,0.4609
4.0000,0.1301,0.4725
4.0000,0.1189,0.4732
4.0000,0.1088,0.4749
4.0000,0.1044,0.4822
4.0000,0.0925,0.4820
4.0000,0.0824,0.4835
4.0000,0.0735,0.4860
4.0000,0.0683,0.4922
4.0000,0.0563,0.4914
4.0000,0.0469,0.4931
4.0000,0.0358,0.4930
4.0000,0.0333,0.5014
4.0000,0.0159,0.4948
4.0000,0.0108,0.5003
4.0000,-0.0051,0.4949
4.0000,-0.0057,0.5046
4.0000,-0.0185,0.5021
4.0000,-0.0291,0.5015
4.0000,-0.0370,0.5036
4.0000,-0.0520,0.4983
4.0000,-0.0615,0.4984
4.0000,-0.0698,0.4995
4.0000,-0.0711,0.5074
4.0000,-0.0881,0.4995
4.0000,-0.0956,0.5010
4.0000,-0.1081,0.4971
4.0000,-0.1184,0.4954
4.0000,-0.1223,0.4998
4.0000,-0.1334,0.4968
4.0000,-0.1388,0.4994
4.0000,-0.1570,0.4890
4.0000,-0.1659,0.4876
4.0000,-0.1679,0.4930
4.0000,-0.1850,0.4830
4.0000,-0.1910,0.4839
4.0000,-0.1971,0.4845
4.0000,-0.2080,0.4800
4.0000,-0.2203,0.4740
4.0000,-0.2326,0.4677
4.0000,-0.2363,0.4699
4.0000,-0.2473,0.4644
4.0000,-0.2538,0.4632
4.0000,-0.2656,0.4565
4.0000,-0.2726,0.4543
4.0000,-0.2858,0.4457
4.0000,-0.2955,0.4404
4.0000,-0.3024,0.4375
4.0000,-0.3102,0.4336
4.0000,-0.3197,0.4276
4.0000,-0.3316,0.4190
4.0000,-0.3332,0.4205
4.0000,-0.3498,0.4067
4.0000,-0.3539,0.4051
4.0000,-0.3640,0.3973
4.0000,-0.3655,0.3978
4.0000,-0.3812,0.3838
4.0000,-0.3862,0.3803
4.0000,-0.3948,0.3729
4.0000,-0.4018,0.3668
4.0000,-0.4083,0.3609
4.0000,-0.4130,0.3566
4.0000,-0.4232,0.3464
4.0000,-0.4268,0.3426
4.0000,-0.4408,0.3282
4.0000,-0.4436,0.3246
4.0000,-0.4476,0.3196
4.0000,-0.4624,0.3035
4.0000,-0.4694,0.2948
4.0000,-0.4709,0.2915
4.0000,-0.4816,0.2786
4.0000,-0.4829,0.2749
4.0000,-0.4906,0.2644
4.0000,-0.4935,0.2585
4.0000,-0.5025,0.2463
4.0000,-0.5120,0.2332
4.0000,-0.5132,0.2280
4.0000,-0.5200,0.2172
4.0000,-0.5186,0.2141
4.0000,-0.5315,0.1964
4.0000,-0.5272,0.1958
4.0000,-0.5356,0.1821
4.0000,-0.5436,0.1686
4.0000,-0.5460,0.1603
4.0000,-0.5445,0.1558
4.0000,-0.5559,0.1380
4.0000,-0.5511,0.1361
4.0000,-0.5640,0.1163
4.0000,-0.5650,0.1081
4.0000,-0.5659,0.0997
4.0000,-0.5653,0.0925
4.0000,-0.5756,0.0743
4.0000,-0.5678,0.0739
4.0000,-0.5700,0.0631
4.0000,-0.5818,0.0425
4.0000,-0.5794,0.0358
4.0000,-0.5844,0.0216
4.0000,-0.5789,0.0175
4.0000,-0.5830,0.0037
4.0000,-0.5868,-0.0102
4.0000,-0.5802,-0.0139
4.0000,-0.5879,-0.0320
4.0000,-0.5866,-0.0416
4.0000,-0.5831,-0.0490
4.0000,-0.5814,-0.0586
4.0000,-0.5889,-0.0775
4.0000,-0.5873,-0.0876
4.0000,-0.5801,-0.0923
4.0000,-0.5880,-0.1123
4.0000,-0.5841,-0.1207
4.0000,-0.5792,-0.1283
4.0000,-0.5761,-0.1380
4.0000,-0.5722,-0.1470
4.0000,-0.5792,-0.1671
4.0000,-0.5684,-0.1697
4.0000,-0.5674,-0.1822
4.0000,-0.5662,-0.1947
4.0000,-0.5652,-0.2076
4.0000,-0.5580,-0.2144
4.0000,-0.5544,-0.2250
4.0000,-0.5599,-0.2449
4.0000,-0.5511,-0.2506
4.0000,-0.5462,-0.2605
4.0000,-0.5482,-0.2774
4.0000,-0.5403,-0.2845
4.0000,-0.5301,-0.2894
4.0000,-0.5262,-0.3008
4.0000,-0.5270,-0.3171
4.0000,-0.5182,-0.3238
4.0000,-0.5092,-0.3305
4.0000,-0.5085,-0.3455
4.0000,-0.5013,-0.3542
4.0000,-0.4988,-0.3677
4.0000,-0.4930,-0.3780
4.0000,-0.4825,-0.3837
4.0000,-0.4828,-0.4003
4.0000,-0.4657,-0.3996
4.0000,-0.4672,-0.4175
4.0000,-0.4549,-0.4217
4.0000,-0.4541,-0.4375
4.0000,-0.4425,-0.4425
4.0000,-0.4327,-0.4494
4.0000,-0.4214,-0.4549
4.0000,-0.4168,-0.4670
4.0000,-0.4150,-0.4820
4.0000,-0.4002,-0.4840
4.0000,-0.3974,-0.4981
4.0000,-0.3794,-0.4970
4.0000,-0.3761,-0.5106
4.0000,-0.3622,-0.5136
4.0000,-0.3620,-0.5303
4.0000,-0.3479,-0.5330
4.0000,-0.3426,-0.5446
4.0000,-0.3286,-0.5475
4.0000,-0.3151,-0.5508
4.0000,-0.3135,-0.5660
4.0000,-0.2945,-0.5638
4.0000,-0.2885,-0.5745
4.0000,-0.2750,-0.5776
4.0000,-0.2677,-0.5869
4.0000,-0.2538,-0.5896
4.0000,-0.2418,-0.5941
4.0000,-0.2328,-0.6015
4.0000,-0.2186,-0.6036
4.0000,-0.2127,-0.6139
4.0000,-0.2007,-0.6180
4.0000,-0.1917,-0.6250
4.0000,-0.1766,-0.6258
4.0000,-0.1710,-0.6361
4.0000,-0.1518,-0.6326
4.0000,-0.1478,-0.6441
4.0000,-0.1314,-0.6432
4.0000,-0.1206,-0.6477
4.0000,-0.1092,-0.6514
4.0000,-0.0967,-0.6539
4.0000,-0.0810,-0.6531
4.0000,-0.0726,-0.6594
4.0000,-0.0596,-0.6609
4.0000,-0.0496,-0.6652
4.0000,-0.0369,-0.6667
4.0000,-0.0189,-0.6627
4.0000,-0.0055,-0.6631
4.0000,0.0017,-0.6695
4.0000,0.0183,-0.6662
4.0000,0.0285,-0.6692
4.0000,0.0452,-0.6655
4.0000,0.0585,-0.6650
4.0000,0.0723,-0.6638
4.0000,0.0817,-0.6666
4.0000,0.0936,-0.6669
4.0000,0.1083,-0.6640
4.0000,0.1223,-0.6615
4.0000,0.1281,-0.6671
4.0000,0.1415,-0.6649
4.0000,0.1606,-0.6566
4.0000,0.1714,-0.6563
4.0000,0.1779,-0.6602
4.0000,0.1902,-0.6579
4.0000,0.2095,-0.6484
4.0000,0.2248,-0.6426
4.0000,0.2331,-0.6434
4.0000,0.2468,-0.6386
4.0000,0.2550,-0.6390
4.0000,0.2688,-0.6336
4.0000,0.2822,-0.6282
4.0000,0.2927,-0.6254
4.0000,0.3054,-0.6201
4.0000,0.3210,-0.6116
4.0000,0.3287,-0.6107
4.0000,0.3463,-0.5995
4.0000,0.3507,-0.6013
4.0000,0.3616,-0.5963
4.0000,0.3726,-0.5907
4.0000,0.3883,-0.5801
4.0000,0.3949,-0.5784
4.0000,0.4143,-0.5635
4.0000,0.4259,-0.5560
4.0000,0.4313,-0.5544
4.0000,0.4427,-0.5465
4.0000,0.4517,-0.5406
4.0000,0.4690,-0.5261
4.0000,0.4742,-0.5233
4.0000,0.4873,-0.5122
4.0000,0.4922,-0.5090
4.0000,0.5095,-0.4931
4.0000,0.5130,-0.4906
4.0000,0.5310,-0.4733
4.0000,0.5405,-0.4640
4.0000,0.5437,-0.4608
4.0000,0.5569,-0.4471
4.0000,0.5631,-0.4401
4.0000,0.5701,-0.4320
4.0000,0.5819,-0.4186
4.0000,0.5903,-0.4083
4.0000,0.6006,-0.3957
4.0000,0.6123,-0.3814
4.0000,0.6121,-0.3786
4.0000,0.6260,-0.3614
4.0000,0.6278,-0.3558
4.0000,0.6337,-0.3458
4.0000,0.6423,-0.3329
4.0000,0.6490,-0.3213
4.0000,0.6563,-0.3089
4.0000,0.6622,-0.2974
4.0000,0.6677,-0.2860
4.0000,0.6794,-0.2681
4.0000,0.6853,-0.2555
4.0000,0.6872,-0.2467
4.0000,0.6952,-0.2314
4.0000,0.6964,-0.2225
4.0000,0.7061,-0.2048
4.0000,0.7122,-0.1903
4.0000,0.7115,-0.1823
4.0000,0.7143,-0.1704
4.0000,0.7196,-0.1557
4.0000,0.7273,-0.1382
4.0000,0.7318,-0.1237
4.0000,0.7336,-0.1115
4.0000,0.7404,-0.0939
4.0000,0.7440,-0.0792
4.0000,0.7406,-0.0712
4.0000,0.7413,-0.0588
4.0000,0.7405,-0.0475
4.0000,0.7509,-0.0247
4.0000,0.7460,-0.0170
4.0000,0.7510,0.0010
4.0000,0.7543,0.0176
4.0000,0.7534,0.0303
4.0000,0.7535,0.0443
4.0000,0.7547,0.0596
4.0000,0.7518,0.0712
4.0000,0.7491,0.0833
4.0000,0.7452,0.0944
4.0000,0.7443,0.1088
4.0000,0.7525,0.1325
4.0000,0.7516,0.1475
4.0000,0.7397,0.1517
4.0000,0.7390,0.1673
4.0000,0.7428,0.1877
4.0000,0.7428,0.2046
4.0000,0.7389,0.2177
4.0000,0.7271,0.2232
4.0000,0.7307,0.2443
4.0000,0.7279,0.2593
4.0000,0.7208,0.2702
4.0000,0.7155,0.2831
4.0000,0.7142,0.3001
4.0000,0.7022,0.3067
4.0000,0.7047,0.3279
4.0000,0.6977,0.3399
4.0000,0.6895,0.3508
4.0000,0.6805,0.3611
4.0000,0.6785,0.3786
4.0000,0.6727,0.3923
4.0000,0.6630,0.4024
4.0000,0.6555,0.4148
4.0000,0.6463,0.4257
4.0000,0.6435,0.4431
4.0000,0.6370,0.4569
4.0000,0.6280,0.4684
4.0000,0.6210,0.4819
4.0000,0.6096,0.4911
4.0000,0.5986,0.5008
4.0000,0.5893,0.5123
4.0000,0.5883,0.5323
4.0000,0.5713,0.5362
4.0000,0.5709,0.5569
4.0000,0.5548,0.5619
4.0000,0.5427,0.5709
4.0000,0.5371,0.5865
4.0000,0.5301,0.6007
4.0000,0.5201,0.6120
4.0000,0.5017,0.6148
4.0000,0.4974,0.6318
4.0000,0.4769,0.6326
4.0000,0.4659,0.6429
4.0000,0.4549,0.6531
4.0000,0.4419,0.6615
4.0000,0.4293,0.6701
4.0000,0.4220,0.6840
4.0000,0.4096,0.6927
4.0000,0.3949,0.6991
4.0000,0.3799,0.7052
4.0000,0.3668,0.7131
4.0000,0.3598,0.7270
4.0000,0.3426,0.7306
4.0000,0.3349,0.7437
4.0000,0.3170,0.7465
4.0000,0.3024,0.7524
4.0000,0.2942,0.7646
4.0000,0.2746,0.7654
4.0000,0.2582,0.7691
4.0000,0.2487,0.7797
4.0000,0.2292,0.7801
4.0000,0.2216,0.7923
4.0000,0.2067,0.7970
4.0000,0.1934,0.8032
4.0000,0.1762,0.8053
4.0000,0.1612,0.8094
4.0000,0.1492,0.8163
4.0000,0.1343,0.8201
4.0000,0.1184,0.8227
4.0000,0.0975,0.8201
4.0000,0.0785,0.8192
4.0000,0.0630,0.8216
4.0000,0.0503,0.8266
4.0000,0.0374,0.8311
4.0000,0.0223,0.8331
4.0000,0.0087,0.8365
4.0000,-0.0119,0.8325
4.0000,-0.0274,0.8334
4.0000,-0.0468,0.8302
4.0000,-0.0577,0.8351
4.0000,-0.0739,0.8345
4.0000,-0.0894,0.8343
4.0000,-0.1105,0.8282
4.0000,-0.1203,0.8330
4.0000,-0.1363,0.8314
4.0000,-0.1552,0.8266
4.0000,-0.1706,0.8249
4.0000,-0.1843,0.8247
4.0000,-0.1987,0.8234
4.0000,-0.2204,0.8144
4.0000,-0.2331,0.8142
4.0000,-0.2505,0.8089
4.0000,-0.2604,0.8107
4.0000,-0.2809,0.8015
4.0000,-0.2988,0.7947
4.0000,-0.3041,0.7999
4.0000,-0.3274,0.7870
4.0000,-0.3414,0.7829
4.0000,-0.3510,0.7828
4.0000,-0.3654,0.7775
4.0000,-0.3885,0.7631
4.0000,-0.4024,0.7575
4.0000,-0.4119,0.7560
4.0000,-0.4335,0.7419
4.0000,-0.4451,0.7375
4.0000,-0.4547,0.7346
4.0000,-0.4706,0.7251
4.0000,-0.4891,0.7125
4.0000,-0.4963,0.7108
4.0000,-0.5102,0.7021
4.0000,-0.5264,0.6905
4.0000,-0.5361,0.6850
4.0000,-0.5580,0.6669
4.0000,-0.5703,0.6580
4.0000,-0.5853,0.6460
4.0000,-0.5930,0.6407
4.0000,-0.6108,0.6250
4.0000,-0.6165,0.6209
4.0000,-0.6346,0.6040
4.0000,-0.6438,0.5956
4.0000,-0.6567,0.5830
4.0000,-0.6659,0.5736
4.0000,-0.6746,0.5644
4.0000,-0.6846,0.5534
4.0000,-0.7023,0.5342
4.0000,-0.7058,0.5288
4.0000,-0.7180,0.5142
4.0000,-0.7306,0.4989
4.0000,-0.7430,0.4831
4.0000,-0.7520,0.4704
4.0000,-0.7600,0.4583
4.0000,-0.7669,0.4468
4.0000,-0.7820,0.4266
4.0000,-0.7876,0.4156
4.0000,-0.7991,0.3982
4.0000,-0.8008,0.3901
4.0000,-0.8093,0.3747
4.0000,-0.8165,0.3603
4.0000,-0.8331,0.3361
4.0000,-0.8360,0.3250
4.0000,-0.8428,0.3097
4.0000,-0.8521,0.2914
4.0000,-0.8507,0.2834
4.0000,-0.8595,0.2648
4.0000,-0.8703,0.2437
4.0000,-0.8686,0.2347
4.0000,-0.8828,0.2094
4.0000,-0.8795,0.2011
4.0000,-0.8883,0.1804
4.0000,-0.8922,0.1641
4.0000,-0.9000,0.1436
4.0000,-0.9023,0.1281
4.0000,-0.9066,0.1103
4.0000,-0.9080,0.0950
4.0000,-0.9095,0.0791
4.0000,-0.9082,0.0656
4.0000,-0.9135,0.0452
4.0000,-0.9143,0.0290
4.0000,-0.9208,0.0067
4.0000,-0.9169,-0.0056
4.0000,-0.9194,-0.0248
4.0000,-0.9166,-0.0389
4.0000,-0.9197,-0.0593
4.0000,-0.9141,-0.0713
4.0000,-0.9149,-0.0901
4.0000,-0.9172,-0.1107
4.0000,-0.9154,-0.1275
4.0000,-0.9187,-0.1498
4.0000,-0.9147,-0.1650
4.0000,-0.9110,-0.1810
4.0000,-0.9026,-0.1924
4.0000,-0.9051,-0.2151
4.0000,-0.9021,-0.2326
4.0000,-0.8990,-0.2503
4.0000,-0.8957,-0.2679
4.0000,-0.8853,-0.2789
4.0000,-0.8812,-0.2964
4.0000,-0.8751,-0.3121
4.0000,-0.8779,-0.3370
4.0000,-0.8653,-0.3467
4.0000,-0.8655,-0.3695
4.0000,-0.8526,-0.3793
4.0000,-0.8472,-0.3969
4.0000,-0.8487,-0.4216
4.0000,-0.8353,-0.4316
4.0000,-0.8255,-0.4454
4.0000,-0.8181,-0.4617
4.0000,-0.8172,-0.4849
4.0000,-0.8036,-0.4953
4.0000,-0.7989,-0.5149
4.0000,-0.7823,-0.5228
4.0000,-0.7822,-0.5473
4.0000,-0.7677,-0.5576
4.0000,-0.7577,-0.5724
4.0000,-0.7452,-0.5849
4.0000,-0.7346,-0.5994
4.0000,-0.7279,-0.6178
4.0000,-0.7124,-0.6276
4.0000,-0.7079,-0.6485
4.0000,-0.6928,-0.6588
4.0000,-0.6828,-0.6743
4.0000,-0.6748,-0.6919
4.0000,-0.6548,-0.6975
4.0000,-0.6421,-0.7104
4.0000,-0.6292,-0.7232
4.0000,-0.6165,-0.7362
4.0000,-0.6002,-0.7456
4.0000,-0.5944,-0.7654
4.0000,-0.5814,-0.7781
4.0000,-0.5686,-0.7910
4.0000,-0.5486,-0.7966
4.0000,-0.5363,-0.8100
4.0000,-0.5187,-0.8180
4.0000,-0.5060,-0.8308
4.0000,-0.4843,-0.8345
4.0000,-0.4707,-0.8463
4.0000,-0.4631,-0.8640
4.0000,-0.4438,-0.8699
4.0000,-0.4217,-0.8729
4.0000,-0.4086,-0.8848
4.0000,-0.3987,-0.8998
4.0000,-0.3742,-0.9000
4.0000,-0.3642,-0.9146
4.0000,-0.3428,-0.9176
4.0000,-0.3220,-0.9212
4.0000,-0.3138,-0.9371
4.0000,-0.2891,-0.9364
4.0000,-0.2764,-0.9475
4.0000,-0.2519,-0.9466
4.0000,-0.2360,-0.9541
4.0000,-0.2174,-0.9587
4.0000,-0.2014,-0.9656
4.0000,-0.1856,-0.9725
4.0000,-0.1682,-0.9776
4.0000,-0.1521,-0.9838
4.0000,-0.1296,-0.9833
4.0000,-0.1165,-0.9919
4.0000,-0.0887,-0.9856
4.0000,-0.0740,-0.9922
4.0000,-0.0557,-0.9947
4.0000,-0.0325,-0.9921
4.0000,-0.0231,-1.0031
4.0000,-0.0002,-1.0002
