1.0000,0.0020,-0.0009
1.0000,0.0080,0.0032
1.0000,0.0086,0.0030
1.0000,0.0137,0.0084
1.0000,0.0117,0.0080
1.0000,0.0125,0.0116
1.0000,0.0166,0.0198
1.0000,0.0144,0.0227
1.0000,0.0115,0.0258
1.0000,0.0116,0.0330
1.0000,0.0058,0.0349
1.0000,0.0004,0.0378
1.0000,-0.0033,0.0427
1.0000,-0.0089,0.0456
1.0000,-0.0178,0.0452
1.0000,-0.0207,0.0502
1.0000,-0.0304,0.0478
1.0000,-0.0373,0.0471
1.0000,-0.0444,0.0451
1.0000,-0.0530,0.0401
1.0000,-0.0636,0.0315
1.0000,-0.0685,0.0267
1.0000,-0.0729,0.0204
1.0000,-0.0780,0.0114
1.0000,-0.0812,0.0021
1.0000,-0.0865,-0.0114
1.0000,-0.0885,-0.0237
1.0000,-0.0884,-0.0359
1.0000,-0.0822,-0.0440
1.0000,-0.0807,-0.0586
1.0000,-0.0769,-0.0723
1.0000,-0.0689,-0.0831
1.0000,-0.0599,-0.0938
1.0000,-0.0503,-0.1046
1.0000,-0.0349,-0.1098
1.0000,-0.0201,-0.1155
1.0000,-0.0099,-0.1252
1.0000,0.0088,-0.1256
1.0000,0.0260,-0.1261
1.0000,0.0435,-0.1245
1.0000,0.0567,-0.1252
1.0000,0.0770,-0.1162
1.0000,0.0924,-0.1094
1.0000,0.1072,-0.1001
1.0000,0.1202,-0.0893
1.0000,0.1350,-0.0732
1.0000,0.1452,-0.0581
1.0000,0.1568,-0.0380
1.0000,0.1624,-0.0201
1.0000,0.1661,-0.0006
1.0000,0.1698,0.0224
1.0000,0.1678,0.0430
1.0000,0.1664,0.0672
1.0000,0.1556,0.0846
1.0000,0.1485,0.1080
1.0000,0.1335,0.1252
1.0000,0.1188,0.1441
1.0000,0.1027,0.1624
1.0000,0.0852,0.1794
1.0000,0.0617,0.1901
1.0000,0.0406,0.2023
1.0000,0.0142,0.2075
1.0000,-0.0127,0.2100
1.0000,-0.0391,0.2104
1.0000,-0.0668,0.2063
1.0000,-0.0922,0.2005
1.0000,-0.1222,0.1860
1.0000,-0.1427,0.1765
1.0000,-0.1700,0.1551
1.0000,-0.1899,0.1360
1.0000,-0.2084,0.1130
1.0000,-0.2216,0.0899
1.0000,-0.2365,0.0597
1.0000,-0.2427,0.0329
1.0000,-0.2509,-0.0009
1.0000,-0.2521,-0.0325
1.0000,-0.2461,-0.0613
1.0000,-0.2429,-0.0969
1.0000,-0.2302,-0.1263
1.0000,-0.2134,-0.1544
1.0000,-0.1974,-0.1854
1.0000,-0.1739,-0.2103
1.0000,-0.1502,-0.2355
1.0000,-0.1175,-0.2517
1.0000,-0.0865,-0.2684
1.0000,-0.0544,-0.2823
1.0000,-0.0174,-0.2887
1.0000,0.0196,-0.2916
1.0000,0.0580,-0.2890
1.0000,0.0927,-0.2853
1.0000,0.1289,-0.2747
1.0000,0.1643,-0.2590
1.0000,0.1981,-0.2383
1.0000,0.2296,-0.2133
1.0000,0.2575,-0.1848
1.0000,0.2820,-0.1526
1.0000,0.2998,-0.1198
1.0000,0.3176,-0.0801
1.0000,0.3280,-0.0407
1.0000,0.3348,0.0015
1.0000,0.3333,0.0415
1.0000,0.3306,0.0859
1.0000,0.3193,0.1265
1.0000,0.3015,0.1647
1.0000,0.2848,0.2074
1.0000,0.2590,0.2433
1.0000,0.2284,0.2759
1.0000,0.1904,0.3015
1.0000,0.1528,0.3268
1.0000,0.1152,0.3506
1.0000,0.0679,0.3620
1.0000,0.0211,0.3703
1.0000,-0.0229,0.3767
1.0000,-0.0700,0.3745
1.0000,-0.1172,0.3658
1.0000,-0.1628,0.3517
1.0000,-0.2076,0.3307
1.0000,-0.2521,0.3017
1.0000,-0.2881,0.2726
1.0000,-0.3226,0.2361
1.0000,-0.3515,0.1963
1.0000,-0.3757,0.1521
1.0000,-0.3970,0.1021
1.0000,-0.4118,0.0500
1.0000,-0.4164,0.0003
1.0000,-0.4145,-0.0505
1.0000,-0.4078,-0.1030
1.0000,-0.3992,-0.1595
1.0000,-0.3783,-0.2087
1.0000,-0.3485,-0.2527
1.0000,-0.3162,-0.2968
1.0000,-0.2784,-0.3370
1.0000,-0.2359,-0.3727
1.0000,-0.1918,-0.4057
1.0000,-0.1382,-0.4271
1.0000,-0.0850,-0.4453
1.0000,-0.0302,-0.4573
1.0000,0.0276,-0.4603
1.0000,0.0849,-0.4570
1.0000,0.1465,-0.4416
1.0000,0.2010,-0.4243
1.0000,0.2535,-0.3998
1.0000,0.3038,-0.3673
1.0000,0.3506,-0.3279
1.0000,0.3885,-0.2866
1.0000,0.4266,-0.2343
1.0000,0.4571,-0.1788
1.0000,0.4777,-0.1228
1.0000,0.4925,-0.0625
1.0000,0.5020,0.0020
1.0000,0.4974,0.0611
1.0000,0.4887,0.1240
1.0000,0.4718,0.1854
1.0000,0.4522,0.2496
1.0000,0.4167,0.3024
1.0000,0.3791,0.3560
1.0000,0.3341,0.4037
1.0000,0.2802,0.4427
1.0000,0.2266,0.4805
1.0000,0.1671,0.5096
1.0000,0.1005,0.5271
1.0000,0.0365,0.5415
1.0000,-0.0348,0.5416
1.0000,-0.1011,0.5383
1.0000,-0.1697,0.5234
1.0000,-0.2332,0.5031
1.0000,-0.2974,0.4709
1.0000,-0.3589,0.4295
1.0000,-0.4086,0.3876
1.0000,-0.4571,0.3344
1.0000,-0.4991,0.2750
1.0000,-0.5312,0.2130
1.0000,-0.5600,0.1419
1.0000,-0.5754,0.0727
1.0000,-0.5847,-0.0013
1.0000,-0.5833,-0.0748
1.0000,-0.5725,-0.1477
1.0000,-0.5497,-0.2164
1.0000,-0.5236,-0.2882
1.0000,-0.4850,-0.3523
1.0000,-0.4397,-0.4129
1.0000,-0.3885,-0.4692
1.0000,-0.3267,-0.5149
1.0000,-0.2598,-0.5536
1.0000,-0.1911,-0.5870
1.0000,-0.1163,-0.6091
1.0000,-0.0406,-0.6236
1.0000,0.0409,-0.6239
1.0000,0.1205,-0.6164
1.0000,0.1942,-0.6038
1.0000,0.2688,-0.5784
1.0000,0.3440,-0.5393
1.0000,0.4123,-0.4935
1.0000,0.4734,-0.4407
1.0000,0.5285,-0.3794
1.0000,0.5740,-0.3132
1.0000,0.6096,-0.2427
1.0000,0.6402,-0.1632
1.0000,0.6607,-0.0805
1.0000,0.6655,-0.0011
1.0000,0.6626,0.0818
1.0000,0.6508,0.1661
1.0000,0.6304,0.2503
1.0000,0.5983,0.3300
1.0000,0.5542,0.4030
1.0000,0.5032,0.4727
1.0000,0.4382,0.5301
1.0000,0.3737,0.5876
1.0000,0.2985,0.6322
1.0000,0.2142,0.6637
1.0000,0.1308,0.6899
1.0000,0.0439,0.7048
1.0000,-0.0428,0.7104
1.0000,-0.1319,0.7025
1.0000,-0.2197,0.6833
1.0000,-0.3079,0.6501
1.0000,-0.3859,0.6124
1.0000,-0.4656,0.5575
1.0000,-0.5338,0.4981
1.0000,-0.5943,0.4300
1.0000,-0.6472,0.3532
1.0000,-0.6863,0.2741
1.0000,-0.7204,0.1845
1.0000,-0.7426,0.0917
1.0000,-0.7506,-0.0006
1.0000,-0.7492,-0.0962
1.0000,-0.7316,-0.1869
1.0000,-0.7045,-0.2777
1.0000,-0.6667,-0.3655
1.0000,-0.6205,-0.4509
1.0000,-0.5595,-0.5253
1.0000,-0.4919,-0.5948
1.0000,-0.4166,-0.6562
1.0000,-0.3339,-0.7076
1.0000,-0.2440,-0.7469
1.0000,-0.1449,-0.7702
1.0000,-0.0475,-0.7863
1.0000,0.0473,-0.7942
1.0000,0.1519,-0.7799
1.0000,0.2470,-0.7611
1.0000,0.3433,-0.7257
1.0000,0.4328,-0.6805
1.0000,0.5147,-0.6258
1.0000,0.5928,-0.5568
1.0000,0.6628,-0.4779
1.0000,0.7197,-0.3939
1.0000,0.7680,-0.3006
1.0000,0.7994,-0.2069
1.0000,0.8214,-0.1061
1.0000,0.8330,-0.0003
1.0000,0.8284,0.1032
1.0000,0.8160,0.2113
1.0000,0.7846,0.3110
1.0000,0.7425,0.4085
1.0000,0.6854,0.4973
1.0000,0.6224,0.5845
1.0000,0.5486,0.6626
1.0000,0.4616,0.7269
1.0000,0.3671,0.7806
1.0000,0.2666,0.8230
1.0000,0.1655,0.8571
1.0000,0.0540,0.8708
1.0000,-0.0527,0.8773
1.0000,-0.1624,0.8669
1.0000,-0.2733,0.8398
1.0000,-0.3791,0.8007
1.0000,-0.4775,0.7508
1.0000,-0.5711,0.6866
1.0000,-0.6557,0.6118
1.0000,-0.7260,0.5311
1.0000,-0.7917,0.4351
1.0000,-0.8453,0.3315
1.0000,-0.8795,0.2282
1.0000,-0.9039,0.1167
1.0000,-0.9155,0.0012
1.0000,-0.9123,-0.1149
1.0000,-0.8951,-0.2304
1.0000,-0.8614,-0.3410
1.0000,-0.8140,-0.4470
1.0000,-0.7565,-0.5500
1.0000,-0.6815,-0.6399
1.0000,-0.5982,-0.7233
1.0000,-0.5040,-0.7950
1.0000,-0.4036,-0.8571
1.0000,-0.2925,-0.9024
1.0000,-0.1793,-0.9371
1.0000,-0.0617,-0.9564
1.0000,0.0604,-0.9580
1.0000,0.1803,-0.9465
1.0000,0.2977,-0.9204
1.0000,0.4134,-0.8773
1.0000,0.5198,-0.8235
1.0000,0.6200,-0.7551
1.0000,0.7124,-0.6728
1.0000,0.7940,-0.5795
1.0000,0.8658,-0.4742
1.0000,0.9202,-0.3647
1.0000,0.9598,-0.2494
1.0000,0.9901,-0.1236
1.0000,0.9979,-0.0021
2.0000,0.0013,0.0051
2.0000,-0.0028,0.0053
2.0000,-0.0032,0.0098
2.0000,-0.0049,0.0132
2.0000,-0.0073,0.0160
2.0000,-0.0151,0.0132
2.0000,-0.0167,0.0161
2.0000,-0.0235,0.0134
2.0000,-0.0293,0.0106
2.0000,-0.0294,0.0126
2.0000,-0.0363,0.0066
2.0000,-0.0395,0.0029
2.0000,-0.0441,-0.0036
2.0000,-0.0460,-0.0089
2.0000,-0.0470,-0.0149
2.0000,-0.0503,-0.0248
2.0000,-0.0466,-0.0291
2.0000,-0.0457,-0.0377
2.0000,-0.0456,-0.0484
2.0000,-0.0407,-0.0554
2.0000,-0.0349,-0.0625
2.0000,-0.0250,-0.0662
2.0000,-0.0180,-0.0732
2.0000,-0.0097,-0.0790
2.0000,0.0013,-0.0820
2.0000,0.0122,-0.0847
2.0000,0.0230,-0.0866
2.0000,0.0317,-0.0894
2.0000,0.0476,-0.0837
2.0000,0.0572,-0.0825
2.0000,0.0698,-0.0763
2.0000,0.0824,-0.0678
2.0000,0.0939,-0.0579
2.0000,0.1043,-0.0465
2.0000,0.1084,-0.0386
2.0000,0.1198,-0.0206
2.0000,0.1210,-0.0098
2.0000,0.1255,0.0070
2.0000,0.1276,0.0242
2.0000,0.1288,0.0432
2.0000,0.1243,0.0588
2.0000,0.1207,0.0775
2.0000,0.1101,0.0910
2.0000,0.1004,0.1069
2.0000,0.0902,0.1234
2.0000,0.0754,0.1359
2.0000,0.0552,0.1432
2.0000,0.0412,0.1564
2.0000,0.0191,0.1607
2.0000,0.0020,0.1687
2.0000,-0.0213,0.1687
2.0000,-0.0452,0.1658
2.0000,-0.0634,0.1659
2.0000,-0.0858,0.1587
2.0000,-0.1078,0.1483
2.0000,-0.1297,0.1341
2.0000,-0.1454,0.1221
2.0000,-0.1614,0.1054
2.0000,-0.1788,0.0829
2.0000,-0.1881,0.0639
2.0000,-0.1972,0.0406
2.0000,-0.2064,0.0129
2.0000,-0.2112,-0.0148
2.0000,-0.2083,-0.0387
2.0000,-0.2065,-0.0674
2.0000,-0.2000,-0.0946
2.0000,-0.1898,-0.1209
2.0000,-0.1751,-0.1450
2.0000,-0.1596,-0.1699
2.0000,-0.1358,-0.1874
2.0000,-0.1135,-0.2068
2.0000,-0.0905,-0.2253
2.0000,-0.0609,-0.2361
2.0000,-0.0312,-0.2450
2.0000,0.0005,-0.2495
2.0000,0.0312,-0.2518
2.0000,0.0615,-0.2510
2.0000,0.0966,-0.2409
2.0000,0.1277,-0.2300
2.0000,0.1586,-0.2139
2.0000,0.1830,-0.1987
2.0000,0.2091,-0.1758
2.0000,0.2341,-0.1477
2.0000,0.2532,-0.1194
2.0000,0.2677,-0.0894
2.0000,0.2807,-0.0546
2.0000,0.2913,-0.0163
2.0000,0.2904,0.0161
2.0000,0.2892,0.0534
2.0000,0.2876,0.0949
2.0000,0.2760,0.1307
2.0000,0.2580,0.1634
2.0000,0.2382,0.1970
2.0000,0.2136,0.2275
2.0000,0.1882,0.2582
2.0000,0.1545,0.2808
2.0000,0.1211,0.3027
2.0000,0.0836,0.3188
2.0000,0.0436,0.3296
2.0000,-0.0012,0.3322
2.0000,-0.0443,0.3319
2.0000,-0.0834,0.3305
2.0000,-0.1254,0.3203
2.0000,-0.1649,0.3059
2.0000,-0.2045,0.2844
2.0000,-0.2439,0.2556
2.0000,-0.2727,0.2294
2.0000,-0.3042,0.1926
2.0000,-0.3262,0.1572
2.0000,-0.3498,0.1122
2.0000,-0.3655,0.0672
2.0000,-0.3743,0.0217
2.0000,-0.3742,-0.0220
2.0000,-0.3721,-0.0700
2.0000,-0.3670,-0.1209
2.0000,-0.3485,-0.1633
2.0000,-0.3269,-0.2066
2.0000,-0.3056,-0.2533
2.0000,-0.2712,-0.2888
2.0000,-0.2340,-0.3224
2.0000,-0.1945,-0.3536
2.0000,-0.1522,-0.3806
2.0000,-0.0997,-0.3948
2.0000,-0.0532,-0.4115
2.0000,0.0026,-0.4141
2.0000,0.0505,-0.4188
2.0000,0.1048,-0.4105
2.0000,0.1582,-0.3956
2.0000,0.2072,-0.3767
2.0000,0.2565,-0.3488
2.0000,0.3007,-0.3166
2.0000,0.3398,-0.2797
2.0000,0.3723,-0.2396
2.0000,0.4037,-0.1906
2.0000,0.4303,-0.1367
2.0000,0.4434,-0.0868
2.0000,0.4569,-0.0276
2.0000,0.4609,0.0307
2.0000,0.4560,0.0877
2.0000,0.4430,0.1433
2.0000,0.4275,0.2023
2.0000,0.3999,0.2538
2.0000,0.3682,0.3047
2.0000,0.3309,0.3523
2.0000,0.2830,0.3899
2.0000,0.2348,0.4268
2.0000,0.1780,0.4532
2.0000,0.1251,0.4803
2.0000,0.0620,0.4925
2.0000,0.0007,0.5007
2.0000,-0.0607,0.5018
2.0000,-0.1243,0.4925
2.0000,-0.1879,0.4740
2.0000,-0.2449,0.4522
2.0000,-0.3047,0.4169
2.0000,-0.3576,0.3774
2.0000,-0.4052,0.3316
2.0000,-0.4448,0.2820
2.0000,-0.4799,0.2253
2.0000,-0.5062,0.1659
2.0000,-0.5277,0.1000
2.0000,-0.5400,0.0329
2.0000,-0.5434,-0.0353
2.0000,-0.5367,-0.1021
2.0000,-0.5237,-0.1705
2.0000,-0.4984,-0.2333
2.0000,-0.4692,-0.2974
2.0000,-0.4335,-0.3590
2.0000,-0.3830,-0.4080
2.0000,-0.3354,-0.4608
2.0000,-0.2727,-0.4976
2.0000,-0.2125,-0.5345
2.0000,-0.1432,-0.5584
2.0000,-0.0748,-0.5776
2.0000,0.0017,-0.5816
2.0000,0.0760,-0.5796
2.0000,0.1474,-0.5708
2.0000,0.2172,-0.5529
2.0000,0.2879,-0.5224
2.0000,0.3523,-0.4858
2.0000,0.4155,-0.4373
2.0000,0.4672,-0.3870
2.0000,0.5142,-0.3277
2.0000,0.5565,-0.2596
2.0000,0.5857,-0.1913
2.0000,0.6097,-0.1155
2.0000,0.6240,-0.0373
2.0000,0.6277,0.0416
2.0000,0.6210,0.1202
2.0000,0.6005,0.1939
2.0000,0.5754,0.2704
2.0000,0.5379,0.3405
2.0000,0.4975,0.4119
2.0000,0.4440,0.4727
2.0000,0.3797,0.5235
2.0000,0.3163,0.5741
2.0000,0.2404,0.6092
2.0000,0.1630,0.6381
2.0000,0.0830,0.6579
2.0000,-0.0016,0.6651
2.0000,-0.0824,0.6663
2.0000,-0.1699,0.6497
2.0000,-0.2487,0.6295
2.0000,-0.3301,0.5934
2.0000,-0.4023,0.5522
2.0000,-0.4708,0.4998
2.0000,-0.5290,0.4425
2.0000,-0.5866,0.3703
2.0000,-0.6299,0.2971
2.0000,-0.6646,0.2175
2.0000,-0.6913,0.1314
2.0000,-0.7056,0.0440
2.0000,-0.7112,-0.0472
2.0000,-0.7015,-0.1344
2.0000,-0.6804,-0.2203
2.0000,-0.6516,-0.3067
2.0000,-0.6084,-0.3852
2.0000,-0.5574,-0.4607
2.0000,-0.4988,-0.5312
2.0000,-0.4288,-0.5910
2.0000,-0.3568,-0.6474
2.0000,-0.2746,-0.6903
2.0000,-0.1868,-0.7219
2.0000,-0.0910,-0.7382
2.0000,0.0009,-0.7491
2.0000,0.0921,-0.7497
2.0000,0.1874,-0.7336
2.0000,0.2824,-0.7040
2.0000,0.3703,-0.6663
2.0000,0.4496,-0.6213
2.0000,0.5276,-0.5608
2.0000,0.5939,-0.4949
2.0000,0.6566,-0.4154
2.0000,0.7073,-0.3306
2.0000,0.7472,-0.2399
2.0000,0.7734,-0.1467
2.0000,0.7896,-0.0484
2.0000,0.7911,0.0492
2.0000,0.7816,0.1483
2.0000,0.7626,0.2489
2.0000,0.7263,0.3415
2.0000,0.6803,0.4314
2.0000,0.6252,0.5174
2.0000,0.5555,0.5916
2.0000,0.4782,0.6589
2.0000,0.3940,0.7175
2.0000,0.3055,0.7679
2.0000,0.2075,0.8026
2.0000,0.1024,0.8219
2.0000,-0.0017,0.8316
2.0000,-0.1074,0.8275
2.0000,-0.2063,0.8163
2.0000,-0.3115,0.7830
2.0000,-0.4084,0.7414
2.0000,-0.5004,0.6869
2.0000,-0.5842,0.6220
2.0000,-0.6621,0.5440
2.0000,-0.7257,0.4612
2.0000,-0.7836,0.3651
2.0000,-0.8244,0.2676
2.0000,-0.8555,0.1621
2.0000,-0.8742,0.0523
2.0000,-0.8733,-0.0535
2.0000,-0.8671,-0.1675
2.0000,-0.8420,-0.2749
2.0000,-0.8012,-0.3765
2.0000,-0.7532,-0.4786
2.0000,-0.6883,-0.5694
2.0000,-0.6116,-0.6514
2.0000,-0.5304,-0.7296
2.0000,-0.4344,-0.7908
2.0000,-0.3322,-0.8414
2.0000,-0.2279,-0.8830
2.0000,-0.1142,-0.9059
2.0000,-0.0020,-0.9186
2.0000,0.1128,-0.9152
2.0000,0.2285,-0.8954
2.0000,0.3401,-0.8626
2.0000,0.4485,-0.8145
2.0000,0.5510,-0.7527
2.0000,0.6411,-0.6829
2.0000,0.7230,-0.6005
2.0000,0.7954,-0.5066
2.0000,0.8556,-0.4040
2.0000,0.9052,-0.2919
2.0000,0.9341,-0.1810
2.0000,0.9569,-0.0579
2.0000,0.9581,0.0602
2.0000,0.9458,0.1801
2.0000,0.9188,0.2982
2.0000,0.8751,0.4104
2.0000,0.8194,0.5191
2.0000,0.7521,0.6221
2.0000,0.6685,0.7121
2.0000,0.5796,0.7971
2.0000,0.4733,0.8626
2.0000,0.3644,0.9204
2.0000,0.2450,0.9601
2.0000,0.1225,0.9864
2.0000,-0.0025,0.9975
3.0000,-0.0015,0.0013
3.0000,-0.0072,-0.0024
3.0000,-0.0068,-0.0012
3.0000,-0.0125,-0.0072
3.0000,-0.0123,-0.0086
3.0000,-0.0123,-0.0114
3.0000,-0.0159,-0.0190
3.0000,-0.0137,-0.0219
3.0000,-0.0137,-0.0281
3.0000,-0.0118,-0.0332
3.0000,-0.0070,-0.0362
3.0000,-0.0026,-0.0400
3.0000,0.0002,-0.0458
3.0000,0.0093,-0.0453
3.0000,0.0174,-0.0456
3.0000,0.0244,-0.0466
3.0000,0.0308,-0.0474
3.0000,0.0391,-0.0454
3.0000,0.0470,-0.0425
3.0000,0.0551,-0.0380
3.0000,0.0629,-0.0321
3.0000,0.0708,-0.0244
3.0000,0.0736,-0.0197
3.0000,0.0786,-0.0108
3.0000,0.0824,-0.0009
3.0000,0.0860,0.0109
3.0000,0.0878,0.0230
3.0000,0.0879,0.0355
3.0000,0.0863,0.0482
3.0000,0.0785,0.0563
3.0000,0.0760,0.0714
3.0000,0.0657,0.0799
3.0000,0.0586,0.0926
3.0000,0.0476,0.1019
3.0000,0.0362,0.1112
3.0000,0.0204,0.1158
3.0000,0.0075,0.1229
3.0000,-0.0078,0.1265
3.0000,-0.0262,0.1259
3.0000,-0.0394,0.1287
3.0000,-0.0562,0.1256
3.0000,-0.0750,0.1182
3.0000,-0.0937,0.1081
3.0000,-0.1055,0.1018
3.0000,-0.1233,0.0862
3.0000,-0.1364,0.0719
3.0000,-0.1458,0.0575
3.0000,-0.1576,0.0372
3.0000,-0.1614,0.0211
3.0000,-0.1640,0.0026
3.0000,-0.1704,-0.0230
3.0000,-0.1672,-0.0424
3.0000,-0.1651,-0.0659
3.0000,-0.1576,-0.0866
3.0000,-0.1505,-0.1100
3.0000,-0.1381,-0.1299
3.0000,-0.1187,-0.1440
3.0000,-0.1049,-0.1646
3.0000,-0.0821,-0.1763
3.0000,-0.0617,-0.1901
3.0000,-0.0383,-0.1999
3.0000,-0.0114,-0.2046
3.0000,0.0109,-0.2119
3.0000,0.0393,-0.2102
3.0000,0.0672,-0.2058
3.0000,0.0918,-0.2009
3.0000,0.1197,-0.1885
3.0000,0.1431,-0.1761
3.0000,0.1681,-0.1570
3.0000,0.1874,-0.1385
3.0000,0.2084,-0.1130
3.0000,0.2238,-0.0877
3.0000,0.2382,-0.0580
3.0000,0.2456,-0.0300
3.0000,0.2516,0.0016
3.0000,0.2521,0.0325
3.0000,0.2479,0.0631
3.0000,0.2410,0.0950
3.0000,0.2327,0.1288
3.0000,0.2143,0.1553
3.0000,0.1970,0.1850
3.0000,0.1718,0.2082
3.0000,0.1476,0.2329
3.0000,0.1188,0.2529
3.0000,0.0883,0.2702
3.0000,0.0545,0.2824
3.0000,0.0198,0.2910
3.0000,-0.0204,0.2907
3.0000,-0.0540,0.2930
3.0000,-0.0916,0.2864
3.0000,-0.1277,0.2759
3.0000,-0.1638,0.2595
3.0000,-0.1989,0.2376
3.0000,-0.2295,0.2134
3.0000,-0.2581,0.1843
3.0000,-0.2818,0.1528
3.0000,-0.2981,0.1216
3.0000,-0.3151,0.0825
3.0000,-0.3262,0.0425
3.0000,-0.3326,0.0007
3.0000,-0.3329,-0.0411
3.0000,-0.3315,-0.0867
3.0000,-0.3204,-0.1276
3.0000,-0.3040,-0.1672
3.0000,-0.2817,-0.2043
3.0000,-0.2568,-0.2411
3.0000,-0.2271,-0.2746
3.0000,-0.1931,-0.3042
3.0000,-0.1560,-0.3300
3.0000,-0.1107,-0.3461
3.0000,-0.0700,-0.3641
3.0000,-0.0239,-0.3730
3.0000,0.0258,-0.3738
3.0000,0.0736,-0.3709
3.0000,0.1209,-0.3621
3.0000,0.1625,-0.3520
3.0000,0.2103,-0.3280
3.0000,0.2521,-0.3017
3.0000,0.2888,-0.2719
3.0000,0.3248,-0.2339
3.0000,0.3557,-0.1920
3.0000,0.3794,-0.1484
3.0000,0.3984,-0.1007
3.0000,0.4121,-0.0498
3.0000,0.4182,0.0016
3.0000,0.4152,0.0512
3.0000,0.4091,0.1043
3.0000,0.3958,0.1561
3.0000,0.3793,0.2096
3.0000,0.3489,0.2530
3.0000,0.3204,0.3010
3.0000,0.2785,0.3370
3.0000,0.2371,0.3739
3.0000,0.1892,0.4032
3.0000,0.1412,0.4301
3.0000,0.0832,0.4436
3.0000,0.0310,0.4581
3.0000,-0.0285,0.4595
3.0000,-0.0856,0.4564
3.0000,-0.1450,0.4430
3.0000,-0.1979,0.4275
3.0000,-0.2542,0.3991
3.0000,-0.3050,0.3661
3.0000,-0.3516,0.3269
3.0000,-0.3899,0.2853
3.0000,-0.4251,0.2358
3.0000,-0.4558,0.1802
3.0000,-0.4783,0.1222
3.0000,-0.4912,0.0638
3.0000,-0.4976,0.0024
3.0000,-0.4974,-0.0611
3.0000,-0.4890,-0.1242
3.0000,-0.4728,-0.1863
3.0000,-0.4501,-0.2475
3.0000,-0.4197,-0.3054
3.0000,-0.3801,-0.3571
3.0000,-0.3322,-0.4019
3.0000,-0.2823,-0.4447
3.0000,-0.2252,-0.4791
3.0000,-0.1629,-0.5053
3.0000,-0.1028,-0.5294
3.0000,-0.0354,-0.5404
3.0000,0.0318,-0.5446
3.0000,0.1034,-0.5360
3.0000,0.1678,-0.5252
3.0000,0.2344,-0.5019
3.0000,0.3006,-0.4677
3.0000,0.3593,-0.4291
3.0000,0.4085,-0.3877
3.0000,0.4558,-0.3357
3.0000,0.4990,-0.2751
3.0000,0.5313,-0.2128
3.0000,0.5584,-0.1435
3.0000,0.5776,-0.0705
3.0000,0.5813,-0.0020
3.0000,0.5836,0.0751
3.0000,0.5716,0.1468
3.0000,0.5518,0.2186
3.0000,0.5250,0.2896
3.0000,0.4877,0.3550
3.0000,0.4393,0.4125
3.0000,0.3844,0.4651
3.0000,0.3245,0.5127
3.0000,0.2621,0.5559
3.0000,0.1924,0.5884
3.0000,0.1138,0.6066
3.0000,0.0390,0.6220
3.0000,-0.0415,0.6233
3.0000,-0.1194,0.6175
3.0000,-0.1983,0.5998
3.0000,-0.2697,0.5775
3.0000,-0.3430,0.5402
3.0000,-0.4084,0.4974
3.0000,-0.4737,0.4404
3.0000,-0.5274,0.3805
3.0000,-0.5723,0.3150
3.0000,-0.6094,0.2429
3.0000,-0.6395,0.1639
3.0000,-0.6589,0.0823
3.0000,-0.6683,-0.0016
3.0000,-0.6667,-0.0859
3.0000,-0.6541,-0.1694
3.0000,-0.6313,-0.2512
3.0000,-0.5954,-0.3271
3.0000,-0.5541,-0.4029
3.0000,-0.5019,-0.4714
3.0000,-0.4374,-0.5292
3.0000,-0.3741,-0.5880
3.0000,-0.2961,-0.6299
3.0000,-0.2175,-0.6669
3.0000,-0.1307,-0.6898
3.0000,-0.0454,-0.7063
3.0000,0.0429,-0.7103
3.0000,0.1318,-0.7026
3.0000,0.2198,-0.6833
3.0000,0.3050,-0.6530
3.0000,0.3863,-0.6121
3.0000,0.4642,-0.5589
3.0000,0.5304,-0.5015
3.0000,0.5924,-0.4320
3.0000,0.6457,-0.3548
3.0000,0.6862,-0.2743
3.0000,0.7209,-0.1839
3.0000,0.7415,-0.0929
3.0000,0.7500,-0.0000
3.0000,0.7461,0.0932
3.0000,0.7310,0.1863
3.0000,0.7046,0.2777
3.0000,0.6681,0.3669
3.0000,0.6195,0.4499
3.0000,0.5632,0.5290
3.0000,0.4907,0.5936
3.0000,0.4151,0.6547
3.0000,0.3326,0.7062
3.0000,0.2441,0.7471
3.0000,0.1454,0.7707
3.0000,0.0505,0.7893
3.0000,-0.0504,0.7912
3.0000,-0.1491,0.7828
3.0000,-0.2459,0.7621
3.0000,-0.3404,0.7286
3.0000,-0.4323,0.6810
3.0000,-0.5146,0.6258
3.0000,-0.5955,0.5542
3.0000,-0.6615,0.4792
3.0000,-0.7168,0.3968
3.0000,-0.7638,0.3049
3.0000,-0.8001,0.2062
3.0000,-0.8229,0.1046
3.0000,-0.8328,0.0006
3.0000,-0.8326,-0.1074
3.0000,-0.8145,-0.2098
3.0000,-0.7858,-0.3122
3.0000,-0.7420,-0.4079
3.0000,-0.6900,-0.5019
3.0000,-0.6242,-0.5863
3.0000,-0.5443,-0.6583
3.0000,-0.4602,-0.7255
3.0000,-0.3661,-0.7797
3.0000,-0.2696,-0.8261
3.0000,-0.1654,-0.8569
3.0000,-0.0562,-0.8730
3.0000,0.0526,-0.8774
3.0000,0.1657,-0.8636
3.0000,0.2725,-0.8406
3.0000,0.3752,-0.8046
3.0000,0.4762,-0.7521
3.0000,0.5702,-0.6875
3.0000,0.6510,-0.6165
3.0000,0.7306,-0.5265
3.0000,0.7935,-0.4333
3.0000,0.8434,-0.3334
3.0000,0.8789,-0.2288
3.0000,0.9038,-0.1168
3.0000,0.9156,-0.0011
3.0000,0.9108,0.1133
3.0000,0.8931,0.2284
3.0000,0.8617,0.3413
3.0000,0.8139,0.4470
3.0000,0.7564,0.5499
3.0000,0.6849,0.6433
3.0000,0.5985,0.7236
3.0000,0.5056,0.7966
3.0000,0.4038,0.8573
3.0000,0.2953,0.9052
3.0000,0.1761,0.9339
3.0000,0.0583,0.9530
3.0000,-0.0607,0.9577
3.0000,-0.1784,0.9484
3.0000,-0.2976,0.9205
3.0000,-0.4121,0.8786
3.0000,-0.5218,0.8216
3.0000,-0.6226,0.7525
3.0000,-0.7132,0.6720
3.0000,-0.7979,0.5756
3.0000,-0.8645,0.4754
3.0000,-0.9187,0.3663
3.0000,-0.9636,0.2455
3.0000,-0.9873,0.1265
3.0000,-1.0004,-0.0004
4.0000,0.0009,-0.0028
4.0000,0.0016,-0.0065
4.0000,0.0046,-0.0084
4.0000,0.0047,-0.0134
4.0000,0.0121,-0.0112
4.0000,0.0124,-0.0159
4.0000,0.0156,-0.0172
4.0000,0.0210,-0.0158
4.0000,0.0260,-0.0139
4.0000,0.0330,-0.0090
4.0000,0.0364,-0.0065
4.0000,0.0405,-0.0019
4.0000,0.0417,0.0012
4.0000,0.0471,0.0100
4.0000,0.0470,0.0149
4.0000,0.0507,0.0251
4.0000,0.0469,0.0294
4.0000,0.0481,0.0401
4.0000,0.0435,0.0463
4.0000,0.0394,0.0541
4.0000,0.0353,0.0629
4.0000,0.0277,0.0689
4.0000,0.0203,0.0755
4.0000,0.0100,0.0794
4.0000,0.0010,0.0843
4.0000,-0.0109,0.0860
4.0000,-0.0243,0.0852
4.0000,-0.0321,0.0890
4.0000,-0.0491,0.0821
4.0000,-0.0562,0.0835
4.0000,-0.0724,0.0736
4.0000,-0.0840,0.0661
4.0000,-0.0953,0.0565
4.0000,-0.1018,0.0490
4.0000,-0.1093,0.0377
4.0000,-0.1202,0.0201
4.0000,-0.1235,0.0074
4.0000,-0.1244,-0.0059
4.0000,-0.1264,-0.0230
4.0000,-0.1247,-0.0390
4.0000,-0.1228,-0.0573
4.0000,-0.1197,-0.0765
4.0000,-0.1081,-0.0890
4.0000,-0.1008,-0.1073
4.0000,-0.0877,-0.1209
4.0000,-0.0714,-0.1319
4.0000,-0.0556,-0.1436
4.0000,-0.0397,-0.1548
4.0000,-0.0199,-0.1614
4.0000,0.0022,-0.1644
4.0000,0.0206,-0.1693
4.0000,0.0439,-0.1671
4.0000,0.0656,-0.1637
4.0000,0.0882,-0.1563
4.0000,0.1077,-0.1484
4.0000,0.1289,-0.1349
4.0000,0.1469,-0.1206
4.0000,0.1614,-0.1054
4.0000,0.1757,-0.0860
4.0000,0.1919,-0.0601
4.0000,0.2014,-0.0364
4.0000,0.2067,-0.0125
4.0000,0.2074,0.0110
4.0000,0.2088,0.0392
4.0000,0.2075,0.0684
4.0000,0.1995,0.0941
4.0000,0.1900,0.1211
4.0000,0.1738,0.1436
4.0000,0.1549,0.1651
4.0000,0.1352,0.1868
4.0000,0.1160,0.2094
4.0000,0.0897,0.2245
4.0000,0.0628,0.2380
4.0000,0.0299,0.2437
4.0000,0.0020,0.2520
4.0000,-0.0338,0.2493
4.0000,-0.0617,0.2507
4.0000,-0.0939,0.2436
4.0000,-0.1292,0.2284
4.0000,-0.1569,0.2156
4.0000,-0.1861,0.1955
4.0000,-0.2084,0.1765
4.0000,-0.2341,0.1478
4.0000,-0.2518,0.1208
4.0000,-0.2685,0.0886
4.0000,-0.2806,0.0547
4.0000,-0.2902,0.0175
4.0000,-0.2947,-0.0204
4.0000,-0.2908,-0.0550
4.0000,-0.2853,-0.0927
4.0000,-0.2771,-0.1318
4.0000,-0.2606,-0.1660
4.0000,-0.2400,-0.1987
4.0000,-0.2148,-0.2287
4.0000,-0.1879,-0.2580
4.0000,-0.1544,-0.2806
4.0000,-0.1179,-0.2995
4.0000,-0.0800,-0.3152
4.0000,-0.0415,-0.3276
4.0000,0.0010,-0.3324
4.0000,0.0408,-0.3354
4.0000,0.0825,-0.3314
4.0000,0.1289,-0.3167
4.0000,0.1679,-0.3029
4.0000,0.2047,-0.2842
4.0000,0.2439,-0.2555
4.0000,0.2734,-0.2287
4.0000,0.3040,-0.1928
4.0000,0.3296,-0.1538
4.0000,0.3482,-0.1138
4.0000,0.3619,-0.0709
4.0000,0.3748,-0.0212
4.0000,0.3784,0.0261
4.0000,0.3742,0.0721
4.0000,0.3624,0.1163
4.0000,0.3505,0.1652
4.0000,0.3295,0.2092
4.0000,0.3007,0.2483
4.0000,0.2741,0.2917
4.0000,0.2328,0.3213
4.0000,0.1954,0.3545
4.0000,0.1480,0.3764
4.0000,0.1027,0.3978
4.0000,0.0533,0.4116
4.0000,0.0013,0.4180
4.0000,-0.0500,0.4193
4.0000,-0.1052,0.4101
4.0000,-0.1562,0.3976
4.0000,-0.2081,0.3758
4.0000,-0.2521,0.3532
4.0000,-0.2999,0.3173
4.0000,-0.3368,0.2827
4.0000,-0.3754,0.2364
4.0000,-0.4037,0.1906
4.0000,-0.4267,0.1404
4.0000,-0.4478,0.0824
4.0000,-0.4582,0.0262
4.0000,-0.4617,-0.0315
4.0000,-0.4540,-0.0857
4.0000,-0.4439,-0.1443
4.0000,-0.4276,-0.2024
4.0000,-0.3992,-0.2532
4.0000,-0.3669,-0.3035
4.0000,-0.3303,-0.3516
4.0000,-0.2862,-0.3931
4.0000,-0.2352,-0.4273
4.0000,-0.1804,-0.4557
4.0000,-0.1230,-0.4781
4.0000,-0.0635,-0.4940
4.0000,-0.0002,-0.5002
4.0000,0.0607,-0.5018
4.0000,0.1285,-0.4883
4.0000,0.1855,-0.4764
4.0000,0.2491,-0.4480
4.0000,0.3013,-0.4204
4.0000,0.3568,-0.3782
4.0000,0.4031,-0.3337
4.0000,0.4438,-0.2831
4.0000,0.4775,-0.2277
4.0000,0.5062,-0.1658
4.0000,0.5277,-0.1000
4.0000,0.5368,-0.0360
4.0000,0.5407,0.0325
4.0000,0.5367,0.1021
4.0000,0.5225,0.1694
4.0000,0.5029,0.2378
4.0000,0.4694,0.2977
4.0000,0.4313,0.3568
4.0000,0.3861,0.4111
4.0000,0.3325,0.4579
4.0000,0.2723,0.4972
4.0000,0.2122,0.5342
4.0000,0.1450,0.5602
4.0000,0.0721,0.5748
4.0000,0.0015,0.5849
4.0000,-0.0737,0.5819
4.0000,-0.1479,0.5703
4.0000,-0.2176,0.5525
4.0000,-0.2861,0.5242
4.0000,-0.3535,0.4846
4.0000,-0.4114,0.4414
4.0000,-0.4697,0.3844
4.0000,-0.5175,0.3243
4.0000,-0.5527,0.2634
4.0000,-0.5879,0.1892
4.0000,-0.6110,0.1142
4.0000,-0.6197,0.0415
4.0000,-0.6231,-0.0370
4.0000,-0.6188,-0.1180
4.0000,-0.6047,-0.1980
4.0000,-0.5741,-0.2692
4.0000,-0.5398,-0.3424
4.0000,-0.4964,-0.4108
4.0000,-0.4421,-0.4708
4.0000,-0.3826,-0.5264
4.0000,-0.3139,-0.5716
4.0000,-0.2436,-0.6124
4.0000,-0.1660,-0.6411
4.0000,-0.0851,-0.6601
4.0000,0.0002,-0.6665
4.0000,0.0840,-0.6647
4.0000,0.1651,-0.6545
4.0000,0.2497,-0.6285
4.0000,0.3277,-0.5958
4.0000,0.4036,-0.5509
4.0000,0.4723,-0.4983
4.0000,0.5343,-0.4372
4.0000,0.5873,-0.3696
4.0000,0.6285,-0.2985
4.0000,0.6672,-0.2149
4.0000,0.6897,-0.1330
4.0000,0.7044,-0.0452
4.0000,0.7095,0.0455
4.0000,0.7004,0.1333
4.0000,0.6838,0.2237
4.0000,0.6514,0.3065
4.0000,0.6093,0.3862
4.0000,0.5613,0.4646
4.0000,0.4988,0.5312
4.0000,0.4337,0.5959
4.0000,0.3541,0.6448
4.0000,0.2748,0.6904
4.0000,0.1858,0.7209
4.0000,0.0948,0.7420
4.0000,0.0007,0.7507
4.0000,-0.0962,0.7456
4.0000,-0.1878,0.7332
4.0000,-0.2788,0.7076
4.0000,-0.3692,0.6675
4.0000,-0.4484,0.6225
4.0000,-0.5272,0.5612
4.0000,-0.5966,0.4922
4.0000,-0.6531,0.4188
4.0000,-0.7038,0.3340
4.0000,-0.7474,0.2397
4.0000,-0.7729,0.1473
4.0000,-0.7871,0.0510
4.0000,-0.7929,-0.0509
4.0000,-0.7800,-0.1467
4.0000,-0.7611,-0.2475
4.0000,-0.7253,-0.3405
4.0000,-0.6824,-0.4335
4.0000,-0.6238,-0.5160
4.0000,-0.5548,-0.5909
4.0000,-0.4812,-0.6618
4.0000,-0.3970,-0.7206
4.0000,-0.3039,-0.7663
4.0000,-0.2046,-0.7997
4.0000,-0.1014,-0.8208
4.0000,0.0018,-0.8315
4.0000,0.1028,-0.8322
4.0000,0.2063,-0.8162
4.0000,0.3130,-0.7816
4.0000,0.4078,-0.7421
4.0000,0.4990,-0.6883
4.0000,0.5841,-0.6221
4.0000,0.6607,-0.5454
4.0000,0.7238,-0.4631
4.0000,0.7813,-0.3674
4.0000,0.8258,-0.2663
4.0000,0.8522,-0.1654
4.0000,0.8725,-0.0539
4.0000,0.8742,0.0543
4.0000,0.8660,0.1665
4.0000,0.8389,0.2718
4.0000,0.8034,0.3786
4.0000,0.7520,0.4774
4.0000,0.6891,0.5702
4.0000,0.6162,0.6561
4.0000,0.5275,0.7266
4.0000,0.4338,0.7902
4.0000,0.3355,0.8448
4.0000,0.2285,0.8836
4.0000,0.1138,0.9055
4.0000,0.0008,0.9175
4.0000,-0.1163,0.9118
4.0000,-0.2279,0.8960
4.0000,-0.3395,0.8632
4.0000,-0.4489,0.8141
4.0000,-0.5466,0.7570
4.0000,-0.6438,0.6802
4.0000,-0.7237,0.5998
4.0000,-0.7983,0.5036
4.0000,-0.8569,0.4028
4.0000,-0.9049,0.2922
4.0000,-0.9390,0.1761
4.0000,-0.9524,0.0624
4.0000,-0.9578,-0.0600
4.0000,-0.9448,-0.1791
4.0000,-0.9178,-0.2972
4.0000,-0.8796,-0.4150
4.0000,-0.8239,-0.5236
4.0000,-0.7537,-0.6237
4.0000,-0.6729,-0.7164
4.0000,-0.5777,-0.7953
4.0000,-0.4740,-0.8633
4.0000,-0.3665,-0.9226
4.0000,-0.2457,-0.9608
4.0000,-0.1273,-0.9912
4.0000,0.0007,-0.9993
