1.0000,-0.0107,-0.0139
1.0000,0.0066,0.0006
1.0000,-0.0021,-0.0107
1.0000,0.0210,0.0101
1.0000,0.0186,0.0058
1.0000,0.0065,-0.0079
1.0000,0.0278,0.0122
1.0000,0.0399,0.0235
1.0000,0.0191,0.0022
1.0000,0.0210,0.0041
1.0000,0.0190,0.0025
1.0000,0.0431,0.0273
1.0000,0.0307,0.0161
1.0000,0.0423,0.0293
1.0000,0.0431,0.0320
1.0000,0.0330,0.0243
1.0000,0.0520,0.0461
1.0000,0.0581,0.0555
1.0000,0.0331,0.0340
1.0000,0.0379,0.0428
1.0000,0.0350,0.0443
1.0000,0.0390,0.0531
1.0000,0.0582,0.0774
1.0000,0.0280,0.0527
1.0000,0.0536,0.0841
1.0000,0.0349,0.0716
1.0000,0.0342,0.0773
1.0000,0.0275,0.0774
1.0000,0.0300,0.0869
1.0000,0.0209,0.0851
1.0000,0.0396,0.1114
1.0000,0.0158,0.0952
1.0000,0.0131,0.1005
1.0000,0.0243,0.1198
1.0000,0.0237,0.1275
1.0000,0.0112,0.1234
1.0000,0.0100,0.1307
1.0000,-0.0009,0.1284
1.0000,0.0006,0.1385
1.0000,-0.0262,0.1203
1.0000,-0.0116,0.1436
1.0000,-0.0119,0.1519
1.0000,-0.0458,0.1265
1.0000,-0.0301,0.1506
1.0000,-0.0425,0.1466
1.0000,-0.0677,0.1294
1.0000,-0.0621,0.1430
1.0000,-0.0752,0.1377
1.0000,-0.0819,0.1385
1.0000,-0.0982,0.1294
1.0000,-0.0774,0.1573
1.0000,-0.0994,0.1419
1.0000,-0.0968,0.1508
1.0000,-0.1300,0.1235
1.0000,-0.1145,0.1444
1.0000,-0.1363,0.1277
1.0000,-0.1262,0.1423
1.0000,-0.1430,0.1297
1.0000,-0.1464,0.1299
1.0000,-0.1732,0.1062
1.0000,-0.1714,0.1105
1.0000,-0.1884,0.0954
1.0000,-0.1818,0.1034
1.0000,-0.1838,0.1021
1.0000,-0.2012,0.0848
1.0000,-0.2152,0.0703
1.0000,-0.2166,0.0677
1.0000,-0.2034,0.0791
1.0000,-0.2252,0.0548
1.0000,-0.2434,0.0334
1.0000,-0.2426,0.0302
1.0000,-0.2348,0.0334
1.0000,-0.2370,0.0258
1.0000,-0.2464,0.0104
1.0000,-0.2649,-0.0149
1.0000,-0.2600,-0.0175
1.0000,-0.2483,-0.0140
1.0000,-0.2603,-0.0349
1.0000,-0.2633,-0.0476
1.0000,-0.2481,-0.0427
1.0000,-0.2632,-0.0689
1.0000,-0.2551,-0.0724
1.0000,-0.2559,-0.0856
1.0000,-0.2564,-0.0991
1.0000,-0.2557,-0.1121
1.0000,-0.2554,-0.1261
1.0000,-0.2409,-0.1265
1.0000,-0.2458,-0.1469
1.0000,-0.2322,-0.1493
1.0000,-0.2462,-0.1799
1.0000,-0.2414,-0.1921
1.0000,-0.2451,-0.2133
1.0000,-0.2415,-0.2278
1.0000,-0.2193,-0.2239
1.0000,-0.2200,-0.2434
1.0000,-0.1899,-0.2325
1.0000,-0.2080,-0.2701
1.0000,-0.1899,-0.2717
1.0000,-0.1768,-0.2786
1.0000,-0.1768,-0.2988
1.0000,-0.1585,-0.3009
1.0000,-0.1341,-0.2970
1.0000,-0.1268,-0.3103
1.0000,-0.1323,-0.3364
1.0000,-0.0965,-0.3212
1.0000,-0.0882,-0.3335
1.0000,-0.0936,-0.3594
1.0000,-0.0805,-0.3667
1.0000,-0.0464,-0.3528
1.0000,-0.0481,-0.3744
1.0000,-0.0263,-0.3723
1.0000,-0.0066,-0.3720
1.0000,-0.0061,-0.3906
1.0000,0.0158,-0.3873
1.0000,0.0292,-0.3921
1.0000,0.0716,-0.3674
1.0000,0.0665,-0.3897
1.0000,0.0759,-0.3969
1.0000,0.0926,-0.3961
1.0000,0.1154,-0.3887
1.0000,0.1371,-0.3815
1.0000,0.1537,-0.3788
1.0000,0.1767,-0.3688
1.0000,0.1974,-0.3604
1.0000,0.2025,-0.3667
1.0000,0.2318,-0.3478
1.0000,0.2395,-0.3498
1.0000,0.2595,-0.3383
1.0000,0.2726,-0.3328
1.0000,0.2846,-0.3274
1.0000,0.3039,-0.3136
1.0000,0.3211,-0.3009
1.0000,0.3398,-0.2855
1.0000,0.3362,-0.2912
1.0000,0.3773,-0.2513
1.0000,0.3758,-0.2527
1.0000,0.3940,-0.2331
1.0000,0.4028,-0.2219
1.0000,0.4273,-0.1937
1.0000,0.4206,-0.1956
1.0000,0.4270,-0.1830
1.0000,0.4615,-0.1411
1.0000,0.4592,-0.1349
1.0000,0.4759,-0.1084
1.0000,0.4727,-0.1006
1.0000,0.4694,-0.0916
1.0000,0.4725,-0.0750
1.0000,0.5020,-0.0309
1.0000,0.4969,-0.0201
1.0000,0.5084,0.0084
1.0000,0.4989,0.0171
1.0000,0.5117,0.0492
1.0000,0.4953,0.0532
1.0000,0.4953,0.0748
1.0000,0.5017,0.1037
1.0000,0.5036,0.1293
1.0000,0.5041,0.1544
1.0000,0.4832,0.1590
1.0000,0.4917,0.1940
1.0000,0.4797,0.2094
1.0000,0.4752,0.2332
1.0000,0.4694,0.2563
1.0000,0.4778,0.2945
1.0000,0.4546,0.3017
1.0000,0.4302,0.3085
1.0000,0.4271,0.3371
1.0000,0.4178,0.3601
1.0000,0.3991,0.3742
1.0000,0.3886,0.3969
1.0000,0.3935,0.4355
1.0000,0.3647,0.4406
1.0000,0.3603,0.4704
1.0000,0.3382,0.4827
1.0000,0.3123,0.4913
1.0000,0.3031,0.5166
1.0000,0.2759,0.5240
1.0000,0.2592,0.5418
1.0000,0.2280,0.5451
1.0000,0.2223,0.5736
1.0000,0.1799,0.5651
1.0000,0.1735,0.5923
1.0000,0.1513,0.6034
1.0000,0.1259,0.6108
1.0000,0.0942,0.6114
1.0000,0.0760,0.6248
1.0000,0.0308,0.6106
1.0000,0.0224,0.6325
1.0000,-0.0119,0.6278
1.0000,-0.0330,0.6353
1.0000,-0.0607,0.6353
1.0000,-0.0834,0.6394
1.0000,-0.1123,0.6363
1.0000,-0.1424,0.6309
1.0000,-0.1815,0.6153
1.0000,-0.2058,0.6133
1.0000,-0.2381,0.6020
1.0000,-0.2671,0.5928
1.0000,-0.2841,0.5941
1.0000,-0.3150,0.5801
1.0000,-0.3370,0.5737
1.0000,-0.3648,0.5599
1.0000,-0.3808,0.5564
1.0000,-0.4089,0.5392
1.0000,-0.4428,0.5146
1.0000,-0.4561,0.5089
1.0000,-0.4708,0.5003
1.0000,-0.5087,0.4666
1.0000,-0.5271,0.4508
1.0000,-0.5493,0.4294
1.0000,-0.5603,0.4175
1.0000,-0.5941,0.3809
1.0000,-0.5967,0.3738
1.0000,-0.6260,0.3383
1.0000,-0.6427,0.3134
1.0000,-0.6470,0.2992
1.0000,-0.6720,0.2625
1.0000,-0.6756,0.2454
1.0000,-0.7114,0.1943
1.0000,-0.6968,0.1918
1.0000,-0.7111,0.1586
1.0000,-0.7173,0.1319
1.0000,-0.7185,0.1084
1.0000,-0.7468,0.0561
1.0000,-0.7363,0.0410
1.0000,-0.7491,0.0009
1.0000,-0.7608,-0.0397
1.0000,-0.7504,-0.0597
1.0000,-0.7670,-0.1083
1.0000,-0.7543,-0.1289
1.0000,-0.7378,-0.1472
1.0000,-0.7328,-0.1785
1.0000,-0.7272,-0.2104
1.0000,-0.7244,-0.2464
1.0000,-0.7212,-0.2831
1.0000,-0.7313,-0.3343
1.0000,-0.7151,-0.3603
1.0000,-0.7058,-0.3941
1.0000,-0.6692,-0.4016
1.0000,-0.6702,-0.4475
1.0000,-0.6576,-0.4806
1.0000,-0.6410,-0.5105
1.0000,-0.6039,-0.5203
1.0000,-0.5802,-0.5442
1.0000,-0.5585,-0.5705
1.0000,-0.5462,-0.6067
1.0000,-0.5272,-0.6364
1.0000,-0.4871,-0.6451
1.0000,-0.4590,-0.6661
1.0000,-0.4592,-0.7153
1.0000,-0.4250,-0.7300
1.0000,-0.4025,-0.7563
1.0000,-0.3673,-0.7697
1.0000,-0.3342,-0.7849
1.0000,-0.2807,-0.7791
1.0000,-0.2576,-0.8033
1.0000,-0.2329,-0.8253
1.0000,-0.1962,-0.8346
1.0000,-0.1604,-0.8440
1.0000,-0.1287,-0.8566
1.0000,-0.0947,-0.8660
1.0000,-0.0596,-0.8733
1.0000,-0.0146,-0.8694
1.0000,0.0247,-0.8701
1.0000,0.0609,-0.8726
1.0000,0.0925,-0.8783
1.0000,0.1367,-0.8700
1.0000,0.1761,-0.8649
1.0000,0.1974,-0.8763
1.0000,0.2549,-0.8499
1.0000,0.2730,-0.8611
1.0000,0.3061,-0.8554
1.0000,0.3484,-0.8388
1.0000,0.4011,-0.8097
1.0000,0.4217,-0.8108
1.0000,0.4597,-0.7925
1.0000,0.4967,-0.7730
1.0000,0.5218,-0.7634
1.0000,0.5743,-0.7241
1.0000,0.5979,-0.7115
1.0000,0.6144,-0.7037
1.0000,0.6564,-0.6682
1.0000,0.6694,-0.6593
1.0000,0.6996,-0.6309
1.0000,0.7368,-0.5931
1.0000,0.7662,-0.5608
1.0000,0.8040,-0.5176
1.0000,0.8169,-0.4970
1.0000,0.8283,-0.4754
1.0000,0.8764,-0.4148
1.0000,0.8776,-0.3987
1.0000,0.8912,-0.3678
1.0000,0.9294,-0.3099
1.0000,0.9434,-0.2739
1.0000,0.9555,-0.2374
1.0000,0.9583,-0.2080
1.0000,0.9642,-0.1732
1.0000,0.9961,-0.1102
1.0000,1.0052,-0.0678
1.0000,1.0075,-0.0301
1.0000,1.0061,0.0061
2.0000,0.0114,0.0148
2.0000,0.0012,0.0084
2.0000,0.0040,0.0152
2.0000,0.0065,0.0219
2.0000,0.0072,0.0270
2.0000,-0.0032,0.0212
2.0000,-0.0033,0.0258
2.0000,-0.0088,0.0251
2.0000,-0.0003,0.0386
2.0000,-0.0069,0.0371
2.0000,-0.0317,0.0174
2.0000,-0.0263,0.0280
2.0000,-0.0315,0.0280
2.0000,-0.0319,0.0328
2.0000,-0.0323,0.0376
2.0000,-0.0306,0.0444
2.0000,-0.0519,0.0280
2.0000,-0.0542,0.0306
2.0000,-0.0557,0.0338
2.0000,-0.0394,0.0548
2.0000,-0.0471,0.0514
2.0000,-0.0455,0.0572
2.0000,-0.0662,0.0406
2.0000,-0.0562,0.0542
2.0000,-0.0847,0.0292
2.0000,-0.0801,0.0368
2.0000,-0.0850,0.0347
2.0000,-0.0968,0.0254
2.0000,-0.0885,0.0358
2.0000,-0.0967,0.0293
2.0000,-0.1046,0.0227
2.0000,-0.1167,0.0115
2.0000,-0.0981,0.0306
2.0000,-0.1057,0.0229
2.0000,-0.1114,0.0168
2.0000,-0.1122,0.0151
2.0000,-0.1350,-0.0091
2.0000,-0.1378,-0.0138
2.0000,-0.1431,-0.0215
2.0000,-0.1422,-0.0235
2.0000,-0.1223,-0.0070
2.0000,-0.1357,-0.0244
2.0000,-0.1395,-0.0327
2.0000,-0.1300,-0.0282
2.0000,-0.1535,-0.0572
2.0000,-0.1536,-0.0633
2.0000,-0.1575,-0.0738
2.0000,-0.1380,-0.0614
2.0000,-0.1574,-0.0883
2.0000,-0.1369,-0.0759
2.0000,-0.1415,-0.0890
2.0000,-0.1397,-0.0963
2.0000,-0.1295,-0.0956
2.0000,-0.1266,-0.1027
2.0000,-0.1270,-0.1134
2.0000,-0.1227,-0.1200
2.0000,-0.1153,-0.1237
2.0000,-0.1224,-0.1425
2.0000,-0.1319,-0.1639
2.0000,-0.1229,-0.1672
2.0000,-0.0997,-0.1566
2.0000,-0.0946,-0.1643
2.0000,-0.1079,-0.1907
2.0000,-0.1023,-0.1986
2.0000,-0.0782,-0.1881
2.0000,-0.0896,-0.2132
2.0000,-0.0736,-0.2111
2.0000,-0.0744,-0.2259
2.0000,-0.0562,-0.2218
2.0000,-0.0493,-0.2290
2.0000,-0.0404,-0.2343
2.0000,-0.0318,-0.2399
2.0000,-0.0270,-0.2492
2.0000,-0.0059,-0.2420
2.0000,-0.0041,-0.2541
2.0000,0.0026,-0.2611
2.0000,0.0353,-0.2420
2.0000,0.0294,-0.2612
2.0000,0.0452,-0.2583
2.0000,0.0426,-0.2737
2.0000,0.0769,-0.2518
2.0000,0.0682,-0.2724
2.0000,0.0960,-0.2563
2.0000,0.1107,-0.2528
2.0000,0.1124,-0.2617
2.0000,0.1168,-0.2674
2.0000,0.1276,-0.2663
2.0000,0.1604,-0.2425
2.0000,0.1523,-0.2590
2.0000,0.1675,-0.2516
2.0000,0.2040,-0.2222
2.0000,0.1991,-0.2335
2.0000,0.2131,-0.2251
2.0000,0.2211,-0.2220
2.0000,0.2373,-0.2100
2.0000,0.2593,-0.1912
2.0000,0.2571,-0.1960
2.0000,0.2548,-0.1998
2.0000,0.2865,-0.1690
2.0000,0.2883,-0.1670
2.0000,0.3101,-0.1442
2.0000,0.3189,-0.1335
2.0000,0.3071,-0.1424
2.0000,0.3111,-0.1346
2.0000,0.3337,-0.1073
2.0000,0.3248,-0.1106
2.0000,0.3487,-0.0800
2.0000,0.3569,-0.0642
2.0000,0.3746,-0.0379
2.0000,0.3799,-0.0231
2.0000,0.3616,-0.0309
2.0000,0.3733,-0.0078
2.0000,0.3893,0.0206
2.0000,0.3934,0.0380
2.0000,0.3708,0.0297
2.0000,0.3853,0.0592
2.0000,0.3740,0.0640
2.0000,0.3706,0.0774
2.0000,0.3784,0.1030
2.0000,0.3912,0.1343
2.0000,0.3728,0.1353
2.0000,0.3888,0.1715
2.0000,0.3699,0.1734
2.0000,0.3612,0.1864
2.0000,0.3455,0.1930
2.0000,0.3581,0.2285
2.0000,0.3569,0.2509
2.0000,0.3487,0.2668
2.0000,0.3391,0.2819
2.0000,0.3136,0.2815
2.0000,0.2969,0.2904
2.0000,0.3053,0.3249
2.0000,0.2768,0.3228
2.0000,0.2660,0.3386
2.0000,0.2737,0.3733
2.0000,0.2413,0.3680
2.0000,0.2213,0.3753
2.0000,0.2188,0.4003
2.0000,0.2143,0.4233
2.0000,0.2022,0.4387
2.0000,0.1592,0.4232
2.0000,0.1463,0.4376
2.0000,0.1408,0.4594
2.0000,0.1291,0.4746
2.0000,0.0867,0.4590
2.0000,0.0768,0.4755
2.0000,0.0661,0.4908
2.0000,0.0432,0.4935
2.0000,0.0110,0.4864
2.0000,0.0040,0.5040
2.0000,-0.0148,0.5092
2.0000,-0.0579,0.4894
2.0000,-0.0584,0.5115
2.0000,-0.0729,0.5189
2.0000,-0.1142,0.4986
2.0000,-0.1137,0.5193
2.0000,-0.1504,0.5018
2.0000,-0.1621,0.5085
2.0000,-0.2040,0.4839
2.0000,-0.2278,0.4763
2.0000,-0.2396,0.4797
2.0000,-0.2670,0.4663
2.0000,-0.2919,0.4543
2.0000,-0.2881,0.4698
2.0000,-0.3136,0.4546
2.0000,-0.3443,0.4331
2.0000,-0.3771,0.4080
2.0000,-0.3842,0.4074
2.0000,-0.3911,0.4055
2.0000,-0.4187,0.3816
2.0000,-0.4357,0.3669
2.0000,-0.4671,0.3362
2.0000,-0.4749,0.3277
2.0000,-0.5029,0.2976
2.0000,-0.4928,0.3041
2.0000,-0.5246,0.2671
2.0000,-0.5412,0.2438
2.0000,-0.5427,0.2342
2.0000,-0.5744,0.1929
2.0000,-0.5637,0.1923
2.0000,-0.5752,0.1681
2.0000,-0.6031,0.1261
2.0000,-0.6111,0.1024
2.0000,-0.6015,0.0948
2.0000,-0.5994,0.0784
2.0000,-0.6232,0.0345
2.0000,-0.6334,0.0029
2.0000,-0.6275,-0.0141
2.0000,-0.6403,-0.0511
2.0000,-0.6308,-0.0671
2.0000,-0.6156,-0.0788
2.0000,-0.6226,-0.1138
2.0000,-0.6300,-0.1506
2.0000,-0.6169,-0.1679
2.0000,-0.6103,-0.1930
2.0000,-0.6212,-0.2365
2.0000,-0.5953,-0.2444
2.0000,-0.5847,-0.2685
2.0000,-0.5810,-0.3005
2.0000,-0.5670,-0.3230
2.0000,-0.5520,-0.3453
2.0000,-0.5662,-0.3976
2.0000,-0.5495,-0.4196
2.0000,-0.5194,-0.4289
2.0000,-0.4942,-0.4436
2.0000,-0.4790,-0.4688
2.0000,-0.4661,-0.4967
2.0000,-0.4429,-0.5147
2.0000,-0.4456,-0.5588
2.0000,-0.4231,-0.5779
2.0000,-0.3871,-0.5837
2.0000,-0.3609,-0.5993
2.0000,-0.3482,-0.6284
2.0000,-0.3261,-0.6479
2.0000,-0.3071,-0.6704
2.0000,-0.2591,-0.6635
2.0000,-0.2477,-0.6929
2.0000,-0.2226,-0.7083
2.0000,-0.1747,-0.7002
2.0000,-0.1389,-0.7037
2.0000,-0.1087,-0.7122
2.0000,-0.0899,-0.7313
2.0000,-0.0543,-0.7329
2.0000,-0.0450,-0.7598
2.0000,-0.0121,-0.7621
2.0000,0.0220,-0.7623
2.0000,0.0552,-0.7621
2.0000,0.0828,-0.7664
2.0000,0.1294,-0.7505
2.0000,0.1508,-0.7585
2.0000,0.1843,-0.7530
2.0000,0.2388,-0.7251
2.0000,0.2461,-0.7428
2.0000,0.2788,-0.7336
2.0000,0.3130,-0.7212
2.0000,0.3440,-0.7104
2.0000,0.3801,-0.6928
2.0000,0.3978,-0.6918
2.0000,0.4476,-0.6569
2.0000,0.4626,-0.6549
2.0000,0.4868,-0.6418
2.0000,0.5323,-0.6054
2.0000,0.5611,-0.5838
2.0000,0.5798,-0.5703
2.0000,0.6164,-0.5369
2.0000,0.6211,-0.5334
2.0000,0.6580,-0.4956
2.0000,0.6889,-0.4617
2.0000,0.7078,-0.4377
2.0000,0.7374,-0.4010
2.0000,0.7293,-0.3998
2.0000,0.7630,-0.3547
2.0000,0.7915,-0.3128
2.0000,0.7816,-0.3070
2.0000,0.8196,-0.2515
2.0000,0.8260,-0.2254
2.0000,0.8299,-0.1997
2.0000,0.8541,-0.1518
2.0000,0.8428,-0.1374
2.0000,0.8577,-0.0948
2.0000,0.8615,-0.0614
2.0000,0.8741,-0.0173
2.0000,0.8923,0.0342
2.0000,0.8801,0.0571
2.0000,0.8918,0.1057
2.0000,0.8684,0.1208
2.0000,0.8623,0.1548
2.0000,0.8765,0.2107
2.0000,0.8527,0.2302
2.0000,0.8671,0.2892
2.0000,0.8607,0.3289
2.0000,0.8463,0.3619
2.0000,0.8259,0.3900
2.0000,0.8043,0.4180
2.0000,0.7999,0.4644
2.0000,0.7657,0.4819
2.0000,0.7493,0.5181
2.0000,0.7337,0.5559
2.0000,0.7007,0.5769
2.0000,0.7082,0.6391
2.0000,0.6626,0.6487
2.0000,0.6514,0.6931
2.0000,0.6148,0.7125
2.0000,0.5735,0.7273
2.0000,0.5497,0.7599
2.0000,0.5314,0.7979
2.0000,0.4935,0.8163
2.0000,0.4532,0.8319
2.0000,0.4155,0.8501
2.0000,0.3955,0.8854
2.0000,0.3506,0.8954
2.0000,0.3249,0.9240
2.0000,0.2865,0.9392
2.0000,0.2361,0.9416
2.0000,0.2042,0.9616
2.0000,0.1791,0.9874
2.0000,0.1238,0.9819
2.0000,0.0876,0.9943
2.0000,0.0272,0.9812
2.0000,-0.0081,0.9919
3.0000,0.0069,0.0100
3.0000,-0.0210,-0.0150
3.0000,-0.0198,-0.0111
3.0000,-0.0261,-0.0152
3.0000,-0.0128,-0.0000
3.0000,-0.0116,0.0028
3.0000,-0.0269,-0.0113
3.0000,-0.0374,-0.0210
3.0000,-0.0142,0.0026
3.0000,-0.0225,-0.0056
3.0000,-0.0196,-0.0030
3.0000,-0.0442,-0.0285
3.0000,-0.0359,-0.0213
3.0000,-0.0353,-0.0222
3.0000,-0.0404,-0.0294
3.0000,-0.0329,-0.0243
3.0000,-0.0519,-0.0460
3.0000,-0.0524,-0.0498
3.0000,-0.0473,-0.0483
3.0000,-0.0410,-0.0460
3.0000,-0.0329,-0.0422
3.0000,-0.0377,-0.0518
3.0000,-0.0475,-0.0667
3.0000,-0.0410,-0.0657
3.0000,-0.0529,-0.0834
3.0000,-0.0458,-0.0825
3.0000,-0.0326,-0.0757
3.0000,-0.0509,-0.1007
3.0000,-0.0406,-0.0975
3.0000,-0.0172,-0.0814
3.0000,-0.0341,-0.1058
3.0000,-0.0194,-0.0989
3.0000,-0.0093,-0.0968
3.0000,-0.0009,-0.0965
3.0000,-0.0014,-0.1052
3.0000,-0.0229,-0.1352
3.0000,0.0067,-0.1140
3.0000,-0.0116,-0.1408
3.0000,-0.0077,-0.1456
3.0000,0.0153,-0.1313
3.0000,0.0076,-0.1475
3.0000,0.0239,-0.1399
3.0000,0.0323,-0.1400
3.0000,0.0441,-0.1366
3.0000,0.0365,-0.1525
3.0000,0.0431,-0.1541
3.0000,0.0472,-0.1579
3.0000,0.0794,-0.1335
3.0000,0.0704,-0.1500
3.0000,0.0867,-0.1410
3.0000,0.0799,-0.1547
3.0000,0.1090,-0.1322
3.0000,0.1077,-0.1398
3.0000,0.1269,-0.1265
3.0000,0.1133,-0.1456
3.0000,0.1223,-0.1416
3.0000,0.1460,-0.1225
3.0000,0.1491,-0.1236
3.0000,0.1533,-0.1230
3.0000,0.1598,-0.1196
3.0000,0.1578,-0.1241
3.0000,0.1636,-0.1202
3.0000,0.1884,-0.0968
3.0000,0.2066,-0.0793
3.0000,0.2069,-0.0792
3.0000,0.2143,-0.0712
3.0000,0.1960,-0.0883
3.0000,0.2089,-0.0736
3.0000,0.2315,-0.0484
3.0000,0.2213,-0.0554
3.0000,0.2384,-0.0344
3.0000,0.2379,-0.0303
3.0000,0.2511,-0.0117
3.0000,0.2395,-0.0173
3.0000,0.2437,-0.0063
3.0000,0.2606,0.0180
3.0000,0.2526,0.0183
3.0000,0.2638,0.0385
3.0000,0.2605,0.0448
3.0000,0.2540,0.0486
3.0000,0.2599,0.0655
3.0000,0.2522,0.0696
3.0000,0.2467,0.0764
3.0000,0.2551,0.0979
3.0000,0.2738,0.1302
3.0000,0.2466,0.1172
3.0000,0.2449,0.1305
3.0000,0.2428,0.1438
3.0000,0.2594,0.1765
3.0000,0.2584,0.1920
3.0000,0.2477,0.1984
3.0000,0.2356,0.2038
3.0000,0.2408,0.2270
3.0000,0.2245,0.2292
3.0000,0.2105,0.2340
3.0000,0.1992,0.2418
3.0000,0.1928,0.2548
3.0000,0.1903,0.2721
3.0000,0.1665,0.2683
3.0000,0.1610,0.2830
3.0000,0.1605,0.3029
3.0000,0.1413,0.3041
3.0000,0.1178,0.3013
3.0000,0.1176,0.3217
3.0000,0.1021,0.3268
3.0000,0.0924,0.3377
3.0000,0.0923,0.3581
3.0000,0.0657,0.3519
3.0000,0.0515,0.3579
3.0000,0.0278,0.3542
3.0000,0.0096,0.3557
3.0000,-0.0065,0.3589
3.0000,-0.0223,0.3622
3.0000,-0.0322,0.3709
3.0000,-0.0287,0.3926
3.0000,-0.0689,0.3701
3.0000,-0.0814,0.3748
3.0000,-0.1014,0.3714
3.0000,-0.1146,0.3741
3.0000,-0.1229,0.3811
3.0000,-0.1400,0.3786
3.0000,-0.1482,0.3842
3.0000,-0.1608,0.3847
3.0000,-0.1961,0.3617
3.0000,-0.2125,0.3567
3.0000,-0.2224,0.3572
3.0000,-0.2368,0.3525
3.0000,-0.2590,0.3388
3.0000,-0.2775,0.3280
3.0000,-0.2890,0.3230
3.0000,-0.3085,0.3090
3.0000,-0.3220,0.3000
3.0000,-0.3383,0.2870
3.0000,-0.3654,0.2621
3.0000,-0.3604,0.2681
3.0000,-0.3746,0.2539
3.0000,-0.3902,0.2370
3.0000,-0.3991,0.2256
3.0000,-0.4279,0.1932
3.0000,-0.4190,0.1971
3.0000,-0.4483,0.1617
3.0000,-0.4476,0.1551
3.0000,-0.4589,0.1352
3.0000,-0.4772,0.1071
3.0000,-0.4842,0.0890
3.0000,-0.4789,0.0821
3.0000,-0.4930,0.0545
3.0000,-0.4953,0.0375
3.0000,-0.4967,0.0203
3.0000,-0.4886,0.0114
3.0000,-0.4871,-0.0053
3.0000,-0.5138,-0.0514
3.0000,-0.5216,-0.0795
3.0000,-0.5161,-0.0955
3.0000,-0.5055,-0.1075
3.0000,-0.5140,-0.1397
3.0000,-0.5020,-0.1523
3.0000,-0.5086,-0.1844
3.0000,-0.4990,-0.2014
3.0000,-0.4755,-0.2052
3.0000,-0.4827,-0.2406
3.0000,-0.4795,-0.2664
3.0000,-0.4587,-0.2754
3.0000,-0.4429,-0.2901
3.0000,-0.4321,-0.3104
3.0000,-0.4403,-0.3504
3.0000,-0.4159,-0.3583
3.0000,-0.4166,-0.3917
3.0000,-0.3788,-0.3871
3.0000,-0.3781,-0.4200
3.0000,-0.3572,-0.4331
3.0000,-0.3441,-0.4542
3.0000,-0.3314,-0.4759
3.0000,-0.3039,-0.4829
3.0000,-0.2910,-0.5045
3.0000,-0.2728,-0.5209
3.0000,-0.2609,-0.5435
3.0000,-0.2229,-0.5400
3.0000,-0.2112,-0.5625
3.0000,-0.1798,-0.5650
3.0000,-0.1757,-0.5945
3.0000,-0.1504,-0.6025
3.0000,-0.1295,-0.6144
3.0000,-0.0878,-0.6050
3.0000,-0.0535,-0.6024
3.0000,-0.0428,-0.6227
3.0000,-0.0030,-0.6132
3.0000,0.0035,-0.6361
3.0000,0.0329,-0.6354
3.0000,0.0799,-0.6162
3.0000,0.0841,-0.6388
3.0000,0.1162,-0.6324
3.0000,0.1501,-0.6232
3.0000,0.1827,-0.6141
3.0000,0.2147,-0.6043
3.0000,0.2209,-0.6191
3.0000,0.2546,-0.6052
3.0000,0.2722,-0.6060
3.0000,0.3084,-0.5868
3.0000,0.3375,-0.5732
3.0000,0.3496,-0.5751
3.0000,0.3983,-0.5389
3.0000,0.4065,-0.5416
3.0000,0.4336,-0.5238
3.0000,0.4654,-0.4997
3.0000,0.4686,-0.5024
3.0000,0.4947,-0.4807
3.0000,0.5273,-0.4506
3.0000,0.5480,-0.4307
3.0000,0.5658,-0.4120
3.0000,0.5967,-0.3783
3.0000,0.6019,-0.3686
3.0000,0.6368,-0.3275
3.0000,0.6548,-0.3013
3.0000,0.6447,-0.3015
3.0000,0.6767,-0.2578
3.0000,0.6761,-0.2449
3.0000,0.6898,-0.2159
3.0000,0.6992,-0.1894
3.0000,0.7140,-0.1557
3.0000,0.7233,-0.1259
3.0000,0.7302,-0.0967
3.0000,0.7355,-0.0674
3.0000,0.7336,-0.0437
3.0000,0.7506,0.0006
3.0000,0.7411,0.0199
3.0000,0.7622,0.0715
3.0000,0.7392,0.0804
3.0000,0.7649,0.1396
3.0000,0.7410,0.1504
3.0000,0.7583,0.2039
3.0000,0.7384,0.2215
3.0000,0.7309,0.2529
3.0000,0.7210,0.2829
3.0000,0.7160,0.3190
3.0000,0.6971,0.3422
3.0000,0.6791,0.3674
3.0000,0.6767,0.4091
3.0000,0.6559,0.4333
3.0000,0.6521,0.4751
3.0000,0.6139,0.4833
3.0000,0.6136,0.5300
3.0000,0.6034,0.5674
3.0000,0.5791,0.5911
3.0000,0.5396,0.6000
3.0000,0.5198,0.6289
3.0000,0.4955,0.6536
3.0000,0.4802,0.6873
3.0000,0.4456,0.7017
3.0000,0.4237,0.7287
3.0000,0.3934,0.7472
3.0000,0.3480,0.7504
3.0000,0.3152,0.7659
3.0000,0.3102,0.8086
3.0000,0.2547,0.8004
3.0000,0.2178,0.8102
3.0000,0.2076,0.8460
3.0000,0.1575,0.8411
3.0000,0.1324,0.8603
3.0000,0.1004,0.8718
3.0000,0.0686,0.8822
3.0000,0.0276,0.8825
3.0000,-0.0026,0.8922
3.0000,-0.0607,0.8728
3.0000,-0.1072,0.8637
3.0000,-0.1417,0.8649
3.0000,-0.1535,0.8875
3.0000,-0.2119,0.8618
3.0000,-0.2422,0.8625
3.0000,-0.2928,0.8412
3.0000,-0.3164,0.8451
3.0000,-0.3526,0.8346
3.0000,-0.3942,0.8166
3.0000,-0.4231,0.8094
3.0000,-0.4722,0.7800
3.0000,-0.5087,0.7610
3.0000,-0.5224,0.7627
3.0000,-0.5565,0.7419
3.0000,-0.5817,0.7277
3.0000,-0.6397,0.6784
3.0000,-0.6501,0.6745
3.0000,-0.6863,0.6424
3.0000,-0.7160,0.6145
3.0000,-0.7318,0.5981
3.0000,-0.7657,0.5612
3.0000,-0.7837,0.5379
3.0000,-0.8069,0.5070
3.0000,-0.8372,0.4665
3.0000,-0.8614,0.4298
3.0000,-0.8989,0.3774
3.0000,-0.8946,0.3644
3.0000,-0.9237,0.3156
3.0000,-0.9383,0.2789
3.0000,-0.9365,0.2564
3.0000,-0.9522,0.2141
3.0000,-0.9625,0.1749
3.0000,-0.9699,0.1364
3.0000,-0.9810,0.0919
3.0000,-1.0015,0.0361
3.0000,-1.0047,-0.0047
4.0000,-0.0080,-0.0114
4.0000,-0.0087,-0.0159
4.0000,-0.0136,-0.0248
4.0000,-0.0069,-0.0223
4.0000,0.0035,-0.0163
4.0000,0.0011,-0.0232
4.0000,0.0181,-0.0110
4.0000,-0.0067,-0.0407
4.0000,0.0063,-0.0326
4.0000,0.0190,-0.0250
4.0000,0.0244,-0.0248
4.0000,0.0084,-0.0460
4.0000,0.0326,-0.0269
4.0000,0.0178,-0.0469
4.0000,0.0382,-0.0316
4.0000,0.0304,-0.0445
4.0000,0.0439,-0.0360
4.0000,0.0520,-0.0328
4.0000,0.0603,-0.0292
4.0000,0.0357,-0.0585
4.0000,0.0562,-0.0424
4.0000,0.0579,-0.0449
4.0000,0.0477,-0.0591
4.0000,0.0737,-0.0368
4.0000,0.0590,-0.0549
4.0000,0.0647,-0.0522
4.0000,0.0714,-0.0484
4.0000,0.0922,-0.0300
4.0000,0.0799,-0.0444
4.0000,0.0988,-0.0272
4.0000,0.1007,-0.0267
4.0000,0.1043,-0.0239
4.0000,0.1148,-0.0138
4.0000,0.1007,-0.0280
4.0000,0.1033,-0.0249
4.0000,0.1114,-0.0159
4.0000,0.1205,-0.0054
4.0000,0.1109,-0.0131
4.0000,0.1246,0.0030
4.0000,0.1261,0.0074
4.0000,0.1493,0.0341
4.0000,0.1517,0.0404
4.0000,0.1521,0.0453
4.0000,0.1487,0.0468
4.0000,0.1454,0.0491
4.0000,0.1424,0.0522
4.0000,0.1361,0.0524
4.0000,0.1604,0.0837
4.0000,0.1488,0.0798
4.0000,0.1412,0.0802
4.0000,0.1427,0.0903
4.0000,0.1530,0.1096
4.0000,0.1536,0.1197
4.0000,0.1449,0.1210
4.0000,0.1348,0.1213
4.0000,0.1312,0.1285
4.0000,0.1216,0.1300
4.0000,0.1356,0.1556
4.0000,0.1235,0.1555
4.0000,0.1182,0.1625
4.0000,0.1089,0.1658
4.0000,0.1111,0.1809
4.0000,0.1133,0.1962
4.0000,0.1080,0.2042
4.0000,0.0833,0.1931
4.0000,0.0811,0.2046
4.0000,0.0760,0.2134
4.0000,0.0581,0.2096
4.0000,0.0534,0.2190
4.0000,0.0436,0.2233
4.0000,0.0236,0.2175
4.0000,0.0341,0.2421
4.0000,0.0121,0.2342
4.0000,0.0064,0.2425
4.0000,0.0115,0.2615
4.0000,-0.0175,0.2462
4.0000,-0.0213,0.2559
4.0000,-0.0439,0.2466
4.0000,-0.0303,0.2732
4.0000,-0.0588,0.2575
4.0000,-0.0566,0.2720
4.0000,-0.0842,0.2565
4.0000,-0.0977,0.2545
4.0000,-0.1129,0.2505
4.0000,-0.1298,0.2443
4.0000,-0.1181,0.2661
4.0000,-0.1329,0.2609
4.0000,-0.1642,0.2387
4.0000,-0.1642,0.2471
4.0000,-0.1841,0.2350
4.0000,-0.1859,0.2403
4.0000,-0.2000,0.2325
4.0000,-0.2012,0.2370
4.0000,-0.2257,0.2174
4.0000,-0.2433,0.2039
4.0000,-0.2601,0.1905
4.0000,-0.2451,0.2079
4.0000,-0.2669,0.1878
4.0000,-0.2915,0.1640
4.0000,-0.2923,0.1631
4.0000,-0.3061,0.1482
4.0000,-0.3187,0.1337
4.0000,-0.3088,0.1408
4.0000,-0.3367,0.1091
4.0000,-0.3457,0.0953
4.0000,-0.3475,0.0878
4.0000,-0.3408,0.0879
4.0000,-0.3644,0.0567
4.0000,-0.3603,0.0522
4.0000,-0.3790,0.0240
4.0000,-0.3767,0.0158
4.0000,-0.3638,0.0173
4.0000,-0.3783,-0.0096
4.0000,-0.3860,-0.0306
4.0000,-0.3748,-0.0337
4.0000,-0.3680,-0.0419
4.0000,-0.3848,-0.0748
4.0000,-0.3900,-0.0969
4.0000,-0.3727,-0.0973
4.0000,-0.3934,-0.1366
4.0000,-0.3898,-0.1524
4.0000,-0.3672,-0.1498
4.0000,-0.3739,-0.1775
4.0000,-0.3724,-0.1976
4.0000,-0.3637,-0.2112
4.0000,-0.3498,-0.2202
4.0000,-0.3578,-0.2518
4.0000,-0.3426,-0.2607
4.0000,-0.3430,-0.2858
4.0000,-0.3101,-0.2780
4.0000,-0.3086,-0.3021
4.0000,-0.2855,-0.3051
4.0000,-0.2911,-0.3370
4.0000,-0.2764,-0.3490
4.0000,-0.2558,-0.3554
4.0000,-0.2442,-0.3709
4.0000,-0.2369,-0.3909
4.0000,-0.2211,-0.4026
4.0000,-0.2059,-0.4149
4.0000,-0.2055,-0.4420
4.0000,-0.1842,-0.4482
4.0000,-0.1409,-0.4323
4.0000,-0.1378,-0.4564
4.0000,-0.1194,-0.4650
4.0000,-0.0953,-0.4675
4.0000,-0.0860,-0.4847
4.0000,-0.0648,-0.4895
4.0000,-0.0416,-0.4920
4.0000,-0.0102,-0.4856
4.0000,0.0091,-0.4909
4.0000,0.0313,-0.4926
4.0000,0.0382,-0.5091
4.0000,0.0515,-0.5184
4.0000,0.0699,-0.5218
4.0000,0.1227,-0.4901
4.0000,0.1377,-0.4953
4.0000,0.1600,-0.4923
4.0000,0.1871,-0.4835
4.0000,0.2051,-0.4828
4.0000,0.2034,-0.5007
4.0000,0.2230,-0.4963
4.0000,0.2493,-0.4840
4.0000,0.2657,-0.4805
4.0000,0.2877,-0.4701
4.0000,0.3278,-0.4404
4.0000,0.3505,-0.4269
4.0000,0.3793,-0.4058
4.0000,0.3782,-0.4133
4.0000,0.4119,-0.3847
4.0000,0.4113,-0.3890
4.0000,0.4423,-0.3602
4.0000,0.4696,-0.3337
4.0000,0.4645,-0.3382
4.0000,0.4986,-0.3019
4.0000,0.4922,-0.3047
4.0000,0.5138,-0.2779
4.0000,0.5474,-0.2377
4.0000,0.5441,-0.2328
4.0000,0.5555,-0.2117
4.0000,0.5595,-0.1965
4.0000,0.5661,-0.1772
4.0000,0.5928,-0.1364
4.0000,0.6021,-0.1114
4.0000,0.6092,-0.0872
4.0000,0.6215,-0.0563
4.0000,0.6259,-0.0318
4.0000,0.6177,-0.0185
4.0000,0.6158,0.0024
4.0000,0.6400,0.0508
4.0000,0.6415,0.0778
4.0000,0.6293,0.0925
4.0000,0.6210,0.1122
4.0000,0.6161,0.1366
4.0000,0.6332,0.1843
4.0000,0.6258,0.2085
4.0000,0.6016,0.2170
4.0000,0.6129,0.2620
4.0000,0.6077,0.2915
4.0000,0.5969,0.3164
4.0000,0.5931,0.3491
4.0000,0.5771,0.3704
4.0000,0.5447,0.3760
4.0000,0.5275,0.3976
4.0000,0.5110,0.4205
4.0000,0.5104,0.4599
4.0000,0.4750,0.4648
4.0000,0.4823,0.5130
4.0000,0.4558,0.5276
4.0000,0.4371,0.5503
4.0000,0.4215,0.5764
4.0000,0.4010,0.5976
4.0000,0.3748,0.6132
4.0000,0.3509,0.6310
4.0000,0.3158,0.6376
4.0000,0.2881,0.6513
4.0000,0.2804,0.6848
4.0000,0.2451,0.6904
4.0000,0.2080,0.6936
4.0000,0.1951,0.7206
4.0000,0.1481,0.7129
4.0000,0.1079,0.7114
4.0000,0.1017,0.7431
4.0000,0.0602,0.7387
4.0000,0.0379,0.7527
4.0000,-0.0095,0.7405
4.0000,-0.0261,0.7581
4.0000,-0.0475,0.7698
4.0000,-0.0992,0.7501
4.0000,-0.1411,0.7388
4.0000,-0.1751,0.7342
4.0000,-0.1993,0.7380
4.0000,-0.2366,0.7273
4.0000,-0.2713,0.7176
4.0000,-0.2991,0.7133
4.0000,-0.3260,0.7083
4.0000,-0.3548,0.6996
4.0000,-0.3721,0.7007
4.0000,-0.3985,0.6911
4.0000,-0.4556,0.6489
4.0000,-0.4816,0.6359
4.0000,-0.4868,0.6418
4.0000,-0.5220,0.6158
4.0000,-0.5476,0.5973
4.0000,-0.5712,0.5789
4.0000,-0.6163,0.5371
4.0000,-0.6462,0.5084
4.0000,-0.6672,0.4864
4.0000,-0.6817,0.4689
4.0000,-0.7009,0.4446
4.0000,-0.7076,0.4307
4.0000,-0.7556,0.3735
4.0000,-0.7706,0.3471
4.0000,-0.7854,0.3188
4.0000,-0.7943,0.2943
4.0000,-0.8064,0.2647
4.0000,-0.8149,0.2365
4.0000,-0.8483,0.1813
4.0000,-0.8605,0.1454
4.0000,-0.8498,0.1304
4.0000,-0.8553,0.0972
4.0000,-0.8760,0.0469
4.0000,-0.8701,0.0214
4.0000,-0.8763,-0.0182
4.0000,-0.8855,-0.0625
4.0000,-0.8720,-0.0858
4.0000,-0.8704,-0.1228
4.0000,-0.8814,-0.1739
4.0000,-0.8765,-0.2108
4.0000,-0.8597,-0.2372
4.0000,-0.8433,-0.2655
4.0000,-0.8423,-0.3105
4.0000,-0.8343,-0.3498
4.0000,-0.8118,-0.3758
4.0000,-0.8038,-0.4175
4.0000,-0.8009,-0.4654
4.0000,-0.7895,-0.5057
4.0000,-0.7517,-0.5205
4.0000,-0.7228,-0.5449
4.0000,-0.7192,-0.5955
4.0000,-0.6831,-0.6140
4.0000,-0.6580,-0.6441
4.0000,-0.6369,-0.6787
4.0000,-0.6299,-0.7276
4.0000,-0.6002,-0.7541
4.0000,-0.5630,-0.7732
4.0000,-0.5205,-0.7870
4.0000,-0.4838,-0.8065
4.0000,-0.4505,-0.8293
4.0000,-0.4206,-0.8551
4.0000,-0.3842,-0.8741
4.0000,-0.3549,-0.8997
4.0000,-0.3338,-0.9329
4.0000,-0.2695,-0.9222
4.0000,-0.2344,-0.9399
4.0000,-0.1914,-0.9488
4.0000,-0.1660,-0.9743
4.0000,-0.1149,-0.9730
4.0000,-0.0700,-0.9767
4.0000,-0.0409,-0.9949
4.0000,0.0032,-0.9968
