1.0000,0.0223,0.0213
1.0000,0.0093,0.0073
1.0000,-0.0530,-0.0560
1.0000,0.0504,0.0464
1.0000,0.0120,0.0071
1.0000,-0.0437,-0.0496
1.0000,0.0587,0.0518
1.0000,0.0157,0.0078
1.0000,-0.0152,-0.0240
1.0000,0.0190,0.0091
1.0000,0.0309,0.0201
1.0000,0.0443,0.0325
1.0000,0.0370,0.0242
1.0000,0.0095,-0.0041
1.0000,0.0131,-0.0015
1.0000,0.0412,0.0256
1.0000,0.0286,0.0121
1.0000,0.0482,0.0308
1.0000,-0.0015,-0.0199
1.0000,0.0193,-0.0001
1.0000,0.0769,0.0566
1.0000,0.0030,-0.0182
1.0000,0.0506,0.0285
1.0000,-0.0151,-0.0382
1.0000,-0.0158,-0.0398
1.0000,0.0197,-0.0052
1.0000,0.0847,0.0589
1.0000,0.0279,0.0012
1.0000,0.0338,0.0061
1.0000,0.0573,0.0288
1.0000,0.0700,0.0406
1.0000,0.0064,-0.0239
1.0000,0.0010,-0.0303
1.0000,0.0926,0.0605
1.0000,0.0620,0.0290
1.0000,0.0534,0.0195
1.0000,0.0770,0.0423
1.0000,0.0522,0.0166
1.0000,0.0416,0.0051
1.0000,0.0732,0.0358
1.0000,0.0584,0.0201
1.0000,0.0391,-0.0000
1.0000,0.0606,0.0206
1.0000,-0.0107,-0.0515
1.0000,0.0269,-0.0149
1.0000,0.0363,-0.0063
1.0000,0.1026,0.0591
1.0000,0.0815,0.0372
1.0000,0.0586,0.0135
1.0000,0.0759,0.0300
1.0000,0.0819,0.0351
1.0000,0.0365,-0.0111
1.0000,0.0515,0.0031
1.0000,0.0650,0.0158
1.0000,0.0824,0.0324
1.0000,0.0961,0.0452
1.0000,0.1168,0.0652
1.0000,0.0721,0.0196
1.0000,0.0680,0.0147
1.0000,0.0123,-0.0418
1.0000,0.1129,0.0580
1.0000,0.1089,0.0533
1.0000,0.0092,-0.0473
1.0000,0.0994,0.0421
1.0000,0.1127,0.0546
1.0000,0.1100,0.0512
1.0000,0.0456,-0.0140
1.0000,0.0157,-0.0446
1.0000,0.0057,-0.0555
1.0000,0.1274,0.0655
1.0000,0.1326,0.0700
1.0000,0.0357,-0.0277
1.0000,0.1244,0.0603
1.0000,0.1128,0.0479
1.0000,0.1166,0.0510
1.0000,0.1012,0.0348
1.0000,0.0774,0.0103
1.0000,0.0202,-0.0477
1.0000,0.0480,-0.0206
1.0000,0.1146,0.0452
1.0000,0.0402,-0.0298
1.0000,0.0481,-0.0227
1.0000,0.1113,0.0398
1.0000,0.1119,0.0397
1.0000,0.0399,-0.0330
1.0000,0.0919,0.0182
1.0000,0.0957,0.0214
1.0000,0.0935,0.0184
1.0000,0.1446,0.0689
1.0000,0.0976,0.0212
1.0000,0.1192,0.0421
1.0000,0.1454,0.0676
1.0000,0.0320,-0.0465
1.0000,0.1434,0.0643
1.0000,0.1372,0.0574
1.0000,0.0330,-0.0475
1.0000,0.0757,-0.0055
1.0000,0.1479,0.0661
1.0000,0.1209,0.0384
1.0000,0.0912,0.0080
1.0000,0.0765,-0.0073
1.0000,0.1007,0.0163
1.0000,0.1259,0.0408
1.0000,0.0921,0.0064
1.0000,0.0861,-0.0002
1.0000,0.0648,-0.0222
1.0000,0.0926,0.0050
1.0000,0.1268,0.0386
1.0000,0.1121,0.0232
1.0000,0.0817,-0.0077
1.0000,0.1003,0.0102
1.0000,0.0903,-0.0003
1.0000,0.1011,0.0098
1.0000,0.0630,-0.0288
1.0000,0.1095,0.0171
1.0000,0.1149,0.0219
1.0000,0.1030,0.0093
1.0000,0.0928,-0.0015
1.0000,0.0946,-0.0002
1.0000,0.1258,0.0304
1.0000,0.1322,0.0363
1.0000,0.0858,-0.0107
1.0000,0.0743,-0.0228
1.0000,0.0605,-0.0372
1.0000,0.1766,0.0783
1.0000,0.1483,0.0496
1.0000,0.1174,0.0181
1.0000,0.0881,-0.0118
1.0000,0.0885,-0.0119
1.0000,0.1428,0.0418
1.0000,0.1425,0.0410
1.0000,0.0842,-0.0178
1.0000,0.1684,0.0659
1.0000,0.1931,0.0901
1.0000,0.1301,0.0265
1.0000,0.1132,0.0091
1.0000,0.1329,0.0283
1.0000,0.1515,0.0464
1.0000,0.1470,0.0414
1.0000,0.1198,0.0137
1.0000,0.1001,-0.0065
1.0000,0.1692,0.0621
1.0000,0.0892,-0.0184
1.0000,0.1693,0.0612
1.0000,0.1870,0.0784
1.0000,0.0843,-0.0247
1.0000,0.1872,0.0777
1.0000,0.1680,0.0581
1.0000,0.1827,0.0723
1.0000,0.1184,0.0076
1.0000,0.1419,0.0307
1.0000,0.1442,0.0325
1.0000,0.1430,0.0308
1.0000,0.1705,0.0579
1.0000,0.1228,0.0098
1.0000,0.1858,0.0723
1.0000,0.1943,0.0804
1.0000,0.1570,0.0427
1.0000,0.1815,0.0668
1.0000,0.1076,-0.0076
1.0000,0.1671,0.0515
1.0000,0.2080,0.0920
1.0000,0.1437,0.0273
1.0000,0.1564,0.0396
1.0000,0.1381,0.0209
1.0000,0.1791,0.0615
1.0000,0.2177,0.0998
1.0000,0.2118,0.0934
1.0000,0.1304,0.0116
1.0000,0.1167,-0.0024
1.0000,0.1030,-0.0165
1.0000,0.2286,0.1087
1.0000,0.1523,0.0320
1.0000,0.2286,0.1080
1.0000,0.1671,0.0462
1.0000,0.2200,0.0988
1.0000,0.1760,0.0543
1.0000,0.1083,-0.0136
1.0000,0.1340,0.0117
1.0000,0.2297,0.1070
1.0000,0.1257,0.0027
1.0000,0.2322,0.1089
1.0000,0.1599,0.0363
1.0000,0.1531,0.0292
1.0000,0.2358,0.1115
1.0000,0.2076,0.0830
1.0000,0.1506,0.0257
1.0000,0.2144,0.0892
1.0000,0.2302,0.1048
1.0000,0.1270,0.0013
1.0000,0.1689,0.0429
1.0000,0.1562,0.0299
1.0000,0.2194,0.0928
1.0000,0.1734,0.0465
1.0000,0.1664,0.0393
1.0000,0.1973,0.0699
1.0000,0.1562,0.0286
1.0000,0.1934,0.0655
1.0000,0.1333,0.0052
1.0000,0.2384,0.1100
1.0000,0.1500,0.0214
1.0000,0.2080,0.0791
1.0000,0.1384,0.0093
1.0000,0.1997,0.0703
1.0000,0.2141,0.0845
1.0000,0.1672,0.0374
1.0000,0.1475,0.0175
1.0000,0.1952,0.0650
1.0000,0.2501,0.1196
1.0000,0.2450,0.1144
1.0000,0.1786,0.0477
1.0000,0.2495,0.1184
1.0000,0.2195,0.0882
1.0000,0.1526,0.0211
1.0000,0.1571,0.0255
1.0000,0.1880,0.0562
1.0000,0.2400,0.1081
1.0000,0.1873,0.0552
1.0000,0.2416,0.1093
1.0000,0.1782,0.0457
1.0000,0.2368,0.1042
1.0000,0.2003,0.0675
1.0000,0.2120,0.0790
1.0000,0.2460,0.1130
1.0000,0.2468,0.1136
1.0000,0.2226,0.0892
1.0000,0.1819,0.0484
1.0000,0.2540,0.1204
1.0000,0.2444,0.1107
1.0000,0.1784,0.0445
1.0000,0.1994,0.0655
1.0000,0.1931,0.0590
1.0000,0.2157,0.0816
1.0000,0.1853,0.0511
1.0000,0.2727,0.1383
1.0000,0.2051,0.0706
1.0000,0.1720,0.0374
1.0000,0.1955,0.0609
1.0000,0.2107,0.0760
1.0000,0.2649,0.1301
1.0000,0.2594,0.1246
1.0000,0.1665,0.0316
1.0000,0.2300,0.0951
1.0000,0.2735,0.1385
1.0000,0.1806,0.0455
1.0000,0.2207,0.0855
1.0000,0.2804,0.1452
1.0000,0.2244,0.0891
1.0000,0.2300,0.0947
1.0000,0.2029,0.0676
1.0000,0.2643,0.1290
1.0000,0.2010,0.0656
1.0000,0.2813,0.1459
1.0000,0.2278,0.0924
1.0000,0.2083,0.0729
1.0000,0.2714,0.1360
1.0000,0.2403,0.1049
1.0000,0.2328,0.0975
1.0000,0.1753,0.0399
1.0000,0.1897,0.0543
1.0000,0.1848,0.0495
1.0000,0.2453,0.1100
1.0000,0.1922,0.0569
1.0000,0.2342,0.0990
1.0000,0.2128,0.0776
1.0000,0.2301,0.0949
1.0000,0.2557,0.1205
1.0000,0.1956,0.0605
1.0000,0.2655,0.1304
1.0000,0.2738,0.1388
1.0000,0.2981,0.1632
1.0000,0.2528,0.1180
1.0000,0.2219,0.0871
1.0000,0.2447,0.1101
1.0000,0.1992,0.0646
1.0000,0.2278,0.0933
1.0000,0.2711,0.1367
1.0000,0.2401,0.1058
1.0000,0.2615,0.1273
1.0000,0.2400,0.1059
1.0000,0.2236,0.0896
1.0000,0.2720,0.1380
1.0000,0.2310,0.0972
1.0000,0.2892,0.1556
1.0000,0.2312,0.0977
1.0000,0.2077,0.0743
1.0000,0.2766,0.1433
1.0000,0.2085,0.0754
1.0000,0.2686,0.1356
1.0000,0.2944,0.1615
1.0000,0.2207,0.0880
1.0000,0.2861,0.1536
1.0000,0.3155,0.1832
1.0000,0.2658,0.1336
1.0000,0.2642,0.1322
1.0000,0.2748,0.1430
1.0000,0.3013,0.1696
1.0000,0.2454,0.1140
1.0000,0.2477,0.1164
1.0000,0.3276,0.1965
1.0000,0.2726,0.1417
1.0000,0.2814,0.1507
1.0000,0.2255,0.0950
1.0000,0.2676,0.1373
1.0000,0.2490,0.1190
1.0000,0.2793,0.1495
1.0000,0.2513,0.1217
1.0000,0.2301,0.1007
1.0000,0.2219,0.0928
1.0000,0.2818,0.1529
1.0000,0.2625,0.1339
1.0000,0.3246,0.1962
1.0000,0.2798,0.1516
1.0000,0.3025,0.1746
1.0000,0.3116,0.1840
1.0000,0.3122,0.1849
1.0000,0.2796,0.1525
1.0000,0.3205,0.1937
1.0000,0.2842,0.1577
1.0000,0.2195,0.0933
1.0000,0.2427,0.1168
1.0000,0.3342,0.2085
1.0000,0.2459,0.1205
1.0000,0.2839,0.1588
1.0000,0.2516,0.1268
1.0000,0.2693,0.1448
1.0000,0.2747,0.1505
1.0000,0.2998,0.1760
1.0000,0.2540,0.1305
1.0000,0.3026,0.1795
1.0000,0.2947,0.1719
1.0000,0.2275,0.1051
1.0000,0.2381,0.1160
1.0000,0.3104,0.1886
1.0000,0.2534,0.1320
1.0000,0.2552,0.1341
1.0000,0.2602,0.1396
1.0000,0.3154,0.1951
1.0000,0.2911,0.1711
1.0000,0.3208,0.2012
1.0000,0.2521,0.1329
1.0000,0.2504,0.1316
1.0000,0.2541,0.1357
1.0000,0.2838,0.1658
1.0000,0.3359,0.2182
1.0000,0.3030,0.1857
1.0000,0.3493,0.2325
1.0000,0.2636,0.1472
1.0000,0.2569,0.1409
1.0000,0.3367,0.2212
1.0000,0.3441,0.2290
1.0000,0.2367,0.1220
1.0000,0.3291,0.2148
1.0000,0.2733,0.1595
1.0000,0.3186,0.2053
1.0000,0.3381,0.2252
1.0000,0.3639,0.2514
1.0000,0.3654,0.2534
1.0000,0.2845,0.1730
1.0000,0.3081,0.1970
1.0000,0.2420,0.1314
1.0000,0.3179,0.2078
1.0000,0.3033,0.1937
1.0000,0.3629,0.2538
1.0000,0.3378,0.2292
1.0000,0.2487,0.1406
1.0000,0.2687,0.1610
1.0000,0.3066,0.1994
1.0000,0.3562,0.2496
1.0000,0.3717,0.2655
1.0000,0.2563,0.1508
1.0000,0.3659,0.2608
1.0000,0.3068,0.2022
1.0000,0.3373,0.2333
1.0000,0.3144,0.2109
1.0000,0.2742,0.1713
1.0000,0.3227,0.2203
1.0000,0.2746,0.1728
1.0000,0.2983,0.1970
1.0000,0.2975,0.1968
1.0000,0.3694,0.2693
1.0000,0.2945,0.1950
1.0000,0.3136,0.2146
1.0000,0.3016,0.2032
1.0000,0.3351,0.2373
1.0000,0.3002,0.2030
1.0000,0.3037,0.2070
1.0000,0.2994,0.2033
1.0000,0.3620,0.2666
1.0000,0.3128,0.2180
1.0000,0.3071,0.2129
1.0000,0.2957,0.2022
1.0000,0.2576,0.1646
1.0000,0.2872,0.1948
1.0000,0.3162,0.2245
1.0000,0.3197,0.2286
1.0000,0.2654,0.1750
1.0000,0.3420,0.2522
1.0000,0.2725,0.1833
1.0000,0.3169,0.2284
1.0000,0.3210,0.2332
1.0000,0.3112,0.2240
1.0000,0.2814,0.1949
1.0000,0.2806,0.1947
1.0000,0.3246,0.2394
1.0000,0.2911,0.2067
1.0000,0.2708,0.1870
1.0000,0.3174,0.2343
1.0000,0.3888,0.3064
1.0000,0.3322,0.2505
1.0000,0.3357,0.2547
1.0000,0.3328,0.2525
1.0000,0.3628,0.2833
1.0000,0.3233,0.2445
1.0000,0.3575,0.2794
1.0000,0.2970,0.2196
1.0000,0.2975,0.2208
1.0000,0.2698,0.1939
1.0000,0.3617,0.2865
1.0000,0.3680,0.2935
1.0000,0.3107,0.2370
1.0000,0.3284,0.2555
1.0000,0.3278,0.2556
1.0000,0.2940,0.2226
1.0000,0.3867,0.3161
1.0000,0.3717,0.3019
1.0000,0.3453,0.2762
1.0000,0.3522,0.2839
1.0000,0.2786,0.2111
1.0000,0.3272,0.2605
1.0000,0.3662,0.3003
1.0000,0.3221,0.2569
1.0000,0.3875,0.3232
1.0000,0.3050,0.2415
1.0000,0.3576,0.2949
1.0000,0.3211,0.2593
1.0000,0.3184,0.2573
1.0000,0.3130,0.2527
1.0000,0.3286,0.2692
1.0000,0.3478,0.2893
1.0000,0.2849,0.2272
1.0000,0.3064,0.2496
1.0000,0.3096,0.2536
1.0000,0.3967,0.3415
1.0000,0.3854,0.3311
1.0000,0.3957,0.3423
1.0000,0.3273,0.2747
1.0000,0.3823,0.3306
1.0000,0.3477,0.2969
1.0000,0.3821,0.3322
1.0000,0.3208,0.2717
1.0000,0.4064,0.3582
1.0000,0.2985,0.2513
1.0000,0.2919,0.2456
1.0000,0.4038,0.3584
1.0000,0.3964,0.3518
1.0000,0.3095,0.2659
1.0000,0.3422,0.2995
1.0000,0.3698,0.3280
1.0000,0.3902,0.3493
1.0000,0.3481,0.3082
1.0000,0.2872,0.2482
1.0000,0.2866,0.2486
1.0000,0.3866,0.3495
1.0000,0.3685,0.3323
1.0000,0.4090,0.3738
1.0000,0.3934,0.3591
1.0000,0.3606,0.3274
1.0000,0.3869,0.3547
1.0000,0.3333,0.3020
1.0000,0.4096,0.3793
1.0000,0.3165,0.2872
1.0000,0.4004,0.3720
1.0000,0.3921,0.3647
1.0000,0.2864,0.2600
1.0000,0.3772,0.3518
1.0000,0.4026,0.3783
1.0000,0.4130,0.3896
1.0000,0.3476,0.3252
1.0000,0.3205,0.2992
1.0000,0.4049,0.3846
1.0000,0.3740,0.3548
1.0000,0.3460,0.3278
1.0000,0.3771,0.3599
1.0000,0.3026,0.2864
1.0000,0.3465,0.3314
1.0000,0.3607,0.3466
1.0000,0.2890,0.2760
1.0000,0.3786,0.3666
1.0000,0.3858,0.3749
1.0000,0.2986,0.2888
1.0000,0.3344,0.3256
1.0000,0.3316,0.3239
1.0000,0.3221,0.3155
1.0000,0.2951,0.2896
1.0000,0.3314,0.3270
1.0000,0.4079,0.4046
1.0000,0.3254,0.3232
1.0000,0.3045,0.3034
1.0000,0.3408,0.3408
1.0000,0.3747,0.3759
1.0000,0.3490,0.3512
1.0000,0.3849,0.3883
1.0000,0.4068,0.4113
1.0000,0.3599,0.3656
1.0000,0.3447,0.3514
1.0000,0.3080,0.3159
1.0000,0.4046,0.4136
1.0000,0.3530,0.3632
1.0000,0.3074,0.3187
1.0000,0.4135,0.4260
1.0000,0.2979,0.3116
1.0000,0.3357,0.3505
1.0000,0.3860,0.4020
1.0000,0.3751,0.3922
1.0000,0.3322,0.3505
1.0000,0.2994,0.3189
1.0000,0.2996,0.3203
1.0000,0.3987,0.4206
1.0000,0.2931,0.3162
1.0000,0.4054,0.4297
1.0000,0.3300,0.3555
1.0000,0.3993,0.4260
1.0000,0.3678,0.3957
1.0000,0.3882,0.4173
1.0000,0.3252,0.3556
1.0000,0.3491,0.3807
1.0000,0.3194,0.3522
1.0000,0.3804,0.4145
1.0000,0.4022,0.4375
1.0000,0.3446,0.3811
1.0000,0.3459,0.3837
1.0000,0.3682,0.4072
1.0000,0.3807,0.4211
1.0000,0.4109,0.4525
1.0000,0.3766,0.4194
1.0000,0.3080,0.3521
1.0000,0.3072,0.3526
1.0000,0.3042,0.3509
1.0000,0.3610,0.4090
1.0000,0.3318,0.3811
1.0000,0.3273,0.3779
1.0000,0.4103,0.4621
1.0000,0.4007,0.4538
1.0000,0.3169,0.3713
1.0000,0.3109,0.3666
1.0000,0.3249,0.3820
1.0000,0.3060,0.3644
1.0000,0.4014,0.4611
1.0000,0.3955,0.4565
1.0000,0.3894,0.4518
1.0000,0.4163,0.4800
1.0000,0.3078,0.3729
1.0000,0.3523,0.4187
1.0000,0.4067,0.4745
1.0000,0.3727,0.4417
1.0000,0.3658,0.4363
1.0000,0.3708,0.4426
1.0000,0.3667,0.4399
1.0000,0.2984,0.3729
1.0000,0.3094,0.3853
1.0000,0.4142,0.4915
1.0000,0.4118,0.4905
1.0000,0.3741,0.4541
1.0000,0.3022,0.3836
1.0000,0.3476,0.4305
1.0000,0.3775,0.4617
1.0000,0.3184,0.4040
1.0000,0.3935,0.4805
1.0000,0.3511,0.4395
1.0000,0.4066,0.4965
1.0000,0.3830,0.4743
1.0000,0.3699,0.4626
1.0000,0.4110,0.5051
1.0000,0.4097,0.5053
1.0000,0.3176,0.4146
1.0000,0.3027,0.4012
1.0000,0.3083,0.4082
1.0000,0.3742,0.4755
1.0000,0.3237,0.4265
1.0000,0.3637,0.4679
1.0000,0.3522,0.4579
1.0000,0.3044,0.4116
1.0000,0.3675,0.4762
1.0000,0.3555,0.4656
1.0000,0.3377,0.4493
1.0000,0.3995,0.5126
1.0000,0.3614,0.4760
1.0000,0.3145,0.4306
1.0000,0.3740,0.4916
1.0000,0.3771,0.4961
1.0000,0.3429,0.4635
1.0000,0.4150,0.5371
1.0000,0.3094,0.4330
1.0000,0.3996,0.5247
1.0000,0.3838,0.5104
1.0000,0.3440,0.4722
1.0000,0.3304,0.4600
1.0000,0.2935,0.4247
1.0000,0.3834,0.5161
1.0000,0.4102,0.5445
1.0000,0.3702,0.5060
1.0000,0.3229,0.4602
1.0000,0.3050,0.4439
1.0000,0.3999,0.5403
1.0000,0.3341,0.4762
1.0000,0.3009,0.4445
1.0000,0.2953,0.4404
1.0000,0.3596,0.5063
1.0000,0.3981,0.5464
1.0000,0.3245,0.4744
1.0000,0.2996,0.4511
1.0000,0.2872,0.4402
1.0000,0.3144,0.4691
1.0000,0.3978,0.5541
1.0000,0.3249,0.4828
1.0000,0.3010,0.4605
1.0000,0.3816,0.5426
1.0000,0.4068,0.5695
1.0000,0.3629,0.5272
1.0000,0.3638,0.5297
1.0000,0.2881,0.4556
1.0000,0.3695,0.5387
1.0000,0.3379,0.5087
1.0000,0.3657,0.5381
1.0000,0.2860,0.4601
1.0000,0.3717,0.5474
1.0000,0.3194,0.4968
1.0000,0.3161,0.4951
1.0000,0.3544,0.5350
1.0000,0.3689,0.5513
1.0000,0.3036,0.4876
1.0000,0.3271,0.5128
1.0000,0.3359,0.5233
1.0000,0.3908,0.5798
1.0000,0.2883,0.4790
1.0000,0.3042,0.4965
1.0000,0.3853,0.5794
1.0000,0.3466,0.5423
1.0000,0.2928,0.4903
1.0000,0.2985,0.4977
1.0000,0.3830,0.5838
1.0000,0.3490,0.5515
1.0000,0.3354,0.5397
1.0000,0.2973,0.5033
1.0000,0.2952,0.5028
1.0000,0.3161,0.5255
1.0000,0.3141,0.5252
1.0000,0.2821,0.4949
1.0000,0.3951,0.6097
1.0000,0.3117,0.5280
1.0000,0.3694,0.5874
1.0000,0.2814,0.5013
1.0000,0.3533,0.5749
1.0000,0.2932,0.5165
1.0000,0.2753,0.5004
1.0000,0.3885,0.6153
1.0000,0.3709,0.5995
1.0000,0.3823,0.6127
1.0000,0.3179,0.5500
1.0000,0.3001,0.5340
1.0000,0.3218,0.5574
1.0000,0.3034,0.5408
1.0000,0.2749,0.5141
1.0000,0.3103,0.5513
1.0000,0.3575,0.6003
1.0000,0.3807,0.6253
1.0000,0.2746,0.5210
1.0000,0.3168,0.5651
1.0000,0.2748,0.5249
1.0000,0.2744,0.5262
1.0000,0.3767,0.6304
1.0000,0.3525,0.6079
1.0000,0.2832,0.5405
1.0000,0.3589,0.6180
1.0000,0.3264,0.5874
1.0000,0.2733,0.5361
1.0000,0.3463,0.6109
1.0000,0.3098,0.5762
1.0000,0.3092,0.5775
1.0000,0.3183,0.5884
1.0000,0.2644,0.5364
1.0000,0.3884,0.6623
1.0000,0.3599,0.6356
1.0000,0.3067,0.5843
1.0000,0.3809,0.6604
1.0000,0.3841,0.6654
1.0000,0.2674,0.5505
1.0000,0.3042,0.5892
1.0000,0.3226,0.6095
1.0000,0.3464,0.6352
1.0000,0.3316,0.6223
1.0000,0.3449,0.6375
1.0000,0.2882,0.5827
1.0000,0.3202,0.6166
1.0000,0.3039,0.6022
1.0000,0.2960,0.5962
1.0000,0.2833,0.5854
1.0000,0.2879,0.5919
1.0000,0.3770,0.6829
1.0000,0.3248,0.6327
1.0000,0.3230,0.6328
1.0000,0.3448,0.6565
1.0000,0.3025,0.6161
1.0000,0.2982,0.6138
1.0000,0.3148,0.6323
1.0000,0.3074,0.6268
1.0000,0.3667,0.6880
1.0000,0.2794,0.6027
1.0000,0.2529,0.5782
1.0000,0.3443,0.6715
1.0000,0.3500,0.6792
1.0000,0.3419,0.6730
1.0000,0.3638,0.6969
1.0000,0.3613,0.6964
1.0000,0.2651,0.6021
1.0000,0.3543,0.6933
1.0000,0.2635,0.6045
1.0000,0.3444,0.6874
1.0000,0.3343,0.6792
1.0000,0.2983,0.6452
1.0000,0.3444,0.6933
1.0000,0.2423,0.5932
1.0000,0.3427,0.6956
1.0000,0.2410,0.5959
1.0000,0.3212,0.6781
1.0000,0.2723,0.6312
1.0000,0.3379,0.6988
1.0000,0.2813,0.6442
1.0000,0.3205,0.6854
1.0000,0.3567,0.7236
1.0000,0.3256,0.6945
1.0000,0.2649,0.6359
1.0000,0.3079,0.6809
1.0000,0.3447,0.7198
1.0000,0.3439,0.7210
1.0000,0.3349,0.7140
1.0000,0.2399,0.6211
1.0000,0.2819,0.6651
1.0000,0.3100,0.6952
1.0000,0.3084,0.6957
1.0000,0.3224,0.7118
1.0000,0.2856,0.6770
1.0000,0.2458,0.6393
1.0000,0.2511,0.6466
1.0000,0.2768,0.6744
1.0000,0.3255,0.7252
1.0000,0.2830,0.6848
1.0000,0.2696,0.6734
1.0000,0.2535,0.6594
1.0000,0.3349,0.7429
1.0000,0.3138,0.7238
1.0000,0.3197,0.7319
1.0000,0.2927,0.7069
1.0000,0.3115,0.7278
1.0000,0.3004,0.7188
1.0000,0.2256,0.6461
1.0000,0.3137,0.7364
1.0000,0.2987,0.7234
1.0000,0.2973,0.7242
1.0000,0.3413,0.7703
1.0000,0.3365,0.7676
1.0000,0.2454,0.6786
1.0000,0.2736,0.7089
1.0000,0.2772,0.7146
1.0000,0.2590,0.6986
1.0000,0.2754,0.7171
1.0000,0.2883,0.7321
1.0000,0.2762,0.7221
1.0000,0.3354,0.7835
1.0000,0.2769,0.7271
1.0000,0.3030,0.7554
1.0000,0.2718,0.7263
1.0000,0.2098,0.6665
1.0000,0.3089,0.7678
1.0000,0.2160,0.6771
1.0000,0.2245,0.6877
1.0000,0.2174,0.6827
1.0000,0.2401,0.7076
1.0000,0.2969,0.7665
1.0000,0.2899,0.7617
1.0000,0.3152,0.7892
1.0000,0.2134,0.6896
1.0000,0.3160,0.7944
1.0000,0.2278,0.7083
1.0000,0.2841,0.7668
1.0000,0.2854,0.7703
1.0000,0.3182,0.8054
1.0000,0.3109,0.8002
1.0000,0.2940,0.7855
1.0000,0.2568,0.7505
1.0000,0.2403,0.7363
1.0000,0.1990,0.6971
1.0000,0.2820,0.7823
1.0000,0.2456,0.7482
1.0000,0.1906,0.6953
1.0000,0.1934,0.7004
1.0000,0.3032,0.8123
1.0000,0.2040,0.7154
1.0000,0.1973,0.7110
1.0000,0.2941,0.8099
1.0000,0.2533,0.7713
1.0000,0.3062,0.8265
1.0000,0.2066,0.7291
1.0000,0.2394,0.7642
1.0000,0.2294,0.7564
1.0000,0.2056,0.7349
1.0000,0.1816,0.7131
1.0000,0.2933,0.8271
1.0000,0.1862,0.7222
1.0000,0.2490,0.7872
1.0000,0.2385,0.7790
1.0000,0.2670,0.8098
1.0000,0.2042,0.7492
1.0000,0.2579,0.8052
1.0000,0.2738,0.8234
1.0000,0.2362,0.7881
1.0000,0.2781,0.8322
1.0000,0.2111,0.7675
1.0000,0.2507,0.8094
1.0000,0.2007,0.7617
1.0000,0.2650,0.8282
1.0000,0.2459,0.8114
1.0000,0.2750,0.8428
1.0000,0.1654,0.7355
1.0000,0.1888,0.7612
1.0000,0.1867,0.7614
1.0000,0.1971,0.7741
1.0000,0.2499,0.8292
1.0000,0.1738,0.7553
1.0000,0.2747,0.8586
1.0000,0.1728,0.7590
1.0000,0.2574,0.8459
1.0000,0.2524,0.8432
1.0000,0.1921,0.7852
1.0000,0.1795,0.7749
1.0000,0.2631,0.8608
1.0000,0.1974,0.7974
1.0000,0.2357,0.8381
1.0000,0.1663,0.7710
1.0000,0.2113,0.8183
1.0000,0.2554,0.8648
1.0000,0.2122,0.8239
1.0000,0.2118,0.8258
1.0000,0.1471,0.7635
1.0000,0.1920,0.8107
1.0000,0.1522,0.7732
1.0000,0.1948,0.8182
1.0000,0.2602,0.8860
1.0000,0.2541,0.8822
1.0000,0.1518,0.7822
1.0000,0.1692,0.8020
1.0000,0.1617,0.7969
1.0000,0.1885,0.8260
1.0000,0.1494,0.7892
1.0000,0.2396,0.8818
1.0000,0.1333,0.7779
1.0000,0.2362,0.8831
1.0000,0.2027,0.8520
1.0000,0.1647,0.8164
1.0000,0.1671,0.8211
1.0000,0.2350,0.8914
1.0000,0.1320,0.7908
1.0000,0.1924,0.8535
1.0000,0.2419,0.9055
1.0000,0.1626,0.8286
1.0000,0.1671,0.8354
1.0000,0.1573,0.8280
1.0000,0.2270,0.9001
1.0000,0.1775,0.8530
1.0000,0.1615,0.8394
1.0000,0.1947,0.8750
1.0000,0.2179,0.9006
1.0000,0.1935,0.8786
1.0000,0.1924,0.8799
1.0000,0.1287,0.8186
1.0000,0.1779,0.8702
1.0000,0.1382,0.8329
1.0000,0.1411,0.8382
1.0000,0.1846,0.8842
1.0000,0.2007,0.9026
1.0000,0.1202,0.8246
1.0000,0.1022,0.8090
1.0000,0.2165,0.9257
1.0000,0.1043,0.8159
1.0000,0.1336,0.8476
1.0000,0.1288,0.8452
1.0000,0.1738,0.8927
1.0000,0.1279,0.8492
1.0000,0.0962,0.8199
1.0000,0.1553,0.8814
1.0000,0.1090,0.8376
1.0000,0.2128,0.9438
1.0000,0.1651,0.8986
1.0000,0.1858,0.9217
1.0000,0.1275,0.8659
1.0000,0.0979,0.8387
1.0000,0.0982,0.8415
1.0000,0.1708,0.9165
1.0000,0.1913,0.9394
1.0000,0.1131,0.8637
1.0000,0.1375,0.8906
1.0000,0.0753,0.8308
1.0000,0.1931,0.9510
1.0000,0.1325,0.8929
1.0000,0.1645,0.9274
1.0000,0.1069,0.8722
1.0000,0.1374,0.9052
1.0000,0.1858,0.9561
1.0000,0.1849,0.9576
1.0000,0.0756,0.8508
1.0000,0.0682,0.8458
1.0000,0.0610,0.8411
1.0000,0.0842,0.8667
1.0000,0.1140,0.8991
1.0000,0.0879,0.8754
1.0000,0.0730,0.8630
1.0000,0.0610,0.8535
1.0000,0.1755,0.9705
1.0000,0.1618,0.9592
1.0000,0.1126,0.9125
1.0000,0.1255,0.9279
1.0000,0.1129,0.9177
1.0000,0.0861,0.8935
1.0000,0.1403,0.9502
1.0000,0.0835,0.8959
1.0000,0.0696,0.8844
1.0000,0.1302,0.9476
1.0000,0.1239,0.9437
1.0000,0.1413,0.9636
1.0000,0.1378,0.9626
1.0000,0.0847,0.9120
1.0000,0.0484,0.8782
1.0000,0.0907,0.9230
1.0000,0.1343,0.9691
1.0000,0.1359,0.9733
1.0000,0.0681,0.9079
1.0000,0.1098,0.9522
1.0000,0.1399,0.9848
1.0000,0.1185,0.9659
1.0000,0.1431,0.9930
1.0000,0.0544,0.9068
1.0000,0.0929,0.9478
1.0000,0.0700,0.9274
1.0000,0.0942,0.9541
1.0000,0.0648,0.9273
1.0000,0.1321,0.9971
1.0000,0.0797,0.9472
1.0000,0.1378,1.0078
1.0000,0.0992,0.9717
1.0000,0.0725,0.9476
1.0000,0.1229,1.0005
1.0000,0.1258,1.0059
1.0000,0.0940,0.9766
1.0000,0.1175,1.0027
1.0000,0.0420,0.9297
1.0000,0.1220,1.0122
1.0000,0.0907,0.9835
1.0000,0.0573,0.9526
1.0000,0.0022,0.9000
1.0000,0.1077,1.0081
1.0000,0.0748,0.9777
1.0000,0.0774,0.9828
1.0000,0.0743,0.9822
1.0000,0.0839,0.9944
1.0000,0.1029,1.0159
1.0000,0.0157,0.9312
1.0000,0.0073,0.9254
1.0000,0.0708,0.9915
1.0000,0.0110,0.9342
1.0000,0.0837,1.0094
1.0000,0.1035,1.0318
1.0000,0.0278,0.9587
1.0000,0.0035,0.9369
1.0000,-0.0041,0.9319
1.0000,0.0131,0.9516
1.0000,0.0935,1.0346
1.0000,0.0775,1.0211
1.0000,0.0742,1.0204
1.0000,0.0519,1.0006
1.0000,0.0300,0.9813
1.0000,0.0023,0.9561
1.0000,0.0664,1.0228
1.0000,0.0523,1.0113
1.0000,0.0267,0.9882
1.0000,-0.0210,0.9431
1.0000,0.0224,0.9890
1.0000,0.0706,1.0398
1.0000,0.0625,1.0343
1.0000,-0.0278,0.9465
1.0000,0.0606,1.0375
1.0000,0.0004,0.9799
1.0000,0.0624,1.0444
1.0000,-0.0352,0.9494
1.0000,0.0694,1.0566
1.0000,0.0554,1.0451
1.0000,0.0460,1.0382
1.0000,-0.0276,0.9672
1.0000,0.0570,1.0544
1.0000,0.0264,1.0264
2.0000,-0.0258,-0.0248
2.0000,0.0039,0.0059
2.0000,-0.0449,-0.0419
2.0000,-0.0525,-0.0484
2.0000,0.0547,0.0598
2.0000,0.0274,0.0335
2.0000,-0.0431,-0.0360
2.0000,-0.0073,0.0008
2.0000,0.0424,0.0516
2.0000,-0.0199,-0.0098
2.0000,0.0497,0.0609
2.0000,-0.0425,-0.0302
2.0000,0.0002,0.0135
2.0000,0.0458,0.0601
2.0000,-0.0514,-0.0360
2.0000,0.0164,0.0328
2.0000,-0.0136,0.0039
2.0000,0.0028,0.0213
2.0000,0.0361,0.0557
2.0000,0.0001,0.0207
2.0000,-0.0001,0.0216
2.0000,0.0266,0.0493
2.0000,0.0196,0.0435
2.0000,-0.0636,-0.0387
2.0000,0.0383,0.0643
2.0000,-0.0254,0.0017
2.0000,0.0103,0.0384
2.0000,0.0036,0.0328
2.0000,0.0322,0.0625
2.0000,0.0545,0.0859
2.0000,-0.0038,0.0287
2.0000,0.0181,0.0517
2.0000,-0.0647,-0.0301
2.0000,0.0447,0.0805
2.0000,-0.0255,0.0113
2.0000,0.0482,0.0861
2.0000,-0.0619,-0.0228
2.0000,0.0389,0.0791
2.0000,-0.0593,-0.0180
2.0000,-0.0372,0.0053
2.0000,-0.0464,-0.0028
2.0000,-0.0096,0.0351
2.0000,0.0287,0.0745
2.0000,-0.0179,0.0290
2.0000,-0.0659,-0.0179
2.0000,-0.0484,0.0008
2.0000,-0.0216,0.0287
2.0000,-0.0240,0.0275
2.0000,-0.0069,0.0457
2.0000,-0.0163,0.0375
2.0000,0.0151,0.0700
2.0000,-0.0263,0.0297
2.0000,-0.0090,0.0483
2.0000,-0.0431,0.0153
2.0000,-0.0215,0.0380
2.0000,0.0564,0.1171
2.0000,0.0094,0.0713
2.0000,-0.0643,-0.0012
2.0000,0.0119,0.0761
2.0000,0.0065,0.0718
2.0000,0.0573,0.1238
2.0000,0.0202,0.0879
2.0000,-0.0459,0.0230
2.0000,0.0368,0.1069
2.0000,0.0095,0.0808
2.0000,-0.0397,0.0328
2.0000,-0.0150,0.0587
2.0000,-0.0041,0.0707
2.0000,-0.0130,0.0631
2.0000,-0.0047,0.0725
2.0000,-0.0097,0.0688
2.0000,-0.0404,0.0393
2.0000,0.0200,0.1009
2.0000,-0.0141,0.0680
2.0000,-0.0535,0.0298
2.0000,0.0129,0.0974
2.0000,-0.0160,0.0697
2.0000,-0.0134,0.0735
2.0000,-0.0671,0.0211
2.0000,0.0218,0.1112
2.0000,-0.0581,0.0325
2.0000,0.0234,0.1153
2.0000,-0.0240,0.0691
2.0000,0.0169,0.1112
2.0000,-0.0695,0.0261
2.0000,0.0148,0.1116
2.0000,0.0264,0.1244
2.0000,-0.0596,0.0397
2.0000,-0.0224,0.0781
2.0000,-0.0207,0.0811
2.0000,-0.0623,0.0407
2.0000,-0.0602,0.0441
2.0000,0.0447,0.1503
2.0000,-0.0733,0.0335
2.0000,-0.0211,0.0870
2.0000,-0.0035,0.1059
2.0000,-0.0228,0.0878
2.0000,-0.0659,0.0460
2.0000,-0.0613,0.0518
2.0000,0.0287,0.1431
2.0000,-0.0553,0.0604
2.0000,0.0410,0.1580
2.0000,-0.0364,0.0818
2.0000,-0.0175,0.1020
2.0000,-0.0566,0.0642
2.0000,-0.0127,0.1094
2.0000,-0.0733,0.0501
2.0000,-0.0790,0.0457
2.0000,0.0441,0.1700
2.0000,-0.0786,0.0487
2.0000,-0.0251,0.1035
2.0000,0.0405,0.1703
2.0000,0.0344,0.1656
2.0000,-0.0022,0.1303
2.0000,-0.0153,0.1185
2.0000,0.0426,0.1777
2.0000,0.0028,0.1392
2.0000,0.0339,0.1716
2.0000,-0.0116,0.1275
2.0000,0.0261,0.1664
2.0000,-0.0262,0.1155
2.0000,-0.0059,0.1371
2.0000,-0.0151,0.1292
2.0000,-0.0574,0.0882
2.0000,0.0069,0.1539
2.0000,0.0342,0.1825
2.0000,-0.0129,0.1367
2.0000,-0.0807,0.0702
2.0000,-0.0214,0.1309
2.0000,-0.0205,0.1332
2.0000,0.0084,0.1634
2.0000,-0.0539,0.1025
2.0000,-0.0793,0.0784
2.0000,-0.0144,0.1446
2.0000,-0.0755,0.0849
2.0000,-0.0555,0.1062
2.0000,-0.0518,0.1113
2.0000,0.0329,0.1974
2.0000,0.0249,0.1907
2.0000,0.0140,0.1812
2.0000,-0.0705,0.0981
2.0000,-0.0234,0.1465
2.0000,-0.0702,0.1011
2.0000,-0.0639,0.1087
2.0000,-0.0870,0.0870
2.0000,-0.0323,0.1431
2.0000,-0.0192,0.1575
2.0000,-0.0524,0.1257
2.0000,0.0026,0.1821
2.0000,-0.0832,0.0977
2.0000,-0.0354,0.1469
2.0000,-0.0867,0.0969
2.0000,-0.0384,0.1466
2.0000,-0.0397,0.1467
2.0000,0.0090,0.1968
2.0000,-0.0740,0.1152
2.0000,-0.0331,0.1575
2.0000,-0.0234,0.1686
2.0000,-0.0562,0.1372
2.0000,-0.0705,0.1243
2.0000,-0.0105,0.1856
2.0000,-0.0416,0.1560
2.0000,-0.0726,0.1264
2.0000,0.0216,0.2220
2.0000,-0.0670,0.1348
2.0000,0.0075,0.2107
2.0000,0.0077,0.2123
2.0000,-0.0244,0.1816
2.0000,0.0084,0.2158
2.0000,-0.1011,0.1077
2.0000,-0.0545,0.1557
2.0000,-0.0266,0.1850
2.0000,-0.0824,0.1306
2.0000,-0.1102,0.1043
2.0000,-0.0782,0.1378
2.0000,0.0067,0.2240
2.0000,0.0126,0.2314
2.0000,-0.0358,0.1844
2.0000,-0.0172,0.2045
2.0000,-0.0069,0.2162
2.0000,-0.0060,0.2185
2.0000,-0.0196,0.2063
2.0000,0.0073,0.2347
2.0000,-0.1134,0.1154
2.0000,-0.0509,0.1794
2.0000,-0.0827,0.1489
2.0000,-0.1011,0.1320
2.0000,-0.0668,0.1678
2.0000,-0.1178,0.1182
2.0000,-0.0306,0.2069
2.0000,-0.0447,0.1943
2.0000,-0.0098,0.2306
2.0000,-0.0404,0.2014
2.0000,-0.1124,0.1309
2.0000,-0.0346,0.2101
2.0000,-0.0322,0.2140
2.0000,-0.0505,0.1971
2.0000,-0.0792,0.1699
2.0000,-0.0379,0.2126
2.0000,-0.0287,0.2234
2.0000,-0.0457,0.2078
2.0000,-0.0653,0.1896
2.0000,-0.0792,0.1772
2.0000,-0.0871,0.1708
2.0000,-0.0141,0.2453
2.0000,-0.0131,0.2478
2.0000,-0.1277,0.1346
2.0000,-0.0315,0.2323
2.0000,-0.0220,0.2432
2.0000,-0.0286,0.2381
2.0000,-0.0988,0.1694
2.0000,-0.1129,0.1568
2.0000,-0.1114,0.1597
2.0000,-0.0330,0.2396
2.0000,-0.0798,0.1943
2.0000,-0.0142,0.2613
2.0000,-0.1158,0.1613
2.0000,-0.0195,0.2590
2.0000,-0.0690,0.2110
2.0000,-0.0690,0.2125
2.0000,-0.0813,0.2017
2.0000,-0.1021,0.1824
2.0000,-0.0257,0.2603
2.0000,-0.1266,0.1609
2.0000,-0.0956,0.1934
2.0000,-0.1283,0.1621
2.0000,-0.0556,0.2364
2.0000,-0.1232,0.1703
2.0000,-0.0527,0.2422
2.0000,-0.0843,0.2121
2.0000,-0.0703,0.2276
2.0000,-0.1175,0.1820
2.0000,-0.0631,0.2379
2.0000,-0.0334,0.2690
2.0000,-0.0364,0.2676
2.0000,-0.1169,0.1885
2.0000,-0.1287,0.1783
2.0000,-0.0486,0.2599
2.0000,-0.0245,0.2855
2.0000,-0.0385,0.2730
2.0000,-0.0262,0.2868
2.0000,-0.1029,0.2116
2.0000,-0.1389,0.1771
2.0000,-0.0600,0.2575
2.0000,-0.1544,0.1647
2.0000,-0.1356,0.1850
2.0000,-0.0496,0.2725
2.0000,-0.0642,0.2594
2.0000,-0.0862,0.2389
2.0000,-0.1359,0.1907
2.0000,-0.0752,0.2530
2.0000,-0.0814,0.2483
2.0000,-0.0999,0.2313
2.0000,-0.0421,0.2907
2.0000,-0.1315,0.2028
2.0000,-0.0550,0.2807
2.0000,-0.1296,0.2077
2.0000,-0.1351,0.2037
2.0000,-0.0871,0.2533
2.0000,-0.0813,0.2606
2.0000,-0.0723,0.2711
2.0000,-0.0606,0.2843
2.0000,-0.0874,0.2591
2.0000,-0.1031,0.2449
2.0000,-0.1477,0.2019
2.0000,-0.0721,0.2790
2.0000,-0.0826,0.2700
2.0000,-0.1539,0.2002
2.0000,-0.1617,0.1940
2.0000,-0.1112,0.2460
2.0000,-0.0965,0.2622
2.0000,-0.1519,0.2084
2.0000,-0.1567,0.2051
2.0000,-0.1491,0.2142
2.0000,-0.1710,0.1939
2.0000,-0.0983,0.2681
2.0000,-0.1332,0.2347
2.0000,-0.0862,0.2833
2.0000,-0.1287,0.2423
2.0000,-0.1091,0.2634
2.0000,-0.0725,0.3016
2.0000,-0.1325,0.2432
2.0000,-0.1198,0.2574
2.0000,-0.0847,0.2940
2.0000,-0.1258,0.2545
2.0000,-0.1110,0.2708
2.0000,-0.1739,0.2095
2.0000,-0.1014,0.2835
2.0000,-0.0706,0.3159
2.0000,-0.0678,0.3202
2.0000,-0.0912,0.2984
2.0000,-0.1795,0.2116
2.0000,-0.1403,0.2524
2.0000,-0.1204,0.2738
2.0000,-0.1667,0.2290
2.0000,-0.1042,0.2931
2.0000,-0.0903,0.3086
2.0000,-0.1435,0.2569
2.0000,-0.1202,0.2818
2.0000,-0.1835,0.2200
2.0000,-0.1858,0.2193
2.0000,-0.1192,0.2874
2.0000,-0.1447,0.2634
2.0000,-0.1575,0.2522
2.0000,-0.1351,0.2761
2.0000,-0.1154,0.2974
2.0000,-0.1741,0.2402
2.0000,-0.1954,0.2205
2.0000,-0.1286,0.2889
2.0000,-0.1752,0.2438
2.0000,-0.1593,0.2613
2.0000,-0.1627,0.2594
2.0000,-0.1119,0.3118
2.0000,-0.1984,0.2269
2.0000,-0.2052,0.2216
2.0000,-0.1967,0.2317
2.0000,-0.1693,0.2606
2.0000,-0.1035,0.3279
2.0000,-0.1942,0.2388
2.0000,-0.1360,0.2986
2.0000,-0.1322,0.3039
2.0000,-0.1955,0.2421
2.0000,-0.1645,0.2748
2.0000,-0.1129,0.3279
2.0000,-0.2176,0.2247
2.0000,-0.1245,0.3194
2.0000,-0.1754,0.2700
2.0000,-0.1989,0.2481
2.0000,-0.1174,0.3312
2.0000,-0.1796,0.2706
2.0000,-0.1630,0.2887
2.0000,-0.1333,0.3200
2.0000,-0.1567,0.2981
2.0000,-0.2029,0.2534
2.0000,-0.1380,0.3199
2.0000,-0.1614,0.2981
2.0000,-0.1973,0.2638
2.0000,-0.1600,0.3026
2.0000,-0.1418,0.3224
2.0000,-0.2128,0.2529
2.0000,-0.1572,0.3100
2.0000,-0.1668,0.3021
2.0000,-0.2062,0.2642
2.0000,-0.2163,0.2557
2.0000,-0.2295,0.2441
2.0000,-0.1704,0.3047
2.0000,-0.1778,0.2988
2.0000,-0.1781,0.3001
2.0000,-0.2188,0.2609
2.0000,-0.2177,0.2636
2.0000,-0.1565,0.3263
2.0000,-0.1647,0.3197
2.0000,-0.1242,0.3618
2.0000,-0.2364,0.2512
2.0000,-0.2081,0.2810
2.0000,-0.1339,0.3567
2.0000,-0.2112,0.2810
2.0000,-0.1464,0.3474
2.0000,-0.1462,0.3491
2.0000,-0.2163,0.2805
2.0000,-0.2267,0.2717
2.0000,-0.2220,0.2780
2.0000,-0.1743,0.3272
2.0000,-0.1835,0.3196
2.0000,-0.2083,0.2963
2.0000,-0.2213,0.2848
2.0000,-0.1970,0.3108
2.0000,-0.1613,0.3480
2.0000,-0.1517,0.3592
2.0000,-0.2212,0.2911
2.0000,-0.2151,0.2988
2.0000,-0.1790,0.3365
2.0000,-0.2668,0.2503
2.0000,-0.1937,0.3248
2.0000,-0.1960,0.3241
2.0000,-0.2130,0.3087
2.0000,-0.1980,0.3252
2.0000,-0.2367,0.2881
2.0000,-0.1869,0.3395
2.0000,-0.2165,0.3114
2.0000,-0.2058,0.3237
2.0000,-0.1762,0.3548
2.0000,-0.1729,0.3597
2.0000,-0.2355,0.2986
2.0000,-0.2115,0.3241
2.0000,-0.1589,0.3783
2.0000,-0.1923,0.3464
2.0000,-0.2730,0.2672
2.0000,-0.2082,0.3336
2.0000,-0.2141,0.3292
2.0000,-0.2695,0.2754
2.0000,-0.2360,0.3104
2.0000,-0.2088,0.3392
2.0000,-0.2429,0.3066
2.0000,-0.2594,0.2916
2.0000,-0.1852,0.3674
2.0000,-0.2191,0.3350
2.0000,-0.2834,0.2723
2.0000,-0.1739,0.3833
2.0000,-0.2676,0.2912
2.0000,-0.2031,0.3572
2.0000,-0.2018,0.3600
2.0000,-0.1792,0.3842
2.0000,-0.2485,0.3164
2.0000,-0.2683,0.2981
2.0000,-0.1982,0.3697
2.0000,-0.2236,0.3458
2.0000,-0.2775,0.2934
2.0000,-0.2077,0.3648
2.0000,-0.2181,0.3559
2.0000,-0.2893,0.2863
2.0000,-0.2824,0.2947
2.0000,-0.2714,0.3072
2.0000,-0.2575,0.3227
2.0000,-0.3132,0.2685
2.0000,-0.2806,0.3026
2.0000,-0.2156,0.3691
2.0000,-0.3160,0.2702
2.0000,-0.2733,0.3145
2.0000,-0.1982,0.3911
2.0000,-0.2279,0.3629
2.0000,-0.3182,0.2742
2.0000,-0.2852,0.3087
2.0000,-0.3209,0.2744
2.0000,-0.2518,0.3451
2.0000,-0.2730,0.3253
2.0000,-0.2504,0.3495
2.0000,-0.2155,0.3859
2.0000,-0.2474,0.3555
2.0000,-0.2823,0.3221
2.0000,-0.2374,0.3685
2.0000,-0.2322,0.3753
2.0000,-0.2521,0.3568
2.0000,-0.2148,0.3957
2.0000,-0.2473,0.3647
2.0000,-0.3101,0.3034
2.0000,-0.2409,0.3740
2.0000,-0.3013,0.3152
2.0000,-0.2506,0.3674
2.0000,-0.2291,0.3904
2.0000,-0.2652,0.3558
2.0000,-0.2833,0.3392
2.0000,-0.2839,0.3401
2.0000,-0.2636,0.3619
2.0000,-0.2325,0.3945
2.0000,-0.2787,0.3498
2.0000,-0.3415,0.2885
2.0000,-0.2886,0.3429
2.0000,-0.3399,0.2930
2.0000,-0.3402,0.2943
2.0000,-0.3544,0.2815
2.0000,-0.2703,0.3671
2.0000,-0.3138,0.3251
2.0000,-0.3428,0.2976
2.0000,-0.3489,0.2929
2.0000,-0.2925,0.3509
2.0000,-0.2998,0.3451
2.0000,-0.3381,0.3082
2.0000,-0.3341,0.3137
2.0000,-0.2692,0.3800
2.0000,-0.3376,0.3132
2.0000,-0.3178,0.3344
2.0000,-0.3156,0.3381
2.0000,-0.2929,0.3622
2.0000,-0.2854,0.3712
2.0000,-0.3739,0.2842
2.0000,-0.3452,0.3143
2.0000,-0.3644,0.2966
2.0000,-0.3736,0.2889
2.0000,-0.3643,0.2996
2.0000,-0.3772,0.2882
2.0000,-0.3810,0.2858
2.0000,-0.2589,0.4094
2.0000,-0.3521,0.3177
2.0000,-0.3308,0.3404
2.0000,-0.2624,0.4103
2.0000,-0.2771,0.3970
2.0000,-0.3193,0.3563
2.0000,-0.2820,0.3951
2.0000,-0.2735,0.4050
2.0000,-0.3051,0.3748
2.0000,-0.2701,0.4113
2.0000,-0.3161,0.3667
2.0000,-0.3605,0.3238
2.0000,-0.3486,0.3371
2.0000,-0.2968,0.3903
2.0000,-0.3393,0.3493
2.0000,-0.3774,0.3126
2.0000,-0.3410,0.3504
2.0000,-0.3089,0.3840
2.0000,-0.3228,0.3716
2.0000,-0.3501,0.3456
2.0000,-0.3951,0.3021
2.0000,-0.3992,0.2994
2.0000,-0.4039,0.2961
2.0000,-0.3415,0.3599
2.0000,-0.3738,0.3291
2.0000,-0.4098,0.2944
2.0000,-0.3557,0.3500
2.0000,-0.3117,0.3954
2.0000,-0.3085,0.4001
2.0000,-0.3447,0.3652
2.0000,-0.4006,0.3108
2.0000,-0.3649,0.3479
2.0000,-0.3420,0.3722
2.0000,-0.3083,0.4073
2.0000,-0.3230,0.3940
2.0000,-0.3468,0.3715
2.0000,-0.3791,0.3407
2.0000,-0.3210,0.4001
2.0000,-0.3485,0.3740
2.0000,-0.3550,0.3689
2.0000,-0.3972,0.3282
2.0000,-0.3666,0.3601
2.0000,-0.3678,0.3603
2.0000,-0.3605,0.3690
2.0000,-0.4328,0.2981
2.0000,-0.3922,0.3401
2.0000,-0.3811,0.3526
2.0000,-0.4399,0.2951
2.0000,-0.3355,0.4009
2.0000,-0.3843,0.3535
2.0000,-0.3677,0.3714
2.0000,-0.3883,0.3523
2.0000,-0.3346,0.4073
2.0000,-0.4064,0.3368
2.0000,-0.3302,0.4145
2.0000,-0.4316,0.3144
2.0000,-0.3408,0.4065
2.0000,-0.3984,0.3503
2.0000,-0.4314,0.3187
2.0000,-0.3446,0.4068
2.0000,-0.3873,0.3654
2.0000,-0.4555,0.2986
2.0000,-0.4222,0.3332
2.0000,-0.4004,0.3564
2.0000,-0.3893,0.3689
2.0000,-0.4649,0.2946
2.0000,-0.3724,0.3884
2.0000,-0.3931,0.3690
2.0000,-0.4304,0.3331
2.0000,-0.4312,0.3336
2.0000,-0.4675,0.2987
2.0000,-0.3653,0.4022
2.0000,-0.3920,0.3768
2.0000,-0.3917,0.3785
2.0000,-0.3877,0.3838
2.0000,-0.3875,0.3853
2.0000,-0.3552,0.4189
2.0000,-0.4688,0.3066
2.0000,-0.4105,0.3662
2.0000,-0.4060,0.3720
2.0000,-0.4713,0.3080
2.0000,-0.3804,0.4003
2.0000,-0.4442,0.3378
2.0000,-0.4431,0.3401
2.0000,-0.4239,0.3607
2.0000,-0.4916,0.2943
2.0000,-0.4584,0.3287
2.0000,-0.4151,0.3733
2.0000,-0.4100,0.3797
2.0000,-0.4470,0.3441
2.0000,-0.4027,0.3897
2.0000,-0.4581,0.3355
2.0000,-0.4049,0.3899
2.0000,-0.3906,0.4056
2.0000,-0.4625,0.3349
2.0000,-0.3808,0.4179
2.0000,-0.4176,0.3824
2.0000,-0.5062,0.2951
2.0000,-0.5029,0.2996
2.0000,-0.4514,0.3524
2.0000,-0.4415,0.3635
2.0000,-0.3924,0.4139
2.0000,-0.4770,0.3306
2.0000,-0.4812,0.3276
2.0000,-0.4099,0.4002
2.0000,-0.4581,0.3532
2.0000,-0.4237,0.3889
2.0000,-0.4294,0.3844
2.0000,-0.4391,0.3759
2.0000,-0.4980,0.3182
2.0000,-0.4041,0.4134
2.0000,-0.4009,0.4179
2.0000,-0.4718,0.3482
2.0000,-0.4197,0.4014
2.0000,-0.4183,0.4041
2.0000,-0.5186,0.3051
2.0000,-0.4913,0.3335
2.0000,-0.4766,0.3495
2.0000,-0.4931,0.3341
2.0000,-0.4453,0.3832
2.0000,-0.4813,0.3484
2.0000,-0.5352,0.2957
2.0000,-0.4839,0.3483
2.0000,-0.4887,0.3446
2.0000,-0.4458,0.3887
2.0000,-0.4805,0.3552
2.0000,-0.4391,0.3978
2.0000,-0.5014,0.3367
2.0000,-0.5199,0.3193
2.0000,-0.5245,0.3159
2.0000,-0.4655,0.3761
2.0000,-0.5456,0.2972
2.0000,-0.4910,0.3530
2.0000,-0.4998,0.3453
2.0000,-0.5270,0.3193
2.0000,-0.5224,0.3251
2.0000,-0.4392,0.4095
2.0000,-0.4664,0.3834
2.0000,-0.4586,0.3924
2.0000,-0.5245,0.3276
2.0000,-0.5596,0.2937
2.0000,-0.5574,0.2970
2.0000,-0.5099,0.3457
2.0000,-0.4719,0.3848
2.0000,-0.4759,0.3819
2.0000,-0.4760,0.3831
2.0000,-0.4763,0.3838
2.0000,-0.5702,0.2911
2.0000,-0.5333,0.3291
2.0000,-0.5786,0.2849
2.0000,-0.4845,0.3802
2.0000,-0.5642,0.3016
2.0000,-0.4943,0.3726
2.0000,-0.4860,0.3820
2.0000,-0.5204,0.3487
2.0000,-0.5557,0.3145
2.0000,-0.4789,0.3925
2.0000,-0.5166,0.3559
2.0000,-0.5837,0.2898
2.0000,-0.5344,0.3402
2.0000,-0.5278,0.3479
2.0000,-0.4756,0.4013
2.0000,-0.5731,0.3048
2.0000,-0.5075,0.3715
2.0000,-0.5545,0.3256
2.0000,-0.5535,0.3277
2.0000,-0.5372,0.3450
2.0000,-0.5248,0.3585
2.0000,-0.5657,0.3186
2.0000,-0.5417,0.3437
2.0000,-0.5433,0.3432
2.0000,-0.4843,0.4033
2.0000,-0.5997,0.2889
2.0000,-0.5521,0.3376
2.0000,-0.5788,0.3119
2.0000,-0.5066,0.3852
2.0000,-0.6026,0.2902
2.0000,-0.6136,0.2802
2.0000,-0.4973,0.3976
2.0000,-0.5999,0.2960
2.0000,-0.5705,0.3264
2.0000,-0.5035,0.3944
2.0000,-0.5592,0.3398
2.0000,-0.5381,0.3620
2.0000,-0.5086,0.3924
2.0000,-0.5166,0.3855
2.0000,-0.5389,0.3641
2.0000,-0.5580,0.3461
2.0000,-0.6202,0.2849
2.0000,-0.5475,0.3585
2.0000,-0.6202,0.2868
2.0000,-0.6335,0.2746
2.0000,-0.5531,0.3559
2.0000,-0.5426,0.3674
2.0000,-0.5262,0.3848
2.0000,-0.5741,0.3379
2.0000,-0.6134,0.2996
2.0000,-0.6371,0.2768
2.0000,-0.5443,0.3706
2.0000,-0.6136,0.3023
2.0000,-0.6347,0.2821
2.0000,-0.5576,0.3602
2.0000,-0.6129,0.3058
2.0000,-0.5774,0.3423
2.0000,-0.6364,0.2843
2.0000,-0.6217,0.2999
2.0000,-0.5395,0.3830
2.0000,-0.5716,0.3519
2.0000,-0.6080,0.3164
2.0000,-0.5744,0.3509
2.0000,-0.6502,0.2760
2.0000,-0.6547,0.2725
2.0000,-0.6221,0.3061
2.0000,-0.5743,0.3547
2.0000,-0.5845,0.3455
2.0000,-0.6602,0.2707
2.0000,-0.6328,0.2989
2.0000,-0.5895,0.3432
2.0000,-0.6667,0.2669
2.0000,-0.6471,0.2874
2.0000,-0.5806,0.3547
2.0000,-0.5665,0.3698
2.0000,-0.5794,0.3578
2.0000,-0.5984,0.3396
2.0000,-0.6645,0.2744
2.0000,-0.6278,0.3120
2.0000,-0.6563,0.2844
2.0000,-0.5985,0.3430
2.0000,-0.5803,0.3620
2.0000,-0.6229,0.3203
2.0000,-0.6656,0.2785
2.0000,-0.5750,0.3699
2.0000,-0.6386,0.3072
2.0000,-0.6636,0.2830
2.0000,-0.6640,0.2835
2.0000,-0.6639,0.2844
2.0000,-0.6439,0.3053
2.0000,-0.6087,0.3413
2.0000,-0.7010,0.2498
2.0000,-0.6699,0.2817
2.0000,-0.5836,0.3689
2.0000,-0.6762,0.2771
2.0000,-0.6752,0.2788
2.0000,-0.6337,0.3211
2.0000,-0.6541,0.3016
2.0000,-0.6150,0.3414
2.0000,-0.6265,0.3307
2.0000,-0.6819,0.2762
2.0000,-0.6819,0.2769
2.0000,-0.6939,0.2657
2.0000,-0.6949,0.2655
2.0000,-0.6984,0.2628
2.0000,-0.6543,0.3076
2.0000,-0.6997,0.2630
2.0000,-0.6239,0.3395
2.0000,-0.6755,0.2887
2.0000,-0.6008,0.3642
2.0000,-0.6239,0.3418
2.0000,-0.6210,0.3454
2.0000,-0.6741,0.2931
2.0000,-0.6762,0.2917
2.0000,-0.6843,0.2844
2.0000,-0.7243,0.2451
2.0000,-0.7212,0.2489
2.0000,-0.7153,0.2556
2.0000,-0.6243,0.3473
2.0000,-0.7016,0.2707
2.0000,-0.6460,0.3270
2.0000,-0.7405,0.2333
2.0000,-0.6998,0.2746
2.0000,-0.6245,0.3507
2.0000,-0.7029,0.2729
2.0000,-0.6415,0.3350
2.0000,-0.7080,0.2692
2.0000,-0.6847,0.2932
2.0000,-0.6620,0.3166
2.0000,-0.7337,0.2455
2.0000,-0.7290,0.2510
2.0000,-0.6568,0.3238
2.0000,-0.7206,0.2607
2.0000,-0.6924,0.2895
2.0000,-0.7356,0.2470
2.0000,-0.6888,0.2945
2.0000,-0.6655,0.3184
2.0000,-0.7096,0.2749
2.0000,-0.6459,0.3392
2.0000,-0.7436,0.2422
2.0000,-0.7202,0.2662
2.0000,-0.7322,0.2548
2.0000,-0.7056,0.2820
2.0000,-0.7390,0.2493
2.0000,-0.7573,0.2315
2.0000,-0.7113,0.2781
2.0000,-0.7642,0.2259
2.0000,-0.6794,0.3112
2.0000,-0.6601,0.3312
2.0000,-0.6870,0.3049
2.0000,-0.6996,0.2929
2.0000,-0.6835,0.3095
2.0000,-0.7010,0.2926
2.0000,-0.7267,0.2675
2.0000,-0.7833,0.2115
2.0000,-0.7564,0.2390
2.0000,-0.7829,0.2130
2.0000,-0.7171,0.2793
2.0000,-0.7601,0.2369
2.0000,-0.7143,0.2833
2.0000,-0.7822,0.2159
2.0000,-0.6770,0.3217
2.0000,-0.7961,0.2031
2.0000,-0.6763,0.3234
2.0000,-0.7965,0.2037
2.0000,-0.6977,0.3030
2.0000,-0.7207,0.2806
2.0000,-0.6860,0.3158
2.0000,-0.7251,0.2772
2.0000,-0.7620,0.2408
2.0000,-0.7793,0.2240
2.0000,-0.7814,0.2224
2.0000,-0.7196,0.2847
2.0000,-0.7392,0.2656
2.0000,-0.8085,0.1968
2.0000,-0.8102,0.1955
2.0000,-0.7471,0.2592
2.0000,-0.7025,0.3042
2.0000,-0.7634,0.2437
2.0000,-0.7378,0.2698
2.0000,-0.8050,0.2031
2.0000,-0.7747,0.2338
2.0000,-0.7639,0.2451
2.0000,-0.8102,0.1992
2.0000,-0.8247,0.1851
2.0000,-0.8299,0.1804
2.0000,-0.8147,0.1960
2.0000,-0.7953,0.2159
2.0000,-0.8133,0.1982
2.0000,-0.8084,0.2035
2.0000,-0.8303,0.1821
2.0000,-0.7517,0.2611
2.0000,-0.7957,0.2175
2.0000,-0.7910,0.2226
2.0000,-0.8095,0.2045
2.0000,-0.7929,0.2215
2.0000,-0.7728,0.2419
2.0000,-0.7382,0.2769
2.0000,-0.8125,0.2030
2.0000,-0.7366,0.2792
2.0000,-0.8105,0.2057
2.0000,-0.8399,0.1767
2.0000,-0.7818,0.2351
2.0000,-0.7316,0.2857
2.0000,-0.8492,0.1684
2.0000,-0.7739,0.2440
2.0000,-0.7507,0.2676
2.0000,-0.7754,0.2432
2.0000,-0.7556,0.2634
2.0000,-0.7778,0.2414
2.0000,-0.8069,0.2127
2.0000,-0.7462,0.2737
2.0000,-0.7410,0.2792
2.0000,-0.7774,0.2431
2.0000,-0.7544,0.2665
2.0000,-0.8627,0.1584
2.0000,-0.8293,0.1921
2.0000,-0.8648,0.1569
2.0000,-0.8509,0.1710
2.0000,-0.7749,0.2474
2.0000,-0.8502,0.1723
2.0000,-0.7739,0.2489
2.0000,-0.8771,0.1459
2.0000,-0.7599,0.2634
2.0000,-0.7680,0.2555
2.0000,-0.8093,0.2145
2.0000,-0.8374,0.1866
2.0000,-0.8128,0.2115
2.0000,-0.8701,0.1544
2.0000,-0.7633,0.2615
2.0000,-0.7767,0.2483
2.0000,-0.7846,0.2405
2.0000,-0.7733,0.2521
2.0000,-0.7753,0.2503
2.0000,-0.8771,0.1486
2.0000,-0.7787,0.2472
2.0000,-0.8703,0.1559
2.0000,-0.8225,0.2039
2.0000,-0.8082,0.2183
2.0000,-0.8523,0.1744
2.0000,-0.8483,0.1786
2.0000,-0.7936,0.2335
2.0000,-0.7923,0.2349
2.0000,-0.8436,0.1837
2.0000,-0.8097,0.2179
2.0000,-0.8496,0.1781
2.0000,-0.8281,0.1998
2.0000,-0.7850,0.2429
2.0000,-0.8505,0.1776
2.0000,-0.8620,0.1662
2.0000,-0.8274,0.2010
2.0000,-0.8436,0.1849
2.0000,-0.8398,0.1888
2.0000,-0.7988,0.2299
2.0000,-0.8478,0.1810
2.0000,-0.8297,0.1992
2.0000,-0.8686,0.1604
2.0000,-0.8250,0.2041
2.0000,-0.9086,0.1206
2.0000,-0.9078,0.1215
2.0000,-0.9124,0.1169
2.0000,-0.8706,0.1588
2.0000,-0.8329,0.1966
2.0000,-0.8284,0.2011
2.0000,-0.9068,0.1228
2.0000,-0.9098,0.1198
2.0000,-0.9178,0.1118
2.0000,-0.9140,0.1157
2.0000,-0.9127,0.1170
2.0000,-0.8729,0.1568
2.0000,-0.8883,0.1415
2.0000,-0.8541,0.1756
2.0000,-0.8578,0.1720
2.0000,-0.8889,0.1409
2.0000,-0.8197,0.2101
2.0000,-0.9239,0.1059
2.0000,-0.9365,0.0933
2.0000,-0.8903,0.1395
2.0000,-0.9357,0.0941
2.0000,-0.9018,0.1280
2.0000,-0.8739,0.1558
2.0000,-0.8928,0.1369
2.0000,-0.8308,0.1989
2.0000,-0.8992,0.1304
2.0000,-0.8613,0.1683
2.0000,-0.8984,0.1311
2.0000,-0.8748,0.1546
2.0000,-0.8945,0.1348
2.0000,-0.8685,0.1608
2.0000,-0.8687,0.1605
2.0000,-0.8585,0.1706
2.0000,-0.9289,0.1002
2.0000,-0.9411,0.0879
2.0000,-0.8859,0.1430
2.0000,-0.9481,0.0807
2.0000,-0.9269,0.1017
2.0000,-0.9226,0.1060
2.0000,-0.8733,0.1552
2.0000,-0.9497,0.0786
2.0000,-0.9507,0.0775
2.0000,-0.9671,0.0610
2.0000,-0.9448,0.0831
2.0000,-0.9414,0.0863
2.0000,-0.8684,0.1593
2.0000,-0.8645,0.1630
2.0000,-0.9688,0.0585
2.0000,-0.9129,0.1142
2.0000,-0.9459,0.0810
2.0000,-0.9711,0.0557
2.0000,-0.9423,0.0843
2.0000,-0.9847,0.0417
2.0000,-0.8678,0.1585
2.0000,-0.8670,0.1590
2.0000,-0.9534,0.0724
2.0000,-0.9377,0.0880
2.0000,-0.8708,0.1546
2.0000,-0.9697,0.0556
2.0000,-0.9492,0.0758
2.0000,-0.9235,0.1012
2.0000,-0.9509,0.0737
2.0000,-0.8787,0.1456
2.0000,-0.9113,0.1127
2.0000,-0.9249,0.0989
2.0000,-0.9638,0.0597
2.0000,-0.9277,0.0956
2.0000,-0.9786,0.0445
2.0000,-0.9135,0.1093
2.0000,-0.9422,0.0803
2.0000,-0.9029,0.1192
2.0000,-0.9258,0.0961
2.0000,-0.9639,0.0577
2.0000,-0.9179,0.1034
2.0000,-1.0125,0.0085
2.0000,-0.9045,0.1162
2.0000,-0.9705,0.0499
2.0000,-0.8963,0.1237
2.0000,-0.9964,0.0233
2.0000,-0.9291,0.0903
2.0000,-0.9564,0.0627
2.0000,-0.9834,0.0353
2.0000,-0.9659,0.0525
2.0000,-0.9669,0.0511
2.0000,-0.9924,0.0253
2.0000,-1.0006,0.0167
2.0000,-0.9425,0.0745
2.0000,-0.9260,0.0906
2.0000,-0.9151,0.1011
2.0000,-0.9572,0.0586
2.0000,-0.9503,0.0651
2.0000,-0.9848,0.0302
2.0000,-0.9546,0.0601
2.0000,-0.9592,0.0550
2.0000,-0.9692,0.0446
2.0000,-0.9158,0.0976
2.0000,-1.0311,-0.0181
2.0000,-1.0155,-0.0030
2.0000,-0.9418,0.0703
2.0000,-0.9220,0.0896
2.0000,-0.9602,0.0510
2.0000,-0.9283,0.0824
2.0000,-1.0053,0.0050
2.0000,-0.9615,0.0484
2.0000,-0.9395,0.0699
2.0000,-0.9300,0.0789
2.0000,-0.9724,0.0360
2.0000,-0.9805,0.0275
2.0000,-0.9867,0.0207
2.0000,-0.9828,0.0241
2.0000,-1.0273,-0.0208
2.0000,-0.9741,0.0319
2.0000,-1.0355,-0.0301
2.0000,-0.9426,0.0623
2.0000,-0.9479,0.0565
2.0000,-0.9327,0.0711
2.0000,-0.9626,0.0407
2.0000,-1.0215,-0.0187
2.0000,-1.0417,-0.0395
2.0000,-1.0260,-0.0243
2.0000,-1.0368,-0.0357
2.0000,-0.9579,0.0427
2.0000,-0.9596,0.0404
3.0000,-0.0153,-0.0143
3.0000,-0.0636,-0.0616
3.0000,-0.0311,-0.0281
3.0000,0.0245,0.0285
3.0000,0.0362,0.0412
3.0000,-0.0609,-0.0549
3.0000,-0.0103,-0.0034
3.0000,0.0389,0.0468
3.0000,0.0216,0.0304
3.0000,-0.0111,-0.0012
3.0000,-0.0002,0.0106
3.0000,-0.0377,-0.0260
3.0000,-0.0564,-0.0436
3.0000,0.0277,0.0414
3.0000,-0.0456,-0.0310
3.0000,-0.0111,0.0045
3.0000,-0.0691,-0.0526
3.0000,-0.0772,-0.0597
3.0000,-0.0301,-0.0116
3.0000,-0.0566,-0.0372
3.0000,-0.0044,0.0159
3.0000,-0.0182,0.0031
3.0000,-0.0655,-0.0433
3.0000,-0.0419,-0.0188
3.0000,-0.0012,0.0228
3.0000,-0.0613,-0.0364
3.0000,-0.0674,-0.0416
3.0000,-0.0042,0.0225
3.0000,-0.0583,-0.0307
3.0000,-0.0304,-0.0018
3.0000,-0.0366,-0.0071
3.0000,0.0173,0.0476
3.0000,-0.0067,0.0246
3.0000,-0.0810,-0.0488
3.0000,-0.0957,-0.0627
3.0000,-0.0799,-0.0459
3.0000,-0.0593,-0.0245
3.0000,-0.0174,0.0183
3.0000,-0.0541,-0.0176
3.0000,-0.0301,0.0073
3.0000,-0.0391,-0.0008
3.0000,-0.0111,0.0280
3.0000,-0.0298,0.0102
3.0000,0.0161,0.0569
3.0000,-0.0026,0.0391
3.0000,-0.1064,-0.0638
3.0000,-0.0655,-0.0221
3.0000,0.0147,0.0590
3.0000,-0.1082,-0.0631
3.0000,-0.1124,-0.0665
3.0000,-0.0522,-0.0054
3.0000,-0.0855,-0.0379
3.0000,-0.0957,-0.0472
3.0000,-0.0927,-0.0435
3.0000,-0.1092,-0.0592
3.0000,-0.0095,0.0414
3.0000,-0.0115,0.0402
3.0000,-0.0104,0.0421
3.0000,-0.0282,0.0251
3.0000,-0.0596,-0.0055
3.0000,-0.1159,-0.0610
3.0000,-0.1150,-0.0593
3.0000,-0.1180,-0.0615
3.0000,-0.0954,-0.0381
3.0000,-0.1241,-0.0660
3.0000,-0.0141,0.0447
3.0000,-0.1150,-0.0554
3.0000,-0.0303,0.0301
3.0000,-0.0674,-0.0062
3.0000,-0.1332,-0.0713
3.0000,-0.1208,-0.0581
3.0000,-0.0993,-0.0359
3.0000,-0.0776,-0.0135
3.0000,-0.0828,-0.0178
3.0000,-0.0720,-0.0064
3.0000,-0.0477,0.0188
3.0000,-0.0688,-0.0016
3.0000,-0.0998,-0.0319
3.0000,-0.1281,-0.0595
3.0000,-0.0474,0.0220
3.0000,-0.0873,-0.0173
3.0000,-0.0220,0.0488
3.0000,-0.0822,-0.0107
3.0000,-0.0950,-0.0227
3.0000,-0.1324,-0.0595
3.0000,-0.0872,-0.0136
3.0000,-0.0938,-0.0195
3.0000,-0.0669,0.0081
3.0000,-0.1391,-0.0634
3.0000,-0.1417,-0.0653
3.0000,-0.1277,-0.0506
3.0000,-0.0745,0.0033
3.0000,-0.0575,0.0209
3.0000,-0.0617,0.0174
3.0000,-0.1082,-0.0283
3.0000,-0.1562,-0.0758
3.0000,-0.1290,-0.0478
3.0000,-0.0454,0.0364
3.0000,-0.1142,-0.0318
3.0000,-0.1245,-0.0414
3.0000,-0.0628,0.0210
3.0000,-0.0943,-0.0099
3.0000,-0.1469,-0.0618
3.0000,-0.1451,-0.0594
3.0000,-0.1158,-0.0295
3.0000,-0.1629,-0.0759
3.0000,-0.1396,-0.0520
3.0000,-0.1038,-0.0155
3.0000,-0.1703,-0.0814
3.0000,-0.1354,-0.0459
3.0000,-0.0670,0.0231
3.0000,-0.1607,-0.0700
3.0000,-0.0910,0.0003
3.0000,-0.1101,-0.0182
3.0000,-0.1185,-0.0260
3.0000,-0.1724,-0.0794
3.0000,-0.1130,-0.0193
3.0000,-0.0782,0.0161
3.0000,-0.1274,-0.0326
3.0000,-0.1423,-0.0470
3.0000,-0.1772,-0.0812
3.0000,-0.1202,-0.0237
3.0000,-0.1775,-0.0805
3.0000,-0.1119,-0.0143
3.0000,-0.1733,-0.0751
3.0000,-0.1698,-0.0710
3.0000,-0.0988,0.0005
3.0000,-0.1552,-0.0554
3.0000,-0.1762,-0.0758
3.0000,-0.1704,-0.0695
3.0000,-0.1660,-0.0646
3.0000,-0.0785,0.0235
3.0000,-0.0725,0.0300
3.0000,-0.0868,0.0163
3.0000,-0.1887,-0.0851
3.0000,-0.1546,-0.0505
3.0000,-0.1438,-0.0392
3.0000,-0.0833,0.0218
3.0000,-0.0815,0.0241
3.0000,-0.1884,-0.0823
3.0000,-0.1041,0.0025
3.0000,-0.0953,0.0118
3.0000,-0.1293,-0.0218
3.0000,-0.1926,-0.0845
3.0000,-0.1893,-0.0808
3.0000,-0.1051,0.0038
3.0000,-0.1512,-0.0418
3.0000,-0.1495,-0.0396
3.0000,-0.2014,-0.0911
3.0000,-0.1247,-0.0139
3.0000,-0.0885,0.0228
3.0000,-0.1956,-0.0839
3.0000,-0.1322,-0.0200
3.0000,-0.1109,0.0017
3.0000,-0.1251,-0.0121
3.0000,-0.1593,-0.0458
3.0000,-0.0945,0.0195
3.0000,-0.2026,-0.0883
3.0000,-0.1098,0.0050
3.0000,-0.1967,-0.0815
3.0000,-0.1442,-0.0286
3.0000,-0.1149,0.0011
3.0000,-0.1265,-0.0101
3.0000,-0.1307,-0.0139
3.0000,-0.1766,-0.0594
3.0000,-0.0992,0.0184
3.0000,-0.1696,-0.0516
3.0000,-0.1941,-0.0758
3.0000,-0.1305,-0.0117
3.0000,-0.1922,-0.0731
3.0000,-0.1958,-0.0763
3.0000,-0.1145,0.0054
3.0000,-0.1515,-0.0313
3.0000,-0.2191,-0.0985
3.0000,-0.1933,-0.0724
3.0000,-0.2108,-0.0895
3.0000,-0.1698,-0.0482
3.0000,-0.1801,-0.0582
3.0000,-0.2035,-0.0812
3.0000,-0.1950,-0.0724
3.0000,-0.1708,-0.0479
3.0000,-0.1405,-0.0172
3.0000,-0.1744,-0.0508
3.0000,-0.2073,-0.0834
3.0000,-0.2146,-0.0903
3.0000,-0.1802,-0.0557
3.0000,-0.2153,-0.0904
3.0000,-0.2289,-0.1037
3.0000,-0.2366,-0.1112
3.0000,-0.2128,-0.0871
3.0000,-0.2271,-0.1011
3.0000,-0.2458,-0.1195
3.0000,-0.1924,-0.0658
3.0000,-0.2032,-0.0764
3.0000,-0.1960,-0.0689
3.0000,-0.2245,-0.0971
3.0000,-0.2133,-0.0857
3.0000,-0.1766,-0.0487
3.0000,-0.1927,-0.0645
3.0000,-0.2490,-0.1206
3.0000,-0.1667,-0.0381
3.0000,-0.1724,-0.0435
3.0000,-0.1513,-0.0221
3.0000,-0.2322,-0.1029
3.0000,-0.2271,-0.0975
3.0000,-0.2222,-0.0924
3.0000,-0.2395,-0.1094
3.0000,-0.1983,-0.0681
3.0000,-0.1610,-0.0306
3.0000,-0.2061,-0.0754
3.0000,-0.1465,-0.0157
3.0000,-0.2186,-0.0876
3.0000,-0.2323,-0.1010
3.0000,-0.2178,-0.0864
3.0000,-0.2217,-0.0901
3.0000,-0.2664,-0.1346
3.0000,-0.1747,-0.0427
3.0000,-0.1940,-0.0619
3.0000,-0.2284,-0.0960
3.0000,-0.2688,-0.1363
3.0000,-0.1846,-0.0519
3.0000,-0.2089,-0.0761
3.0000,-0.1849,-0.0520
3.0000,-0.2491,-0.1160
3.0000,-0.2424,-0.1092
3.0000,-0.1664,-0.0330
3.0000,-0.2708,-0.1373
3.0000,-0.2753,-0.1417
3.0000,-0.2528,-0.1190
3.0000,-0.2095,-0.0756
3.0000,-0.2760,-0.1420
3.0000,-0.2535,-0.1194
3.0000,-0.1877,-0.0535
3.0000,-0.1837,-0.0495
3.0000,-0.2294,-0.0950
3.0000,-0.1778,-0.0433
3.0000,-0.2452,-0.1107
3.0000,-0.2760,-0.1414
3.0000,-0.1796,-0.0449
3.0000,-0.2669,-0.1321
3.0000,-0.2129,-0.0780
3.0000,-0.1646,-0.0296
3.0000,-0.2596,-0.1246
3.0000,-0.2033,-0.0683
3.0000,-0.2006,-0.0655
3.0000,-0.1713,-0.0362
3.0000,-0.1948,-0.0596
3.0000,-0.2171,-0.0818
3.0000,-0.1974,-0.0622
3.0000,-0.1990,-0.0637
3.0000,-0.2728,-0.1375
3.0000,-0.2230,-0.0876
3.0000,-0.2501,-0.1147
3.0000,-0.2369,-0.1016
3.0000,-0.2586,-0.1233
3.0000,-0.2430,-0.1076
3.0000,-0.2369,-0.1015
3.0000,-0.1761,-0.0408
3.0000,-0.1903,-0.0549
3.0000,-0.2971,-0.1618
3.0000,-0.2326,-0.0972
3.0000,-0.2096,-0.0743
3.0000,-0.2913,-0.1560
3.0000,-0.2304,-0.0952
3.0000,-0.2528,-0.1176
3.0000,-0.2372,-0.1020
3.0000,-0.3049,-0.1698
3.0000,-0.2545,-0.1195
3.0000,-0.1844,-0.0493
3.0000,-0.2123,-0.0774
3.0000,-0.2492,-0.1143
3.0000,-0.1923,-0.0574
3.0000,-0.2506,-0.1159
3.0000,-0.2497,-0.1150
3.0000,-0.2127,-0.0781
3.0000,-0.2537,-0.1192
3.0000,-0.2404,-0.1060
3.0000,-0.3145,-0.1802
3.0000,-0.1994,-0.0651
3.0000,-0.2454,-0.1113
3.0000,-0.2467,-0.1127
3.0000,-0.2100,-0.0761
3.0000,-0.2616,-0.1278
3.0000,-0.2067,-0.0730
3.0000,-0.2239,-0.0903
3.0000,-0.2259,-0.0925
3.0000,-0.2457,-0.1125
3.0000,-0.2121,-0.0790
3.0000,-0.2449,-0.1119
3.0000,-0.3193,-0.1865
3.0000,-0.3222,-0.1895
3.0000,-0.2393,-0.1068
3.0000,-0.2903,-0.1580
3.0000,-0.2785,-0.1463
3.0000,-0.3137,-0.1817
3.0000,-0.2355,-0.1036
3.0000,-0.2873,-0.1557
3.0000,-0.2463,-0.1148
3.0000,-0.3235,-0.1922
3.0000,-0.3204,-0.1893
3.0000,-0.2940,-0.1631
3.0000,-0.2812,-0.1505
3.0000,-0.2310,-0.1005
3.0000,-0.2633,-0.1331
3.0000,-0.2641,-0.1340
3.0000,-0.2762,-0.1464
3.0000,-0.3328,-0.2031
3.0000,-0.3232,-0.1938
3.0000,-0.3272,-0.1980
3.0000,-0.2672,-0.1383
3.0000,-0.2273,-0.0986
3.0000,-0.3376,-0.2092
3.0000,-0.2537,-0.1256
3.0000,-0.2330,-0.1051
3.0000,-0.2571,-0.1295
3.0000,-0.3054,-0.1780
3.0000,-0.2947,-0.1676
3.0000,-0.2892,-0.1624
3.0000,-0.2922,-0.1657
3.0000,-0.2841,-0.1579
3.0000,-0.2177,-0.0918
3.0000,-0.2756,-0.1500
3.0000,-0.2606,-0.1352
3.0000,-0.3309,-0.2058
3.0000,-0.2892,-0.1644
3.0000,-0.2843,-0.1599
3.0000,-0.2587,-0.1346
3.0000,-0.3069,-0.1831
3.0000,-0.2757,-0.1522
3.0000,-0.2321,-0.1090
3.0000,-0.2377,-0.1149
3.0000,-0.2828,-0.1603
3.0000,-0.3136,-0.1915
3.0000,-0.2487,-0.1269
3.0000,-0.2389,-0.1175
3.0000,-0.2513,-0.1303
3.0000,-0.3139,-0.1932
3.0000,-0.2490,-0.1286
3.0000,-0.2945,-0.1745
3.0000,-0.2349,-0.1153
3.0000,-0.3275,-0.2083
3.0000,-0.3423,-0.2234
3.0000,-0.2627,-0.1443
3.0000,-0.2316,-0.1136
3.0000,-0.3572,-0.2396
3.0000,-0.2628,-0.1456
3.0000,-0.3596,-0.2428
3.0000,-0.2744,-0.1580
3.0000,-0.2488,-0.1329
3.0000,-0.2540,-0.1384
3.0000,-0.3107,-0.1956
3.0000,-0.2848,-0.1702
3.0000,-0.2997,-0.1855
3.0000,-0.2974,-0.1836
3.0000,-0.2700,-0.1566
3.0000,-0.3322,-0.2192
3.0000,-0.2937,-0.1813
3.0000,-0.3357,-0.2237
3.0000,-0.3369,-0.2253
3.0000,-0.3356,-0.2246
3.0000,-0.2454,-0.1348
3.0000,-0.3046,-0.1944
3.0000,-0.3054,-0.1958
3.0000,-0.3281,-0.2190
3.0000,-0.2805,-0.1719
3.0000,-0.2988,-0.1907
3.0000,-0.2749,-0.1673
3.0000,-0.2776,-0.1705
3.0000,-0.3377,-0.2311
3.0000,-0.2489,-0.1428
3.0000,-0.2613,-0.1557
3.0000,-0.3538,-0.2488
3.0000,-0.2766,-0.1721
3.0000,-0.3714,-0.2674
3.0000,-0.3271,-0.2237
3.0000,-0.2652,-0.1623
3.0000,-0.2838,-0.1814
3.0000,-0.3425,-0.2407
3.0000,-0.3297,-0.2284
3.0000,-0.2715,-0.1708
3.0000,-0.2732,-0.1731
3.0000,-0.3695,-0.2700
3.0000,-0.2672,-0.1682
3.0000,-0.3616,-0.2632
3.0000,-0.3496,-0.2518
3.0000,-0.3066,-0.2094
3.0000,-0.3295,-0.2329
3.0000,-0.3495,-0.2534
3.0000,-0.3816,-0.2861
3.0000,-0.3794,-0.2846
3.0000,-0.3773,-0.2831
3.0000,-0.3126,-0.2190
3.0000,-0.3128,-0.2198
3.0000,-0.3440,-0.2517
3.0000,-0.3665,-0.2748
3.0000,-0.2848,-0.1937
3.0000,-0.2750,-0.1845
3.0000,-0.3591,-0.2693
3.0000,-0.2710,-0.1819
3.0000,-0.3134,-0.2249
3.0000,-0.3334,-0.2456
3.0000,-0.3261,-0.2389
3.0000,-0.2677,-0.1812
3.0000,-0.2875,-0.2017
3.0000,-0.3156,-0.2304
3.0000,-0.3619,-0.2774
3.0000,-0.3410,-0.2572
3.0000,-0.3588,-0.2757
3.0000,-0.3637,-0.2813
3.0000,-0.3099,-0.2282
3.0000,-0.3575,-0.2765
3.0000,-0.2963,-0.2160
3.0000,-0.3658,-0.2862
3.0000,-0.3345,-0.2557
3.0000,-0.2880,-0.2099
3.0000,-0.3434,-0.2660
3.0000,-0.3865,-0.3098
3.0000,-0.3918,-0.3159
3.0000,-0.3172,-0.2421
3.0000,-0.3831,-0.3087
3.0000,-0.3807,-0.3070
3.0000,-0.2904,-0.2175
3.0000,-0.2730,-0.2008
3.0000,-0.3471,-0.2757
3.0000,-0.3631,-0.2925
3.0000,-0.3729,-0.3031
3.0000,-0.2728,-0.2038
3.0000,-0.2829,-0.2146
3.0000,-0.3714,-0.3039
3.0000,-0.3432,-0.2765
3.0000,-0.3773,-0.3114
3.0000,-0.3239,-0.2588
3.0000,-0.3731,-0.3087
3.0000,-0.3182,-0.2547
3.0000,-0.2918,-0.2291
3.0000,-0.3402,-0.2783
3.0000,-0.3708,-0.3097
3.0000,-0.2803,-0.2201
3.0000,-0.3131,-0.2537
3.0000,-0.3210,-0.2624
3.0000,-0.3664,-0.3086
3.0000,-0.3315,-0.2746
3.0000,-0.3997,-0.3437
3.0000,-0.3945,-0.3393
3.0000,-0.3235,-0.2692
3.0000,-0.3754,-0.3220
3.0000,-0.3629,-0.3104
3.0000,-0.3271,-0.2755
3.0000,-0.3052,-0.2544
3.0000,-0.3943,-0.3444
3.0000,-0.3371,-0.2881
3.0000,-0.3770,-0.3289
3.0000,-0.3287,-0.2814
3.0000,-0.3454,-0.2990
3.0000,-0.3274,-0.2819
3.0000,-0.3654,-0.3208
3.0000,-0.3542,-0.3106
3.0000,-0.3813,-0.3386
3.0000,-0.3566,-0.3148
3.0000,-0.3357,-0.2949
3.0000,-0.3010,-0.2611
3.0000,-0.3439,-0.3050
3.0000,-0.4036,-0.3655
3.0000,-0.3956,-0.3585
3.0000,-0.2898,-0.2536
3.0000,-0.3177,-0.2825
3.0000,-0.2979,-0.2637
3.0000,-0.3801,-0.3469
3.0000,-0.3940,-0.3617
3.0000,-0.3815,-0.3502
3.0000,-0.3563,-0.3260
3.0000,-0.3376,-0.3083
3.0000,-0.3853,-0.3569
3.0000,-0.2978,-0.2704
3.0000,-0.3643,-0.3379
3.0000,-0.3539,-0.3286
3.0000,-0.4046,-0.3803
3.0000,-0.3137,-0.2903
3.0000,-0.3117,-0.2894
3.0000,-0.3995,-0.3782
3.0000,-0.3920,-0.3717
3.0000,-0.3747,-0.3554
3.0000,-0.2913,-0.2730
3.0000,-0.4103,-0.3931
3.0000,-0.3804,-0.3642
3.0000,-0.2927,-0.2776
3.0000,-0.3641,-0.3500
3.0000,-0.3522,-0.3392
3.0000,-0.3407,-0.3287
3.0000,-0.4087,-0.3978
3.0000,-0.3999,-0.3900
3.0000,-0.3255,-0.3168
3.0000,-0.3283,-0.3206
3.0000,-0.3781,-0.3716
3.0000,-0.3009,-0.2954
3.0000,-0.3623,-0.3579
3.0000,-0.2924,-0.2890
3.0000,-0.3584,-0.3562
3.0000,-0.4060,-0.4049
3.0000,-0.3916,-0.3916
3.0000,-0.2904,-0.2915
3.0000,-0.2924,-0.2947
3.0000,-0.3495,-0.3528
3.0000,-0.3364,-0.3408
3.0000,-0.3751,-0.3807
3.0000,-0.3810,-0.3877
3.0000,-0.2917,-0.2996
3.0000,-0.3474,-0.3565
3.0000,-0.2991,-0.3093
3.0000,-0.2971,-0.3084
3.0000,-0.3481,-0.3606
3.0000,-0.3616,-0.3753
3.0000,-0.3172,-0.3320
3.0000,-0.3028,-0.3188
3.0000,-0.3914,-0.4085
3.0000,-0.3008,-0.3192
3.0000,-0.3320,-0.3516
3.0000,-0.3867,-0.4075
3.0000,-0.3704,-0.3923
3.0000,-0.4110,-0.4341
3.0000,-0.3328,-0.3571
3.0000,-0.3670,-0.3925
3.0000,-0.3710,-0.3977
3.0000,-0.3600,-0.3879
3.0000,-0.3814,-0.4106
3.0000,-0.3131,-0.3434
3.0000,-0.3679,-0.3995
3.0000,-0.3972,-0.4301
3.0000,-0.3212,-0.3553
3.0000,-0.4112,-0.4466
3.0000,-0.3110,-0.3475
3.0000,-0.3776,-0.4154
3.0000,-0.3610,-0.4001
3.0000,-0.3099,-0.3502
3.0000,-0.4109,-0.4525
3.0000,-0.3994,-0.4423
3.0000,-0.3575,-0.4016
3.0000,-0.3470,-0.3924
3.0000,-0.3721,-0.4188
3.0000,-0.4003,-0.4483
3.0000,-0.3918,-0.4411
3.0000,-0.3194,-0.3699
3.0000,-0.3363,-0.3881
3.0000,-0.3214,-0.3745
3.0000,-0.3606,-0.4151
3.0000,-0.3243,-0.3801
3.0000,-0.2973,-0.3543
3.0000,-0.4017,-0.4601
3.0000,-0.3481,-0.4078
3.0000,-0.4181,-0.4792
3.0000,-0.3163,-0.3787
3.0000,-0.3781,-0.4418
3.0000,-0.3762,-0.4413
3.0000,-0.3605,-0.4268
3.0000,-0.3054,-0.3731
3.0000,-0.2959,-0.3650
3.0000,-0.3003,-0.3707
3.0000,-0.3295,-0.4013
3.0000,-0.4172,-0.4903
3.0000,-0.3629,-0.4375
3.0000,-0.3224,-0.3983
3.0000,-0.3150,-0.3922
3.0000,-0.3798,-0.4585
3.0000,-0.3552,-0.4352
3.0000,-0.3730,-0.4544
3.0000,-0.4196,-0.5025
3.0000,-0.3864,-0.4707
3.0000,-0.3843,-0.4700
3.0000,-0.3868,-0.4738
3.0000,-0.3036,-0.3921
3.0000,-0.3840,-0.4739
3.0000,-0.3206,-0.4119
3.0000,-0.3196,-0.4123
3.0000,-0.3076,-0.4018
3.0000,-0.2983,-0.3939
3.0000,-0.3104,-0.4074
3.0000,-0.3861,-0.4846
3.0000,-0.3398,-0.4397
3.0000,-0.3965,-0.4978
3.0000,-0.2931,-0.3959
3.0000,-0.3749,-0.4792
3.0000,-0.3539,-0.4597
3.0000,-0.3232,-0.4303
3.0000,-0.4119,-0.5206
3.0000,-0.3211,-0.4312
3.0000,-0.3504,-0.4620
3.0000,-0.4014,-0.5145
3.0000,-0.3350,-0.4496
3.0000,-0.3069,-0.4230
3.0000,-0.3501,-0.4677
3.0000,-0.4140,-0.5331
3.0000,-0.3472,-0.4677
3.0000,-0.3253,-0.4474
3.0000,-0.3318,-0.4554
3.0000,-0.4007,-0.5258
3.0000,-0.3731,-0.4998
3.0000,-0.3607,-0.4889
3.0000,-0.3433,-0.4730
3.0000,-0.3158,-0.4470
3.0000,-0.3558,-0.4885
3.0000,-0.3012,-0.4355
3.0000,-0.3546,-0.4904
3.0000,-0.3710,-0.5084
3.0000,-0.3948,-0.5338
3.0000,-0.3528,-0.4933
3.0000,-0.3114,-0.4535
3.0000,-0.3891,-0.5327
3.0000,-0.3215,-0.4666
3.0000,-0.3623,-0.5091
3.0000,-0.3980,-0.5464
3.0000,-0.3123,-0.4622
3.0000,-0.3962,-0.5477
3.0000,-0.3581,-0.5112
3.0000,-0.3484,-0.5030
3.0000,-0.3065,-0.4628
3.0000,-0.3528,-0.5106
3.0000,-0.3387,-0.4982
3.0000,-0.2901,-0.4511
3.0000,-0.2884,-0.4510
3.0000,-0.3582,-0.5225
3.0000,-0.3713,-0.5372
3.0000,-0.3678,-0.5354
3.0000,-0.3427,-0.5119
3.0000,-0.3640,-0.5348
3.0000,-0.3910,-0.5635
3.0000,-0.3475,-0.5215
3.0000,-0.3299,-0.5056
3.0000,-0.3479,-0.5253
3.0000,-0.3622,-0.5412
3.0000,-0.3622,-0.5429
3.0000,-0.3245,-0.5069
3.0000,-0.3378,-0.5218
3.0000,-0.3334,-0.5191
3.0000,-0.3557,-0.5430
3.0000,-0.3292,-0.5182
3.0000,-0.3335,-0.5242
3.0000,-0.3485,-0.5409
3.0000,-0.3800,-0.5741
3.0000,-0.3441,-0.5398
3.0000,-0.2990,-0.4965
3.0000,-0.3356,-0.5348
3.0000,-0.3942,-0.5950
3.0000,-0.3721,-0.5747
3.0000,-0.3289,-0.5332
3.0000,-0.2793,-0.4853
3.0000,-0.3207,-0.5284
3.0000,-0.3884,-0.5978
3.0000,-0.3164,-0.5275
3.0000,-0.3590,-0.5719
3.0000,-0.3645,-0.5791
3.0000,-0.3819,-0.5983
3.0000,-0.3402,-0.5582
3.0000,-0.3523,-0.5721
3.0000,-0.3945,-0.6161
3.0000,-0.2802,-0.5035
3.0000,-0.2836,-0.5086
3.0000,-0.3790,-0.6059
3.0000,-0.3615,-0.5901
3.0000,-0.3257,-0.5561
3.0000,-0.3285,-0.5606
3.0000,-0.3485,-0.5824
3.0000,-0.3244,-0.5600
3.0000,-0.3726,-0.6100
3.0000,-0.2837,-0.5229
3.0000,-0.3744,-0.6155
3.0000,-0.3533,-0.5961
3.0000,-0.3137,-0.5583
3.0000,-0.3789,-0.6253
3.0000,-0.2929,-0.5411
3.0000,-0.3253,-0.5753
3.0000,-0.3373,-0.5891
3.0000,-0.3571,-0.6107
3.0000,-0.2811,-0.5366
3.0000,-0.3796,-0.6369
3.0000,-0.3845,-0.6436
3.0000,-0.3390,-0.6000
3.0000,-0.3720,-0.6348
3.0000,-0.3606,-0.6252
3.0000,-0.3767,-0.6431
3.0000,-0.3754,-0.6437
3.0000,-0.3531,-0.6232
3.0000,-0.2831,-0.5551
3.0000,-0.3665,-0.6404
3.0000,-0.3053,-0.5810
3.0000,-0.2638,-0.5414
3.0000,-0.3027,-0.5822
3.0000,-0.3787,-0.6600
3.0000,-0.3501,-0.6333
3.0000,-0.3511,-0.6361
3.0000,-0.3392,-0.6261
3.0000,-0.3719,-0.6608
3.0000,-0.3467,-0.6374
3.0000,-0.3042,-0.5968
3.0000,-0.3307,-0.6251
3.0000,-0.3791,-0.6755
3.0000,-0.2585,-0.5568
3.0000,-0.2687,-0.5689
3.0000,-0.3032,-0.6053
3.0000,-0.3080,-0.6120
3.0000,-0.2598,-0.5657
3.0000,-0.2709,-0.5787
3.0000,-0.3648,-0.6746
3.0000,-0.3698,-0.6814
3.0000,-0.3217,-0.6353
3.0000,-0.3104,-0.6260
3.0000,-0.3467,-0.6642
3.0000,-0.2870,-0.6064
3.0000,-0.3063,-0.6276
3.0000,-0.3356,-0.6589
3.0000,-0.2713,-0.5966
3.0000,-0.3371,-0.6643
3.0000,-0.2810,-0.6101
3.0000,-0.3453,-0.6764
3.0000,-0.3727,-0.7058
3.0000,-0.2730,-0.6081
3.0000,-0.3230,-0.6600
3.0000,-0.2481,-0.5871
3.0000,-0.2956,-0.6366
3.0000,-0.3190,-0.6619
3.0000,-0.2435,-0.5884
3.0000,-0.3531,-0.7000
3.0000,-0.3613,-0.7102
3.0000,-0.2574,-0.6083
3.0000,-0.3427,-0.6956
3.0000,-0.2825,-0.6374
3.0000,-0.3525,-0.7093
3.0000,-0.2765,-0.6354
3.0000,-0.2637,-0.6246
3.0000,-0.3183,-0.6812
3.0000,-0.3227,-0.6876
3.0000,-0.3583,-0.7253
3.0000,-0.3509,-0.7198
3.0000,-0.3259,-0.6969
3.0000,-0.3251,-0.6981
3.0000,-0.2666,-0.6416
3.0000,-0.2818,-0.6588
3.0000,-0.2524,-0.6315
3.0000,-0.2792,-0.6604
3.0000,-0.3556,-0.7388
3.0000,-0.2933,-0.6785
3.0000,-0.2763,-0.6636
3.0000,-0.3007,-0.6901
3.0000,-0.2349,-0.6263
3.0000,-0.2913,-0.6848
3.0000,-0.2947,-0.6902
3.0000,-0.2822,-0.6798
3.0000,-0.2947,-0.6943
3.0000,-0.3490,-0.7508
3.0000,-0.2768,-0.6806
3.0000,-0.3168,-0.7227
3.0000,-0.2897,-0.6976
3.0000,-0.2426,-0.6527
3.0000,-0.2391,-0.6513
3.0000,-0.3114,-0.7256
3.0000,-0.3293,-0.7456
3.0000,-0.3191,-0.7376
3.0000,-0.2345,-0.6551
3.0000,-0.3434,-0.7660
3.0000,-0.3009,-0.7257
3.0000,-0.3417,-0.7685
3.0000,-0.2945,-0.7234
3.0000,-0.3059,-0.7370
3.0000,-0.2179,-0.6511
3.0000,-0.2628,-0.6982
3.0000,-0.3019,-0.7393
3.0000,-0.2137,-0.6533
3.0000,-0.2131,-0.6548
3.0000,-0.2339,-0.6778
3.0000,-0.2529,-0.6989
3.0000,-0.2712,-0.7193
3.0000,-0.3204,-0.7707
3.0000,-0.2948,-0.7472
3.0000,-0.2159,-0.6705
3.0000,-0.2616,-0.7183
3.0000,-0.2805,-0.7393
3.0000,-0.3139,-0.7749
3.0000,-0.2913,-0.7545
3.0000,-0.2542,-0.7196
3.0000,-0.2952,-0.7627
3.0000,-0.2355,-0.7051
3.0000,-0.2020,-0.6738
3.0000,-0.2437,-0.7177
3.0000,-0.2874,-0.7636
3.0000,-0.2095,-0.6879
3.0000,-0.2425,-0.7230
3.0000,-0.3164,-0.7992
3.0000,-0.2116,-0.6965
3.0000,-0.1981,-0.6852
3.0000,-0.2627,-0.7520
3.0000,-0.2036,-0.6951
3.0000,-0.2461,-0.7398
3.0000,-0.2298,-0.7257
3.0000,-0.2012,-0.6994
3.0000,-0.2474,-0.7477
3.0000,-0.2517,-0.7542
3.0000,-0.2023,-0.7070
3.0000,-0.2159,-0.7229
3.0000,-0.2577,-0.7668
3.0000,-0.1925,-0.7039
3.0000,-0.2587,-0.7724
3.0000,-0.2101,-0.7260
3.0000,-0.3011,-0.8192
3.0000,-0.2813,-0.8016
3.0000,-0.2553,-0.7778
3.0000,-0.2439,-0.7687
3.0000,-0.2720,-0.7990
3.0000,-0.2201,-0.7494
3.0000,-0.2755,-0.8071
3.0000,-0.2921,-0.8258
3.0000,-0.2147,-0.7507
3.0000,-0.2927,-0.8310
3.0000,-0.1840,-0.7245
3.0000,-0.1831,-0.7259
3.0000,-0.1898,-0.7348
3.0000,-0.2142,-0.7615
3.0000,-0.2456,-0.7952
3.0000,-0.1805,-0.7324
3.0000,-0.2459,-0.8000
3.0000,-0.2573,-0.8137
3.0000,-0.2846,-0.8433
3.0000,-0.2095,-0.7705
3.0000,-0.1790,-0.7422
3.0000,-0.2027,-0.7683
3.0000,-0.2357,-0.8035
3.0000,-0.1721,-0.7422
3.0000,-0.2839,-0.8563
3.0000,-0.1961,-0.7708
3.0000,-0.1721,-0.7490
3.0000,-0.2724,-0.8516
3.0000,-0.2343,-0.8159
3.0000,-0.2552,-0.8390
3.0000,-0.2714,-0.8576
3.0000,-0.1825,-0.7710
3.0000,-0.1715,-0.7623
3.0000,-0.1591,-0.7522
3.0000,-0.2371,-0.8325
3.0000,-0.2559,-0.8537
3.0000,-0.1498,-0.7499
3.0000,-0.1815,-0.7839
3.0000,-0.2268,-0.8316
3.0000,-0.1774,-0.7845
3.0000,-0.1665,-0.7759
3.0000,-0.1975,-0.8092
3.0000,-0.1650,-0.7790
3.0000,-0.2602,-0.8765
3.0000,-0.2411,-0.8598
3.0000,-0.1579,-0.7790
3.0000,-0.1700,-0.7934
3.0000,-0.1769,-0.8026
3.0000,-0.2446,-0.8727
3.0000,-0.2358,-0.8662
3.0000,-0.1679,-0.8007
3.0000,-0.1993,-0.8345
3.0000,-0.1985,-0.8360
3.0000,-0.1746,-0.8144
3.0000,-0.1363,-0.7785
3.0000,-0.1509,-0.7954
3.0000,-0.1627,-0.8096
3.0000,-0.2255,-0.8748
3.0000,-0.2419,-0.8936
3.0000,-0.2379,-0.8920
3.0000,-0.1664,-0.8228
3.0000,-0.2088,-0.8676
3.0000,-0.1273,-0.7885
3.0000,-0.2049,-0.8685
3.0000,-0.1455,-0.8114
3.0000,-0.2406,-0.9089
3.0000,-0.1774,-0.8481
3.0000,-0.2308,-0.9039
3.0000,-0.2009,-0.8764
3.0000,-0.1305,-0.8084
3.0000,-0.1899,-0.8702
3.0000,-0.1274,-0.8100
3.0000,-0.1250,-0.8101
3.0000,-0.1565,-0.8440
3.0000,-0.1238,-0.8137
3.0000,-0.2280,-0.9203
3.0000,-0.1878,-0.8825
3.0000,-0.1595,-0.8566
3.0000,-0.1416,-0.8411
3.0000,-0.1643,-0.8662
3.0000,-0.1918,-0.8962
3.0000,-0.1973,-0.9041
3.0000,-0.1817,-0.8908
3.0000,-0.1811,-0.8927
3.0000,-0.1434,-0.8574
3.0000,-0.2146,-0.9311
3.0000,-0.1376,-0.8565
3.0000,-0.1964,-0.9177
3.0000,-0.1158,-0.8395
3.0000,-0.1712,-0.8974
3.0000,-0.1997,-0.9283
3.0000,-0.1566,-0.8876
3.0000,-0.1582,-0.8916
3.0000,-0.1065,-0.8424
3.0000,-0.1908,-0.9291
3.0000,-0.0904,-0.8312
3.0000,-0.1687,-0.9119
3.0000,-0.1661,-0.9118
3.0000,-0.1546,-0.9027
3.0000,-0.1866,-0.9371
3.0000,-0.1840,-0.9371
3.0000,-0.1557,-0.9112
3.0000,-0.1361,-0.8940
3.0000,-0.1426,-0.9030
3.0000,-0.1675,-0.9304
3.0000,-0.1582,-0.9235
3.0000,-0.1339,-0.9017
3.0000,-0.1655,-0.9357
3.0000,-0.1741,-0.9468
3.0000,-0.1762,-0.9514
3.0000,-0.1531,-0.9307
3.0000,-0.1681,-0.9482
3.0000,-0.1425,-0.9251
3.0000,-0.0600,-0.8450
3.0000,-0.1046,-0.8921
3.0000,-0.1183,-0.9083
3.0000,-0.0588,-0.8513
3.0000,-0.1519,-0.9468
3.0000,-0.1242,-0.9216
3.0000,-0.1344,-0.9343
3.0000,-0.1761,-0.9785
3.0000,-0.1355,-0.9404
3.0000,-0.1003,-0.9077
3.0000,-0.1094,-0.9192
3.0000,-0.1395,-0.9518
3.0000,-0.1607,-0.9755
3.0000,-0.1243,-0.9416
3.0000,-0.1017,-0.9215
3.0000,-0.0394,-0.8618
3.0000,-0.1488,-0.9736
3.0000,-0.1366,-0.9639
3.0000,-0.0496,-0.8794
3.0000,-0.1199,-0.9523
3.0000,-0.1268,-0.9617
3.0000,-0.0443,-0.8816
3.0000,-0.0303,-0.8702
3.0000,-0.0618,-0.9042
3.0000,-0.0756,-0.9204
3.0000,-0.0676,-0.9149
3.0000,-0.0940,-0.9439
3.0000,-0.1186,-0.9710
3.0000,-0.1341,-0.9890
3.0000,-0.0547,-0.9121
3.0000,-0.0599,-0.9198
3.0000,-0.0264,-0.8888
3.0000,-0.0312,-0.8962
3.0000,-0.1240,-0.9915
3.0000,-0.0135,-0.8835
3.0000,-0.0481,-0.9207
3.0000,-0.1353,-1.0104
3.0000,-0.1342,-1.0118
3.0000,-0.1188,-0.9989
3.0000,-0.0084,-0.8910
3.0000,-0.0076,-0.8927
3.0000,-0.0914,-0.9791
3.0000,-0.0970,-0.9872
3.0000,-0.1056,-0.9984
3.0000,-0.0899,-0.9852
3.0000,-0.0116,-0.9095
3.0000,-0.0815,-0.9818
3.0000,-0.1002,-1.0031
3.0000,-0.0394,-0.9448
3.0000,-0.1090,-1.0169
3.0000,0.0069,-0.9036
3.0000,-0.0348,-0.9479
3.0000,-0.0525,-0.9681
3.0000,-0.0859,-1.0041
3.0000,0.0096,-0.9111
3.0000,-0.0694,-0.9926
3.0000,-0.0831,-1.0089
3.0000,-0.0802,-1.0085
3.0000,-0.0002,-0.9311
3.0000,-0.0108,-0.9442
3.0000,-0.0435,-0.9794
3.0000,-0.0036,-0.9421
3.0000,-0.0209,-0.9620
3.0000,-0.0044,-0.9480
3.0000,-0.0406,-0.9868
3.0000,0.0111,-0.9377
3.0000,-0.0219,-0.9732
3.0000,-0.0712,-1.0251
3.0000,-0.0124,-0.9688
3.0000,0.0163,-0.9427
3.0000,-0.0397,-1.0012
3.0000,-0.0752,-1.0393
3.0000,-0.0565,-1.0232
3.0000,0.0269,-0.9423
3.0000,-0.0269,-0.9987
3.0000,0.0278,-0.9466
3.0000,0.0176,-0.9593
3.0000,-0.0428,-1.0223
3.0000,0.0521,-0.9299
3.0000,-0.0271,-1.0117
3.0000,-0.0583,-1.0455
3.0000,0.0493,-0.9404
3.0000,-0.0188,-1.0111
3.0000,-0.0141,-1.0089
3.0000,0.0425,-0.9549
3.0000,-0.0406,-1.0406
4.0000,-0.0076,-0.0086
4.0000,0.0336,0.0316
4.0000,-0.0235,-0.0265
4.0000,0.0132,0.0091
4.0000,-0.0119,-0.0170
4.0000,-0.0597,-0.0658
4.0000,-0.0493,-0.0564
4.0000,-0.0581,-0.0662
4.0000,0.0018,-0.0073
4.0000,-0.0226,-0.0328
4.0000,-0.0009,-0.0121
4.0000,0.0175,0.0053
4.0000,0.0610,0.0478
4.0000,0.0175,0.0032
4.0000,-0.0046,-0.0200
4.0000,-0.0439,-0.0603
4.0000,0.0019,-0.0156
4.0000,0.0159,-0.0026
4.0000,-0.0001,-0.0197
4.0000,-0.0309,-0.0515
4.0000,-0.0088,-0.0305
4.0000,0.0365,0.0138
4.0000,0.0573,0.0335
4.0000,-0.0408,-0.0657
4.0000,-0.0592,-0.0851
4.0000,0.0059,-0.0212
4.0000,0.0638,0.0357
4.0000,0.0014,-0.0278
4.0000,0.0158,-0.0145
4.0000,-0.0429,-0.0742
4.0000,-0.0092,-0.0417
4.0000,-0.0098,-0.0433
4.0000,-0.0499,-0.0846
4.0000,-0.0507,-0.0864
4.0000,-0.0270,-0.0639
4.0000,-0.0043,-0.0423
4.0000,-0.0095,-0.0486
4.0000,-0.0157,-0.0559
4.0000,-0.0128,-0.0542
4.0000,0.0356,-0.0068
4.0000,0.0430,-0.0006
4.0000,-0.0247,-0.0694
4.0000,0.0428,-0.0030
4.0000,-0.0562,-0.1031
4.0000,-0.0321,-0.0802
4.0000,-0.0005,-0.0497
4.0000,-0.0514,-0.1018
4.0000,0.0287,-0.0228
4.0000,0.0052,-0.0474
4.0000,0.0617,0.0079
4.0000,0.0614,0.0065
4.0000,-0.0158,-0.0719
4.0000,0.0142,-0.0430
4.0000,-0.0513,-0.1097
4.0000,0.0487,-0.0109
4.0000,0.0629,0.0022
4.0000,0.0137,-0.0481
4.0000,-0.0033,-0.0663
4.0000,0.0385,-0.0257
4.0000,0.0077,-0.0577
4.0000,0.0596,-0.0070
4.0000,-0.0399,-0.1076
4.0000,-0.0220,-0.0909
4.0000,-0.0497,-0.1198
4.0000,-0.0550,-0.1263
4.0000,-0.0518,-0.1243
4.0000,0.0003,-0.0733
4.0000,-0.0380,-0.1128
4.0000,0.0323,-0.0438
4.0000,-0.0542,-0.1315
4.0000,0.0207,-0.0578
4.0000,0.0662,-0.0134
4.0000,-0.0034,-0.0843
4.0000,0.0389,-0.0432
4.0000,0.0345,-0.0488
4.0000,-0.0447,-0.1292
4.0000,0.0591,-0.0266
4.0000,-0.0446,-0.1316
4.0000,0.0234,-0.0648
4.0000,-0.0419,-0.1313
4.0000,-0.0183,-0.1089
4.0000,0.0560,-0.0358
4.0000,0.0390,-0.0540
4.0000,0.0618,-0.0325
4.0000,-0.0385,-0.1341
4.0000,0.0657,-0.0311
4.0000,0.0689,-0.0292
4.0000,0.0229,-0.0764
4.0000,0.0338,-0.0667
4.0000,0.0612,-0.0406
4.0000,0.0662,-0.0368
4.0000,-0.0329,-0.1372
4.0000,-0.0226,-0.1281
4.0000,0.0469,-0.0599
4.0000,-0.0260,-0.1341
4.0000,-0.0039,-0.1133
4.0000,0.0359,-0.0747
4.0000,0.0485,-0.0633
4.0000,-0.0474,-0.1605
4.0000,-0.0471,-0.1615
4.0000,0.0222,-0.0935
4.0000,0.0596,-0.0573
4.0000,0.0502,-0.0680
4.0000,-0.0296,-0.1491
4.0000,0.0337,-0.0871
4.0000,0.0181,-0.1040
4.0000,0.0813,-0.0421
4.0000,0.0147,-0.1100
4.0000,0.0805,-0.0455
4.0000,0.0356,-0.0917
4.0000,0.0266,-0.1019
4.0000,0.0446,-0.0852
4.0000,0.0772,-0.0540
4.0000,0.0241,-0.1084
4.0000,-0.0026,-0.1364
4.0000,0.0542,-0.0809
4.0000,0.0129,-0.1235
4.0000,0.0600,-0.0777
4.0000,0.0091,-0.1300
4.0000,0.0534,-0.0870
4.0000,0.0843,-0.0574
4.0000,0.0411,-0.1019
4.0000,0.0869,-0.0574
4.0000,0.0599,-0.0857
4.0000,0.0803,-0.0667
4.0000,0.0851,-0.0632
4.0000,0.0092,-0.1404
4.0000,-0.0050,-0.1560
4.0000,-0.0224,-0.1747
4.0000,0.0889,-0.0648
4.0000,0.0174,-0.1376
4.0000,-0.0265,-0.1829
4.0000,0.0707,-0.0870
4.0000,-0.0134,-0.1724
4.0000,0.0899,-0.0705
4.0000,-0.0145,-0.1762
4.0000,0.0100,-0.1531
4.0000,0.0877,-0.0767
4.0000,0.0056,-0.1602
4.0000,0.0651,-0.1020
4.0000,-0.0306,-0.1992
4.0000,0.0193,-0.1506
4.0000,0.0239,-0.1474
4.0000,0.0515,-0.1212
4.0000,0.0412,-0.1328
4.0000,-0.0145,-0.1898
4.0000,-0.0020,-0.1787
4.0000,0.0026,-0.1755
4.0000,0.0672,-0.1123
4.0000,0.0721,-0.1088
4.0000,0.0534,-0.1289
4.0000,0.0599,-0.1237
4.0000,0.0814,-0.1037
4.0000,-0.0104,-0.1968
4.0000,0.0182,-0.1696
4.0000,0.0496,-0.1395
4.0000,0.0856,-0.1050
4.0000,0.0922,-0.0997
4.0000,0.0744,-0.1190
4.0000,0.0680,-0.1267
4.0000,0.0790,-0.1171
4.0000,0.0316,-0.1659
4.0000,0.0238,-0.1752
4.0000,0.0596,-0.1408
4.0000,0.0849,-0.1168
4.0000,-0.0019,-0.2051
4.0000,0.0460,-0.1586
4.0000,0.0809,-0.1251
4.0000,0.0952,-0.1122
4.0000,0.0352,-0.1737
4.0000,0.1044,-0.1058
4.0000,0.0985,-0.1131
4.0000,0.0691,-0.1440
4.0000,0.0800,-0.1345
4.0000,0.0267,-0.1892
4.0000,0.0932,-0.1241
4.0000,0.0664,-0.1524
4.0000,0.0525,-0.1677
4.0000,0.0592,-0.1625
4.0000,0.0945,-0.1285
4.0000,0.1076,-0.1169
4.0000,0.0254,-0.2005
4.0000,0.0214,-0.2060
4.0000,0.0483,-0.1805
4.0000,0.0632,-0.1671
4.0000,0.0457,-0.1860
4.0000,0.0420,-0.1911
4.0000,-0.0087,-0.2433
4.0000,0.0968,-0.1392
4.0000,0.1004,-0.1371
4.0000,0.0214,-0.2175
4.0000,0.0171,-0.2233
4.0000,0.0399,-0.2019
4.0000,0.1204,-0.1228
4.0000,0.0818,-0.1629
4.0000,0.0423,-0.2038
4.0000,0.0657,-0.1820
4.0000,0.0914,-0.1577
4.0000,0.0486,-0.2019
4.0000,0.0833,-0.1687
4.0000,0.1165,-0.1369
4.0000,0.0139,-0.2411
4.0000,0.0840,-0.1724
4.0000,0.0199,-0.2380
4.0000,0.0589,-0.2005
4.0000,0.0642,-0.1966
4.0000,0.0663,-0.1960
4.0000,0.0759,-0.1879
4.0000,0.0711,-0.1941
4.0000,0.0691,-0.1976
4.0000,0.0786,-0.1895
4.0000,0.0111,-0.2586
4.0000,0.1283,-0.1429
4.0000,0.0266,-0.2460
4.0000,0.0530,-0.2211
4.0000,0.1022,-0.1734
4.0000,0.0175,-0.2595
4.0000,0.0474,-0.2311
4.0000,0.1320,-0.1481
4.0000,0.1033,-0.1782
4.0000,0.0152,-0.2678
4.0000,0.1367,-0.1477
4.0000,0.0969,-0.1891
4.0000,0.0188,-0.2687
4.0000,0.0363,-0.2527
4.0000,0.0252,-0.2653
4.0000,0.0408,-0.2511
4.0000,0.0411,-0.2524
4.0000,0.1031,-0.1918
4.0000,0.0434,-0.2531
4.0000,0.0272,-0.2708
4.0000,0.0694,-0.2301
4.0000,0.1363,-0.1647
4.0000,0.1374,-0.1650
4.0000,0.0682,-0.2358
4.0000,0.0694,-0.2361
4.0000,0.0532,-0.2538
4.0000,0.0516,-0.2568
4.0000,0.0826,-0.2274
4.0000,0.0805,-0.2310
4.0000,0.1519,-0.1611
4.0000,0.1195,-0.1950
4.0000,0.1176,-0.1984
4.0000,0.0571,-0.2605
4.0000,0.0441,-0.2749
4.0000,0.0299,-0.2907
4.0000,0.0465,-0.2756
4.0000,0.1353,-0.1883
4.0000,0.0797,-0.2454
4.0000,0.0798,-0.2469
4.0000,0.1005,-0.2276
4.0000,0.0892,-0.2404
4.0000,0.0986,-0.2326
4.0000,0.1571,-0.1756
4.0000,0.1321,-0.2021
4.0000,0.0407,-0.2951
4.0000,0.1043,-0.2330
4.0000,0.0927,-0.2461
4.0000,0.0439,-0.2964
4.0000,0.1495,-0.1924
4.0000,0.1093,-0.2341
4.0000,0.1578,-0.1872
4.0000,0.1232,-0.2233
4.0000,0.0946,-0.2534
4.0000,0.1376,-0.2119
4.0000,0.0865,-0.2645
4.0000,0.0920,-0.2605
4.0000,0.0760,-0.2781
4.0000,0.1278,-0.2279
4.0000,0.1127,-0.2445
4.0000,0.1261,-0.2326
4.0000,0.1300,-0.2303
4.0000,0.1625,-0.1993
4.0000,0.1683,-0.1951
4.0000,0.0582,-0.3067
4.0000,0.0930,-0.2734
4.0000,0.1072,-0.2607
4.0000,0.1473,-0.2222
4.0000,0.1529,-0.2182
4.0000,0.0666,-0.3060
4.0000,0.1181,-0.2560
4.0000,0.1732,-0.2024
4.0000,0.1006,-0.2766
4.0000,0.1589,-0.2199
4.0000,0.1261,-0.2542
4.0000,0.1527,-0.2291
4.0000,0.0824,-0.3010
4.0000,0.1532,-0.2317
4.0000,0.1659,-0.2206
4.0000,0.1571,-0.2309
4.0000,0.0758,-0.3138
4.0000,0.1037,-0.2875
4.0000,0.1042,-0.2884
4.0000,0.1343,-0.2599
4.0000,0.1475,-0.2482
4.0000,0.1044,-0.2929
4.0000,0.1127,-0.2862
4.0000,0.1960,-0.2044
4.0000,0.1525,-0.2494
4.0000,0.1240,-0.2795
4.0000,0.1353,-0.2697
4.0000,0.1839,-0.2227
4.0000,0.1810,-0.2272
4.0000,0.1259,-0.2838
4.0000,0.1408,-0.2704
4.0000,0.1817,-0.2311
4.0000,0.1508,-0.2635
4.0000,0.1746,-0.2413
4.0000,0.1278,-0.2897
4.0000,0.1596,-0.2595
4.0000,0.1412,-0.2794
4.0000,0.1416,-0.2805
4.0000,0.0861,-0.3376
4.0000,0.1915,-0.2337
4.0000,0.1966,-0.2302
4.0000,0.1641,-0.2642
4.0000,0.1161,-0.3138
4.0000,0.1768,-0.2547
4.0000,0.1017,-0.3314
4.0000,0.2009,-0.2337
4.0000,0.1298,-0.3063
4.0000,0.1400,-0.2977
4.0000,0.1875,-0.2517
4.0000,0.1778,-0.2630
4.0000,0.1397,-0.3027
4.0000,0.1787,-0.2652
4.0000,0.1387,-0.3068
4.0000,0.2227,-0.2243
4.0000,0.1318,-0.3168
4.0000,0.1182,-0.3319
4.0000,0.1604,-0.2913
4.0000,0.1873,-0.2659
4.0000,0.1084,-0.3464
4.0000,0.1587,-0.2977
4.0000,0.2081,-0.2498
4.0000,0.1956,-0.2639
4.0000,0.2025,-0.2586
4.0000,0.1557,-0.3069
4.0000,0.1658,-0.2983
4.0000,0.1928,-0.2729
4.0000,0.2179,-0.2494
4.0000,0.1508,-0.3181
4.0000,0.1875,-0.2829
4.0000,0.2147,-0.2573
4.0000,0.2003,-0.2732
4.0000,0.1869,-0.2882
4.0000,0.1256,-0.3510
4.0000,0.2204,-0.2578
4.0000,0.2285,-0.2513
4.0000,0.2318,-0.2495
4.0000,0.2085,-0.2743
4.0000,0.1363,-0.3481
4.0000,0.2114,-0.2746
4.0000,0.1241,-0.3634
4.0000,0.1525,-0.3366
4.0000,0.1408,-0.3499
4.0000,0.1266,-0.3656
4.0000,0.2156,-0.2782
4.0000,0.1867,-0.3086
4.0000,0.2359,-0.2610
4.0000,0.1624,-0.3360
4.0000,0.1554,-0.3446
4.0000,0.2289,-0.2726
4.0000,0.2057,-0.2973
4.0000,0.2009,-0.3038
4.0000,0.1471,-0.3591
4.0000,0.2283,-0.2794
4.0000,0.1949,-0.3144
4.0000,0.1631,-0.3478
4.0000,0.2539,-0.2585
4.0000,0.1879,-0.3261
4.0000,0.2092,-0.3063
4.0000,0.2191,-0.2980
4.0000,0.2055,-0.3131
4.0000,0.2455,-0.2747
4.0000,0.1817,-0.3400
4.0000,0.2292,-0.2941
4.0000,0.1633,-0.3615
4.0000,0.2544,-0.2719
4.0000,0.1928,-0.3351
4.0000,0.1972,-0.3322
4.0000,0.2274,-0.3036
4.0000,0.1949,-0.3377
4.0000,0.2496,-0.2845
4.0000,0.1921,-0.3435
4.0000,0.2546,-0.2825
4.0000,0.1895,-0.3492
4.0000,0.2331,-0.3072
4.0000,0.1858,-0.3559
4.0000,0.2475,-0.2958
4.0000,0.2339,-0.3110
4.0000,0.2611,-0.2853
4.0000,0.2213,-0.3266
4.0000,0.2825,-0.2670
4.0000,0.2045,-0.3465
4.0000,0.2141,-0.3385
4.0000,0.2591,-0.2950
4.0000,0.1909,-0.3647
4.0000,0.2135,-0.3437
4.0000,0.1768,-0.3819
4.0000,0.1810,-0.3793
4.0000,0.2243,-0.3375
4.0000,0.2500,-0.3134
4.0000,0.2621,-0.3028
4.0000,0.2561,-0.3103
4.0000,0.2710,-0.2970
4.0000,0.1944,-0.3751
4.0000,0.3039,-0.2671
4.0000,0.2002,-0.3723
4.0000,0.1862,-0.3879
4.0000,0.2908,-0.2847
4.0000,0.2228,-0.3543
4.0000,0.2563,-0.3223
4.0000,0.2933,-0.2868
4.0000,0.2735,-0.3082
4.0000,0.2665,-0.3167
4.0000,0.3087,-0.2760
4.0000,0.2288,-0.3575
4.0000,0.2985,-0.2893
4.0000,0.2842,-0.3051
4.0000,0.2539,-0.3369
4.0000,0.2731,-0.3192
4.0000,0.2049,-0.3889
4.0000,0.2164,-0.3789
4.0000,0.3203,-0.2766
4.0000,0.2170,-0.3814
4.0000,0.3237,-0.2762
4.0000,0.2663,-0.3352
4.0000,0.2971,-0.3058
4.0000,0.3094,-0.2950
4.0000,0.3112,-0.2947
4.0000,0.2409,-0.3665
4.0000,0.2303,-0.3787
4.0000,0.2321,-0.3784
4.0000,0.2670,-0.3450
4.0000,0.3234,-0.2901
4.0000,0.2457,-0.3693
4.0000,0.3062,-0.3103
4.0000,0.2347,-0.3833
4.0000,0.2465,-0.3730
4.0000,0.3389,-0.2821
4.0000,0.2655,-0.3570
4.0000,0.2447,-0.3793
4.0000,0.2785,-0.3470
4.0000,0.2425,-0.3845
4.0000,0.3329,-0.2956
4.0000,0.2980,-0.3319
4.0000,0.3108,-0.3206
4.0000,0.3389,-0.2941
4.0000,0.2695,-0.3650
4.0000,0.3023,-0.3336
4.0000,0.3437,-0.2937
4.0000,0.2550,-0.3839
4.0000,0.3402,-0.3002
4.0000,0.2359,-0.4060
4.0000,0.3108,-0.3326
4.0000,0.2662,-0.3787
4.0000,0.3036,-0.3427
4.0000,0.3311,-0.3166
4.0000,0.2725,-0.3768
4.0000,0.2582,-0.3926
4.0000,0.3655,-0.2867
4.0000,0.2989,-0.3547
4.0000,0.3151,-0.3400
4.0000,0.3077,-0.3489
4.0000,0.3397,-0.3184
4.0000,0.3708,-0.2888
4.0000,0.2618,-0.3992
4.0000,0.3421,-0.3204
4.0000,0.3494,-0.3145
4.0000,0.3664,-0.2990
4.0000,0.3022,-0.3647
4.0000,0.3666,-0.3018
4.0000,0.3163,-0.3534
4.0000,0.3388,-0.3324
4.0000,0.3438,-0.3289
4.0000,0.2623,-0.4118
4.0000,0.3818,-0.2938
4.0000,0.3652,-0.3118
4.0000,0.3650,-0.3135
4.0000,0.3092,-0.3707
4.0000,0.3724,-0.3089
4.0000,0.3368,-0.3461
4.0000,0.3199,-0.3644
4.0000,0.3351,-0.3506
4.0000,0.3884,-0.2987
4.0000,0.2883,-0.4003
4.0000,0.3654,-0.3246
4.0000,0.3734,-0.3181
4.0000,0.3908,-0.3021
4.0000,0.2999,-0.3944
4.0000,0.3913,-0.3044
4.0000,0.2900,-0.4072
4.0000,0.3741,-0.3245
4.0000,0.4053,-0.2947
4.0000,0.3664,-0.3350
4.0000,0.3914,-0.3114
4.0000,0.3217,-0.3826
4.0000,0.3210,-0.3847
4.0000,0.4024,-0.3047
4.0000,0.3242,-0.3843
4.0000,0.3234,-0.3865
4.0000,0.4130,-0.2983
4.0000,0.4021,-0.3107
4.0000,0.3095,-0.4047
4.0000,0.4033,-0.3122
4.0000,0.3397,-0.3773
4.0000,0.3331,-0.3853
4.0000,0.3966,-0.3232
4.0000,0.3757,-0.3454
4.0000,0.3342,-0.3884
4.0000,0.4040,-0.3199
4.0000,0.3280,-0.3973
4.0000,0.3105,-0.4162
4.0000,0.3329,-0.3952
4.0000,0.3654,-0.3641
4.0000,0.3116,-0.4193
4.0000,0.4106,-0.3217
4.0000,0.3438,-0.3899
4.0000,0.4415,-0.2935
4.0000,0.4334,-0.3030
4.0000,0.3180,-0.4198
4.0000,0.3686,-0.3706
4.0000,0.3835,-0.3571
4.0000,0.3791,-0.3628
4.0000,0.3937,-0.3496
4.0000,0.3516,-0.3930
4.0000,0.4161,-0.3299
4.0000,0.3305,-0.4168
4.0000,0.3970,-0.3517
4.0000,0.3585,-0.3916
4.0000,0.4446,-0.3068
4.0000,0.3387,-0.4141
4.0000,0.3667,-0.3875
4.0000,0.4418,-0.3136
4.0000,0.3506,-0.4062
4.0000,0.3764,-0.3818
4.0000,0.3869,-0.3726
4.0000,0.3453,-0.4155
4.0000,0.4124,-0.3497
4.0000,0.4610,-0.3025
4.0000,0.3970,-0.3679
4.0000,0.4406,-0.3256
4.0000,0.4730,-0.2945
4.0000,0.4521,-0.3167
4.0000,0.4646,-0.3055
4.0000,0.3985,-0.3729
4.0000,0.3632,-0.4096
4.0000,0.4258,-0.3483
4.0000,0.3757,-0.3997
4.0000,0.4559,-0.3209
4.0000,0.3996,-0.3784
4.0000,0.4186,-0.3608
4.0000,0.4297,-0.3509
4.0000,0.4518,-0.3302
4.0000,0.4590,-0.3243
4.0000,0.4833,-0.3012
4.0000,0.3776,-0.4083
4.0000,0.4108,-0.3764
4.0000,0.3846,-0.4038
4.0000,0.4890,-0.3007
4.0000,0.3782,-0.4128
4.0000,0.4096,-0.3827
4.0000,0.4172,-0.3764
4.0000,0.4709,-0.3240
4.0000,0.3992,-0.3969
4.0000,0.3992,-0.3982
4.0000,0.4539,-0.3448
4.0000,0.4869,-0.3130
4.0000,0.4776,-0.3236
4.0000,0.4134,-0.3891
4.0000,0.4233,-0.3804
4.0000,0.3969,-0.4081
4.0000,0.4409,-0.3654
4.0000,0.3926,-0.4150
4.0000,0.4123,-0.3965
4.0000,0.4877,-0.3223
4.0000,0.4196,-0.3917
4.0000,0.4367,-0.3759
4.0000,0.4809,-0.3329
4.0000,0.4325,-0.3825
4.0000,0.4127,-0.4035
4.0000,0.4255,-0.3920
4.0000,0.4772,-0.3415
4.0000,0.4159,-0.4041
4.0000,0.4285,-0.3927
4.0000,0.4162,-0.4062
4.0000,0.5273,-0.2963
4.0000,0.4497,-0.3752
4.0000,0.5080,-0.3181
4.0000,0.4753,-0.3520
4.0000,0.5219,-0.3066
4.0000,0.4784,-0.3513
4.0000,0.5110,-0.3199
4.0000,0.4309,-0.4012
4.0000,0.4189,-0.4144
4.0000,0.4450,-0.3895
4.0000,0.4251,-0.4106
4.0000,0.4688,-0.3681
4.0000,0.4613,-0.3768
4.0000,0.5181,-0.3212
4.0000,0.4698,-0.3707
4.0000,0.4361,-0.4055
4.0000,0.4366,-0.4062
4.0000,0.4975,-0.3465
4.0000,0.4576,-0.3876
4.0000,0.5100,-0.3363
4.0000,0.4604,-0.3871
4.0000,0.4762,-0.3725
4.0000,0.5477,-0.3022
4.0000,0.4532,-0.3978
4.0000,0.4586,-0.3936
4.0000,0.5126,-0.3407
4.0000,0.4476,-0.4068
4.0000,0.4848,-0.3708
4.0000,0.5240,-0.3328
4.0000,0.4544,-0.4035
4.0000,0.4680,-0.3910
4.0000,0.5228,-0.3374
4.0000,0.4961,-0.3651
4.0000,0.5284,-0.3340
4.0000,0.4690,-0.3946
4.0000,0.5346,-0.3301
4.0000,0.4558,-0.4100
4.0000,0.5162,-0.3507
4.0000,0.5823,-0.2857
4.0000,0.5501,-0.3191
4.0000,0.4895,-0.3807
4.0000,0.5079,-0.3635
4.0000,0.5050,-0.3674
4.0000,0.4815,-0.3920
4.0000,0.4916,-0.3830
4.0000,0.5386,-0.3372
4.0000,0.5150,-0.3619
4.0000,0.4930,-0.3849
4.0000,0.5693,-0.3097
4.0000,0.4733,-0.4068
4.0000,0.5588,-0.3223
4.0000,0.5508,-0.3315
4.0000,0.5835,-0.2998
4.0000,0.5371,-0.3473
4.0000,0.5482,-0.3372
4.0000,0.5482,-0.3383
4.0000,0.5535,-0.3340
4.0000,0.5766,-0.3121
4.0000,0.5904,-0.2993
4.0000,0.5391,-0.3516
4.0000,0.6087,-0.2830
4.0000,0.5720,-0.3208
4.0000,0.5733,-0.3206
4.0000,0.5006,-0.3942
4.0000,0.5799,-0.3160
4.0000,0.5273,-0.3696
4.0000,0.6024,-0.2955
4.0000,0.6029,-0.2961
4.0000,0.5617,-0.3383
4.0000,0.5391,-0.3619
4.0000,0.5865,-0.3155
4.0000,0.5218,-0.3813
4.0000,0.5632,-0.3409
4.0000,0.6139,-0.2911
4.0000,0.5336,-0.3725
4.0000,0.5237,-0.3834
4.0000,0.5908,-0.3172
4.0000,0.6074,-0.3016
4.0000,0.5557,-0.3543
4.0000,0.6289,-0.2821
4.0000,0.6032,-0.3088
4.0000,0.6401,-0.2728
4.0000,0.5607,-0.3533
4.0000,0.5696,-0.3453
4.0000,0.6288,-0.2871
4.0000,0.6108,-0.3061
4.0000,0.6124,-0.3053
4.0000,0.6142,-0.3045
4.0000,0.5436,-0.3761
4.0000,0.5364,-0.3842
4.0000,0.5436,-0.3780
4.0000,0.5836,-0.3389
4.0000,0.5673,-0.3562
4.0000,0.5664,-0.3580
4.0000,0.5873,-0.3380
4.0000,0.5559,-0.3704
4.0000,0.5464,-0.3808
4.0000,0.6498,-0.2783
4.0000,0.5864,-0.3427
4.0000,0.5898,-0.3401
4.0000,0.5690,-0.3618
4.0000,0.5938,-0.3379
4.0000,0.5717,-0.3609
4.0000,0.6118,-0.3217
4.0000,0.6306,-0.3038
4.0000,0.6184,-0.3170
4.0000,0.6062,-0.3301
4.0000,0.6118,-0.3253
4.0000,0.6531,-0.2849
4.0000,0.6566,-0.2823
4.0000,0.5688,-0.3709
4.0000,0.6296,-0.3111
4.0000,0.6409,-0.3006
4.0000,0.5670,-0.3754
4.0000,0.5660,-0.3772
4.0000,0.5726,-0.3715
4.0000,0.6436,-0.3013
4.0000,0.6124,-0.3333
4.0000,0.6162,-0.3304
4.0000,0.6063,-0.3412
4.0000,0.6463,-0.3020
4.0000,0.6549,-0.2942
4.0000,0.6574,-0.2926
4.0000,0.5928,-0.3580
4.0000,0.6425,-0.3091
4.0000,0.6169,-0.3355
4.0000,0.6924,-0.2608
4.0000,0.6224,-0.3316
4.0000,0.6850,-0.2699
4.0000,0.7044,-0.2513
4.0000,0.6852,-0.2712
4.0000,0.6103,-0.3469
4.0000,0.6635,-0.2945
4.0000,0.6623,-0.2966
4.0000,0.6592,-0.3004
4.0000,0.6527,-0.3076
4.0000,0.6219,-0.3392
4.0000,0.6474,-0.3145
4.0000,0.6564,-0.3063
4.0000,0.6757,-0.2878
4.0000,0.6526,-0.3116
4.0000,0.6802,-0.2848
4.0000,0.6602,-0.3055
4.0000,0.6293,-0.3372
4.0000,0.6915,-0.2757
4.0000,0.6361,-0.3318
4.0000,0.6694,-0.2993
4.0000,0.6882,-0.2812
4.0000,0.6245,-0.3456
4.0000,0.6142,-0.3567
4.0000,0.7362,-0.2354
4.0000,0.6673,-0.3050
4.0000,0.7367,-0.2363
4.0000,0.6498,-0.3239
4.0000,0.6836,-0.2908
4.0000,0.7043,-0.2708
4.0000,0.6925,-0.2834
4.0000,0.6549,-0.3216
4.0000,0.6424,-0.3348
4.0000,0.6618,-0.3161
4.0000,0.6498,-0.3288
4.0000,0.7198,-0.2594
4.0000,0.6888,-0.2911
4.0000,0.6319,-0.3487
4.0000,0.7137,-0.2675
4.0000,0.6452,-0.3367
4.0000,0.7373,-0.2453
4.0000,0.6408,-0.3424
4.0000,0.6872,-0.2967
4.0000,0.6450,-0.3395
4.0000,0.7604,-0.2248
4.0000,0.6679,-0.3178
4.0000,0.6872,-0.2992
4.0000,0.6748,-0.3122
4.0000,0.6624,-0.3253
4.0000,0.6515,-0.3367
4.0000,0.7309,-0.2580
4.0000,0.7743,-0.2151
4.0000,0.6688,-0.3213
4.0000,0.7537,-0.2370
4.0000,0.7247,-0.2666
4.0000,0.7519,-0.2400
4.0000,0.6821,-0.3104
4.0000,0.7746,-0.2184
4.0000,0.7836,-0.2100
4.0000,0.7694,-0.2248
4.0000,0.7826,-0.2122
4.0000,0.6718,-0.3235
4.0000,0.7133,-0.2826
4.0000,0.6698,-0.3267
4.0000,0.6814,-0.3156
4.0000,0.6947,-0.3029
4.0000,0.6785,-0.3196
4.0000,0.7530,-0.2456
4.0000,0.6798,-0.3194
4.0000,0.7051,-0.2946
4.0000,0.7273,-0.2730
4.0000,0.6789,-0.3219
4.0000,0.7903,-0.2109
4.0000,0.6975,-0.3043
4.0000,0.7485,-0.2538
4.0000,0.7127,-0.2901
4.0000,0.7773,-0.2260
4.0000,0.7941,-0.2097
4.0000,0.7256,-0.2787
4.0000,0.7793,-0.2255
4.0000,0.7133,-0.2920
4.0000,0.7278,-0.2779
4.0000,0.7863,-0.2199
4.0000,0.7453,-0.2614
4.0000,0.7645,-0.2426
4.0000,0.7228,-0.2848
4.0000,0.8213,-0.1868
4.0000,0.8253,-0.1832
4.0000,0.7858,-0.2232
4.0000,0.7311,-0.2783
4.0000,0.7665,-0.2434
4.0000,0.7107,-0.2996
4.0000,0.7550,-0.2557
4.0000,0.7200,-0.2912
4.0000,0.8213,-0.1903
4.0000,0.7852,-0.2268
4.0000,0.7293,-0.2831
4.0000,0.7277,-0.2851
4.0000,0.7247,-0.2884
4.0000,0.7568,-0.2568
4.0000,0.7172,-0.2967
4.0000,0.8132,-0.2011
4.0000,0.7283,-0.2865
4.0000,0.7217,-0.2934
4.0000,0.7691,-0.2464
4.0000,0.8436,-0.1722
4.0000,0.8432,-0.1730
4.0000,0.7383,-0.2783
4.0000,0.7669,-0.2501
4.0000,0.8189,-0.1983
4.0000,0.8391,-0.1786
4.0000,0.8277,-0.1903
4.0000,0.8242,-0.1941
4.0000,0.7887,-0.2299
4.0000,0.7636,-0.2553
4.0000,0.8492,-0.1700
4.0000,0.7850,-0.2346
4.0000,0.8360,-0.1839
4.0000,0.8268,-0.1934
4.0000,0.7867,-0.2338
4.0000,0.7863,-0.2345
4.0000,0.8068,-0.2143
4.0000,0.7741,-0.2473
4.0000,0.7815,-0.2401
4.0000,0.7725,-0.2494
4.0000,0.7901,-0.2321
4.0000,0.7633,-0.2592
4.0000,0.8182,-0.2045
4.0000,0.8128,-0.2102
4.0000,0.8473,-0.1760
4.0000,0.7820,-0.2415
4.0000,0.8745,-0.1493
4.0000,0.8700,-0.1540
4.0000,0.8640,-0.1603
4.0000,0.8297,-0.1948
4.0000,0.8300,-0.1948
4.0000,0.8627,-0.1622
4.0000,0.8908,-0.1344
4.0000,0.8144,-0.2110
4.0000,0.8279,-0.1977
4.0000,0.8830,-0.1428
4.0000,0.7886,-0.2373
4.0000,0.8626,-0.1636
4.0000,0.8961,-0.1303
4.0000,0.8891,-0.1374
4.0000,0.8643,-0.1624
4.0000,0.8712,-0.1557
4.0000,0.8411,-0.1860
4.0000,0.8329,-0.1943
4.0000,0.8104,-0.2170
4.0000,0.8421,-0.1854
4.0000,0.8142,-0.2134
4.0000,0.8685,-0.1593
4.0000,0.8322,-0.1958
4.0000,0.8523,-0.1758
4.0000,0.8271,-0.2011
4.0000,0.8489,-0.1795
4.0000,0.7937,-0.2347
4.0000,0.8870,-0.1416
4.0000,0.8785,-0.1502
4.0000,0.8497,-0.1791
4.0000,0.8427,-0.1862
4.0000,0.8982,-0.1308
4.0000,0.8301,-0.1990
4.0000,0.8063,-0.2228
4.0000,0.8503,-0.1790
4.0000,0.8134,-0.2159
4.0000,0.8153,-0.2141
4.0000,0.8243,-0.2051
4.0000,0.9061,-0.1234
4.0000,0.8275,-0.2020
4.0000,0.8693,-0.1603
4.0000,0.8216,-0.2080
4.0000,0.8878,-0.1419
4.0000,0.8782,-0.1515
4.0000,0.8825,-0.1472
4.0000,0.8593,-0.1705
4.0000,0.8521,-0.1777
4.0000,0.8904,-0.1394
4.0000,0.8414,-0.1884
4.0000,0.8854,-0.1444
4.0000,0.9064,-0.1234
4.0000,0.8697,-0.1601
4.0000,0.9388,-0.0909
4.0000,0.8415,-0.1883
4.0000,0.8246,-0.2052
4.0000,0.8920,-0.1377
4.0000,0.8716,-0.1580
4.0000,0.8868,-0.1428
4.0000,0.9368,-0.0928
4.0000,0.9477,-0.0819
4.0000,0.8316,-0.1979
4.0000,0.9405,-0.0889
4.0000,0.9526,-0.0767
4.0000,0.9112,-0.1181
4.0000,0.9486,-0.0806
4.0000,0.8932,-0.1360
4.0000,0.8913,-0.1377
4.0000,0.8706,-0.1584
4.0000,0.9648,-0.0641
4.0000,0.8559,-0.1728
4.0000,0.9030,-0.1256
4.0000,0.9269,-0.1016
4.0000,0.8559,-0.1725
4.0000,0.9475,-0.0808
4.0000,0.8994,-0.1288
4.0000,0.9544,-0.0737
4.0000,0.9102,-0.1177
4.0000,0.9235,-0.1042
4.0000,0.9438,-0.0838
4.0000,0.8951,-0.1324
4.0000,0.8790,-0.1483
4.0000,0.9596,-0.0676
4.0000,0.9484,-0.0786
4.0000,0.9625,-0.0643
4.0000,0.9074,-0.1193
4.0000,0.8700,-0.1565
4.0000,0.9341,-0.0921
4.0000,0.8751,-0.1509
4.0000,0.9024,-0.1235
4.0000,0.8790,-0.1467
4.0000,0.9899,-0.0355
4.0000,0.9019,-0.1233
4.0000,0.9525,-0.0725
4.0000,0.8802,-0.1445
4.0000,0.9513,-0.0732
4.0000,0.9063,-0.1180
4.0000,0.9903,-0.0337
4.0000,0.9564,-0.0674
4.0000,0.9055,-0.1180
4.0000,0.9017,-0.1216
4.0000,0.9462,-0.0768
4.0000,0.9333,-0.0894
4.0000,0.9996,-0.0229
4.0000,0.8830,-0.1392
4.0000,0.9341,-0.0878
4.0000,0.9144,-0.1072
4.0000,0.9657,-0.0556
4.0000,0.9862,-0.0348
4.0000,0.9948,-0.0259
4.0000,0.9133,-0.1071
4.0000,1.0160,-0.0041
4.0000,0.8980,-0.1218
4.0000,0.8969,-0.1225
4.0000,0.9057,-0.1134
4.0000,0.9341,-0.0846
4.0000,0.9684,-0.0500
4.0000,0.9812,-0.0369
4.0000,0.9488,-0.0689
4.0000,0.9353,-0.0820
4.0000,0.9235,-0.0934
4.0000,0.9707,-0.0459
4.0000,1.0027,-0.0135
4.0000,0.9583,-0.0576
4.0000,0.9495,-0.0659
4.0000,0.9791,-0.0359
4.0000,0.9748,-0.0398
4.0000,0.9265,-0.0877
4.0000,0.9317,-0.0821
4.0000,1.0183,0.0049
4.0000,0.9651,-0.0478
4.0000,1.0025,-0.0100
4.0000,0.9877,-0.0244
4.0000,1.0252,0.0135
4.0000,0.9281,-0.0831
4.0000,0.9368,-0.0740
4.0000,0.9861,-0.0242
4.0000,1.0091,-0.0008
4.0000,0.9280,-0.0814
4.0000,0.9493,-0.0596
4.0000,0.9207,-0.0877
4.0000,1.0362,0.0283
4.0000,0.9666,-0.0408
4.0000,0.9546,-0.0524
4.0000,1.0417,0.0352
4.0000,0.9319,-0.0741
4.0000,1.0412,0.0358
4.0000,1.0337,0.0288
4.0000,0.9313,-0.0731
4.0000,0.9697,-0.0342
4.0000,0.9417,-0.0616
4.0000,0.9633,-0.0395
4.0000,0.9847,-0.0175
4.0000,1.0212,0.0196
4.0000,0.9923,-0.0088
4.0000,1.0439,0.0434
4.0000,0.9954,-0.0046
