1.0000,0.0010,0.0000
1.0000,0.0020,0.0000
1.0000,0.0030,0.0000
1.0000,0.0040,0.0000
1.0000,0.0050,0.0000
1.0000,0.0060,0.0000
1.0000,0.0070,0.0000
1.0000,0.0080,0.0001
1.0000,0.0090,0.0001
1.0000,0.0100,0.0001
1.0000,0.0110,0.0001
1.0000,0.0120,0.0001
1.0000,0.0130,0.0001
1.0000,0.0140,0.0002
1.0000,0.0150,0.0002
1.0000,0.0160,0.0002
1.0000,0.0170,0.0002
1.0000,0.0180,0.0003
1.0000,0.0190,0.0003
1.0000,0.0200,0.0003
1.0000,0.0210,0.0003
1.0000,0.0220,0.0004
1.0000,0.0230,0.0004
1.0000,0.0240,0.0005
1.0000,0.0250,0.0005
1.0000,0.0260,0.0005
1.0000,0.0270,0.0006
1.0000,0.0280,0.0006
1.0000,0.0290,0.0007
1.0000,0.0300,0.0007
1.0000,0.0310,0.0008
1.0000,0.0320,0.0008
1.0000,0.0330,0.0009
1.0000,0.0340,0.0009
1.0000,0.0350,0.0010
1.0000,0.0360,0.0010
1.0000,0.0370,0.0011
1.0000,0.0380,0.0011
1.0000,0.0390,0.0012
1.0000,0.0400,0.0013
1.0000,0.0410,0.0013
1.0000,0.0420,0.0014
1.0000,0.0430,0.0015
1.0000,0.0440,0.0015
1.0000,0.0450,0.0016
1.0000,0.0460,0.0017
1.0000,0.0470,0.0017
1.0000,0.0480,0.0018
1.0000,0.0490,0.0019
1.0000,0.0500,0.0020
1.0000,0.0510,0.0020
1.0000,0.0520,0.0021
1.0000,0.0530,0.0022
1.0000,0.0540,0.0023
1.0000,0.0549,0.0024
1.0000,0.0559,0.0025
1.0000,0.0569,0.0026
1.0000,0.0579,0.0026
1.0000,0.0589,0.0027
1.0000,0.0599,0.0028
1.0000,0.0609,0.0029
1.0000,0.0619,0.0030
1.0000,0.0629,0.0031
1.0000,0.0639,0.0032
1.0000,0.0649,0.0033
1.0000,0.0659,0.0034
1.0000,0.0669,0.0035
1.0000,0.0679,0.0036
1.0000,0.0689,0.0037
1.0000,0.0699,0.0038
1.0000,0.0709,0.0040
1.0000,0.0719,0.0041
1.0000,0.0729,0.0042
1.0000,0.0739,0.0043
1.0000,0.0749,0.0044
1.0000,0.0759,0.0045
1.0000,0.0769,0.0047
1.0000,0.0779,0.0048
1.0000,0.0788,0.0049
1.0000,0.0798,0.0050
1.0000,0.0808,0.0051
1.0000,0.0818,0.0053
1.0000,0.0828,0.0054
1.0000,0.0838,0.0055
1.0000,0.0848,0.0057
1.0000,0.0858,0.0058
1.0000,0.0868,0.0059
1.0000,0.0878,0.0061
1.0000,0.0888,0.0062
1.0000,0.0898,0.0064
1.0000,0.0908,0.0065
1.0000,0.0918,0.0066
1.0000,0.0928,0.0068
1.0000,0.0937,0.0069
1.0000,0.0947,0.0071
1.0000,0.0957,0.0072
1.0000,0.0967,0.0074
1.0000,0.0977,0.0075
1.0000,0.0987,0.0077
1.0000,0.0997,0.0078
1.0000,0.1007,0.0080
1.0000,0.1017,0.0082
1.0000,0.1027,0.0083
1.0000,0.1037,0.0085
1.0000,0.1046,0.0086
1.0000,0.1056,0.0088
1.0000,0.1066,0.0090
1.0000,0.1076,0.0091
1.0000,0.1086,0.0093
1.0000,0.1096,0.0095
1.0000,0.1106,0.0097
1.0000,0.1116,0.0098
1.0000,0.1126,0.0100
1.0000,0.1135,0.0102
1.0000,0.1145,0.0104
1.0000,0.1155,0.0106
1.0000,0.1165,0.0107
1.0000,0.1175,0.0109
1.0000,0.1185,0.0111
1.0000,0.1195,0.0113
1.0000,0.1205,0.0115
1.0000,0.1214,0.0117
1.0000,0.1224,0.0119
1.0000,0.1234,0.0121
1.0000,0.1244,0.0123
1.0000,0.1254,0.0124
1.0000,0.1264,0.0126
1.0000,0.1274,0.0128
1.0000,0.1283,0.0130
1.0000,0.1293,0.0133
1.0000,0.1303,0.0135
1.0000,0.1313,0.0137
1.0000,0.1323,0.0139
1.0000,0.1333,0.0141
1.0000,0.1342,0.0143
1.0000,0.1352,0.0145
1.0000,0.1362,0.0147
1.0000,0.1372,0.0149
1.0000,0.1382,0.0151
1.0000,0.1392,0.0154
1.0000,0.1401,0.0156
1.0000,0.1411,0.0158
1.0000,0.1421,0.0160
1.0000,0.1431,0.0163
1.0000,0.1441,0.0165
1.0000,0.1450,0.0167
1.0000,0.1460,0.0169
1.0000,0.1470,0.0172
1.0000,0.1480,0.0174
1.0000,0.1490,0.0176
1.0000,0.1499,0.0179
1.0000,0.1509,0.0181
1.0000,0.1519,0.0183
1.0000,0.1529,0.0186
1.0000,0.1539,0.0188
1.0000,0.1548,0.0191
1.0000,0.1558,0.0193
1.0000,0.1568,0.0196
1.0000,0.1578,0.0198
1.0000,0.1587,0.0201
1.0000,0.1597,0.0203
1.0000,0.1607,0.0206
1.0000,0.1617,0.0208
1.0000,0.1626,0.0211
1.0000,0.1636,0.0213
1.0000,0.1646,0.0216
1.0000,0.1656,0.0218
1.0000,0.1665,0.0221
1.0000,0.1675,0.0224
1.0000,0.1685,0.0226
1.0000,0.1695,0.0229
1.0000,0.1704,0.0232
1.0000,0.1714,0.0234
1.0000,0.1724,0.0237
1.0000,0.1733,0.0240
1.0000,0.1743,0.0243
1.0000,0.1753,0.0245
1.0000,0.1763,0.0248
1.0000,0.1772,0.0251
1.0000,0.1782,0.0254
1.0000,0.1792,0.0256
1.0000,0.1801,0.0259
1.0000,0.1811,0.0262
1.0000,0.1821,0.0265
1.0000,0.1831,0.0268
1.0000,0.1840,0.0271
1.0000,0.1850,0.0274
1.0000,0.1860,0.0277
1.0000,0.1869,0.0280
1.0000,0.1879,0.0282
1.0000,0.1889,0.0285
1.0000,0.1898,0.0288
1.0000,0.1908,0.0291
1.0000,0.1918,0.0294
1.0000,0.1927,0.0297
1.0000,0.1937,0.0301
1.0000,0.1946,0.0304
1.0000,0.1956,0.0307
1.0000,0.1966,0.0310
1.0000,0.1975,0.0313
1.0000,0.1985,0.0316
1.0000,0.1995,0.0319
1.0000,0.2004,0.0322
1.0000,0.2014,0.0325
1.0000,0.2023,0.0329
1.0000,0.2033,0.0332
1.0000,0.2043,0.0335
1.0000,0.2052,0.0338
1.0000,0.2062,0.0342
1.0000,0.2072,0.0345
1.0000,0.2081,0.0348
1.0000,0.2091,0.0351
1.0000,0.2100,0.0355
1.0000,0.2110,0.0358
1.0000,0.2119,0.0361
1.0000,0.2129,0.0365
1.0000,0.2139,0.0368
1.0000,0.2148,0.0371
1.0000,0.2158,0.0375
1.0000,0.2167,0.0378
1.0000,0.2177,0.0382
1.0000,0.2186,0.0385
1.0000,0.2196,0.0389
1.0000,0.2205,0.0392
1.0000,0.2215,0.0396
1.0000,0.2224,0.0399
1.0000,0.2234,0.0403
1.0000,0.2244,0.0406
1.0000,0.2253,0.0410
1.0000,0.2263,0.0413
1.0000,0.2272,0.0417
1.0000,0.2282,0.0420
1.0000,0.2291,0.0424
1.0000,0.2301,0.0428
1.0000,0.2310,0.0431
1.0000,0.2320,0.0435
1.0000,0.2329,0.0439
1.0000,0.2339,0.0442
1.0000,0.2348,0.0446
1.0000,0.2357,0.0450
1.0000,0.2367,0.0453
1.0000,0.2376,0.0457
1.0000,0.2386,0.0461
1.0000,0.2395,0.0465
1.0000,0.2405,0.0469
1.0000,0.2414,0.0472
1.0000,0.2424,0.0476
1.0000,0.2433,0.0480
1.0000,0.2443,0.0484
1.0000,0.2452,0.0488
1.0000,0.2461,0.0492
1.0000,0.2471,0.0496
1.0000,0.2480,0.0499
1.0000,0.2490,0.0503
1.0000,0.2499,0.0507
1.0000,0.2508,0.0511
1.0000,0.2518,0.0515
1.0000,0.2527,0.0519
1.0000,0.2537,0.0523
1.0000,0.2546,0.0527
1.0000,0.2555,0.0531
1.0000,0.2565,0.0535
1.0000,0.2574,0.0539
1.0000,0.2583,0.0543
1.0000,0.2593,0.0548
1.0000,0.2602,0.0552
1.0000,0.2612,0.0556
1.0000,0.2621,0.0560
1.0000,0.2630,0.0564
1.0000,0.2640,0.0568
1.0000,0.2649,0.0572
1.0000,0.2658,0.0577
1.0000,0.2667,0.0581
1.0000,0.2677,0.0585
1.0000,0.2686,0.0589
1.0000,0.2695,0.0594
1.0000,0.2705,0.0598
1.0000,0.2714,0.0602
1.0000,0.2723,0.0606
1.0000,0.2733,0.0611
1.0000,0.2742,0.0615
1.0000,0.2751,0.0619
1.0000,0.2760,0.0624
1.0000,0.2770,0.0628
1.0000,0.2779,0.0633
1.0000,0.2788,0.0637
1.0000,0.2797,0.0641
1.0000,0.2807,0.0646
1.0000,0.2816,0.0650
1.0000,0.2825,0.0655
1.0000,0.2834,0.0659
1.0000,0.2844,0.0664
1.0000,0.2853,0.0668
1.0000,0.2862,0.0673
1.0000,0.2871,0.0677
1.0000,0.2880,0.0682
1.0000,0.2890,0.0687
1.0000,0.2899,0.0691
1.0000,0.2908,0.0696
1.0000,0.2917,0.0700
1.0000,0.2926,0.0705
1.0000,0.2935,0.0710
1.0000,0.2945,0.0714
1.0000,0.2954,0.0719
1.0000,0.2963,0.0724
1.0000,0.2972,0.0728
1.0000,0.2981,0.0733
1.0000,0.2990,0.0738
1.0000,0.2999,0.0743
1.0000,0.3009,0.0747
1.0000,0.3018,0.0752
1.0000,0.3027,0.0757
1.0000,0.3036,0.0762
1.0000,0.3045,0.0767
1.0000,0.3054,0.0771
1.0000,0.3063,0.0776
1.0000,0.3072,0.0781
1.0000,0.3081,0.0786
1.0000,0.3090,0.0791
1.0000,0.3099,0.0796
1.0000,0.3109,0.0801
1.0000,0.3118,0.0806
1.0000,0.3127,0.0811
1.0000,0.3136,0.0816
1.0000,0.3145,0.0821
1.0000,0.3154,0.0826
1.0000,0.3163,0.0831
1.0000,0.3172,0.0836
1.0000,0.3181,0.0841
1.0000,0.3190,0.0846
1.0000,0.3199,0.0851
1.0000,0.3208,0.0856
1.0000,0.3217,0.0861
1.0000,0.3226,0.0866
1.0000,0.3235,0.0871
1.0000,0.3244,0.0876
1.0000,0.3253,0.0882
1.0000,0.3262,0.0887
1.0000,0.3271,0.0892
1.0000,0.3279,0.0897
1.0000,0.3288,0.0902
1.0000,0.3297,0.0908
1.0000,0.3306,0.0913
1.0000,0.3315,0.0918
1.0000,0.3324,0.0923
1.0000,0.3333,0.0929
1.0000,0.3342,0.0934
1.0000,0.3351,0.0939
1.0000,0.3360,0.0945
1.0000,0.3369,0.0950
1.0000,0.3377,0.0955
1.0000,0.3386,0.0961
1.0000,0.3395,0.0966
1.0000,0.3404,0.0972
1.0000,0.3413,0.0977
1.0000,0.3422,0.0982
1.0000,0.3431,0.0988
1.0000,0.3439,0.0993
1.0000,0.3448,0.0999
1.0000,0.3457,0.1004
1.0000,0.3466,0.1010
1.0000,0.3475,0.1015
1.0000,0.3483,0.1021
1.0000,0.3492,0.1027
1.0000,0.3501,0.1032
1.0000,0.3510,0.1038
1.0000,0.3519,0.1043
1.0000,0.3527,0.1049
1.0000,0.3536,0.1054
1.0000,0.3545,0.1060
1.0000,0.3554,0.1066
1.0000,0.3562,0.1071
1.0000,0.3571,0.1077
1.0000,0.3580,0.1083
1.0000,0.3589,0.1089
1.0000,0.3597,0.1094
1.0000,0.3606,0.1100
1.0000,0.3615,0.1106
1.0000,0.3623,0.1112
1.0000,0.3632,0.1117
1.0000,0.3641,0.1123
1.0000,0.3649,0.1129
1.0000,0.3658,0.1135
1.0000,0.3667,0.1141
1.0000,0.3675,0.1146
1.0000,0.3684,0.1152
1.0000,0.3693,0.1158
1.0000,0.3701,0.1164
1.0000,0.3710,0.1170
1.0000,0.3718,0.1176
1.0000,0.3727,0.1182
1.0000,0.3736,0.1188
1.0000,0.3744,0.1194
1.0000,0.3753,0.1200
1.0000,0.3761,0.1206
1.0000,0.3770,0.1212
1.0000,0.3779,0.1218
1.0000,0.3787,0.1224
1.0000,0.3796,0.1230
1.0000,0.3804,0.1236
1.0000,0.3813,0.1242
1.0000,0.3821,0.1248
1.0000,0.3830,0.1254
1.0000,0.3838,0.1260
1.0000,0.3847,0.1267
1.0000,0.3855,0.1273
1.0000,0.3864,0.1279
1.0000,0.3872,0.1285
1.0000,0.3881,0.1291
1.0000,0.3889,0.1298
1.0000,0.3898,0.1304
1.0000,0.3906,0.1310
1.0000,0.3915,0.1316
1.0000,0.3923,0.1323
1.0000,0.3932,0.1329
1.0000,0.3940,0.1335
1.0000,0.3948,0.1341
1.0000,0.3957,0.1348
1.0000,0.3965,0.1354
1.0000,0.3974,0.1360
1.0000,0.3982,0.1367
1.0000,0.3990,0.1373
1.0000,0.3999,0.1380
1.0000,0.4007,0.1386
1.0000,0.4015,0.1392
1.0000,0.4024,0.1399
1.0000,0.4032,0.1405
1.0000,0.4040,0.1412
1.0000,0.4049,0.1418
1.0000,0.4057,0.1425
1.0000,0.4065,0.1431
1.0000,0.4074,0.1438
1.0000,0.4082,0.1444
1.0000,0.4090,0.1451
1.0000,0.4099,0.1457
1.0000,0.4107,0.1464
1.0000,0.4115,0.1471
1.0000,0.4123,0.1477
1.0000,0.4132,0.1484
1.0000,0.4140,0.1490
1.0000,0.4148,0.1497
1.0000,0.4156,0.1504
1.0000,0.4165,0.1510
1.0000,0.4173,0.1517
1.0000,0.4181,0.1524
1.0000,0.4189,0.1531
1.0000,0.4197,0.1537
1.0000,0.4206,0.1544
1.0000,0.4214,0.1551
1.0000,0.4222,0.1558
1.0000,0.4230,0.1564
1.0000,0.4238,0.1571
1.0000,0.4246,0.1578
1.0000,0.4254,0.1585
1.0000,0.4263,0.1592
1.0000,0.4271,0.1598
1.0000,0.4279,0.1605
1.0000,0.4287,0.1612
1.0000,0.4295,0.1619
1.0000,0.4303,0.1626
1.0000,0.4311,0.1633
1.0000,0.4319,0.1640
1.0000,0.4327,0.1647
1.0000,0.4335,0.1654
1.0000,0.4343,0.1661
1.0000,0.4351,0.1668
1.0000,0.4359,0.1675
1.0000,0.4367,0.1682
1.0000,0.4375,0.1689
1.0000,0.4383,0.1696
1.0000,0.4391,0.1703
1.0000,0.4399,0.1710
1.0000,0.4407,0.1717
1.0000,0.4415,0.1724
1.0000,0.4423,0.1731
1.0000,0.4431,0.1738
1.0000,0.4439,0.1745
1.0000,0.4447,0.1753
1.0000,0.4455,0.1760
1.0000,0.4463,0.1767
1.0000,0.4471,0.1774
1.0000,0.4479,0.1781
1.0000,0.4487,0.1789
1.0000,0.4494,0.1796
1.0000,0.4502,0.1803
1.0000,0.4510,0.1810
1.0000,0.4518,0.1818
1.0000,0.4526,0.1825
1.0000,0.4534,0.1832
1.0000,0.4542,0.1840
1.0000,0.4549,0.1847
1.0000,0.4557,0.1854
1.0000,0.4565,0.1862
1.0000,0.4573,0.1869
1.0000,0.4581,0.1876
1.0000,0.4588,0.1884
1.0000,0.4596,0.1891
1.0000,0.4604,0.1899
1.0000,0.4612,0.1906
1.0000,0.4619,0.1913
1.0000,0.4627,0.1921
1.0000,0.4635,0.1928
1.0000,0.4643,0.1936
1.0000,0.4650,0.1943
1.0000,0.4658,0.1951
1.0000,0.4666,0.1958
1.0000,0.4673,0.1966
1.0000,0.4681,0.1973
1.0000,0.4689,0.1981
1.0000,0.4696,0.1989
1.0000,0.4704,0.1996
1.0000,0.4712,0.2004
1.0000,0.4719,0.2011
1.0000,0.4727,0.2019
1.0000,0.4734,0.2027
1.0000,0.4742,0.2034
1.0000,0.4750,0.2042
1.0000,0.4757,0.2050
1.0000,0.4765,0.2057
1.0000,0.4772,0.2065
1.0000,0.4780,0.2073
1.0000,0.4787,0.2081
1.0000,0.4795,0.2088
1.0000,0.4802,0.2096
1.0000,0.4810,0.2104
1.0000,0.4817,0.2112
1.0000,0.4825,0.2120
1.0000,0.4832,0.2127
1.0000,0.4840,0.2135
1.0000,0.4847,0.2143
1.0000,0.4855,0.2151
1.0000,0.4862,0.2159
1.0000,0.4870,0.2167
1.0000,0.4877,0.2175
1.0000,0.4885,0.2182
1.0000,0.4892,0.2190
1.0000,0.4899,0.2198
1.0000,0.4907,0.2206
1.0000,0.4914,0.2214
1.0000,0.4922,0.2222
1.0000,0.4929,0.2230
1.0000,0.4936,0.2238
1.0000,0.4944,0.2246
1.0000,0.4951,0.2254
1.0000,0.4958,0.2262
1.0000,0.4966,0.2270
1.0000,0.4973,0.2278
1.0000,0.4980,0.2286
1.0000,0.4988,0.2295
1.0000,0.4995,0.2303
1.0000,0.5002,0.2311
1.0000,0.5009,0.2319
1.0000,0.5017,0.2327
1.0000,0.5024,0.2335
1.0000,0.5031,0.2343
1.0000,0.5038,0.2352
1.0000,0.5045,0.2360
1.0000,0.5053,0.2368
1.0000,0.5060,0.2376
1.0000,0.5067,0.2384
1.0000,0.5074,0.2393
1.0000,0.5081,0.2401
1.0000,0.5089,0.2409
1.0000,0.5096,0.2417
1.0000,0.5103,0.2426
1.0000,0.5110,0.2434
1.0000,0.5117,0.2442
1.0000,0.5124,0.2451
1.0000,0.5131,0.2459
1.0000,0.5138,0.2467
1.0000,0.5145,0.2476
1.0000,0.5152,0.2484
1.0000,0.5159,0.2493
1.0000,0.5167,0.2501
1.0000,0.5174,0.2509
1.0000,0.5181,0.2518
1.0000,0.5188,0.2526
1.0000,0.5195,0.2535
1.0000,0.5202,0.2543
1.0000,0.5209,0.2552
1.0000,0.5216,0.2560
1.0000,0.5222,0.2569
1.0000,0.5229,0.2577
1.0000,0.5236,0.2586
1.0000,0.5243,0.2594
1.0000,0.5250,0.2603
1.0000,0.5257,0.2611
1.0000,0.5264,0.2620
1.0000,0.5271,0.2629
1.0000,0.5278,0.2637
1.0000,0.5285,0.2646
1.0000,0.5292,0.2654
1.0000,0.5298,0.2663
1.0000,0.5305,0.2672
1.0000,0.5312,0.2680
1.0000,0.5319,0.2689
1.0000,0.5326,0.2698
1.0000,0.5332,0.2706
1.0000,0.5339,0.2715
1.0000,0.5346,0.2724
1.0000,0.5353,0.2733
1.0000,0.5360,0.2741
1.0000,0.5366,0.2750
1.0000,0.5373,0.2759
1.0000,0.5380,0.2768
1.0000,0.5386,0.2777
1.0000,0.5393,0.2785
1.0000,0.5400,0.2794
1.0000,0.5407,0.2803
1.0000,0.5413,0.2812
1.0000,0.5420,0.2821
1.0000,0.5427,0.2830
1.0000,0.5433,0.2839
1.0000,0.5440,0.2847
1.0000,0.5446,0.2856
1.0000,0.5453,0.2865
1.0000,0.5460,0.2874
1.0000,0.5466,0.2883
1.0000,0.5473,0.2892
1.0000,0.5479,0.2901
1.0000,0.5486,0.2910
1.0000,0.5492,0.2919
1.0000,0.5499,0.2928
1.0000,0.5505,0.2937
1.0000,0.5512,0.2946
1.0000,0.5519,0.2955
1.0000,0.5525,0.2964
1.0000,0.5531,0.2973
1.0000,0.5538,0.2982
1.0000,0.5544,0.2992
1.0000,0.5551,0.3001
1.0000,0.5557,0.3010
1.0000,0.5564,0.3019
1.0000,0.5570,0.3028
1.0000,0.5577,0.3037
1.0000,0.5583,0.3046
1.0000,0.5589,0.3056
1.0000,0.5596,0.3065
1.0000,0.5602,0.3074
1.0000,0.5608,0.3083
1.0000,0.5615,0.3092
1.0000,0.5621,0.3102
1.0000,0.5627,0.3111
1.0000,0.5634,0.3120
1.0000,0.5640,0.3129
1.0000,0.5646,0.3139
1.0000,0.5652,0.3148
1.0000,0.5659,0.3157
1.0000,0.5665,0.3167
1.0000,0.5671,0.3176
1.0000,0.5677,0.3185
1.0000,0.5684,0.3195
1.0000,0.5690,0.3204
1.0000,0.5696,0.3213
1.0000,0.5702,0.3223
1.0000,0.5708,0.3232
1.0000,0.5715,0.3242
1.0000,0.5721,0.3251
1.0000,0.5727,0.3261
1.0000,0.5733,0.3270
1.0000,0.5739,0.3279
1.0000,0.5745,0.3289
1.0000,0.5751,0.3298
1.0000,0.5757,0.3308
1.0000,0.5763,0.3317
1.0000,0.5769,0.3327
1.0000,0.5776,0.3337
1.0000,0.5782,0.3346
1.0000,0.5788,0.3356
1.0000,0.5794,0.3365
1.0000,0.5800,0.3375
1.0000,0.5806,0.3384
1.0000,0.5812,0.3394
1.0000,0.5818,0.3404
1.0000,0.5823,0.3413
1.0000,0.5829,0.3423
1.0000,0.5835,0.3432
1.0000,0.5841,0.3442
1.0000,0.5847,0.3452
1.0000,0.5853,0.3461
1.0000,0.5859,0.3471
1.0000,0.5865,0.3481
1.0000,0.5871,0.3491
1.0000,0.5877,0.3500
1.0000,0.5882,0.3510
1.0000,0.5888,0.3520
1.0000,0.5894,0.3530
1.0000,0.5900,0.3539
1.0000,0.5906,0.3549
1.0000,0.5911,0.3559
1.0000,0.5917,0.3569
1.0000,0.5923,0.3579
1.0000,0.5929,0.3588
1.0000,0.5934,0.3598
1.0000,0.5940,0.3608
1.0000,0.5946,0.3618
1.0000,0.5951,0.3628
1.0000,0.5957,0.3638
1.0000,0.5963,0.3648
1.0000,0.5968,0.3657
1.0000,0.5974,0.3667
1.0000,0.5980,0.3677
1.0000,0.5985,0.3687
1.0000,0.5991,0.3697
1.0000,0.5997,0.3707
1.0000,0.6002,0.3717
1.0000,0.6008,0.3727
1.0000,0.6013,0.3737
1.0000,0.6019,0.3747
1.0000,0.6024,0.3757
1.0000,0.6030,0.3767
1.0000,0.6035,0.3777
1.0000,0.6041,0.3787
1.0000,0.6046,0.3797
1.0000,0.6052,0.3807
1.0000,0.6057,0.3818
1.0000,0.6063,0.3828
1.0000,0.6068,0.3838
1.0000,0.6074,0.3848
1.0000,0.6079,0.3858
1.0000,0.6085,0.3868
1.0000,0.6090,0.3878
1.0000,0.6095,0.3888
1.0000,0.6101,0.3899
1.0000,0.6106,0.3909
1.0000,0.6111,0.3919
1.0000,0.6117,0.3929
1.0000,0.6122,0.3939
1.0000,0.6127,0.3950
1.0000,0.6133,0.3960
1.0000,0.6138,0.3970
1.0000,0.6143,0.3980
1.0000,0.6149,0.3991
1.0000,0.6154,0.4001
1.0000,0.6159,0.4011
1.0000,0.6164,0.4021
1.0000,0.6169,0.4032
1.0000,0.6175,0.4042
1.0000,0.6180,0.4052
1.0000,0.6185,0.4063
1.0000,0.6190,0.4073
1.0000,0.6195,0.4083
1.0000,0.6200,0.4094
1.0000,0.6206,0.4104
1.0000,0.6211,0.4115
1.0000,0.6216,0.4125
1.0000,0.6221,0.4135
1.0000,0.6226,0.4146
1.0000,0.6231,0.4156
1.0000,0.6236,0.4167
1.0000,0.6241,0.4177
1.0000,0.6246,0.4188
1.0000,0.6251,0.4198
1.0000,0.6256,0.4209
1.0000,0.6261,0.4219
1.0000,0.6266,0.4230
1.0000,0.6271,0.4240
1.0000,0.6276,0.4251
1.0000,0.6281,0.4261
1.0000,0.6286,0.4272
1.0000,0.6291,0.4282
1.0000,0.6296,0.4293
1.0000,0.6301,0.4304
1.0000,0.6305,0.4314
1.0000,0.6310,0.4325
1.0000,0.6315,0.4335
1.0000,0.6320,0.4346
1.0000,0.6325,0.4357
1.0000,0.6330,0.4367
1.0000,0.6334,0.4378
1.0000,0.6339,0.4389
1.0000,0.6344,0.4399
1.0000,0.6349,0.4410
1.0000,0.6353,0.4421
1.0000,0.6358,0.4431
1.0000,0.6363,0.4442
1.0000,0.6368,0.4453
1.0000,0.6372,0.4464
1.0000,0.6377,0.4474
1.0000,0.6382,0.4485
1.0000,0.6386,0.4496
1.0000,0.6391,0.4507
1.0000,0.6395,0.4517
1.0000,0.6400,0.4528
1.0000,0.6405,0.4539
1.0000,0.6409,0.4550
1.0000,0.6414,0.4561
1.0000,0.6418,0.4571
1.0000,0.6423,0.4582
1.0000,0.6428,0.4593
1.0000,0.6432,0.4604
1.0000,0.6437,0.4615
1.0000,0.6441,0.4626
1.0000,0.6446,0.4637
1.0000,0.6450,0.4648
1.0000,0.6454,0.4659
1.0000,0.6459,0.4669
1.0000,0.6463,0.4680
1.0000,0.6468,0.4691
1.0000,0.6472,0.4702
1.0000,0.6477,0.4713
1.0000,0.6481,0.4724
1.0000,0.6485,0.4735
1.0000,0.6490,0.4746
1.0000,0.6494,0.4757
1.0000,0.6498,0.4768
1.0000,0.6503,0.4779
1.0000,0.6507,0.4790
1.0000,0.6511,0.4801
1.0000,0.6515,0.4812
1.0000,0.6520,0.4823
1.0000,0.6524,0.4835
1.0000,0.6528,0.4846
1.0000,0.6532,0.4857
1.0000,0.6537,0.4868
1.0000,0.6541,0.4879
1.0000,0.6545,0.4890
1.0000,0.6549,0.4901
1.0000,0.6553,0.4912
1.0000,0.6557,0.4923
1.0000,0.6562,0.4935
1.0000,0.6566,0.4946
1.0000,0.6570,0.4957
1.0000,0.6574,0.4968
1.0000,0.6578,0.4979
1.0000,0.6582,0.4991
1.0000,0.6586,0.5002
1.0000,0.6590,0.5013
1.0000,0.6594,0.5024
1.0000,0.6598,0.5035
1.0000,0.6602,0.5047
1.0000,0.6606,0.5058
1.0000,0.6610,0.5069
1.0000,0.6614,0.5081
1.0000,0.6618,0.5092
1.0000,0.6622,0.5103
1.0000,0.6626,0.5114
1.0000,0.6630,0.5126
1.0000,0.6633,0.5137
1.0000,0.6637,0.5148
1.0000,0.6641,0.5160
1.0000,0.6645,0.5171
1.0000,0.6649,0.5182
1.0000,0.6653,0.5194
1.0000,0.6656,0.5205
1.0000,0.6660,0.5217
1.0000,0.6664,0.5228
1.0000,0.6668,0.5239
1.0000,0.6671,0.5251
1.0000,0.6675,0.5262
1.0000,0.6679,0.5274
1.0000,0.6683,0.5285
1.0000,0.6686,0.5297
1.0000,0.6690,0.5308
1.0000,0.6694,0.5320
1.0000,0.6697,0.5331
1.0000,0.6701,0.5343
1.0000,0.6705,0.5354
1.0000,0.6708,0.5366
1.0000,0.6712,0.5377
1.0000,0.6715,0.5389
1.0000,0.6719,0.5400
1.0000,0.6722,0.5412
1.0000,0.6726,0.5423
1.0000,0.6729,0.5435
1.0000,0.6733,0.5446
1.0000,0.6736,0.5458
1.0000,0.6740,0.5470
1.0000,0.6743,0.5481
1.0000,0.6747,0.5493
1.0000,0.6750,0.5504
1.0000,0.6754,0.5516
1.0000,0.6757,0.5528
1.0000,0.6760,0.5539
1.0000,0.6764,0.5551
1.0000,0.6767,0.5563
1.0000,0.6771,0.5574
1.0000,0.6774,0.5586
1.0000,0.6777,0.5598
1.0000,0.6781,0.5609
1.0000,0.6784,0.5621
1.0000,0.6787,0.5633
1.0000,0.6790,0.5644
1.0000,0.6794,0.5656
1.0000,0.6797,0.5668
1.0000,0.6800,0.5680
1.0000,0.6803,0.5691
1.0000,0.6806,0.5703
1.0000,0.6810,0.5715
1.0000,0.6813,0.5727
1.0000,0.6816,0.5739
1.0000,0.6819,0.5750
1.0000,0.6822,0.5762
1.0000,0.6825,0.5774
1.0000,0.6828,0.5786
1.0000,0.6831,0.5798
1.0000,0.6835,0.5809
1.0000,0.6838,0.5821
1.0000,0.6841,0.5833
1.0000,0.6844,0.5845
1.0000,0.6847,0.5857
1.0000,0.6850,0.5869
1.0000,0.6853,0.5881
1.0000,0.6856,0.5893
1.0000,0.6859,0.5904
1.0000,0.6861,0.5916
1.0000,0.6864,0.5928
1.0000,0.6867,0.5940
1.0000,0.6870,0.5952
1.0000,0.6873,0.5964
1.0000,0.6876,0.5976
1.0000,0.6879,0.5988
1.0000,0.6882,0.6000
1.0000,0.6884,0.6012
1.0000,0.6887,0.6024
1.0000,0.6890,0.6036
1.0000,0.6893,0.6048
1.0000,0.6896,0.6060
1.0000,0.6898,0.6072
1.0000,0.6901,0.6084
1.0000,0.6904,0.6096
1.0000,0.6906,0.6108
1.0000,0.6909,0.6120
1.0000,0.6912,0.6132
1.0000,0.6914,0.6144
1.0000,0.6917,0.6156
1.0000,0.6920,0.6168
1.0000,0.6922,0.6181
1.0000,0.6925,0.6193
1.0000,0.6928,0.6205
1.0000,0.6930,0.6217
1.0000,0.6933,0.6229
1.0000,0.6935,0.6241
1.0000,0.6938,0.6253
1.0000,0.6940,0.6265
1.0000,0.6943,0.6278
1.0000,0.6945,0.6290
1.0000,0.6948,0.6302
1.0000,0.6950,0.6314
1.0000,0.6953,0.6326
1.0000,0.6955,0.6339
1.0000,0.6957,0.6351
1.0000,0.6960,0.6363
1.0000,0.6962,0.6375
1.0000,0.6964,0.6387
1.0000,0.6967,0.6400
1.0000,0.6969,0.6412
1.0000,0.6971,0.6424
1.0000,0.6974,0.6436
1.0000,0.6976,0.6449
1.0000,0.6978,0.6461
1.0000,0.6981,0.6473
1.0000,0.6983,0.6485
1.0000,0.6985,0.6498
1.0000,0.6987,0.6510
1.0000,0.6989,0.6522
1.0000,0.6992,0.6535
1.0000,0.6994,0.6547
1.0000,0.6996,0.6559
1.0000,0.6998,0.6572
1.0000,0.7000,0.6584
1.0000,0.7002,0.6596
1.0000,0.7004,0.6609
1.0000,0.7006,0.6621
1.0000,0.7009,0.6633
1.0000,0.7011,0.6646
1.0000,0.7013,0.6658
1.0000,0.7015,0.6671
1.0000,0.7017,0.6683
1.0000,0.7019,0.6695
1.0000,0.7021,0.6708
1.0000,0.7023,0.6720
1.0000,0.7024,0.6733
1.0000,0.7026,0.6745
1.0000,0.7028,0.6758
1.0000,0.7030,0.6770
1.0000,0.7032,0.6783
1.0000,0.7034,0.6795
1.0000,0.7036,0.6807
1.0000,0.7038,0.6820
1.0000,0.7039,0.6832
1.0000,0.7041,0.6845
1.0000,0.7043,0.6857
1.0000,0.7045,0.6870
1.0000,0.7047,0.6882
1.0000,0.7048,0.6895
1.0000,0.7050,0.6908
1.0000,0.7052,0.6920
1.0000,0.7053,0.6933
1.0000,0.7055,0.6945
1.0000,0.7057,0.6958
1.0000,0.7058,0.6970
1.0000,0.7060,0.6983
1.0000,0.7062,0.6995
1.0000,0.7063,0.7008
1.0000,0.7065,0.7021
1.0000,0.7066,0.7033
1.0000,0.7068,0.7046
1.0000,0.7070,0.7058
1.0000,0.7071,0.7071
2.0000,-0.0000,0.0010
2.0000,-0.0000,0.0020
2.0000,-0.0000,0.0030
2.0000,-0.0000,0.0040
2.0000,-0.0000,0.0050
2.0000,-0.0000,0.0060
2.0000,-0.0000,0.0070
2.0000,-0.0001,0.0080
2.0000,-0.0001,0.0090
2.0000,-0.0001,0.0100
2.0000,-0.0001,0.0110
2.0000,-0.0001,0.0120
2.0000,-0.0001,0.0130
2.0000,-0.0002,0.0140
2.0000,-0.0002,0.0150
2.0000,-0.0002,0.0160
2.0000,-0.0002,0.0170
2.0000,-0.0003,0.0180
2.0000,-0.0003,0.0190
2.0000,-0.0003,0.0200
2.0000,-0.0003,0.0210
2.0000,-0.0004,0.0220
2.0000,-0.0004,0.0230
2.0000,-0.0005,0.0240
2.0000,-0.0005,0.0250
2.0000,-0.0005,0.0260
2.0000,-0.0006,0.0270
2.0000,-0.0006,0.0280
2.0000,-0.0007,0.0290
2.0000,-0.0007,0.0300
2.0000,-0.0008,0.0310
2.0000,-0.0008,0.0320
2.0000,-0.0009,0.0330
2.0000,-0.0009,0.0340
2.0000,-0.0010,0.0350
2.0000,-0.0010,0.0360
2.0000,-0.0011,0.0370
2.0000,-0.0011,0.0380
2.0000,-0.0012,0.0390
2.0000,-0.0013,0.0400
2.0000,-0.0013,0.0410
2.0000,-0.0014,0.0420
2.0000,-0.0015,0.0430
2.0000,-0.0015,0.0440
2.0000,-0.0016,0.0450
2.0000,-0.0017,0.0460
2.0000,-0.0017,0.0470
2.0000,-0.0018,0.0480
2.0000,-0.0019,0.0490
2.0000,-0.0020,0.0500
2.0000,-0.0020,0.0510
2.0000,-0.0021,0.0520
2.0000,-0.0022,0.0530
2.0000,-0.0023,0.0540
2.0000,-0.0024,0.0549
2.0000,-0.0025,0.0559
2.0000,-0.0026,0.0569
2.0000,-0.0026,0.0579
2.0000,-0.0027,0.0589
2.0000,-0.0028,0.0599
2.0000,-0.0029,0.0609
2.0000,-0.0030,0.0619
2.0000,-0.0031,0.0629
2.0000,-0.0032,0.0639
2.0000,-0.0033,0.0649
2.0000,-0.0034,0.0659
2.0000,-0.0035,0.0669
2.0000,-0.0036,0.0679
2.0000,-0.0037,0.0689
2.0000,-0.0038,0.0699
2.0000,-0.0040,0.0709
2.0000,-0.0041,0.0719
2.0000,-0.0042,0.0729
2.0000,-0.0043,0.0739
2.0000,-0.0044,0.0749
2.0000,-0.0045,0.0759
2.0000,-0.0047,0.0769
2.0000,-0.0048,0.0779
2.0000,-0.0049,0.0788
2.0000,-0.0050,0.0798
2.0000,-0.0051,0.0808
2.0000,-0.0053,0.0818
2.0000,-0.0054,0.0828
2.0000,-0.0055,0.0838
2.0000,-0.0057,0.0848
2.0000,-0.0058,0.0858
2.0000,-0.0059,0.0868
2.0000,-0.0061,0.0878
2.0000,-0.0062,0.0888
2.0000,-0.0064,0.0898
2.0000,-0.0065,0.0908
2.0000,-0.0066,0.0918
2.0000,-0.0068,0.0928
2.0000,-0.0069,0.0937
2.0000,-0.0071,0.0947
2.0000,-0.0072,0.0957
2.0000,-0.0074,0.0967
2.0000,-0.0075,0.0977
2.0000,-0.0077,0.0987
2.0000,-0.0078,0.0997
2.0000,-0.0080,0.1007
2.0000,-0.0082,0.1017
2.0000,-0.0083,0.1027
2.0000,-0.0085,0.1037
2.0000,-0.0086,0.1046
2.0000,-0.0088,0.1056
2.0000,-0.0090,0.1066
2.0000,-0.0091,0.1076
2.0000,-0.0093,0.1086
2.0000,-0.0095,0.1096
2.0000,-0.0097,0.1106
2.0000,-0.0098,0.1116
2.0000,-0.0100,0.1126
2.0000,-0.0102,0.1135
2.0000,-0.0104,0.1145
2.0000,-0.0106,0.1155
2.0000,-0.0107,0.1165
2.0000,-0.0109,0.1175
2.0000,-0.0111,0.1185
2.0000,-0.0113,0.1195
2.0000,-0.0115,0.1205
2.0000,-0.0117,0.1214
2.0000,-0.0119,0.1224
2.0000,-0.0121,0.1234
2.0000,-0.0123,0.1244
2.0000,-0.0124,0.1254
2.0000,-0.0126,0.1264
2.0000,-0.0128,0.1274
2.0000,-0.0130,0.1283
2.0000,-0.0133,0.1293
2.0000,-0.0135,0.1303
2.0000,-0.0137,0.1313
2.0000,-0.0139,0.1323
2.0000,-0.0141,0.1333
2.0000,-0.0143,0.1342
2.0000,-0.0145,0.1352
2.0000,-0.0147,0.1362
2.0000,-0.0149,0.1372
2.0000,-0.0151,0.1382
2.0000,-0.0154,0.1392
2.0000,-0.0156,0.1401
2.0000,-0.0158,0.1411
2.0000,-0.0160,0.1421
2.0000,-0.0163,0.1431
2.0000,-0.0165,0.1441
2.0000,-0.0167,0.1450
2.0000,-0.0169,0.1460
2.0000,-0.0172,0.1470
2.0000,-0.0174,0.1480
2.0000,-0.0176,0.1490
2.0000,-0.0179,0.1499
2.0000,-0.0181,0.1509
2.0000,-0.0183,0.1519
2.0000,-0.0186,0.1529
2.0000,-0.0188,0.1539
2.0000,-0.0191,0.1548
2.0000,-0.0193,0.1558
2.0000,-0.0196,0.1568
2.0000,-0.0198,0.1578
2.0000,-0.0201,0.1587
2.0000,-0.0203,0.1597
2.0000,-0.0206,0.1607
2.0000,-0.0208,0.1617
2.0000,-0.0211,0.1626
2.0000,-0.0213,0.1636
2.0000,-0.0216,0.1646
2.0000,-0.0218,0.1656
2.0000,-0.0221,0.1665
2.0000,-0.0224,0.1675
2.0000,-0.0226,0.1685
2.0000,-0.0229,0.1695
2.0000,-0.0232,0.1704
2.0000,-0.0234,0.1714
2.0000,-0.0237,0.1724
2.0000,-0.0240,0.1733
2.0000,-0.0243,0.1743
2.0000,-0.0245,0.1753
2.0000,-0.0248,0.1763
2.0000,-0.0251,0.1772
2.0000,-0.0254,0.1782
2.0000,-0.0256,0.1792
2.0000,-0.0259,0.1801
2.0000,-0.0262,0.1811
2.0000,-0.0265,0.1821
2.0000,-0.0268,0.1831
2.0000,-0.0271,0.1840
2.0000,-0.0274,0.1850
2.0000,-0.0277,0.1860
2.0000,-0.0280,0.1869
2.0000,-0.0282,0.1879
2.0000,-0.0285,0.1889
2.0000,-0.0288,0.1898
2.0000,-0.0291,0.1908
2.0000,-0.0294,0.1918
2.0000,-0.0297,0.1927
2.0000,-0.0301,0.1937
2.0000,-0.0304,0.1946
2.0000,-0.0307,0.1956
2.0000,-0.0310,0.1966
2.0000,-0.0313,0.1975
2.0000,-0.0316,0.1985
2.0000,-0.0319,0.1995
2.0000,-0.0322,0.2004
2.0000,-0.0325,0.2014
2.0000,-0.0329,0.2023
2.0000,-0.0332,0.2033
2.0000,-0.0335,0.2043
2.0000,-0.0338,0.2052
2.0000,-0.0342,0.2062
2.0000,-0.0345,0.2072
2.0000,-0.0348,0.2081
2.0000,-0.0351,0.2091
2.0000,-0.0355,0.2100
2.0000,-0.0358,0.2110
2.0000,-0.0361,0.2119
2.0000,-0.0365,0.2129
2.0000,-0.0368,0.2139
2.0000,-0.0371,0.2148
2.0000,-0.0375,0.2158
2.0000,-0.0378,0.2167
2.0000,-0.0382,0.2177
2.0000,-0.0385,0.2186
2.0000,-0.0389,0.2196
2.0000,-0.0392,0.2205
2.0000,-0.0396,0.2215
2.0000,-0.0399,0.2224
2.0000,-0.0403,0.2234
2.0000,-0.0406,0.2244
2.0000,-0.0410,0.2253
2.0000,-0.0413,0.2263
2.0000,-0.0417,0.2272
2.0000,-0.0420,0.2282
2.0000,-0.0424,0.2291
2.0000,-0.0428,0.2301
2.0000,-0.0431,0.2310
2.0000,-0.0435,0.2320
2.0000,-0.0439,0.2329
2.0000,-0.0442,0.2339
2.0000,-0.0446,0.2348
2.0000,-0.0450,0.2357
2.0000,-0.0453,0.2367
2.0000,-0.0457,0.2376
2.0000,-0.0461,0.2386
2.0000,-0.0465,0.2395
2.0000,-0.0469,0.2405
2.0000,-0.0472,0.2414
2.0000,-0.0476,0.2424
2.0000,-0.0480,0.2433
2.0000,-0.0484,0.2443
2.0000,-0.0488,0.2452
2.0000,-0.0492,0.2461
2.0000,-0.0496,0.2471
2.0000,-0.0499,0.2480
2.0000,-0.0503,0.2490
2.0000,-0.0507,0.2499
2.0000,-0.0511,0.2508
2.0000,-0.0515,0.2518
2.0000,-0.0519,0.2527
2.0000,-0.0523,0.2537
2.0000,-0.0527,0.2546
2.0000,-0.0531,0.2555
2.0000,-0.0535,0.2565
2.0000,-0.0539,0.2574
2.0000,-0.0543,0.2583
2.0000,-0.0548,0.2593
2.0000,-0.0552,0.2602
2.0000,-0.0556,0.2612
2.0000,-0.0560,0.2621
2.0000,-0.0564,0.2630
2.0000,-0.0568,0.2640
2.0000,-0.0572,0.2649
2.0000,-0.0577,0.2658
2.0000,-0.0581,0.2667
2.0000,-0.0585,0.2677
2.0000,-0.0589,0.2686
2.0000,-0.0594,0.2695
2.0000,-0.0598,0.2705
2.0000,-0.0602,0.2714
2.0000,-0.0606,0.2723
2.0000,-0.0611,0.2733
2.0000,-0.0615,0.2742
2.0000,-0.0619,0.2751
2.0000,-0.0624,0.2760
2.0000,-0.0628,0.2770
2.0000,-0.0633,0.2779
2.0000,-0.0637,0.2788
2.0000,-0.0641,0.2797
2.0000,-0.0646,0.2807
2.0000,-0.0650,0.2816
2.0000,-0.0655,0.2825
2.0000,-0.0659,0.2834
2.0000,-0.0664,0.2844
2.0000,-0.0668,0.2853
2.0000,-0.0673,0.2862
2.0000,-0.0677,0.2871
2.0000,-0.0682,0.2880
2.0000,-0.0687,0.2890
2.0000,-0.0691,0.2899
2.0000,-0.0696,0.2908
2.0000,-0.0700,0.2917
2.0000,-0.0705,0.2926
2.0000,-0.0710,0.2935
2.0000,-0.0714,0.2945
2.0000,-0.0719,0.2954
2.0000,-0.0724,0.2963
2.0000,-0.0728,0.2972
2.0000,-0.0733,0.2981
2.0000,-0.0738,0.2990
2.0000,-0.0743,0.2999
2.0000,-0.0747,0.3009
2.0000,-0.0752,0.3018
2.0000,-0.0757,0.3027
2.0000,-0.0762,0.3036
2.0000,-0.0767,0.3045
2.0000,-0.0771,0.3054
2.0000,-0.0776,0.3063
2.0000,-0.0781,0.3072
2.0000,-0.0786,0.3081
2.0000,-0.0791,0.3090
2.0000,-0.0796,0.3099
2.0000,-0.0801,0.3109
2.0000,-0.0806,0.3118
2.0000,-0.0811,0.3127
2.0000,-0.0816,0.3136
2.0000,-0.0821,0.3145
2.0000,-0.0826,0.3154
2.0000,-0.0831,0.3163
2.0000,-0.0836,0.3172
2.0000,-0.0841,0.3181
2.0000,-0.0846,0.3190
2.0000,-0.0851,0.3199
2.0000,-0.0856,0.3208
2.0000,-0.0861,0.3217
2.0000,-0.0866,0.3226
2.0000,-0.0871,0.3235
2.0000,-0.0876,0.3244
2.0000,-0.0882,0.3253
2.0000,-0.0887,0.3262
2.0000,-0.0892,0.3271
2.0000,-0.0897,0.3279
2.0000,-0.0902,0.3288
2.0000,-0.0908,0.3297
2.0000,-0.0913,0.3306
2.0000,-0.0918,0.3315
2.0000,-0.0923,0.3324
2.0000,-0.0929,0.3333
2.0000,-0.0934,0.3342
2.0000,-0.0939,0.3351
2.0000,-0.0945,0.3360
2.0000,-0.0950,0.3369
2.0000,-0.0955,0.3377
2.0000,-0.0961,0.3386
2.0000,-0.0966,0.3395
2.0000,-0.0972,0.3404
2.0000,-0.0977,0.3413
2.0000,-0.0982,0.3422
2.0000,-0.0988,0.3431
2.0000,-0.0993,0.3439
2.0000,-0.0999,0.3448
2.0000,-0.1004,0.3457
2.0000,-0.1010,0.3466
2.0000,-0.1015,0.3475
2.0000,-0.1021,0.3483
2.0000,-0.1027,0.3492
2.0000,-0.1032,0.3501
2.0000,-0.1038,0.3510
2.0000,-0.1043,0.3519
2.0000,-0.1049,0.3527
2.0000,-0.1054,0.3536
2.0000,-0.1060,0.3545
2.0000,-0.1066,0.3554
2.0000,-0.1071,0.3562
2.0000,-0.1077,0.3571
2.0000,-0.1083,0.3580
2.0000,-0.1089,0.3589
2.0000,-0.1094,0.3597
2.0000,-0.1100,0.3606
2.0000,-0.1106,0.3615
2.0000,-0.1112,0.3623
2.0000,-0.1117,0.3632
2.0000,-0.1123,0.3641
2.0000,-0.1129,0.3649
2.0000,-0.1135,0.3658
2.0000,-0.1141,0.3667
2.0000,-0.1146,0.3675
2.0000,-0.1152,0.3684
2.0000,-0.1158,0.3693
2.0000,-0.1164,0.3701
2.0000,-0.1170,0.3710
2.0000,-0.1176,0.3718
2.0000,-0.1182,0.3727
2.0000,-0.1188,0.3736
2.0000,-0.1194,0.3744
2.0000,-0.1200,0.3753
2.0000,-0.1206,0.3761
2.0000,-0.1212,0.3770
2.0000,-0.1218,0.3779
2.0000,-0.1224,0.3787
2.0000,-0.1230,0.3796
2.0000,-0.1236,0.3804
2.0000,-0.1242,0.3813
2.0000,-0.1248,0.3821
2.0000,-0.1254,0.3830
2.0000,-0.1260,0.3838
2.0000,-0.1267,0.3847
2.0000,-0.1273,0.3855
2.0000,-0.1279,0.3864
2.0000,-0.1285,0.3872
2.0000,-0.1291,0.3881
2.0000,-0.1298,0.3889
2.0000,-0.1304,0.3898
2.0000,-0.1310,0.3906
2.0000,-0.1316,0.3915
2.0000,-0.1323,0.3923
2.0000,-0.1329,0.3932
2.0000,-0.1335,0.3940
2.0000,-0.1341,0.3948
2.0000,-0.1348,0.3957
2.0000,-0.1354,0.3965
2.0000,-0.1360,0.3974
2.0000,-0.1367,0.3982
2.0000,-0.1373,0.3990
2.0000,-0.1380,0.3999
2.0000,-0.1386,0.4007
2.0000,-0.1392,0.4015
2.0000,-0.1399,0.4024
2.0000,-0.1405,0.4032
2.0000,-0.1412,0.4040
2.0000,-0.1418,0.4049
2.0000,-0.1425,0.4057
2.0000,-0.1431,0.4065
2.0000,-0.1438,0.4074
2.0000,-0.1444,0.4082
2.0000,-0.1451,0.4090
2.0000,-0.1457,0.4099
2.0000,-0.1464,0.4107
2.0000,-0.1471,0.4115
2.0000,-0.1477,0.4123
2.0000,-0.1484,0.4132
2.0000,-0.1490,0.4140
2.0000,-0.1497,0.4148
2.0000,-0.1504,0.4156
2.0000,-0.1510,0.4165
2.0000,-0.1517,0.4173
2.0000,-0.1524,0.4181
2.0000,-0.1531,0.4189
2.0000,-0.1537,0.4197
2.0000,-0.1544,0.4206
2.0000,-0.1551,0.4214
2.0000,-0.1558,0.4222
2.0000,-0.1564,0.4230
2.0000,-0.1571,0.4238
2.0000,-0.1578,0.4246
2.0000,-0.1585,0.4254
2.0000,-0.1592,0.4263
2.0000,-0.1598,0.4271
2.0000,-0.1605,0.4279
2.0000,-0.1612,0.4287
2.0000,-0.1619,0.4295
2.0000,-0.1626,0.4303
2.0000,-0.1633,0.4311
2.0000,-0.1640,0.4319
2.0000,-0.1647,0.4327
2.0000,-0.1654,0.4335
2.0000,-0.1661,0.4343
2.0000,-0.1668,0.4351
2.0000,-0.1675,0.4359
2.0000,-0.1682,0.4367
2.0000,-0.1689,0.4375
2.0000,-0.1696,0.4383
2.0000,-0.1703,0.4391
2.0000,-0.1710,0.4399
2.0000,-0.1717,0.4407
2.0000,-0.1724,0.4415
2.0000,-0.1731,0.4423
2.0000,-0.1738,0.4431
2.0000,-0.1745,0.4439
2.0000,-0.1753,0.4447
2.0000,-0.1760,0.4455
2.0000,-0.1767,0.4463
2.0000,-0.1774,0.4471
2.0000,-0.1781,0.4479
2.0000,-0.1789,0.4487
2.0000,-0.1796,0.4494
2.0000,-0.1803,0.4502
2.0000,-0.1810,0.4510
2.0000,-0.1818,0.4518
2.0000,-0.1825,0.4526
2.0000,-0.1832,0.4534
2.0000,-0.1840,0.4542
2.0000,-0.1847,0.4549
2.0000,-0.1854,0.4557
2.0000,-0.1862,0.4565
2.0000,-0.1869,0.4573
2.0000,-0.1876,0.4581
2.0000,-0.1884,0.4588
2.0000,-0.1891,0.4596
2.0000,-0.1899,0.4604
2.0000,-0.1906,0.4612
2.0000,-0.1913,0.4619
2.0000,-0.1921,0.4627
2.0000,-0.1928,0.4635
2.0000,-0.1936,0.4643
2.0000,-0.1943,0.4650
2.0000,-0.1951,0.4658
2.0000,-0.1958,0.4666
2.0000,-0.1966,0.4673
2.0000,-0.1973,0.4681
2.0000,-0.1981,0.4689
2.0000,-0.1989,0.4696
2.0000,-0.1996,0.4704
2.0000,-0.2004,0.4712
2.0000,-0.2011,0.4719
2.0000,-0.2019,0.4727
2.0000,-0.2027,0.4734
2.0000,-0.2034,0.4742
2.0000,-0.2042,0.4750
2.0000,-0.2050,0.4757
2.0000,-0.2057,0.4765
2.0000,-0.2065,0.4772
2.0000,-0.2073,0.4780
2.0000,-0.2081,0.4787
2.0000,-0.2088,0.4795
2.0000,-0.2096,0.4802
2.0000,-0.2104,0.4810
2.0000,-0.2112,0.4817
2.0000,-0.2120,0.4825
2.0000,-0.2127,0.4832
2.0000,-0.2135,0.4840
2.0000,-0.2143,0.4847
2.0000,-0.2151,0.4855
2.0000,-0.2159,0.4862
2.0000,-0.2167,0.4870
2.0000,-0.2175,0.4877
2.0000,-0.2182,0.4885
2.0000,-0.2190,0.4892
2.0000,-0.2198,0.4899
2.0000,-0.2206,0.4907
2.0000,-0.2214,0.4914
2.0000,-0.2222,0.4922
2.0000,-0.2230,0.4929
2.0000,-0.2238,0.4936
2.0000,-0.2246,0.4944
2.0000,-0.2254,0.4951
2.0000,-0.2262,0.4958
2.0000,-0.2270,0.4966
2.0000,-0.2278,0.4973
2.0000,-0.2286,0.4980
2.0000,-0.2295,0.4988
2.0000,-0.2303,0.4995
2.0000,-0.2311,0.5002
2.0000,-0.2319,0.5009
2.0000,-0.2327,0.5017
2.0000,-0.2335,0.5024
2.0000,-0.2343,0.5031
2.0000,-0.2352,0.5038
2.0000,-0.2360,0.5045
2.0000,-0.2368,0.5053
2.0000,-0.2376,0.5060
2.0000,-0.2384,0.5067
2.0000,-0.2393,0.5074
2.0000,-0.2401,0.5081
2.0000,-0.2409,0.5089
2.0000,-0.2417,0.5096
2.0000,-0.2426,0.5103
2.0000,-0.2434,0.5110
2.0000,-0.2442,0.5117
2.0000,-0.2451,0.5124
2.0000,-0.2459,0.5131
2.0000,-0.2467,0.5138
2.0000,-0.2476,0.5145
2.0000,-0.2484,0.5152
2.0000,-0.2493,0.5159
2.0000,-0.2501,0.5167
2.0000,-0.2509,0.5174
2.0000,-0.2518,0.5181
2.0000,-0.2526,0.5188
2.0000,-0.2535,0.5195
2.0000,-0.2543,0.5202
2.0000,-0.2552,0.5209
2.0000,-0.2560,0.5216
2.0000,-0.2569,0.5222
2.0000,-0.2577,0.5229
2.0000,-0.2586,0.5236
2.0000,-0.2594,0.5243
2.0000,-0.2603,0.5250
2.0000,-0.2611,0.5257
2.0000,-0.2620,0.5264
2.0000,-0.2629,0.5271
2.0000,-0.2637,0.5278
2.0000,-0.2646,0.5285
2.0000,-0.2654,0.5292
2.0000,-0.2663,0.5298
2.0000,-0.2672,0.5305
2.0000,-0.2680,0.5312
2.0000,-0.2689,0.5319
2.0000,-0.2698,0.5326
2.0000,-0.2706,0.5332
2.0000,-0.2715,0.5339
2.0000,-0.2724,0.5346
2.0000,-0.2733,0.5353
2.0000,-0.2741,0.5360
2.0000,-0.2750,0.5366
2.0000,-0.2759,0.5373
2.0000,-0.2768,0.5380
2.0000,-0.2777,0.5386
2.0000,-0.2785,0.5393
2.0000,-0.2794,0.5400
2.0000,-0.2803,0.5407
2.0000,-0.2812,0.5413
2.0000,-0.2821,0.5420
2.0000,-0.2830,0.5427
2.0000,-0.2839,0.5433
2.0000,-0.2847,0.5440
2.0000,-0.2856,0.5446
2.0000,-0.2865,0.5453
2.0000,-0.2874,0.5460
2.0000,-0.2883,0.5466
2.0000,-0.2892,0.5473
2.0000,-0.2901,0.5479
2.0000,-0.2910,0.5486
2.0000,-0.2919,0.5492
2.0000,-0.2928,0.5499
2.0000,-0.2937,0.5505
2.0000,-0.2946,0.5512
2.0000,-0.2955,0.5519
2.0000,-0.2964,0.5525
2.0000,-0.2973,0.5531
2.0000,-0.2982,0.5538
2.0000,-0.2992,0.5544
2.0000,-0.3001,0.5551
2.0000,-0.3010,0.5557
2.0000,-0.3019,0.5564
2.0000,-0.3028,0.5570
2.0000,-0.3037,0.5577
2.0000,-0.3046,0.5583
2.0000,-0.3056,0.5589
2.0000,-0.3065,0.5596
2.0000,-0.3074,0.5602
2.0000,-0.3083,0.5608
2.0000,-0.3092,0.5615
2.0000,-0.3102,0.5621
2.0000,-0.3111,0.5627
2.0000,-0.3120,0.5634
2.0000,-0.3129,0.5640
2.0000,-0.3139,0.5646
2.0000,-0.3148,0.5652
2.0000,-0.3157,0.5659
2.0000,-0.3167,0.5665
2.0000,-0.3176,0.5671
2.0000,-0.3185,0.5677
2.0000,-0.3195,0.5684
2.0000,-0.3204,0.5690
2.0000,-0.3213,0.5696
2.0000,-0.3223,0.5702
2.0000,-0.3232,0.5708
2.0000,-0.3242,0.5715
2.0000,-0.3251,0.5721
2.0000,-0.3261,0.5727
2.0000,-0.3270,0.5733
2.0000,-0.3279,0.5739
2.0000,-0.3289,0.5745
2.0000,-0.3298,0.5751
2.0000,-0.3308,0.5757
2.0000,-0.3317,0.5763
2.0000,-0.3327,0.5769
2.0000,-0.3337,0.5776
2.0000,-0.3346,0.5782
2.0000,-0.3356,0.5788
2.0000,-0.3365,0.5794
2.0000,-0.3375,0.5800
2.0000,-0.3384,0.5806
2.0000,-0.3394,0.5812
2.0000,-0.3404,0.5818
2.0000,-0.3413,0.5823
2.0000,-0.3423,0.5829
2.0000,-0.3432,0.5835
2.0000,-0.3442,0.5841
2.0000,-0.3452,0.5847
2.0000,-0.3461,0.5853
2.0000,-0.3471,0.5859
2.0000,-0.3481,0.5865
2.0000,-0.3491,0.5871
2.0000,-0.3500,0.5877
2.0000,-0.3510,0.5882
2.0000,-0.3520,0.5888
2.0000,-0.3530,0.5894
2.0000,-0.3539,0.5900
2.0000,-0.3549,0.5906
2.0000,-0.3559,0.5911
2.0000,-0.3569,0.5917
2.0000,-0.3579,0.5923
2.0000,-0.3588,0.5929
2.0000,-0.3598,0.5934
2.0000,-0.3608,0.5940
2.0000,-0.3618,0.5946
2.0000,-0.3628,0.5951
2.0000,-0.3638,0.5957
2.0000,-0.3648,0.5963
2.0000,-0.3657,0.5968
2.0000,-0.3667,0.5974
2.0000,-0.3677,0.5980
2.0000,-0.3687,0.5985
2.0000,-0.3697,0.5991
2.0000,-0.3707,0.5997
2.0000,-0.3717,0.6002
2.0000,-0.3727,0.6008
2.0000,-0.3737,0.6013
2.0000,-0.3747,0.6019
2.0000,-0.3757,0.6024
2.0000,-0.3767,0.6030
2.0000,-0.3777,0.6035
2.0000,-0.3787,0.6041
2.0000,-0.3797,0.6046
2.0000,-0.3807,0.6052
2.0000,-0.3818,0.6057
2.0000,-0.3828,0.6063
2.0000,-0.3838,0.6068
2.0000,-0.3848,0.6074
2.0000,-0.3858,0.6079
2.0000,-0.3868,0.6085
2.0000,-0.3878,0.6090
2.0000,-0.3888,0.6095
2.0000,-0.3899,0.6101
2.0000,-0.3909,0.6106
2.0000,-0.3919,0.6111
2.0000,-0.3929,0.6117
2.0000,-0.3939,0.6122
2.0000,-0.3950,0.6127
2.0000,-0.3960,0.6133
2.0000,-0.3970,0.6138
2.0000,-0.3980,0.6143
2.0000,-0.3991,0.6149
2.0000,-0.4001,0.6154
2.0000,-0.4011,0.6159
2.0000,-0.4021,0.6164
2.0000,-0.4032,0.6169
2.0000,-0.4042,0.6175
2.0000,-0.4052,0.6180
2.0000,-0.4063,0.6185
2.0000,-0.4073,0.6190
2.0000,-0.4083,0.6195
2.0000,-0.4094,0.6200
2.0000,-0.4104,0.6206
2.0000,-0.4115,0.6211
2.0000,-0.4125,0.6216
2.0000,-0.4135,0.6221
2.0000,-0.4146,0.6226
2.0000,-0.4156,0.6231
2.0000,-0.4167,0.6236
2.0000,-0.4177,0.6241
2.0000,-0.4188,0.6246
2.0000,-0.4198,0.6251
2.0000,-0.4209,0.6256
2.0000,-0.4219,0.6261
2.0000,-0.4230,0.6266
2.0000,-0.4240,0.6271
2.0000,-0.4251,0.6276
2.0000,-0.4261,0.6281
2.0000,-0.4272,0.6286
2.0000,-0.4282,0.6291
2.0000,-0.4293,0.6296
2.0000,-0.4304,0.6301
2.0000,-0.4314,0.6305
2.0000,-0.4325,0.6310
2.0000,-0.4335,0.6315
2.0000,-0.4346,0.6320
2.0000,-0.4357,0.6325
2.0000,-0.4367,0.6330
2.0000,-0.4378,0.6334
2.0000,-0.4389,0.6339
2.0000,-0.4399,0.6344
2.0000,-0.4410,0.6349
2.0000,-0.4421,0.6353
2.0000,-0.4431,0.6358
2.0000,-0.4442,0.6363
2.0000,-0.4453,0.6368
2.0000,-0.4464,0.6372
2.0000,-0.4474,0.6377
2.0000,-0.4485,0.6382
2.0000,-0.4496,0.6386
2.0000,-0.4507,0.6391
2.0000,-0.4517,0.6395
2.0000,-0.4528,0.6400
2.0000,-0.4539,0.6405
2.0000,-0.4550,0.6409
2.0000,-0.4561,0.6414
2.0000,-0.4571,0.6418
2.0000,-0.4582,0.6423
2.0000,-0.4593,0.6428
2.0000,-0.4604,0.6432
2.0000,-0.4615,0.6437
2.0000,-0.4626,0.6441
2.0000,-0.4637,0.6446
2.0000,-0.4648,0.6450
2.0000,-0.4659,0.6454
2.0000,-0.4669,0.6459
2.0000,-0.4680,0.6463
2.0000,-0.4691,0.6468
2.0000,-0.4702,0.6472
2.0000,-0.4713,0.6477
2.0000,-0.4724,0.6481
2.0000,-0.4735,0.6485
2.0000,-0.4746,0.6490
2.0000,-0.4757,0.6494
2.0000,-0.4768,0.6498
2.0000,-0.4779,0.6503
2.0000,-0.4790,0.6507
2.0000,-0.4801,0.6511
2.0000,-0.4812,0.6515
2.0000,-0.4823,0.6520
2.0000,-0.4835,0.6524
2.0000,-0.4846,0.6528
2.0000,-0.4857,0.6532
2.0000,-0.4868,0.6537
2.0000,-0.4879,0.6541
2.0000,-0.4890,0.6545
2.0000,-0.4901,0.6549
2.0000,-0.4912,0.6553
2.0000,-0.4923,0.6557
2.0000,-0.4935,0.6562
2.0000,-0.4946,0.6566
2.0000,-0.4957,0.6570
2.0000,-0.4968,0.6574
2.0000,-0.4979,0.6578
2.0000,-0.4991,0.6582
2.0000,-0.5002,0.6586
2.0000,-0.5013,0.6590
2.0000,-0.5024,0.6594
2.0000,-0.5035,0.6598
2.0000,-0.5047,0.6602
2.0000,-0.5058,0.6606
2.0000,-0.5069,0.6610
2.0000,-0.5081,0.6614
2.0000,-0.5092,0.6618
2.0000,-0.5103,0.6622
2.0000,-0.5114,0.6626
2.0000,-0.5126,0.6630
2.0000,-0.5137,0.6633
2.0000,-0.5148,0.6637
2.0000,-0.5160,0.6641
2.0000,-0.5171,0.6645
2.0000,-0.5182,0.6649
2.0000,-0.5194,0.6653
2.0000,-0.5205,0.6656
2.0000,-0.5217,0.6660
2.0000,-0.5228,0.6664
2.0000,-0.5239,0.6668
2.0000,-0.5251,0.6671
2.0000,-0.5262,0.6675
2.0000,-0.5274,0.6679
2.0000,-0.5285,0.6683
2.0000,-0.5297,0.6686
2.0000,-0.5308,0.6690
2.0000,-0.5320,0.6694
2.0000,-0.5331,0.6697
2.0000,-0.5343,0.6701
2.0000,-0.5354,0.6705
2.0000,-0.5366,0.6708
2.0000,-0.5377,0.6712
2.0000,-0.5389,0.6715
2.0000,-0.5400,0.6719
2.0000,-0.5412,0.6722
2.0000,-0.5423,0.6726
2.0000,-0.5435,0.6729
2.0000,-0.5446,0.6733
2.0000,-0.5458,0.6736
2.0000,-0.5470,0.6740
2.0000,-0.5481,0.6743
2.0000,-0.5493,0.6747
2.0000,-0.5504,0.6750
2.0000,-0.5516,0.6754
2.0000,-0.5528,0.6757
2.0000,-0.5539,0.6760
2.0000,-0.5551,0.6764
2.0000,-0.5563,0.6767
2.0000,-0.5574,0.6771
2.0000,-0.5586,0.6774
2.0000,-0.5598,0.6777
2.0000,-0.5609,0.6781
2.0000,-0.5621,0.6784
2.0000,-0.5633,0.6787
2.0000,-0.5644,0.6790
2.0000,-0.5656,0.6794
2.0000,-0.5668,0.6797
2.0000,-0.5680,0.6800
2.0000,-0.5691,0.6803
2.0000,-0.5703,0.6806
2.0000,-0.5715,0.6810
2.0000,-0.5727,0.6813
2.0000,-0.5739,0.6816
2.0000,-0.5750,0.6819
2.0000,-0.5762,0.6822
2.0000,-0.5774,0.6825
2.0000,-0.5786,0.6828
2.0000,-0.5798,0.6831
2.0000,-0.5809,0.6835
2.0000,-0.5821,0.6838
2.0000,-0.5833,0.6841
2.0000,-0.5845,0.6844
2.0000,-0.5857,0.6847
2.0000,-0.5869,0.6850
2.0000,-0.5881,0.6853
2.0000,-0.5893,0.6856
2.0000,-0.5904,0.6859
2.0000,-0.5916,0.6861
2.0000,-0.5928,0.6864
2.0000,-0.5940,0.6867
2.0000,-0.5952,0.6870
2.0000,-0.5964,0.6873
2.0000,-0.5976,0.6876
2.0000,-0.5988,0.6879
2.0000,-0.6000,0.6882
2.0000,-0.6012,0.6884
2.0000,-0.6024,0.6887
2.0000,-0.6036,0.6890
2.0000,-0.6048,0.6893
2.0000,-0.6060,0.6896
2.0000,-0.6072,0.6898
2.0000,-0.6084,0.6901
2.0000,-0.6096,0.6904
2.0000,-0.6108,0.6906
2.0000,-0.6120,0.6909
2.0000,-0.6132,0.6912
2.0000,-0.6144,0.6914
2.0000,-0.6156,0.6917
2.0000,-0.6168,0.6920
2.0000,-0.6181,0.6922
2.0000,-0.6193,0.6925
2.0000,-0.6205,0.6928
2.0000,-0.6217,0.6930
2.0000,-0.6229,0.6933
2.0000,-0.6241,0.6935
2.0000,-0.6253,0.6938
2.0000,-0.6265,0.6940
2.0000,-0.6278,0.6943
2.0000,-0.6290,0.6945
2.0000,-0.6302,0.6948
2.0000,-0.6314,0.6950
2.0000,-0.6326,0.6953
2.0000,-0.6339,0.6955
2.0000,-0.6351,0.6957
2.0000,-0.6363,0.6960
2.0000,-0.6375,0.6962
2.0000,-0.6387,0.6964
2.0000,-0.6400,0.6967
2.0000,-0.6412,0.6969
2.0000,-0.6424,0.6971
2.0000,-0.6436,0.6974
2.0000,-0.6449,0.6976
2.0000,-0.6461,0.6978
2.0000,-0.6473,0.6981
2.0000,-0.6485,0.6983
2.0000,-0.6498,0.6985
2.0000,-0.6510,0.6987
2.0000,-0.6522,0.6989
2.0000,-0.6535,0.6992
2.0000,-0.6547,0.6994
2.0000,-0.6559,0.6996
2.0000,-0.6572,0.6998
2.0000,-0.6584,0.7000
2.0000,-0.6596,0.7002
2.0000,-0.6609,0.7004
2.0000,-0.6621,0.7006
2.0000,-0.6633,0.7009
2.0000,-0.6646,0.7011
2.0000,-0.6658,0.7013
2.0000,-0.6671,0.7015
2.0000,-0.6683,0.7017
2.0000,-0.6695,0.7019
2.0000,-0.6708,0.7021
2.0000,-0.6720,0.7023
2.0000,-0.6733,0.7024
2.0000,-0.6745,0.7026
2.0000,-0.6758,0.7028
2.0000,-0.6770,0.7030
2.0000,-0.6783,0.7032
2.0000,-0.6795,0.7034
2.0000,-0.6807,0.7036
2.0000,-0.6820,0.7038
2.0000,-0.6832,0.7039
2.0000,-0.6845,0.7041
2.0000,-0.6857,0.7043
2.0000,-0.6870,0.7045
2.0000,-0.6882,0.7047
2.0000,-0.6895,0.7048
2.0000,-0.6908,0.7050
2.0000,-0.6920,0.7052
2.0000,-0.6933,0.7053
2.0000,-0.6945,0.7055
2.0000,-0.6958,0.7057
2.0000,-0.6970,0.7058
2.0000,-0.6983,0.7060
2.0000,-0.6995,0.7062
2.0000,-0.7008,0.7063
2.0000,-0.7021,0.7065
2.0000,-0.7033,0.7066
2.0000,-0.7046,0.7068
2.0000,-0.7058,0.7070
2.0000,-0.7071,0.7071
3.0000,-0.0010,-0.0000
3.0000,-0.0020,-0.0000
3.0000,-0.0030,-0.0000
3.0000,-0.0040,-0.0000
3.0000,-0.0050,-0.0000
3.0000,-0.0060,-0.0000
3.0000,-0.0070,-0.0000
3.0000,-0.0080,-0.0001
3.0000,-0.0090,-0.0001
3.0000,-0.0100,-0.0001
3.0000,-0.0110,-0.0001
3.0000,-0.0120,-0.0001
3.0000,-0.0130,-0.0001
3.0000,-0.0140,-0.0002
3.0000,-0.0150,-0.0002
3.0000,-0.0160,-0.0002
3.0000,-0.0170,-0.0002
3.0000,-0.0180,-0.0003
3.0000,-0.0190,-0.0003
3.0000,-0.0200,-0.0003
3.0000,-0.0210,-0.0003
3.0000,-0.0220,-0.0004
3.0000,-0.0230,-0.0004
3.0000,-0.0240,-0.0005
3.0000,-0.0250,-0.0005
3.0000,-0.0260,-0.0005
3.0000,-0.0270,-0.0006
3.0000,-0.0280,-0.0006
3.0000,-0.0290,-0.0007
3.0000,-0.0300,-0.0007
3.0000,-0.0310,-0.0008
3.0000,-0.0320,-0.0008
3.0000,-0.0330,-0.0009
3.0000,-0.0340,-0.0009
3.0000,-0.0350,-0.0010
3.0000,-0.0360,-0.0010
3.0000,-0.0370,-0.0011
3.0000,-0.0380,-0.0011
3.0000,-0.0390,-0.0012
3.0000,-0.0400,-0.0013
3.0000,-0.0410,-0.0013
3.0000,-0.0420,-0.0014
3.0000,-0.0430,-0.0015
3.0000,-0.0440,-0.0015
3.0000,-0.0450,-0.0016
3.0000,-0.0460,-0.0017
3.0000,-0.0470,-0.0017
3.0000,-0.0480,-0.0018
3.0000,-0.0490,-0.0019
3.0000,-0.0500,-0.0020
3.0000,-0.0510,-0.0020
3.0000,-0.0520,-0.0021
3.0000,-0.0530,-0.0022
3.0000,-0.0540,-0.0023
3.0000,-0.0549,-0.0024
3.0000,-0.0559,-0.0025
3.0000,-0.0569,-0.0026
3.0000,-0.0579,-0.0026
3.0000,-0.0589,-0.0027
3.0000,-0.0599,-0.0028
3.0000,-0.0609,-0.0029
3.0000,-0.0619,-0.0030
3.0000,-0.0629,-0.0031
3.0000,-0.0639,-0.0032
3.0000,-0.0649,-0.0033
3.0000,-0.0659,-0.0034
3.0000,-0.0669,-0.0035
3.0000,-0.0679,-0.0036
3.0000,-0.0689,-0.0037
3.0000,-0.0699,-0.0038
3.0000,-0.0709,-0.0040
3.0000,-0.0719,-0.0041
3.0000,-0.0729,-0.0042
3.0000,-0.0739,-0.0043
3.0000,-0.0749,-0.0044
3.0000,-0.0759,-0.0045
3.0000,-0.0769,-0.0047
3.0000,-0.0779,-0.0048
3.0000,-0.0788,-0.0049
3.0000,-0.0798,-0.0050
3.0000,-0.0808,-0.0051
3.0000,-0.0818,-0.0053
3.0000,-0.0828,-0.0054
3.0000,-0.0838,-0.0055
3.0000,-0.0848,-0.0057
3.0000,-0.0858,-0.0058
3.0000,-0.0868,-0.0059
3.0000,-0.0878,-0.0061
3.0000,-0.0888,-0.0062
3.0000,-0.0898,-0.0064
3.0000,-0.0908,-0.0065
3.0000,-0.0918,-0.0066
3.0000,-0.0928,-0.0068
3.0000,-0.0937,-0.0069
3.0000,-0.0947,-0.0071
3.0000,-0.0957,-0.0072
3.0000,-0.0967,-0.0074
3.0000,-0.0977,-0.0075
3.0000,-0.0987,-0.0077
3.0000,-0.0997,-0.0078
3.0000,-0.1007,-0.0080
3.0000,-0.1017,-0.0082
3.0000,-0.1027,-0.0083
3.0000,-0.1037,-0.0085
3.0000,-0.1046,-0.0086
3.0000,-0.1056,-0.0088
3.0000,-0.1066,-0.0090
3.0000,-0.1076,-0.0091
3.0000,-0.1086,-0.0093
3.0000,-0.1096,-0.0095
3.0000,-0.1106,-0.0097
3.0000,-0.1116,-0.0098
3.0000,-0.1126,-0.0100
3.0000,-0.1135,-0.0102
3.0000,-0.1145,-0.0104
3.0000,-0.1155,-0.0106
3.0000,-0.1165,-0.0107
3.0000,-0.1175,-0.0109
3.0000,-0.1185,-0.0111
3.0000,-0.1195,-0.0113
3.0000,-0.1205,-0.0115
3.0000,-0.1214,-0.0117
3.0000,-0.1224,-0.0119
3.0000,-0.1234,-0.0121
3.0000,-0.1244,-0.0123
3.0000,-0.1254,-0.0124
3.0000,-0.1264,-0.0126
3.0000,-0.1274,-0.0128
3.0000,-0.1283,-0.0130
3.0000,-0.1293,-0.0133
3.0000,-0.1303,-0.0135
3.0000,-0.1313,-0.0137
3.0000,-0.1323,-0.0139
3.0000,-0.1333,-0.0141
3.0000,-0.1342,-0.0143
3.0000,-0.1352,-0.0145
3.0000,-0.1362,-0.0147
3.0000,-0.1372,-0.0149
3.0000,-0.1382,-0.0151
3.0000,-0.1392,-0.0154
3.0000,-0.1401,-0.0156
3.0000,-0.1411,-0.0158
3.0000,-0.1421,-0.0160
3.0000,-0.1431,-0.0163
3.0000,-0.1441,-0.0165
3.0000,-0.1450,-0.0167
3.0000,-0.1460,-0.0169
3.0000,-0.1470,-0.0172
3.0000,-0.1480,-0.0174
3.0000,-0.1490,-0.0176
3.0000,-0.1499,-0.0179
3.0000,-0.1509,-0.0181
3.0000,-0.1519,-0.0183
3.0000,-0.1529,-0.0186
3.0000,-0.1539,-0.0188
3.0000,-0.1548,-0.0191
3.0000,-0.1558,-0.0193
3.0000,-0.1568,-0.0196
3.0000,-0.1578,-0.0198
3.0000,-0.1587,-0.0201
3.0000,-0.1597,-0.0203
3.0000,-0.1607,-0.0206
3.0000,-0.1617,-0.0208
3.0000,-0.1626,-0.0211
3.0000,-0.1636,-0.0213
3.0000,-0.1646,-0.0216
3.0000,-0.1656,-0.0218
3.0000,-0.1665,-0.0221
3.0000,-0.1675,-0.0224
3.0000,-0.1685,-0.0226
3.0000,-0.1695,-0.0229
3.0000,-0.1704,-0.0232
3.0000,-0.1714,-0.0234
3.0000,-0.1724,-0.0237
3.0000,-0.1733,-0.0240
3.0000,-0.1743,-0.0243
3.0000,-0.1753,-0.0245
3.0000,-0.1763,-0.0248
3.0000,-0.1772,-0.0251
3.0000,-0.1782,-0.0254
3.0000,-0.1792,-0.0256
3.0000,-0.1801,-0.0259
3.0000,-0.1811,-0.0262
3.0000,-0.1821,-0.0265
3.0000,-0.1831,-0.0268
3.0000,-0.1840,-0.0271
3.0000,-0.1850,-0.0274
3.0000,-0.1860,-0.0277
3.0000,-0.1869,-0.0280
3.0000,-0.1879,-0.0282
3.0000,-0.1889,-0.0285
3.0000,-0.1898,-0.0288
3.0000,-0.1908,-0.0291
3.0000,-0.1918,-0.0294
3.0000,-0.1927,-0.0297
3.0000,-0.1937,-0.0301
3.0000,-0.1946,-0.0304
3.0000,-0.1956,-0.0307
3.0000,-0.1966,-0.0310
3.0000,-0.1975,-0.0313
3.0000,-0.1985,-0.0316
3.0000,-0.1995,-0.0319
3.0000,-0.2004,-0.0322
3.0000,-0.2014,-0.0325
3.0000,-0.2023,-0.0329
3.0000,-0.2033,-0.0332
3.0000,-0.2043,-0.0335
3.0000,-0.2052,-0.0338
3.0000,-0.2062,-0.0342
3.0000,-0.2072,-0.0345
3.0000,-0.2081,-0.0348
3.0000,-0.2091,-0.0351
3.0000,-0.2100,-0.0355
3.0000,-0.2110,-0.0358
3.0000,-0.2119,-0.0361
3.0000,-0.2129,-0.0365
3.0000,-0.2139,-0.0368
3.0000,-0.2148,-0.0371
3.0000,-0.2158,-0.0375
3.0000,-0.2167,-0.0378
3.0000,-0.2177,-0.0382
3.0000,-0.2186,-0.0385
3.0000,-0.2196,-0.0389
3.0000,-0.2205,-0.0392
3.0000,-0.2215,-0.0396
3.0000,-0.2224,-0.0399
3.0000,-0.2234,-0.0403
3.0000,-0.2244,-0.0406
3.0000,-0.2253,-0.0410
3.0000,-0.2263,-0.0413
3.0000,-0.2272,-0.0417
3.0000,-0.2282,-0.0420
3.0000,-0.2291,-0.0424
3.0000,-0.2301,-0.0428
3.0000,-0.2310,-0.0431
3.0000,-0.2320,-0.0435
3.0000,-0.2329,-0.0439
3.0000,-0.2339,-0.0442
3.0000,-0.2348,-0.0446
3.0000,-0.2357,-0.0450
3.0000,-0.2367,-0.0453
3.0000,-0.2376,-0.0457
3.0000,-0.2386,-0.0461
3.0000,-0.2395,-0.0465
3.0000,-0.2405,-0.0469
3.0000,-0.2414,-0.0472
3.0000,-0.2424,-0.0476
3.0000,-0.2433,-0.0480
3.0000,-0.2443,-0.0484
3.0000,-0.2452,-0.0488
3.0000,-0.2461,-0.0492
3.0000,-0.2471,-0.0496
3.0000,-0.2480,-0.0499
3.0000,-0.2490,-0.0503
3.0000,-0.2499,-0.0507
3.0000,-0.2508,-0.0511
3.0000,-0.2518,-0.0515
3.0000,-0.2527,-0.0519
3.0000,-0.2537,-0.0523
3.0000,-0.2546,-0.0527
3.0000,-0.2555,-0.0531
3.0000,-0.2565,-0.0535
3.0000,-0.2574,-0.0539
3.0000,-0.2583,-0.0543
3.0000,-0.2593,-0.0548
3.0000,-0.2602,-0.0552
3.0000,-0.2612,-0.0556
3.0000,-0.2621,-0.0560
3.0000,-0.2630,-0.0564
3.0000,-0.2640,-0.0568
3.0000,-0.2649,-0.0572
3.0000,-0.2658,-0.0577
3.0000,-0.2667,-0.0581
3.0000,-0.2677,-0.0585
3.0000,-0.2686,-0.0589
3.0000,-0.2695,-0.0594
3.0000,-0.2705,-0.0598
3.0000,-0.2714,-0.0602
3.0000,-0.2723,-0.0606
3.0000,-0.2733,-0.0611
3.0000,-0.2742,-0.0615
3.0000,-0.2751,-0.0619
3.0000,-0.2760,-0.0624
3.0000,-0.2770,-0.0628
3.0000,-0.2779,-0.0633
3.0000,-0.2788,-0.0637
3.0000,-0.2797,-0.0641
3.0000,-0.2807,-0.0646
3.0000,-0.2816,-0.0650
3.0000,-0.2825,-0.0655
3.0000,-0.2834,-0.0659
3.0000,-0.2844,-0.0664
3.0000,-0.2853,-0.0668
3.0000,-0.2862,-0.0673
3.0000,-0.2871,-0.0677
3.0000,-0.2880,-0.0682
3.0000,-0.2890,-0.0687
3.0000,-0.2899,-0.0691
3.0000,-0.2908,-0.0696
3.0000,-0.2917,-0.0700
3.0000,-0.2926,-0.0705
3.0000,-0.2935,-0.0710
3.0000,-0.2945,-0.0714
3.0000,-0.2954,-0.0719
3.0000,-0.2963,-0.0724
3.0000,-0.2972,-0.0728
3.0000,-0.2981,-0.0733
3.0000,-0.2990,-0.0738
3.0000,-0.2999,-0.0743
3.0000,-0.3009,-0.0747
3.0000,-0.3018,-0.0752
3.0000,-0.3027,-0.0757
3.0000,-0.3036,-0.0762
3.0000,-0.3045,-0.0767
3.0000,-0.3054,-0.0771
3.0000,-0.3063,-0.0776
3.0000,-0.3072,-0.0781
3.0000,-0.3081,-0.0786
3.0000,-0.3090,-0.0791
3.0000,-0.3099,-0.0796
3.0000,-0.3109,-0.0801
3.0000,-0.3118,-0.0806
3.0000,-0.3127,-0.0811
3.0000,-0.3136,-0.0816
3.0000,-0.3145,-0.0821
3.0000,-0.3154,-0.0826
3.0000,-0.3163,-0.0831
3.0000,-0.3172,-0.0836
3.0000,-0.3181,-0.0841
3.0000,-0.3190,-0.0846
3.0000,-0.3199,-0.0851
3.0000,-0.3208,-0.0856
3.0000,-0.3217,-0.0861
3.0000,-0.3226,-0.0866
3.0000,-0.3235,-0.0871
3.0000,-0.3244,-0.0876
3.0000,-0.3253,-0.0882
3.0000,-0.3262,-0.0887
3.0000,-0.3271,-0.0892
3.0000,-0.3279,-0.0897
3.0000,-0.3288,-0.0902
3.0000,-0.3297,-0.0908
3.0000,-0.3306,-0.0913
3.0000,-0.3315,-0.0918
3.0000,-0.3324,-0.0923
3.0000,-0.3333,-0.0929
3.0000,-0.3342,-0.0934
3.0000,-0.3351,-0.0939
3.0000,-0.3360,-0.0945
3.0000,-0.3369,-0.0950
3.0000,-0.3377,-0.0955
3.0000,-0.3386,-0.0961
3.0000,-0.3395,-0.0966
3.0000,-0.3404,-0.0972
3.0000,-0.3413,-0.0977
3.0000,-0.3422,-0.0982
3.0000,-0.3431,-0.0988
3.0000,-0.3439,-0.0993
3.0000,-0.3448,-0.0999
3.0000,-0.3457,-0.1004
3.0000,-0.3466,-0.1010
3.0000,-0.3475,-0.1015
3.0000,-0.3483,-0.1021
3.0000,-0.3492,-0.1027
3.0000,-0.3501,-0.1032
3.0000,-0.3510,-0.1038
3.0000,-0.3519,-0.1043
3.0000,-0.3527,-0.1049
3.0000,-0.3536,-0.1054
3.0000,-0.3545,-0.1060
3.0000,-0.3554,-0.1066
3.0000,-0.3562,-0.1071
3.0000,-0.3571,-0.1077
3.0000,-0.3580,-0.1083
3.0000,-0.3589,-0.1089
3.0000,-0.3597,-0.1094
3.0000,-0.3606,-0.1100
3.0000,-0.3615,-0.1106
3.0000,-0.3623,-0.1112
3.0000,-0.3632,-0.1117
3.0000,-0.3641,-0.1123
3.0000,-0.3649,-0.1129
3.0000,-0.3658,-0.1135
3.0000,-0.3667,-0.1141
3.0000,-0.3675,-0.1146
3.0000,-0.3684,-0.1152
3.0000,-0.3693,-0.1158
3.0000,-0.3701,-0.1164
3.0000,-0.3710,-0.1170
3.0000,-0.3718,-0.1176
3.0000,-0.3727,-0.1182
3.0000,-0.3736,-0.1188
3.0000,-0.3744,-0.1194
3.0000,-0.3753,-0.1200
3.0000,-0.3761,-0.1206
3.0000,-0.3770,-0.1212
3.0000,-0.3779,-0.1218
3.0000,-0.3787,-0.1224
3.0000,-0.3796,-0.1230
3.0000,-0.3804,-0.1236
3.0000,-0.3813,-0.1242
3.0000,-0.3821,-0.1248
3.0000,-0.3830,-0.1254
3.0000,-0.3838,-0.1260
3.0000,-0.3847,-0.1267
3.0000,-0.3855,-0.1273
3.0000,-0.3864,-0.1279
3.0000,-0.3872,-0.1285
3.0000,-0.3881,-0.1291
3.0000,-0.3889,-0.1298
3.0000,-0.3898,-0.1304
3.0000,-0.3906,-0.1310
3.0000,-0.3915,-0.1316
3.0000,-0.3923,-0.1323
3.0000,-0.3932,-0.1329
3.0000,-0.3940,-0.1335
3.0000,-0.3948,-0.1341
3.0000,-0.3957,-0.1348
3.0000,-0.3965,-0.1354
3.0000,-0.3974,-0.1360
3.0000,-0.3982,-0.1367
3.0000,-0.3990,-0.1373
3.0000,-0.3999,-0.1380
3.0000,-0.4007,-0.1386
3.0000,-0.4015,-0.1392
3.0000,-0.4024,-0.1399
3.0000,-0.4032,-0.1405
3.0000,-0.4040,-0.1412
3.0000,-0.4049,-0.1418
3.0000,-0.4057,-0.1425
3.0000,-0.4065,-0.1431
3.0000,-0.4074,-0.1438
3.0000,-0.4082,-0.1444
3.0000,-0.4090,-0.1451
3.0000,-0.4099,-0.1457
3.0000,-0.4107,-0.1464
3.0000,-0.4115,-0.1471
3.0000,-0.4123,-0.1477
3.0000,-0.4132,-0.1484
3.0000,-0.4140,-0.1490
3.0000,-0.4148,-0.1497
3.0000,-0.4156,-0.1504
3.0000,-0.4165,-0.1510
3.0000,-0.4173,-0.1517
3.0000,-0.4181,-0.1524
3.0000,-0.4189,-0.1531
3.0000,-0.4197,-0.1537
3.0000,-0.4206,-0.1544
3.0000,-0.4214,-0.1551
3.0000,-0.4222,-0.1558
3.0000,-0.4230,-0.1564
3.0000,-0.4238,-0.1571
3.0000,-0.4246,-0.1578
3.0000,-0.4254,-0.1585
3.0000,-0.4263,-0.1592
3.0000,-0.4271,-0.1598
3.0000,-0.4279,-0.1605
3.0000,-0.4287,-0.1612
3.0000,-0.4295,-0.1619
3.0000,-0.4303,-0.1626
3.0000,-0.4311,-0.1633
3.0000,-0.4319,-0.1640
3.0000,-0.4327,-0.1647
3.0000,-0.4335,-0.1654
3.0000,-0.4343,-0.1661
3.0000,-0.4351,-0.1668
3.0000,-0.4359,-0.1675
3.0000,-0.4367,-0.1682
3.0000,-0.4375,-0.1689
3.0000,-0.4383,-0.1696
3.0000,-0.4391,-0.1703
3.0000,-0.4399,-0.1710
3.0000,-0.4407,-0.1717
3.0000,-0.4415,-0.1724
3.0000,-0.4423,-0.1731
3.0000,-0.4431,-0.1738
3.0000,-0.4439,-0.1745
3.0000,-0.4447,-0.1753
3.0000,-0.4455,-0.1760
3.0000,-0.4463,-0.1767
3.0000,-0.4471,-0.1774
3.0000,-0.4479,-0.1781
3.0000,-0.4487,-0.1789
3.0000,-0.4494,-0.1796
3.0000,-0.4502,-0.1803
3.0000,-0.4510,-0.1810
3.0000,-0.4518,-0.1818
3.0000,-0.4526,-0.1825
3.0000,-0.4534,-0.1832
3.0000,-0.4542,-0.1840
3.0000,-0.4549,-0.1847
3.0000,-0.4557,-0.1854
3.0000,-0.4565,-0.1862
3.0000,-0.4573,-0.1869
3.0000,-0.4581,-0.1876
3.0000,-0.4588,-0.1884
3.0000,-0.4596,-0.1891
3.0000,-0.4604,-0.1899
3.0000,-0.4612,-0.1906
3.0000,-0.4619,-0.1913
3.0000,-0.4627,-0.1921
3.0000,-0.4635,-0.1928
3.0000,-0.4643,-0.1936
3.0000,-0.4650,-0.1943
3.0000,-0.4658,-0.1951
3.0000,-0.4666,-0.1958
3.0000,-0.4673,-0.1966
3.0000,-0.4681,-0.1973
3.0000,-0.4689,-0.1981
3.0000,-0.4696,-0.1989
3.0000,-0.4704,-0.1996
3.0000,-0.4712,-0.2004
3.0000,-0.4719,-0.2011
3.0000,-0.4727,-0.2019
3.0000,-0.4734,-0.2027
3.0000,-0.4742,-0.2034
3.0000,-0.4750,-0.2042
3.0000,-0.4757,-0.2050
3.0000,-0.4765,-0.2057
3.0000,-0.4772,-0.2065
3.0000,-0.4780,-0.2073
3.0000,-0.4787,-0.2081
3.0000,-0.4795,-0.2088
3.0000,-0.4802,-0.2096
3.0000,-0.4810,-0.2104
3.0000,-0.4817,-0.2112
3.0000,-0.4825,-0.2120
3.0000,-0.4832,-0.2127
3.0000,-0.4840,-0.2135
3.0000,-0.4847,-0.2143
3.0000,-0.4855,-0.2151
3.0000,-0.4862,-0.2159
3.0000,-0.4870,-0.2167
3.0000,-0.4877,-0.2175
3.0000,-0.4885,-0.2182
3.0000,-0.4892,-0.2190
3.0000,-0.4899,-0.2198
3.0000,-0.4907,-0.2206
3.0000,-0.4914,-0.2214
3.0000,-0.4922,-0.2222
3.0000,-0.4929,-0.2230
3.0000,-0.4936,-0.2238
3.0000,-0.4944,-0.2246
3.0000,-0.4951,-0.2254
3.0000,-0.4958,-0.2262
3.0000,-0.4966,-0.2270
3.0000,-0.4973,-0.2278
3.0000,-0.4980,-0.2286
3.0000,-0.4988,-0.2295
3.0000,-0.4995,-0.2303
3.0000,-0.5002,-0.2311
3.0000,-0.5009,-0.2319
3.0000,-0.5017,-0.2327
3.0000,-0.5024,-0.2335
3.0000,-0.5031,-0.2343
3.0000,-0.5038,-0.2352
3.0000,-0.5045,-0.2360
3.0000,-0.5053,-0.2368
3.0000,-0.5060,-0.2376
3.0000,-0.5067,-0.2384
3.0000,-0.5074,-0.2393
3.0000,-0.5081,-0.2401
3.0000,-0.5089,-0.2409
3.0000,-0.5096,-0.2417
3.0000,-0.5103,-0.2426
3.0000,-0.5110,-0.2434
3.0000,-0.5117,-0.2442
3.0000,-0.5124,-0.2451
3.0000,-0.5131,-0.2459
3.0000,-0.5138,-0.2467
3.0000,-0.5145,-0.2476
3.0000,-0.5152,-0.2484
3.0000,-0.5159,-0.2493
3.0000,-0.5167,-0.2501
3.0000,-0.5174,-0.2509
3.0000,-0.5181,-0.2518
3.0000,-0.5188,-0.2526
3.0000,-0.5195,-0.2535
3.0000,-0.5202,-0.2543
3.0000,-0.5209,-0.2552
3.0000,-0.5216,-0.2560
3.0000,-0.5222,-0.2569
3.0000,-0.5229,-0.2577
3.0000,-0.5236,-0.2586
3.0000,-0.5243,-0.2594
3.0000,-0.5250,-0.2603
3.0000,-0.5257,-0.2611
3.0000,-0.5264,-0.2620
3.0000,-0.5271,-0.2629
3.0000,-0.5278,-0.2637
3.0000,-0.5285,-0.2646
3.0000,-0.5292,-0.2654
3.0000,-0.5298,-0.2663
3.0000,-0.5305,-0.2672
3.0000,-0.5312,-0.2680
3.0000,-0.5319,-0.2689
3.0000,-0.5326,-0.2698
3.0000,-0.5332,-0.2706
3.0000,-0.5339,-0.2715
3.0000,-0.5346,-0.2724
3.0000,-0.5353,-0.2733
3.0000,-0.5360,-0.2741
3.0000,-0.5366,-0.2750
3.0000,-0.5373,-0.2759
3.0000,-0.5380,-0.2768
3.0000,-0.5386,-0.2777
3.0000,-0.5393,-0.2785
3.0000,-0.5400,-0.2794
3.0000,-0.5407,-0.2803
3.0000,-0.5413,-0.2812
3.0000,-0.5420,-0.2821
3.0000,-0.5427,-0.2830
3.0000,-0.5433,-0.2839
3.0000,-0.5440,-0.2847
3.0000,-0.5446,-0.2856
3.0000,-0.5453,-0.2865
3.0000,-0.5460,-0.2874
3.0000,-0.5466,-0.2883
3.0000,-0.5473,-0.2892
3.0000,-0.5479,-0.2901
3.0000,-0.5486,-0.2910
3.0000,-0.5492,-0.2919
3.0000,-0.5499,-0.2928
3.0000,-0.5505,-0.2937
3.0000,-0.5512,-0.2946
3.0000,-0.5519,-0.2955
3.0000,-0.5525,-0.2964
3.0000,-0.5531,-0.2973
3.0000,-0.5538,-0.2982
3.0000,-0.5544,-0.2992
3.0000,-0.5551,-0.3001
3.0000,-0.5557,-0.3010
3.0000,-0.5564,-0.3019
3.0000,-0.5570,-0.3028
3.0000,-0.5577,-0.3037
3.0000,-0.5583,-0.3046
3.0000,-0.5589,-0.3056
3.0000,-0.5596,-0.3065
3.0000,-0.5602,-0.3074
3.0000,-0.5608,-0.3083
3.0000,-0.5615,-0.3092
3.0000,-0.5621,-0.3102
3.0000,-0.5627,-0.3111
3.0000,-0.5634,-0.3120
3.0000,-0.5640,-0.3129
3.0000,-0.5646,-0.3139
3.0000,-0.5652,-0.3148
3.0000,-0.5659,-0.3157
3.0000,-0.5665,-0.3167
3.0000,-0.5671,-0.3176
3.0000,-0.5677,-0.3185
3.0000,-0.5684,-0.3195
3.0000,-0.5690,-0.3204
3.0000,-0.5696,-0.3213
3.0000,-0.5702,-0.3223
3.0000,-0.5708,-0.3232
3.0000,-0.5715,-0.3242
3.0000,-0.5721,-0.3251
3.0000,-0.5727,-0.3261
3.0000,-0.5733,-0.3270
3.0000,-0.5739,-0.3279
3.0000,-0.5745,-0.3289
3.0000,-0.5751,-0.3298
3.0000,-0.5757,-0.3308
3.0000,-0.5763,-0.3317
3.0000,-0.5769,-0.3327
3.0000,-0.5776,-0.3337
3.0000,-0.5782,-0.3346
3.0000,-0.5788,-0.3356
3.0000,-0.5794,-0.3365
3.0000,-0.5800,-0.3375
3.0000,-0.5806,-0.3384
3.0000,-0.5812,-0.3394
3.0000,-0.5818,-0.3404
3.0000,-0.5823,-0.3413
3.0000,-0.5829,-0.3423
3.0000,-0.5835,-0.3432
3.0000,-0.5841,-0.3442
3.0000,-0.5847,-0.3452
3.0000,-0.5853,-0.3461
3.0000,-0.5859,-0.3471
3.0000,-0.5865,-0.3481
3.0000,-0.5871,-0.3491
3.0000,-0.5877,-0.3500
3.0000,-0.5882,-0.3510
3.0000,-0.5888,-0.3520
3.0000,-0.5894,-0.3530
3.0000,-0.5900,-0.3539
3.0000,-0.5906,-0.3549
3.0000,-0.5911,-0.3559
3.0000,-0.5917,-0.3569
3.0000,-0.5923,-0.3579
3.0000,-0.5929,-0.3588
3.0000,-0.5934,-0.3598
3.0000,-0.5940,-0.3608
3.0000,-0.5946,-0.3618
3.0000,-0.5951,-0.3628
3.0000,-0.5957,-0.3638
3.0000,-0.5963,-0.3648
3.0000,-0.5968,-0.3657
3.0000,-0.5974,-0.3667
3.0000,-0.5980,-0.3677
3.0000,-0.5985,-0.3687
3.0000,-0.5991,-0.3697
3.0000,-0.5997,-0.3707
3.0000,-0.6002,-0.3717
3.0000,-0.6008,-0.3727
3.0000,-0.6013,-0.3737
3.0000,-0.6019,-0.3747
3.0000,-0.6024,-0.3757
3.0000,-0.6030,-0.3767
3.0000,-0.6035,-0.3777
3.0000,-0.6041,-0.3787
3.0000,-0.6046,-0.3797
3.0000,-0.6052,-0.3807
3.0000,-0.6057,-0.3818
3.0000,-0.6063,-0.3828
3.0000,-0.6068,-0.3838
3.0000,-0.6074,-0.3848
3.0000,-0.6079,-0.3858
3.0000,-0.6085,-0.3868
3.0000,-0.6090,-0.3878
3.0000,-0.6095,-0.3888
3.0000,-0.6101,-0.3899
3.0000,-0.6106,-0.3909
3.0000,-0.6111,-0.3919
3.0000,-0.6117,-0.3929
3.0000,-0.6122,-0.3939
3.0000,-0.6127,-0.3950
3.0000,-0.6133,-0.3960
3.0000,-0.6138,-0.3970
3.0000,-0.6143,-0.3980
3.0000,-0.6149,-0.3991
3.0000,-0.6154,-0.4001
3.0000,-0.6159,-0.4011
3.0000,-0.6164,-0.4021
3.0000,-0.6169,-0.4032
3.0000,-0.6175,-0.4042
3.0000,-0.6180,-0.4052
3.0000,-0.6185,-0.4063
3.0000,-0.6190,-0.4073
3.0000,-0.6195,-0.4083
3.0000,-0.6200,-0.4094
3.0000,-0.6206,-0.4104
3.0000,-0.6211,-0.4115
3.0000,-0.6216,-0.4125
3.0000,-0.6221,-0.4135
3.0000,-0.6226,-0.4146
3.0000,-0.6231,-0.4156
3.0000,-0.6236,-0.4167
3.0000,-0.6241,-0.4177
3.0000,-0.6246,-0.4188
3.0000,-0.6251,-0.4198
3.0000,-0.6256,-0.4209
3.0000,-0.6261,-0.4219
3.0000,-0.6266,-0.4230
3.0000,-0.6271,-0.4240
3.0000,-0.6276,-0.4251
3.0000,-0.6281,-0.4261
3.0000,-0.6286,-0.4272
3.0000,-0.6291,-0.4282
3.0000,-0.6296,-0.4293
3.0000,-0.6301,-0.4304
3.0000,-0.6305,-0.4314
3.0000,-0.6310,-0.4325
3.0000,-0.6315,-0.4335
3.0000,-0.6320,-0.4346
3.0000,-0.6325,-0.4357
3.0000,-0.6330,-0.4367
3.0000,-0.6334,-0.4378
3.0000,-0.6339,-0.4389
3.0000,-0.6344,-0.4399
3.0000,-0.6349,-0.4410
3.0000,-0.6353,-0.4421
3.0000,-0.6358,-0.4431
3.0000,-0.6363,-0.4442
3.0000,-0.6368,-0.4453
3.0000,-0.6372,-0.4464
3.0000,-0.6377,-0.4474
3.0000,-0.6382,-0.4485
3.0000,-0.6386,-0.4496
3.0000,-0.6391,-0.4507
3.0000,-0.6395,-0.4517
3.0000,-0.6400,-0.4528
3.0000,-0.6405,-0.4539
3.0000,-0.6409,-0.4550
3.0000,-0.6414,-0.4561
3.0000,-0.6418,-0.4571
3.0000,-0.6423,-0.4582
3.0000,-0.6428,-0.4593
3.0000,-0.6432,-0.4604
3.0000,-0.6437,-0.4615
3.0000,-0.6441,-0.4626
3.0000,-0.6446,-0.4637
3.0000,-0.6450,-0.4648
3.0000,-0.6454,-0.4659
3.0000,-0.6459,-0.4669
3.0000,-0.6463,-0.4680
3.0000,-0.6468,-0.4691
3.0000,-0.6472,-0.4702
3.0000,-0.6477,-0.4713
3.0000,-0.6481,-0.4724
3.0000,-0.6485,-0.4735
3.0000,-0.6490,-0.4746
3.0000,-0.6494,-0.4757
3.0000,-0.6498,-0.4768
3.0000,-0.6503,-0.4779
3.0000,-0.6507,-0.4790
3.0000,-0.6511,-0.4801
3.0000,-0.6515,-0.4812
3.0000,-0.6520,-0.4823
3.0000,-0.6524,-0.4835
3.0000,-0.6528,-0.4846
3.0000,-0.6532,-0.4857
3.0000,-0.6537,-0.4868
3.0000,-0.6541,-0.4879
3.0000,-0.6545,-0.4890
3.0000,-0.6549,-0.4901
3.0000,-0.6553,-0.4912
3.0000,-0.6557,-0.4923
3.0000,-0.6562,-0.4935
3.0000,-0.6566,-0.4946
3.0000,-0.6570,-0.4957
3.0000,-0.6574,-0.4968
3.0000,-0.6578,-0.4979
3.0000,-0.6582,-0.4991
3.0000,-0.6586,-0.5002
3.0000,-0.6590,-0.5013
3.0000,-0.6594,-0.5024
3.0000,-0.6598,-0.5035
3.0000,-0.6602,-0.5047
3.0000,-0.6606,-0.5058
3.0000,-0.6610,-0.5069
3.0000,-0.6614,-0.5081
3.0000,-0.6618,-0.5092
3.0000,-0.6622,-0.5103
3.0000,-0.6626,-0.5114
3.0000,-0.6630,-0.5126
3.0000,-0.6633,-0.5137
3.0000,-0.6637,-0.5148
3.0000,-0.6641,-0.5160
3.0000,-0.6645,-0.5171
3.0000,-0.6649,-0.5182
3.0000,-0.6653,-0.5194
3.0000,-0.6656,-0.5205
3.0000,-0.6660,-0.5217
3.0000,-0.6664,-0.5228
3.0000,-0.6668,-0.5239
3.0000,-0.6671,-0.5251
3.0000,-0.6675,-0.5262
3.0000,-0.6679,-0.5274
3.0000,-0.6683,-0.5285
3.0000,-0.6686,-0.5297
3.0000,-0.6690,-0.5308
3.0000,-0.6694,-0.5320
3.0000,-0.6697,-0.5331
3.0000,-0.6701,-0.5343
3.0000,-0.6705,-0.5354
3.0000,-0.6708,-0.5366
3.0000,-0.6712,-0.5377
3.0000,-0.6715,-0.5389
3.0000,-0.6719,-0.5400
3.0000,-0.6722,-0.5412
3.0000,-0.6726,-0.5423
3.0000,-0.6729,-0.5435
3.0000,-0.6733,-0.5446
3.0000,-0.6736,-0.5458
3.0000,-0.6740,-0.5470
3.0000,-0.6743,-0.5481
3.0000,-0.6747,-0.5493
3.0000,-0.6750,-0.5504
3.0000,-0.6754,-0.5516
3.0000,-0.6757,-0.5528
3.0000,-0.6760,-0.5539
3.0000,-0.6764,-0.5551
3.0000,-0.6767,-0.5563
3.0000,-0.6771,-0.5574
3.0000,-0.6774,-0.5586
3.0000,-0.6777,-0.5598
3.0000,-0.6781,-0.5609
3.0000,-0.6784,-0.5621
3.0000,-0.6787,-0.5633
3.0000,-0.6790,-0.5644
3.0000,-0.6794,-0.5656
3.0000,-0.6797,-0.5668
3.0000,-0.6800,-0.5680
3.0000,-0.6803,-0.5691
3.0000,-0.6806,-0.5703
3.0000,-0.6810,-0.5715
3.0000,-0.6813,-0.5727
3.0000,-0.6816,-0.5739
3.0000,-0.6819,-0.5750
3.0000,-0.6822,-0.5762
3.0000,-0.6825,-0.5774
3.0000,-0.6828,-0.5786
3.0000,-0.6831,-0.5798
3.0000,-0.6835,-0.5809
3.0000,-0.6838,-0.5821
3.0000,-0.6841,-0.5833
3.0000,-0.6844,-0.5845
3.0000,-0.6847,-0.5857
3.0000,-0.6850,-0.5869
3.0000,-0.6853,-0.5881
3.0000,-0.6856,-0.5893
3.0000,-0.6859,-0.5904
3.0000,-0.6861,-0.5916
3.0000,-0.6864,-0.5928
3.0000,-0.6867,-0.5940
3.0000,-0.6870,-0.5952
3.0000,-0.6873,-0.5964
3.0000,-0.6876,-0.5976
3.0000,-0.6879,-0.5988
3.0000,-0.6882,-0.6000
3.0000,-0.6884,-0.6012
3.0000,-0.6887,-0.6024
3.0000,-0.6890,-0.6036
3.0000,-0.6893,-0.6048
3.0000,-0.6896,-0.6060
3.0000,-0.6898,-0.6072
3.0000,-0.6901,-0.6084
3.0000,-0.6904,-0.6096
3.0000,-0.6906,-0.6108
3.0000,-0.6909,-0.6120
3.0000,-0.6912,-0.6132
3.0000,-0.6914,-0.6144
3.0000,-0.6917,-0.6156
3.0000,-0.6920,-0.6168
3.0000,-0.6922,-0.6181
3.0000,-0.6925,-0.6193
3.0000,-0.6928,-0.6205
3.0000,-0.6930,-0.6217
3.0000,-0.6933,-0.6229
3.0000,-0.6935,-0.6241
3.0000,-0.6938,-0.6253
3.0000,-0.6940,-0.6265
3.0000,-0.6943,-0.6278
3.0000,-0.6945,-0.6290
3.0000,-0.6948,-0.6302
3.0000,-0.6950,-0.6314
3.0000,-0.6953,-0.6326
3.0000,-0.6955,-0.6339
3.0000,-0.6957,-0.6351
3.0000,-0.6960,-0.6363
3.0000,-0.6962,-0.6375
3.0000,-0.6964,-0.6387
3.0000,-0.6967,-0.6400
3.0000,-0.6969,-0.6412
3.0000,-0.6971,-0.6424
3.0000,-0.6974,-0.6436
3.0000,-0.6976,-0.6449
3.0000,-0.6978,-0.6461
3.0000,-0.6981,-0.6473
3.0000,-0.6983,-0.6485
3.0000,-0.6985,-0.6498
3.0000,-0.6987,-0.6510
3.0000,-0.6989,-0.6522
3.0000,-0.6992,-0.6535
3.0000,-0.6994,-0.6547
3.0000,-0.6996,-0.6559
3.0000,-0.6998,-0.6572
3.0000,-0.7000,-0.6584
3.0000,-0.7002,-0.6596
3.0000,-0.7004,-0.6609
3.0000,-0.7006,-0.6621
3.0000,-0.7009,-0.6633
3.0000,-0.7011,-0.6646
3.0000,-0.7013,-0.6658
3.0000,-0.7015,-0.6671
3.0000,-0.7017,-0.6683
3.0000,-0.7019,-0.6695
3.0000,-0.7021,-0.6708
3.0000,-0.7023,-0.6720
3.0000,-0.7024,-0.6733
3.0000,-0.7026,-0.6745
3.0000,-0.7028,-0.6758
3.0000,-0.7030,-0.6770
3.0000,-0.7032,-0.6783
3.0000,-0.7034,-0.6795
3.0000,-0.7036,-0.6807
3.0000,-0.7038,-0.6820
3.0000,-0.7039,-0.6832
3.0000,-0.7041,-0.6845
3.0000,-0.7043,-0.6857
3.0000,-0.7045,-0.6870
3.0000,-0.7047,-0.6882
3.0000,-0.7048,-0.6895
3.0000,-0.7050,-0.6908
3.0000,-0.7052,-0.6920
3.0000,-0.7053,-0.6933
3.0000,-0.7055,-0.6945
3.0000,-0.7057,-0.6958
3.0000,-0.7058,-0.6970
3.0000,-0.7060,-0.6983
3.0000,-0.7062,-0.6995
3.0000,-0.7063,-0.7008
3.0000,-0.7065,-0.7021
3.0000,-0.7066,-0.7033
3.0000,-0.7068,-0.7046
3.0000,-0.7070,-0.7058
3.0000,-0.7071,-0.7071
4.0000,0.0000,-0.0010
4.0000,0.0000,-0.0020
4.0000,0.0000,-0.0030
4.0000,0.0000,-0.0040
4.0000,0.0000,-0.0050
4.0000,0.0000,-0.0060
4.0000,0.0000,-0.0070
4.0000,0.0001,-0.0080
4.0000,0.0001,-0.0090
4.0000,0.0001,-0.0100
4.0000,0.0001,-0.0110
4.0000,0.0001,-0.0120
4.0000,0.0001,-0.0130
4.0000,0.0002,-0.0140
4.0000,0.0002,-0.0150
4.0000,0.0002,-0.0160
4.0000,0.0002,-0.0170
4.0000,0.0003,-0.0180
4.0000,0.0003,-0.0190
4.0000,0.0003,-0.0200
4.0000,0.0003,-0.0210
4.0000,0.0004,-0.0220
4.0000,0.0004,-0.0230
4.0000,0.0005,-0.0240
4.0000,0.0005,-0.0250
4.0000,0.0005,-0.0260
4.0000,0.0006,-0.0270
4.0000,0.0006,-0.0280
4.0000,0.0007,-0.0290
4.0000,0.0007,-0.0300
4.0000,0.0008,-0.0310
4.0000,0.0008,-0.0320
4.0000,0.0009,-0.0330
4.0000,0.0009,-0.0340
4.0000,0.0010,-0.0350
4.0000,0.0010,-0.0360
4.0000,0.0011,-0.0370
4.0000,0.0011,-0.0380
4.0000,0.0012,-0.0390
4.0000,0.0013,-0.0400
4.0000,0.0013,-0.0410
4.0000,0.0014,-0.0420
4.0000,0.0015,-0.0430
4.0000,0.0015,-0.0440
4.0000,0.0016,-0.0450
4.0000,0.0017,-0.0460
4.0000,0.0017,-0.0470
4.0000,0.0018,-0.0480
4.0000,0.0019,-0.0490
4.0000,0.0020,-0.0500
4.0000,0.0020,-0.0510
4.0000,0.0021,-0.0520
4.0000,0.0022,-0.0530
4.0000,0.0023,-0.0540
4.0000,0.0024,-0.0549
4.0000,0.0025,-0.0559
4.0000,0.0026,-0.0569
4.0000,0.0026,-0.0579
4.0000,0.0027,-0.0589
4.0000,0.0028,-0.0599
4.0000,0.0029,-0.0609
4.0000,0.0030,-0.0619
4.0000,0.0031,-0.0629
4.0000,0.0032,-0.0639
4.0000,0.0033,-0.0649
4.0000,0.0034,-0.0659
4.0000,0.0035,-0.0669
4.0000,0.0036,-0.0679
4.0000,0.0037,-0.0689
4.0000,0.0038,-0.0699
4.0000,0.0040,-0.0709
4.0000,0.0041,-0.0719
4.0000,0.0042,-0.0729
4.0000,0.0043,-0.0739
4.0000,0.0044,-0.0749
4.0000,0.0045,-0.0759
4.0000,0.0047,-0.0769
4.0000,0.0048,-0.0779
4.0000,0.0049,-0.0788
4.0000,0.0050,-0.0798
4.0000,0.0051,-0.0808
4.0000,0.0053,-0.0818
4.0000,0.0054,-0.0828
4.0000,0.0055,-0.0838
4.0000,0.0057,-0.0848
4.0000,0.0058,-0.0858
4.0000,0.0059,-0.0868
4.0000,0.0061,-0.0878
4.0000,0.0062,-0.0888
4.0000,0.0064,-0.0898
4.0000,0.0065,-0.0908
4.0000,0.0066,-0.0918
4.0000,0.0068,-0.0928
4.0000,0.0069,-0.0937
4.0000,0.0071,-0.0947
4.0000,0.0072,-0.0957
4.0000,0.0074,-0.0967
4.0000,0.0075,-0.0977
4.0000,0.0077,-0.0987
4.0000,0.0078,-0.0997
4.0000,0.0080,-0.1007
4.0000,0.0082,-0.1017
4.0000,0.0083,-0.1027
4.0000,0.0085,-0.1037
4.0000,0.0086,-0.1046
4.0000,0.0088,-0.1056
4.0000,0.0090,-0.1066
4.0000,0.0091,-0.1076
4.0000,0.0093,-0.1086
4.0000,0.0095,-0.1096
4.0000,0.0097,-0.1106
4.0000,0.0098,-0.1116
4.0000,0.0100,-0.1126
4.0000,0.0102,-0.1135
4.0000,0.0104,-0.1145
4.0000,0.0106,-0.1155
4.0000,0.0107,-0.1165
4.0000,0.0109,-0.1175
4.0000,0.0111,-0.1185
4.0000,0.0113,-0.1195
4.0000,0.0115,-0.1205
4.0000,0.0117,-0.1214
4.0000,0.0119,-0.1224
4.0000,0.0121,-0.1234
4.0000,0.0123,-0.1244
4.0000,0.0124,-0.1254
4.0000,0.0126,-0.1264
4.0000,0.0128,-0.1274
4.0000,0.0130,-0.1283
4.0000,0.0133,-0.1293
4.0000,0.0135,-0.1303
4.0000,0.0137,-0.1313
4.0000,0.0139,-0.1323
4.0000,0.0141,-0.1333
4.0000,0.0143,-0.1342
4.0000,0.0145,-0.1352
4.0000,0.0147,-0.1362
4.0000,0.0149,-0.1372
4.0000,0.0151,-0.1382
4.0000,0.0154,-0.1392
4.0000,0.0156,-0.1401
4.0000,0.0158,-0.1411
4.0000,0.0160,-0.1421
4.0000,0.0163,-0.1431
4.0000,0.0165,-0.1441
4.0000,0.0167,-0.1450
4.0000,0.0169,-0.1460
4.0000,0.0172,-0.1470
4.0000,0.0174,-0.1480
4.0000,0.0176,-0.1490
4.0000,0.0179,-0.1499
4.0000,0.0181,-0.1509
4.0000,0.0183,-0.1519
4.0000,0.0186,-0.1529
4.0000,0.0188,-0.1539
4.0000,0.0191,-0.1548
4.0000,0.0193,-0.1558
4.0000,0.0196,-0.1568
4.0000,0.0198,-0.1578
4.0000,0.0201,-0.1587
4.0000,0.0203,-0.1597
4.0000,0.0206,-0.1607
4.0000,0.0208,-0.1617
4.0000,0.0211,-0.1626
4.0000,0.0213,-0.1636
4.0000,0.0216,-0.1646
4.0000,0.0218,-0.1656
4.0000,0.0221,-0.1665
4.0000,0.0224,-0.1675
4.0000,0.0226,-0.1685
4.0000,0.0229,-0.1695
4.0000,0.0232,-0.1704
4.0000,0.0234,-0.1714
4.0000,0.0237,-0.1724
4.0000,0.0240,-0.1733
4.0000,0.0243,-0.1743
4.0000,0.0245,-0.1753
4.0000,0.0248,-0.1763
4.0000,0.0251,-0.1772
4.0000,0.0254,-0.1782
4.0000,0.0256,-0.1792
4.0000,0.0259,-0.1801
4.0000,0.0262,-0.1811
4.0000,0.0265,-0.1821
4.0000,0.0268,-0.1831
4.0000,0.0271,-0.1840
4.0000,0.0274,-0.1850
4.0000,0.0277,-0.1860
4.0000,0.0280,-0.1869
4.0000,0.0282,-0.1879
4.0000,0.0285,-0.1889
4.0000,0.0288,-0.1898
4.0000,0.0291,-0.1908
4.0000,0.0294,-0.1918
4.0000,0.0297,-0.1927
4.0000,0.0301,-0.1937
4.0000,0.0304,-0.1946
4.0000,0.0307,-0.1956
4.0000,0.0310,-0.1966
4.0000,0.0313,-0.1975
4.0000,0.0316,-0.1985
4.0000,0.0319,-0.1995
4.0000,0.0322,-0.2004
4.0000,0.0325,-0.2014
4.0000,0.0329,-0.2023
4.0000,0.0332,-0.2033
4.0000,0.0335,-0.2043
4.0000,0.0338,-0.2052
4.0000,0.0342,-0.2062
4.0000,0.0345,-0.2072
4.0000,0.0348,-0.2081
4.0000,0.0351,-0.2091
4.0000,0.0355,-0.2100
4.0000,0.0358,-0.2110
4.0000,0.0361,-0.2119
4.0000,0.0365,-0.2129
4.0000,0.0368,-0.2139
4.0000,0.0371,-0.2148
4.0000,0.0375,-0.2158
4.0000,0.0378,-0.2167
4.0000,0.0382,-0.2177
4.0000,0.0385,-0.2186
4.0000,0.0389,-0.2196
4.0000,0.0392,-0.2205
4.0000,0.0396,-0.2215
4.0000,0.0399,-0.2224
4.0000,0.0403,-0.2234
4.0000,0.0406,-0.2244
4.0000,0.0410,-0.2253
4.0000,0.0413,-0.2263
4.0000,0.0417,-0.2272
4.0000,0.0420,-0.2282
4.0000,0.0424,-0.2291
4.0000,0.0428,-0.2301
4.0000,0.0431,-0.2310
4.0000,0.0435,-0.2320
4.0000,0.0439,-0.2329
4.0000,0.0442,-0.2339
4.0000,0.0446,-0.2348
4.0000,0.0450,-0.2357
4.0000,0.0453,-0.2367
4.0000,0.0457,-0.2376
4.0000,0.0461,-0.2386
4.0000,0.0465,-0.2395
4.0000,0.0469,-0.2405
4.0000,0.0472,-0.2414
4.0000,0.0476,-0.2424
4.0000,0.0480,-0.2433
4.0000,0.0484,-0.2443
4.0000,0.0488,-0.2452
4.0000,0.0492,-0.2461
4.0000,0.0496,-0.2471
4.0000,0.0499,-0.2480
4.0000,0.0503,-0.2490
4.0000,0.0507,-0.2499
4.0000,0.0511,-0.2508
4.0000,0.0515,-0.2518
4.0000,0.0519,-0.2527
4.0000,0.0523,-0.2537
4.0000,0.0527,-0.2546
4.0000,0.0531,-0.2555
4.0000,0.0535,-0.2565
4.0000,0.0539,-0.2574
4.0000,0.0543,-0.2583
4.0000,0.0548,-0.2593
4.0000,0.0552,-0.2602
4.0000,0.0556,-0.2612
4.0000,0.0560,-0.2621
4.0000,0.0564,-0.2630
4.0000,0.0568,-0.2640
4.0000,0.0572,-0.2649
4.0000,0.0577,-0.2658
4.0000,0.0581,-0.2667
4.0000,0.0585,-0.2677
4.0000,0.0589,-0.2686
4.0000,0.0594,-0.2695
4.0000,0.0598,-0.2705
4.0000,0.0602,-0.2714
4.0000,0.0606,-0.2723
4.0000,0.0611,-0.2733
4.0000,0.0615,-0.2742
4.0000,0.0619,-0.2751
4.0000,0.0624,-0.2760
4.0000,0.0628,-0.2770
4.0000,0.0633,-0.2779
4.0000,0.0637,-0.2788
4.0000,0.0641,-0.2797
4.0000,0.0646,-0.2807
4.0000,0.0650,-0.2816
4.0000,0.0655,-0.2825
4.0000,0.0659,-0.2834
4.0000,0.0664,-0.2844
4.0000,0.0668,-0.2853
4.0000,0.0673,-0.2862
4.0000,0.0677,-0.2871
4.0000,0.0682,-0.2880
4.0000,0.0687,-0.2890
4.0000,0.0691,-0.2899
4.0000,0.0696,-0.2908
4.0000,0.0700,-0.2917
4.0000,0.0705,-0.2926
4.0000,0.0710,-0.2935
4.0000,0.0714,-0.2945
4.0000,0.0719,-0.2954
4.0000,0.0724,-0.2963
4.0000,0.0728,-0.2972
4.0000,0.0733,-0.2981
4.0000,0.0738,-0.2990
4.0000,0.0743,-0.2999
4.0000,0.0747,-0.3009
4.0000,0.0752,-0.3018
4.0000,0.0757,-0.3027
4.0000,0.0762,-0.3036
4.0000,0.0767,-0.3045
4.0000,0.0771,-0.3054
4.0000,0.0776,-0.3063
4.0000,0.0781,-0.3072
4.0000,0.0786,-0.3081
4.0000,0.0791,-0.3090
4.0000,0.0796,-0.3099
4.0000,0.0801,-0.3109
4.0000,0.0806,-0.3118
4.0000,0.0811,-0.3127
4.0000,0.0816,-0.3136
4.0000,0.0821,-0.3145
4.0000,0.0826,-0.3154
4.0000,0.0831,-0.3163
4.0000,0.0836,-0.3172
4.0000,0.0841,-0.3181
4.0000,0.0846,-0.3190
4.0000,0.0851,-0.3199
4.0000,0.0856,-0.3208
4.0000,0.0861,-0.3217
4.0000,0.0866,-0.3226
4.0000,0.0871,-0.3235
4.0000,0.0876,-0.3244
4.0000,0.0882,-0.3253
4.0000,0.0887,-0.3262
4.0000,0.0892,-0.3271
4.0000,0.0897,-0.3279
4.0000,0.0902,-0.3288
4.0000,0.0908,-0.3297
4.0000,0.0913,-0.3306
4.0000,0.0918,-0.3315
4.0000,0.0923,-0.3324
4.0000,0.0929,-0.3333
4.0000,0.0934,-0.3342
4.0000,0.0939,-0.3351
4.0000,0.0945,-0.3360
4.0000,0.0950,-0.3369
4.0000,0.0955,-0.3377
4.0000,0.0961,-0.3386
4.0000,0.0966,-0.3395
4.0000,0.0972,-0.3404
4.0000,0.0977,-0.3413
4.0000,0.0982,-0.3422
4.0000,0.0988,-0.3431
4.0000,0.0993,-0.3439
4.0000,0.0999,-0.3448
4.0000,0.1004,-0.3457
4.0000,0.1010,-0.3466
4.0000,0.1015,-0.3475
4.0000,0.1021,-0.3483
4.0000,0.1027,-0.3492
4.0000,0.1032,-0.3501
4.0000,0.1038,-0.3510
4.0000,0.1043,-0.3519
4.0000,0.1049,-0.3527
4.0000,0.1054,-0.3536
4.0000,0.1060,-0.3545
4.0000,0.1066,-0.3554
4.0000,0.1071,-0.3562
4.0000,0.1077,-0.3571
4.0000,0.1083,-0.3580
4.0000,0.1089,-0.3589
4.0000,0.1094,-0.3597
4.0000,0.1100,-0.3606
4.0000,0.1106,-0.3615
4.0000,0.1112,-0.3623
4.0000,0.1117,-0.3632
4.0000,0.1123,-0.3641
4.0000,0.1129,-0.3649
4.0000,0.1135,-0.3658
4.0000,0.1141,-0.3667
4.0000,0.1146,-0.3675
4.0000,0.1152,-0.3684
4.0000,0.1158,-0.3693
4.0000,0.1164,-0.3701
4.0000,0.1170,-0.3710
4.0000,0.1176,-0.3718
4.0000,0.1182,-0.3727
4.0000,0.1188,-0.3736
4.0000,0.1194,-0.3744
4.0000,0.1200,-0.3753
4.0000,0.1206,-0.3761
4.0000,0.1212,-0.3770
4.0000,0.1218,-0.3779
4.0000,0.1224,-0.3787
4.0000,0.1230,-0.3796
4.0000,0.1236,-0.3804
4.0000,0.1242,-0.3813
4.0000,0.1248,-0.3821
4.0000,0.1254,-0.3830
4.0000,0.1260,-0.3838
4.0000,0.1267,-0.3847
4.0000,0.1273,-0.3855
4.0000,0.1279,-0.3864
4.0000,0.1285,-0.3872
4.0000,0.1291,-0.3881
4.0000,0.1298,-0.3889
4.0000,0.1304,-0.3898
4.0000,0.1310,-0.3906
4.0000,0.1316,-0.3915
4.0000,0.1323,-0.3923
4.0000,0.1329,-0.3932
4.0000,0.1335,-0.3940
4.0000,0.1341,-0.3948
4.0000,0.1348,-0.3957
4.0000,0.1354,-0.3965
4.0000,0.1360,-0.3974
4.0000,0.1367,-0.3982
4.0000,0.1373,-0.3990
4.0000,0.1380,-0.3999
4.0000,0.1386,-0.4007
4.0000,0.1392,-0.4015
4.0000,0.1399,-0.4024
4.0000,0.1405,-0.4032
4.0000,0.1412,-0.4040
4.0000,0.1418,-0.4049
4.0000,0.1425,-0.4057
4.0000,0.1431,-0.4065
4.0000,0.1438,-0.4074
4.0000,0.1444,-0.4082
4.0000,0.1451,-0.4090
4.0000,0.1457,-0.4099
4.0000,0.1464,-0.4107
4.0000,0.1471,-0.4115
4.0000,0.1477,-0.4123
4.0000,0.1484,-0.4132
4.0000,0.1490,-0.4140
4.0000,0.1497,-0.4148
4.0000,0.1504,-0.4156
4.0000,0.1510,-0.4165
4.0000,0.1517,-0.4173
4.0000,0.1524,-0.4181
4.0000,0.1531,-0.4189
4.0000,0.1537,-0.4197
4.0000,0.1544,-0.4206
4.0000,0.1551,-0.4214
4.0000,0.1558,-0.4222
4.0000,0.1564,-0.4230
4.0000,0.1571,-0.4238
4.0000,0.1578,-0.4246
4.0000,0.1585,-0.4254
4.0000,0.1592,-0.4263
4.0000,0.1598,-0.4271
4.0000,0.1605,-0.4279
4.0000,0.1612,-0.4287
4.0000,0.1619,-0.4295
4.0000,0.1626,-0.4303
4.0000,0.1633,-0.4311
4.0000,0.1640,-0.4319
4.0000,0.1647,-0.4327
4.0000,0.1654,-0.4335
4.0000,0.1661,-0.4343
4.0000,0.1668,-0.4351
4.0000,0.1675,-0.4359
4.0000,0.1682,-0.4367
4.0000,0.1689,-0.4375
4.0000,0.1696,-0.4383
4.0000,0.1703,-0.4391
4.0000,0.1710,-0.4399
4.0000,0.1717,-0.4407
4.0000,0.1724,-0.4415
4.0000,0.1731,-0.4423
4.0000,0.1738,-0.4431
4.0000,0.1745,-0.4439
4.0000,0.1753,-0.4447
4.0000,0.1760,-0.4455
4.0000,0.1767,-0.4463
4.0000,0.1774,-0.4471
4.0000,0.1781,-0.4479
4.0000,0.1789,-0.4487
4.0000,0.1796,-0.4494
4.0000,0.1803,-0.4502
4.0000,0.1810,-0.4510
4.0000,0.1818,-0.4518
4.0000,0.1825,-0.4526
4.0000,0.1832,-0.4534
4.0000,0.1840,-0.4542
4.0000,0.1847,-0.4549
4.0000,0.1854,-0.4557
4.0000,0.1862,-0.4565
4.0000,0.1869,-0.4573
4.0000,0.1876,-0.4581
4.0000,0.1884,-0.4588
4.0000,0.1891,-0.4596
4.0000,0.1899,-0.4604
4.0000,0.1906,-0.4612
4.0000,0.1913,-0.4619
4.0000,0.1921,-0.4627
4.0000,0.1928,-0.4635
4.0000,0.1936,-0.4643
4.0000,0.1943,-0.4650
4.0000,0.1951,-0.4658
4.0000,0.1958,-0.4666
4.0000,0.1966,-0.4673
4.0000,0.1973,-0.4681
4.0000,0.1981,-0.4689
4.0000,0.1989,-0.4696
4.0000,0.1996,-0.4704
4.0000,0.2004,-0.4712
4.0000,0.2011,-0.4719
4.0000,0.2019,-0.4727
4.0000,0.2027,-0.4734
4.0000,0.2034,-0.4742
4.0000,0.2042,-0.4750
4.0000,0.2050,-0.4757
4.0000,0.2057,-0.4765
4.0000,0.2065,-0.4772
4.0000,0.2073,-0.4780
4.0000,0.2081,-0.4787
4.0000,0.2088,-0.4795
4.0000,0.2096,-0.4802
4.0000,0.2104,-0.4810
4.0000,0.2112,-0.4817
4.0000,0.2120,-0.4825
4.0000,0.2127,-0.4832
4.0000,0.2135,-0.4840
4.0000,0.2143,-0.4847
4.0000,0.2151,-0.4855
4.0000,0.2159,-0.4862
4.0000,0.2167,-0.4870
4.0000,0.2175,-0.4877
4.0000,0.2182,-0.4885
4.0000,0.2190,-0.4892
4.0000,0.2198,-0.4899
4.0000,0.2206,-0.4907
4.0000,0.2214,-0.4914
4.0000,0.2222,-0.4922
4.0000,0.2230,-0.4929
4.0000,0.2238,-0.4936
4.0000,0.2246,-0.4944
4.0000,0.2254,-0.4951
4.0000,0.2262,-0.4958
4.0000,0.2270,-0.4966
4.0000,0.2278,-0.4973
4.0000,0.2286,-0.4980
4.0000,0.2295,-0.4988
4.0000,0.2303,-0.4995
4.0000,0.2311,-0.5002
4.0000,0.2319,-0.5009
4.0000,0.2327,-0.5017
4.0000,0.2335,-0.5024
4.0000,0.2343,-0.5031
4.0000,0.2352,-0.5038
4.0000,0.2360,-0.5045
4.0000,0.2368,-0.5053
4.0000,0.2376,-0.5060
4.0000,0.2384,-0.5067
4.0000,0.2393,-0.5074
4.0000,0.2401,-0.5081
4.0000,0.2409,-0.5089
4.0000,0.2417,-0.5096
4.0000,0.2426,-0.5103
4.0000,0.2434,-0.5110
4.0000,0.2442,-0.5117
4.0000,0.2451,-0.5124
4.0000,0.2459,-0.5131
4.0000,0.2467,-0.5138
4.0000,0.2476,-0.5145
4.0000,0.2484,-0.5152
4.0000,0.2493,-0.5159
4.0000,0.2501,-0.5167
4.0000,0.2509,-0.5174
4.0000,0.2518,-0.5181
4.0000,0.2526,-0.5188
4.0000,0.2535,-0.5195
4.0000,0.2543,-0.5202
4.0000,0.2552,-0.5209
4.0000,0.2560,-0.5216
4.0000,0.2569,-0.5222
4.0000,0.2577,-0.5229
4.0000,0.2586,-0.5236
4.0000,0.2594,-0.5243
4.0000,0.2603,-0.5250
4.0000,0.2611,-0.5257
4.0000,0.2620,-0.5264
4.0000,0.2629,-0.5271
4.0000,0.2637,-0.5278
4.0000,0.2646,-0.5285
4.0000,0.2654,-0.5292
4.0000,0.2663,-0.5298
4.0000,0.2672,-0.5305
4.0000,0.2680,-0.5312
4.0000,0.2689,-0.5319
4.0000,0.2698,-0.5326
4.0000,0.2706,-0.5332
4.0000,0.2715,-0.5339
4.0000,0.2724,-0.5346
4.0000,0.2733,-0.5353
4.0000,0.2741,-0.5360
4.0000,0.2750,-0.5366
4.0000,0.2759,-0.5373
4.0000,0.2768,-0.5380
4.0000,0.2777,-0.5386
4.0000,0.2785,-0.5393
4.0000,0.2794,-0.5400
4.0000,0.2803,-0.5407
4.0000,0.2812,-0.5413
4.0000,0.2821,-0.5420
4.0000,0.2830,-0.5427
4.0000,0.2839,-0.5433
4.0000,0.2847,-0.5440
4.0000,0.2856,-0.5446
4.0000,0.2865,-0.5453
4.0000,0.2874,-0.5460
4.0000,0.2883,-0.5466
4.0000,0.2892,-0.5473
4.0000,0.2901,-0.5479
4.0000,0.2910,-0.5486
4.0000,0.2919,-0.5492
4.0000,0.2928,-0.5499
4.0000,0.2937,-0.5505
4.0000,0.2946,-0.5512
4.0000,0.2955,-0.5519
4.0000,0.2964,-0.5525
4.0000,0.2973,-0.5531
4.0000,0.2982,-0.5538
4.0000,0.2992,-0.5544
4.0000,0.3001,-0.5551
4.0000,0.3010,-0.5557
4.0000,0.3019,-0.5564
4.0000,0.3028,-0.5570
4.0000,0.3037,-0.5577
4.0000,0.3046,-0.5583
4.0000,0.3056,-0.5589
4.0000,0.3065,-0.5596
4.0000,0.3074,-0.5602
4.0000,0.3083,-0.5608
4.0000,0.3092,-0.5615
4.0000,0.3102,-0.5621
4.0000,0.3111,-0.5627
4.0000,0.3120,-0.5634
4.0000,0.3129,-0.5640
4.0000,0.3139,-0.5646
4.0000,0.3148,-0.5652
4.0000,0.3157,-0.5659
4.0000,0.3167,-0.5665
4.0000,0.3176,-0.5671
4.0000,0.3185,-0.5677
4.0000,0.3195,-0.5684
4.0000,0.3204,-0.5690
4.0000,0.3213,-0.5696
4.0000,0.3223,-0.5702
4.0000,0.3232,-0.5708
4.0000,0.3242,-0.5715
4.0000,0.3251,-0.5721
4.0000,0.3261,-0.5727
4.0000,0.3270,-0.5733
4.0000,0.3279,-0.5739
4.0000,0.3289,-0.5745
4.0000,0.3298,-0.5751
4.0000,0.3308,-0.5757
4.0000,0.3317,-0.5763
4.0000,0.3327,-0.5769
4.0000,0.3337,-0.5776
4.0000,0.3346,-0.5782
4.0000,0.3356,-0.5788
4.0000,0.3365,-0.5794
4.0000,0.3375,-0.5800
4.0000,0.3384,-0.5806
4.0000,0.3394,-0.5812
4.0000,0.3404,-0.5818
4.0000,0.3413,-0.5823
4.0000,0.3423,-0.5829
4.0000,0.3432,-0.5835
4.0000,0.3442,-0.5841
4.0000,0.3452,-0.5847
4.0000,0.3461,-0.5853
4.0000,0.3471,-0.5859
4.0000,0.3481,-0.5865
4.0000,0.3491,-0.5871
4.0000,0.3500,-0.5877
4.0000,0.3510,-0.5882
4.0000,0.3520,-0.5888
4.0000,0.3530,-0.5894
4.0000,0.3539,-0.5900
4.0000,0.3549,-0.5906
4.0000,0.3559,-0.5911
4.0000,0.3569,-0.5917
4.0000,0.3579,-0.5923
4.0000,0.3588,-0.5929
4.0000,0.3598,-0.5934
4.0000,0.3608,-0.5940
4.0000,0.3618,-0.5946
4.0000,0.3628,-0.5951
4.0000,0.3638,-0.5957
4.0000,0.3648,-0.5963
4.0000,0.3657,-0.5968
4.0000,0.3667,-0.5974
4.0000,0.3677,-0.5980
4.0000,0.3687,-0.5985
4.0000,0.3697,-0.5991
4.0000,0.3707,-0.5997
4.0000,0.3717,-0.6002
4.0000,0.3727,-0.6008
4.0000,0.3737,-0.6013
4.0000,0.3747,-0.6019
4.0000,0.3757,-0.6024
4.0000,0.3767,-0.6030
4.0000,0.3777,-0.6035
4.0000,0.3787,-0.6041
4.0000,0.3797,-0.6046
4.0000,0.3807,-0.6052
4.0000,0.3818,-0.6057
4.0000,0.3828,-0.6063
4.0000,0.3838,-0.6068
4.0000,0.3848,-0.6074
4.0000,0.3858,-0.6079
4.0000,0.3868,-0.6085
4.0000,0.3878,-0.6090
4.0000,0.3888,-0.6095
4.0000,0.3899,-0.6101
4.0000,0.3909,-0.6106
4.0000,0.3919,-0.6111
4.0000,0.3929,-0.6117
4.0000,0.3939,-0.6122
4.0000,0.3950,-0.6127
4.0000,0.3960,-0.6133
4.0000,0.3970,-0.6138
4.0000,0.3980,-0.6143
4.0000,0.3991,-0.6149
4.0000,0.4001,-0.6154
4.0000,0.4011,-0.6159
4.0000,0.4021,-0.6164
4.0000,0.4032,-0.6169
4.0000,0.4042,-0.6175
4.0000,0.4052,-0.6180
4.0000,0.4063,-0.6185
4.0000,0.4073,-0.6190
4.0000,0.4083,-0.6195
4.0000,0.4094,-0.6200
4.0000,0.4104,-0.6206
4.0000,0.4115,-0.6211
4.0000,0.4125,-0.6216
4.0000,0.4135,-0.6221
4.0000,0.4146,-0.6226
4.0000,0.4156,-0.6231
4.0000,0.4167,-0.6236
4.0000,0.4177,-0.6241
4.0000,0.4188,-0.6246
4.0000,0.4198,-0.6251
4.0000,0.4209,-0.6256
4.0000,0.4219,-0.6261
4.0000,0.4230,-0.6266
4.0000,0.4240,-0.6271
4.0000,0.4251,-0.6276
4.0000,0.4261,-0.6281
4.0000,0.4272,-0.6286
4.0000,0.4282,-0.6291
4.0000,0.4293,-0.6296
4.0000,0.4304,-0.6301
4.0000,0.4314,-0.6305
4.0000,0.4325,-0.6310
4.0000,0.4335,-0.6315
4.0000,0.4346,-0.6320
4.0000,0.4357,-0.6325
4.0000,0.4367,-0.6330
4.0000,0.4378,-0.6334
4.0000,0.4389,-0.6339
4.0000,0.4399,-0.6344
4.0000,0.4410,-0.6349
4.0000,0.4421,-0.6353
4.0000,0.4431,-0.6358
4.0000,0.4442,-0.6363
4.0000,0.4453,-0.6368
4.0000,0.4464,-0.6372
4.0000,0.4474,-0.6377
4.0000,0.4485,-0.6382
4.0000,0.4496,-0.6386
4.0000,0.4507,-0.6391
4.0000,0.4517,-0.6395
4.0000,0.4528,-0.6400
4.0000,0.4539,-0.6405
4.0000,0.4550,-0.6409
4.0000,0.4561,-0.6414
4.0000,0.4571,-0.6418
4.0000,0.4582,-0.6423
4.0000,0.4593,-0.6428
4.0000,0.4604,-0.6432
4.0000,0.4615,-0.6437
4.0000,0.4626,-0.6441
4.0000,0.4637,-0.6446
4.0000,0.4648,-0.6450
4.0000,0.4659,-0.6454
4.0000,0.4669,-0.6459
4.0000,0.4680,-0.6463
4.0000,0.4691,-0.6468
4.0000,0.4702,-0.6472
4.0000,0.4713,-0.6477
4.0000,0.4724,-0.6481
4.0000,0.4735,-0.6485
4.0000,0.4746,-0.6490
4.0000,0.4757,-0.6494
4.0000,0.4768,-0.6498
4.0000,0.4779,-0.6503
4.0000,0.4790,-0.6507
4.0000,0.4801,-0.6511
4.0000,0.4812,-0.6515
4.0000,0.4823,-0.6520
4.0000,0.4835,-0.6524
4.0000,0.4846,-0.6528
4.0000,0.4857,-0.6532
4.0000,0.4868,-0.6537
4.0000,0.4879,-0.6541
4.0000,0.4890,-0.6545
4.0000,0.4901,-0.6549
4.0000,0.4912,-0.6553
4.0000,0.4923,-0.6557
4.0000,0.4935,-0.6562
4.0000,0.4946,-0.6566
4.0000,0.4957,-0.6570
4.0000,0.4968,-0.6574
4.0000,0.4979,-0.6578
4.0000,0.4991,-0.6582
4.0000,0.5002,-0.6586
4.0000,0.5013,-0.6590
4.0000,0.5024,-0.6594
4.0000,0.5035,-0.6598
4.0000,0.5047,-0.6602
4.0000,0.5058,-0.6606
4.0000,0.5069,-0.6610
4.0000,0.5081,-0.6614
4.0000,0.5092,-0.6618
4.0000,0.5103,-0.6622
4.0000,0.5114,-0.6626
4.0000,0.5126,-0.6630
4.0000,0.5137,-0.6633
4.0000,0.5148,-0.6637
4.0000,0.5160,-0.6641
4.0000,0.5171,-0.6645
4.0000,0.5182,-0.6649
4.0000,0.5194,-0.6653
4.0000,0.5205,-0.6656
4.0000,0.5217,-0.6660
4.0000,0.5228,-0.6664
4.0000,0.5239,-0.6668
4.0000,0.5251,-0.6671
4.0000,0.5262,-0.6675
4.0000,0.5274,-0.6679
4.0000,0.5285,-0.6683
4.0000,0.5297,-0.6686
4.0000,0.5308,-0.6690
4.0000,0.5320,-0.6694
4.0000,0.5331,-0.6697
4.0000,0.5343,-0.6701
4.0000,0.5354,-0.6705
4.0000,0.5366,-0.6708
4.0000,0.5377,-0.6712
4.0000,0.5389,-0.6715
4.0000,0.5400,-0.6719
4.0000,0.5412,-0.6722
4.0000,0.5423,-0.6726
4.0000,0.5435,-0.6729
4.0000,0.5446,-0.6733
4.0000,0.5458,-0.6736
4.0000,0.5470,-0.6740
4.0000,0.5481,-0.6743
4.0000,0.5493,-0.6747
4.0000,0.5504,-0.6750
4.0000,0.5516,-0.6754
4.0000,0.5528,-0.6757
4.0000,0.5539,-0.6760
4.0000,0.5551,-0.6764
4.0000,0.5563,-0.6767
4.0000,0.5574,-0.6771
4.0000,0.5586,-0.6774
4.0000,0.5598,-0.6777
4.0000,0.5609,-0.6781
4.0000,0.5621,-0.6784
4.0000,0.5633,-0.6787
4.0000,0.5644,-0.6790
4.0000,0.5656,-0.6794
4.0000,0.5668,-0.6797
4.0000,0.5680,-0.6800
4.0000,0.5691,-0.6803
4.0000,0.5703,-0.6806
4.0000,0.5715,-0.6810
4.0000,0.5727,-0.6813
4.0000,0.5739,-0.6816
4.0000,0.5750,-0.6819
4.0000,0.5762,-0.6822
4.0000,0.5774,-0.6825
4.0000,0.5786,-0.6828
4.0000,0.5798,-0.6831
4.0000,0.5809,-0.6835
4.0000,0.5821,-0.6838
4.0000,0.5833,-0.6841
4.0000,0.5845,-0.6844
4.0000,0.5857,-0.6847
4.0000,0.5869,-0.6850
4.0000,0.5881,-0.6853
4.0000,0.5893,-0.6856
4.0000,0.5904,-0.6859
4.0000,0.5916,-0.6861
4.0000,0.5928,-0.6864
4.0000,0.5940,-0.6867
4.0000,0.5952,-0.6870
4.0000,0.5964,-0.6873
4.0000,0.5976,-0.6876
4.0000,0.5988,-0.6879
4.0000,0.6000,-0.6882
4.0000,0.6012,-0.6884
4.0000,0.6024,-0.6887
4.0000,0.6036,-0.6890
4.0000,0.6048,-0.6893
4.0000,0.6060,-0.6896
4.0000,0.6072,-0.6898
4.0000,0.6084,-0.6901
4.0000,0.6096,-0.6904
4.0000,0.6108,-0.6906
4.0000,0.6120,-0.6909
4.0000,0.6132,-0.6912
4.0000,0.6144,-0.6914
4.0000,0.6156,-0.6917
4.0000,0.6168,-0.6920
4.0000,0.6181,-0.6922
4.0000,0.6193,-0.6925
4.0000,0.6205,-0.6928
4.0000,0.6217,-0.6930
4.0000,0.6229,-0.6933
4.0000,0.6241,-0.6935
4.0000,0.6253,-0.6938
4.0000,0.6265,-0.6940
4.0000,0.6278,-0.6943
4.0000,0.6290,-0.6945
4.0000,0.6302,-0.6948
4.0000,0.6314,-0.6950
4.0000,0.6326,-0.6953
4.0000,0.6339,-0.6955
4.0000,0.6351,-0.6957
4.0000,0.6363,-0.6960
4.0000,0.6375,-0.6962
4.0000,0.6387,-0.6964
4.0000,0.6400,-0.6967
4.0000,0.6412,-0.6969
4.0000,0.6424,-0.6971
4.0000,0.6436,-0.6974
4.0000,0.6449,-0.6976
4.0000,0.6461,-0.6978
4.0000,0.6473,-0.6981
4.0000,0.6485,-0.6983
4.0000,0.6498,-0.6985
4.0000,0.6510,-0.6987
4.0000,0.6522,-0.6989
4.0000,0.6535,-0.6992
4.0000,0.6547,-0.6994
4.0000,0.6559,-0.6996
4.0000,0.6572,-0.6998
4.0000,0.6584,-0.7000
4.0000,0.6596,-0.7002
4.0000,0.6609,-0.7004
4.0000,0.6621,-0.7006
4.0000,0.6633,-0.7009
4.0000,0.6646,-0.7011
4.0000,0.6658,-0.7013
4.0000,0.6671,-0.7015
4.0000,0.6683,-0.7017
4.0000,0.6695,-0.7019
4.0000,0.6708,-0.7021
4.0000,0.6720,-0.7023
4.0000,0.6733,-0.7024
4.0000,0.6745,-0.7026
4.0000,0.6758,-0.7028
4.0000,0.6770,-0.7030
4.0000,0.6783,-0.7032
4.0000,0.6795,-0.7034
4.0000,0.6807,-0.7036
4.0000,0.6820,-0.7038
4.0000,0.6832,-0.7039
4.0000,0.6845,-0.7041
4.0000,0.6857,-0.7043
4.0000,0.6870,-0.7045
4.0000,0.6882,-0.7047
4.0000,0.6895,-0.7048
4.0000,0.6908,-0.7050
4.0000,0.6920,-0.7052
4.0000,0.6933,-0.7053
4.0000,0.6945,-0.7055
4.0000,0.6958,-0.7057
4.0000,0.6970,-0.7058
4.0000,0.6983,-0.7060
4.0000,0.6995,-0.7062
4.0000,0.7008,-0.7063
4.0000,0.7021,-0.7065
4.0000,0.7033,-0.7066
4.0000,0.7046,-0.7068
4.0000,0.7058,-0.7070
4.0000,0.7071,-0.7071
