1.0000,-0.1240,-0.1273
1.0000,-0.2308,-0.2374
1.0000,-0.2012,-0.2111
1.0000,-0.0243,-0.0375
1.0000,-0.1360,-0.1525
1.0000,0.1494,0.1297
1.0000,-0.1765,-0.1994
1.0000,0.1417,0.1156
1.0000,0.0439,0.0146
1.0000,0.2671,0.2347
1.0000,0.2884,0.2528
1.0000,0.0050,-0.0338
1.0000,-0.1483,-0.1901
1.0000,-0.0208,-0.0658
1.0000,-0.0265,-0.0745
1.0000,0.1108,0.0597
1.0000,-0.0618,-0.1159
1.0000,0.0173,-0.0398
1.0000,0.0326,-0.0275
1.0000,0.2024,0.1393
1.0000,-0.0537,-0.1198
1.0000,0.3219,0.2529
1.0000,-0.0219,-0.0938
1.0000,0.3167,0.2419
1.0000,0.0622,-0.0155
1.0000,-0.0379,-0.1185
1.0000,0.3372,0.2538
1.0000,0.0137,-0.0725
1.0000,0.0926,0.0035
1.0000,0.2843,0.1925
1.0000,-0.1516,-0.2462
1.0000,0.0789,-0.0185
1.0000,-0.0327,-0.1328
1.0000,-0.1004,-0.2032
1.0000,-0.0986,-0.2041
1.0000,0.1896,0.0814
1.0000,0.1815,0.0706
1.0000,0.1485,0.0350
1.0000,0.3103,0.1943
1.0000,0.2765,0.1579
1.0000,0.2515,0.1303
1.0000,-0.0488,-0.1726
1.0000,0.1373,0.0110
1.0000,-0.0068,-0.1356
1.0000,0.0862,-0.0452
1.0000,0.2294,0.0956
1.0000,0.0371,-0.0992
1.0000,0.0001,-0.1386
1.0000,0.3804,0.2393
1.0000,0.1382,-0.0053
1.0000,0.1442,-0.0016
1.0000,0.1612,0.0130
1.0000,0.1481,-0.0024
1.0000,0.2349,0.0821
1.0000,0.1956,0.0405
1.0000,-0.0148,-0.1721
1.0000,0.0608,-0.0989
1.0000,0.0876,-0.0743
1.0000,0.2445,0.0805
1.0000,0.3520,0.1857
1.0000,0.4511,0.2827
1.0000,-0.0023,-0.1729
1.0000,0.1703,-0.0023
1.0000,0.3999,0.2251
1.0000,0.1263,-0.0505
1.0000,0.0133,-0.1656
1.0000,-0.0191,-0.2000
1.0000,0.0331,-0.1498
1.0000,0.2154,0.0305
1.0000,0.2235,0.0366
1.0000,0.0192,-0.1696
1.0000,0.4281,0.2374
1.0000,-0.0093,-0.2020
1.0000,0.1375,-0.0570
1.0000,0.1828,-0.0136
1.0000,0.2959,0.0976
1.0000,0.1364,-0.0636
1.0000,0.2285,0.0266
1.0000,0.2753,0.0716
1.0000,0.4912,0.2858
1.0000,0.4748,0.2677
1.0000,0.4325,0.2237
1.0000,0.2782,0.0677
1.0000,0.1484,-0.0637
1.0000,0.3569,0.1431
1.0000,0.0756,-0.1399
1.0000,0.2492,0.0321
1.0000,0.1557,-0.0629
1.0000,0.2762,0.0561
1.0000,0.5054,0.2837
1.0000,0.5018,0.2787
1.0000,0.2201,-0.0046
1.0000,0.1698,-0.0563
1.0000,0.5503,0.3228
1.0000,0.0597,-0.1693
1.0000,0.3634,0.1330
1.0000,0.1966,-0.0352
1.0000,0.1553,-0.0778
1.0000,0.2065,-0.0279
1.0000,0.2666,0.0309
1.0000,0.2673,0.0304
1.0000,0.0923,-0.1459
1.0000,0.1543,-0.0851
1.0000,0.2990,0.0583
1.0000,0.3565,0.1147
1.0000,0.4258,0.1828
1.0000,0.2155,-0.0287
1.0000,0.4436,0.1984
1.0000,0.4406,0.1942
1.0000,0.2899,0.0424
1.0000,0.1832,-0.0653
1.0000,0.5590,0.3095
1.0000,0.4501,0.1996
1.0000,0.2027,-0.0488
1.0000,0.5377,0.2853
1.0000,0.1797,-0.0737
1.0000,0.1343,-0.1199
1.0000,0.6020,0.3469
1.0000,0.1415,-0.1145
1.0000,0.6060,0.3492
1.0000,0.4924,0.2347
1.0000,0.4847,0.2263
1.0000,0.2687,0.0096
1.0000,0.4471,0.1872
1.0000,0.5519,0.2913
1.0000,0.5386,0.2772
1.0000,0.2926,0.0306
1.0000,0.2461,-0.0165
1.0000,0.2769,0.0136
1.0000,0.3348,0.0710
1.0000,0.2511,-0.0133
1.0000,0.2870,0.0220
1.0000,0.6680,0.4025
1.0000,0.2833,0.0173
1.0000,0.4342,0.1677
1.0000,0.1979,-0.0690
1.0000,0.4116,0.1443
1.0000,0.2835,0.0158
1.0000,0.5702,0.3021
1.0000,0.5216,0.2531
1.0000,0.3484,0.0796
1.0000,0.4328,0.1638
1.0000,0.2061,-0.0632
1.0000,0.5438,0.2742
1.0000,0.2483,-0.0215
1.0000,0.6524,0.3823
1.0000,0.6690,0.3988
1.0000,0.2343,-0.0361
1.0000,0.2820,0.0115
1.0000,0.4681,0.1975
1.0000,0.3936,0.1229
1.0000,0.2483,-0.0225
1.0000,0.3311,0.0604
1.0000,0.7046,0.4338
1.0000,0.6950,0.4242
1.0000,0.5723,0.3016
1.0000,0.2272,-0.0435
1.0000,0.6540,0.3835
1.0000,0.3682,0.0978
1.0000,0.5782,0.3079
1.0000,0.6555,0.3854
1.0000,0.5167,0.2468
1.0000,0.5466,0.2769
1.0000,0.5232,0.2537
1.0000,0.6323,0.3631
1.0000,0.3861,0.1171
1.0000,0.7082,0.4396
1.0000,0.3908,0.1225
1.0000,0.7388,0.4709
1.0000,0.4879,0.2204
1.0000,0.3088,0.0417
1.0000,0.3964,0.1297
1.0000,0.7343,0.4681
1.0000,0.4656,0.1999
1.0000,0.6422,0.3771
1.0000,0.5964,0.3317
1.0000,0.4949,0.2308
1.0000,0.4922,0.2287
1.0000,0.6963,0.4335
1.0000,0.5580,0.2958
1.0000,0.6928,0.4313
1.0000,0.6626,0.4017
1.0000,0.4206,0.1605
1.0000,0.4704,0.2110
1.0000,0.5413,0.2827
1.0000,0.3036,0.0458
1.0000,0.3691,0.1121
1.0000,0.4114,0.1552
1.0000,0.5597,0.3044
1.0000,0.3853,0.1309
1.0000,0.6497,0.3963
1.0000,0.5707,0.3181
1.0000,0.6503,0.3987
1.0000,0.6022,0.3517
1.0000,0.4156,0.1661
1.0000,0.6376,0.3891
1.0000,0.5081,0.2607
1.0000,0.5718,0.3255
1.0000,0.3701,0.1249
1.0000,0.7742,0.5302
1.0000,0.4099,0.1671
1.0000,0.6209,0.3792
1.0000,0.6739,0.4335
1.0000,0.5871,0.3480
1.0000,0.3838,0.1459
1.0000,0.8139,0.5773
1.0000,0.5241,0.2889
1.0000,0.3889,0.1550
1.0000,0.7932,0.5607
1.0000,0.3722,0.1411
1.0000,0.6300,0.4003
1.0000,0.6204,0.3922
1.0000,0.7351,0.5084
1.0000,0.4203,0.1950
1.0000,0.7004,0.4767
1.0000,0.8450,0.6229
1.0000,0.8529,0.6324
1.0000,0.4601,0.2411
1.0000,0.7189,0.5016
1.0000,0.6054,0.3897
1.0000,0.5063,0.2923
1.0000,0.7316,0.5193
1.0000,0.8422,0.6317
1.0000,0.5962,0.3874
1.0000,0.6069,0.3999
1.0000,0.6399,0.4348
1.0000,0.7565,0.5533
1.0000,0.4359,0.2345
1.0000,0.8731,0.6736
1.0000,0.5805,0.3829
1.0000,0.4556,0.2599
1.0000,0.5586,0.3649
1.0000,0.5854,0.3937
1.0000,0.3966,0.2070
1.0000,0.7696,0.5820
1.0000,0.5253,0.3397
1.0000,0.8955,0.7121
1.0000,0.4405,0.2592
1.0000,0.5987,0.4195
1.0000,0.4536,0.2766
1.0000,0.7044,0.5296
1.0000,0.7606,0.5881
1.0000,0.6509,0.4806
1.0000,0.5153,0.3472
1.0000,0.7656,0.5998
1.0000,0.6366,0.4732
1.0000,0.7432,0.5822
1.0000,0.5612,0.4026
1.0000,0.8110,0.6547
1.0000,0.6445,0.4907
1.0000,0.6246,0.4733
1.0000,0.7327,0.5838
1.0000,0.7643,0.6179
1.0000,0.5424,0.3985
1.0000,0.4279,0.2866
1.0000,0.5220,0.3832
1.0000,0.8659,0.7298
1.0000,0.4674,0.3339
1.0000,0.8314,0.7006
1.0000,0.8426,0.7145
1.0000,0.8578,0.7324
1.0000,0.5544,0.4317
1.0000,0.7089,0.5890
1.0000,0.8287,0.7115
1.0000,0.7838,0.6694
1.0000,0.8617,0.7502
1.0000,0.8932,0.7846
1.0000,0.7062,0.6005
1.0000,0.4424,0.3396
1.0000,0.8800,0.7801
1.0000,0.7537,0.6568
1.0000,0.8765,0.7826
1.0000,0.6164,0.5255
1.0000,0.9417,0.8538
1.0000,0.9057,0.8209
1.0000,0.9255,0.8438
1.0000,0.5560,0.4774
1.0000,0.5568,0.4813
1.0000,0.5275,0.4553
1.0000,0.8153,0.7462
1.0000,0.4918,0.4259
1.0000,0.7042,0.6416
1.0000,0.9270,0.8677
1.0000,0.6994,0.6433
1.0000,0.4727,0.4199
1.0000,0.8394,0.7900
1.0000,0.4648,0.4187
1.0000,0.5491,0.5065
1.0000,0.9162,0.8770
1.0000,0.6668,0.6310
1.0000,0.6827,0.6503
1.0000,0.8376,0.8088
1.0000,0.8445,0.8192
1.0000,0.9246,0.9029
1.0000,0.7214,0.7032
1.0000,0.9564,0.9417
1.0000,0.8899,0.8789
1.0000,0.8797,0.8724
1.0000,0.7926,0.7889
1.0000,0.8712,0.8712
2.0000,-0.0160,-0.0127
2.0000,-0.0530,-0.0463
2.0000,-0.0343,-0.0242
2.0000,-0.2498,-0.2363
2.0000,-0.0756,-0.0587
2.0000,-0.0895,-0.0692
2.0000,0.0243,0.0481
2.0000,-0.0985,-0.0712
2.0000,-0.2365,-0.2058
2.0000,-0.1436,-0.1094
2.0000,-0.0424,-0.0047
2.0000,-0.0779,-0.0367
2.0000,0.2027,0.2474
2.0000,-0.0264,0.0219
2.0000,-0.0744,-0.0224
2.0000,0.0145,0.0700
2.0000,0.1885,0.2476
2.0000,0.1004,0.1632
2.0000,0.2278,0.2942
2.0000,0.1799,0.2500
2.0000,0.1790,0.2528
2.0000,0.1740,0.2514
2.0000,0.1979,0.2790
2.0000,-0.1193,-0.0344
2.0000,0.1790,0.2676
2.0000,0.1089,0.2013
2.0000,-0.0438,0.0524
2.0000,0.2218,0.3217
2.0000,-0.1940,-0.0903
2.0000,-0.1198,-0.0122
2.0000,-0.1273,-0.0159
2.0000,-0.1122,0.0030
2.0000,-0.0688,0.0503
2.0000,-0.0028,0.1202
2.0000,0.1465,0.2733
2.0000,0.1317,0.2625
2.0000,-0.1723,-0.0376
2.0000,0.0851,0.2237
2.0000,-0.1676,-0.0250
2.0000,-0.2226,-0.0761
2.0000,-0.1149,0.0357
2.0000,-0.1509,0.0036
2.0000,-0.1221,0.0364
2.0000,0.0398,0.2024
2.0000,-0.1527,0.0138
2.0000,0.1140,0.2847
2.0000,-0.1745,0.0002
2.0000,0.0368,0.2156
2.0000,0.0647,0.2476
2.0000,-0.0710,0.1160
2.0000,-0.1076,0.0835
2.0000,0.0987,0.2940
2.0000,0.0701,0.2695
2.0000,0.0437,0.2473
2.0000,-0.0994,0.1083
2.0000,-0.1505,0.0615
2.0000,0.0580,0.2742
2.0000,0.1653,0.3856
2.0000,-0.0071,0.2175
2.0000,0.0287,0.2575
2.0000,0.0058,0.2389
2.0000,0.1368,0.3742
2.0000,0.0535,0.2951
2.0000,-0.1559,0.0901
2.0000,-0.0646,0.1856
2.0000,-0.0262,0.2283
2.0000,-0.1337,0.1252
2.0000,-0.1297,0.1335
2.0000,-0.1527,0.1148
2.0000,0.1987,0.4706
2.0000,0.0788,0.3552
2.0000,0.0258,0.3065
2.0000,-0.1149,0.1702
2.0000,-0.1179,0.1716
2.0000,0.0452,0.3391
2.0000,0.0045,0.3029
2.0000,-0.2125,0.0904
2.0000,-0.0517,0.2556
2.0000,-0.0937,0.2181
2.0000,0.1044,0.4207
2.0000,0.1889,0.5097
2.0000,-0.1841,0.1412
2.0000,-0.1736,0.1562
2.0000,-0.2266,0.1077
2.0000,0.0099,0.3488
2.0000,-0.1006,0.2428
2.0000,-0.0383,0.3097
2.0000,-0.2295,0.1230
2.0000,-0.2509,0.1062
2.0000,-0.2270,0.1348
2.0000,-0.2613,0.1050
2.0000,-0.0330,0.3380
2.0000,-0.1424,0.2331
2.0000,-0.2059,0.1743
2.0000,0.0865,0.4714
2.0000,-0.0891,0.3004
2.0000,-0.1658,0.2284
2.0000,0.1263,0.5252
2.0000,0.0274,0.4310
2.0000,-0.2445,0.1638
2.0000,-0.1355,0.2775
2.0000,-0.0249,0.3928
2.0000,0.1051,0.5275
2.0000,0.0496,0.4767
2.0000,-0.1249,0.3069
2.0000,-0.1391,0.2976
2.0000,-0.3263,0.1151
2.0000,-0.0386,0.4076
2.0000,0.0108,0.4617
2.0000,-0.0071,0.4486
2.0000,0.0498,0.5103
2.0000,-0.0576,0.4077
2.0000,-0.1521,0.3181
2.0000,0.1190,0.5939
2.0000,0.0238,0.5035
2.0000,0.1135,0.5981
2.0000,-0.2494,0.2401
2.0000,0.0171,0.5114
2.0000,-0.2011,0.2980
2.0000,-0.1724,0.3316
2.0000,-0.3625,0.1464
2.0000,-0.2624,0.2514
2.0000,0.1076,0.6262
2.0000,-0.2224,0.3012
2.0000,-0.1858,0.3426
2.0000,-0.1516,0.3818
2.0000,-0.2046,0.3338
2.0000,-0.3114,0.2319
2.0000,-0.3666,0.1816
2.0000,-0.2281,0.3250
2.0000,-0.0806,0.4774
2.0000,-0.2231,0.3399
2.0000,0.0810,0.6490
2.0000,-0.2201,0.3529
2.0000,0.0278,0.6058
2.0000,0.0576,0.6406
2.0000,-0.2048,0.3831
2.0000,-0.3544,0.2385
2.0000,-0.2607,0.3372
2.0000,0.0375,0.6404
2.0000,-0.1534,0.4545
2.0000,-0.0172,0.5958
2.0000,-0.2575,0.3604
2.0000,-0.1523,0.4707
2.0000,-0.3391,0.2889
2.0000,-0.2759,0.3571
2.0000,-0.3992,0.2389
2.0000,-0.0039,0.6393
2.0000,-0.3967,0.2515
2.0000,-0.1532,0.5001
2.0000,-0.0441,0.6142
2.0000,-0.4022,0.2613
2.0000,-0.1931,0.4754
2.0000,-0.1328,0.5408
2.0000,-0.2431,0.4355
2.0000,-0.1902,0.4936
2.0000,0.0012,0.6900
2.0000,-0.2608,0.4331
2.0000,-0.2923,0.4068
2.0000,-0.4158,0.2883
2.0000,-0.0188,0.6905
2.0000,-0.0179,0.6965
2.0000,-0.1371,0.5824
2.0000,-0.3578,0.3668
2.0000,-0.2637,0.4660
2.0000,-0.2981,0.4368
2.0000,-0.4845,0.2555
2.0000,-0.4443,0.3008
2.0000,-0.4170,0.3332
2.0000,-0.0012,0.7542
2.0000,-0.0226,0.7379
2.0000,-0.1062,0.6596
2.0000,-0.1935,0.5774
2.0000,-0.0929,0.6831
2.0000,-0.3812,0.3999
2.0000,-0.1276,0.6587
2.0000,-0.3672,0.4243
2.0000,-0.3438,0.4529
2.0000,-0.4606,0.3412
2.0000,-0.1794,0.6276
2.0000,-0.0768,0.7353
2.0000,-0.0496,0.7677
2.0000,-0.4816,0.3409
2.0000,-0.1004,0.7273
2.0000,-0.5084,0.3245
2.0000,-0.4982,0.3399
2.0000,-0.5462,0.2971
2.0000,-0.2363,0.6121
2.0000,-0.0755,0.7781
2.0000,-0.0796,0.7792
2.0000,-0.3052,0.5588
2.0000,-0.5517,0.3174
2.0000,-0.3697,0.5047
2.0000,-0.3636,0.5160
2.0000,-0.3524,0.5323
2.0000,-0.0741,0.8158
2.0000,-0.0800,0.8151
2.0000,-0.5394,0.3609
2.0000,-0.4545,0.4510
2.0000,-0.1781,0.7325
2.0000,-0.3284,0.5875
2.0000,-0.4625,0.4585
2.0000,-0.3435,0.5828
2.0000,-0.5181,0.4134
2.0000,-0.2338,0.7028
2.0000,-0.5615,0.3803
2.0000,-0.2521,0.6949
2.0000,-0.1418,0.8104
2.0000,-0.6062,0.3512
2.0000,-0.2995,0.6631
2.0000,-0.2916,0.6761
2.0000,-0.1369,0.8360
2.0000,-0.5524,0.4258
2.0000,-0.2211,0.7623
2.0000,-0.2749,0.7137
2.0000,-0.1879,0.8058
2.0000,-0.5623,0.4366
2.0000,-0.3366,0.6675
2.0000,-0.5566,0.4527
2.0000,-0.2869,0.7276
2.0000,-0.6540,0.3656
2.0000,-0.4668,0.5580
2.0000,-0.2448,0.7852
2.0000,-0.3248,0.7103
2.0000,-0.4096,0.6307
2.0000,-0.4950,0.5504
2.0000,-0.4039,0.6467
2.0000,-0.3219,0.7339
2.0000,-0.2813,0.7796
2.0000,-0.1815,0.8846
2.0000,-0.3077,0.7635
2.0000,-0.2928,0.7835
2.0000,-0.6337,0.4478
2.0000,-0.5639,0.5228
2.0000,-0.5886,0.5032
2.0000,-0.7071,0.3899
2.0000,-0.5627,0.5394
2.0000,-0.6405,0.4667
2.0000,-0.6373,0.4751
2.0000,-0.4840,0.6334
2.0000,-0.4099,0.7127
2.0000,-0.2947,0.8330
2.0000,-0.3674,0.7653
2.0000,-0.4684,0.6694
2.0000,-0.4468,0.6961
2.0000,-0.2469,0.9011
2.0000,-0.7165,0.4367
2.0000,-0.5544,0.6039
2.0000,-0.6224,0.5410
2.0000,-0.6077,0.5607
2.0000,-0.5442,0.6293
2.0000,-0.6801,0.4985
2.0000,-0.5615,0.6222
2.0000,-0.7317,0.4570
2.0000,-0.4365,0.7572
2.0000,-0.3943,0.8045
2.0000,-0.5286,0.6753
2.0000,-0.7165,0.4924
2.0000,-0.5743,0.6397
2.0000,-0.5462,0.6728
2.0000,-0.3794,0.8446
2.0000,-0.7722,0.4568
2.0000,-0.4421,0.7918
2.0000,-0.7273,0.5117
2.0000,-0.7548,0.4892
2.0000,-0.7026,0.5464
2.0000,-0.3820,0.8720
2.0000,-0.3433,0.9157
2.0000,-0.5651,0.6988
2.0000,-0.4244,0.8444
2.0000,-0.5632,0.7107
2.0000,-0.7014,0.5773
2.0000,-0.6621,0.6217
2.0000,-0.4967,0.7919
2.0000,-0.7587,0.5349
2.0000,-0.6767,0.6219
2.0000,-0.5915,0.7119
2.0000,-0.6166,0.6917
2.0000,-0.4626,0.8506
2.0000,-0.7726,0.5455
2.0000,-0.6164,0.7066
2.0000,-0.6903,0.6375
2.0000,-0.4927,0.8401
2.0000,-0.6614,0.6762
2.0000,-0.8592,0.4833
2.0000,-0.6742,0.6731
2.0000,-0.5333,0.8188
2.0000,-0.4535,0.9035
2.0000,-0.6899,0.6719
2.0000,-0.6042,0.7624
2.0000,-0.8508,0.5206
2.0000,-0.7927,0.5835
2.0000,-0.6426,0.7384
2.0000,-0.8300,0.5558
2.0000,-0.4577,0.9328
2.0000,-0.8993,0.4960
2.0000,-0.7639,0.6361
2.0000,-0.9386,0.4662
2.0000,-0.8396,0.5699
2.0000,-0.8238,0.5904
3.0000,0.0774,0.0807
3.0000,0.1781,0.1847
3.0000,-0.0115,-0.0015
3.0000,-0.2523,-0.2391
3.0000,-0.0249,-0.0084
3.0000,0.1747,0.1944
3.0000,0.0816,0.1045
3.0000,-0.2371,-0.2110
3.0000,-0.1880,-0.1587
3.0000,-0.1264,-0.0939
3.0000,-0.1137,-0.0781
3.0000,0.1852,0.2239
3.0000,0.1520,0.1938
3.0000,0.0437,0.0886
3.0000,0.1516,0.1996
3.0000,0.1264,0.1775
3.0000,0.1704,0.2245
3.0000,-0.1744,-0.1173
3.0000,-0.1436,-0.0835
3.0000,0.1860,0.2490
3.0000,-0.2205,-0.1544
3.0000,-0.1589,-0.0899
3.0000,0.1317,0.2036
3.0000,-0.2522,-0.1774
3.0000,-0.1529,-0.0752
3.0000,0.0616,0.1422
3.0000,0.1391,0.2225
3.0000,-0.2578,-0.1716
3.0000,0.0810,0.1700
3.0000,-0.1014,-0.0096
3.0000,-0.2537,-0.1591
3.0000,-0.0767,0.0207
3.0000,0.1237,0.2238
3.0000,-0.1103,-0.0075
3.0000,-0.3686,-0.2631
3.0000,-0.2811,-0.1730
3.0000,-0.3481,-0.2373
3.0000,0.0116,0.1250
3.0000,0.0675,0.1836
3.0000,-0.3073,-0.1887
3.0000,-0.0795,0.0417
3.0000,-0.2051,-0.0813
3.0000,-0.2521,-0.1258
3.0000,0.0091,0.1379
3.0000,0.0921,0.2234
3.0000,0.0341,0.1679
3.0000,-0.1024,0.0339
3.0000,-0.2991,-0.1604
3.0000,0.0220,0.1631
3.0000,-0.0515,0.0919
3.0000,-0.0762,0.0697
3.0000,-0.0335,0.1147
3.0000,-0.0145,0.1360
3.0000,-0.3523,-0.1994
3.0000,-0.0340,0.1211
3.0000,-0.3798,-0.2224
3.0000,-0.1794,-0.0198
3.0000,-0.2608,-0.0989
3.0000,0.0285,0.1925
3.0000,-0.0318,0.1344
3.0000,-0.0054,0.1630
3.0000,0.0337,0.2043
3.0000,-0.0774,0.0952
3.0000,-0.2041,-0.0293
3.0000,-0.0894,0.0874
3.0000,-0.4299,-0.2510
3.0000,-0.2732,-0.0922
3.0000,-0.1746,0.0083
3.0000,0.0018,0.1868
3.0000,-0.2352,-0.0483
3.0000,-0.3114,-0.1226
3.0000,-0.3865,-0.1957
3.0000,-0.0659,0.1268
3.0000,-0.0259,0.1687
3.0000,-0.3893,-0.1928
3.0000,-0.0457,0.1526
3.0000,-0.1919,0.0082
3.0000,-0.1239,0.0780
3.0000,-0.1104,0.0932
3.0000,-0.1800,0.0254
3.0000,-0.4844,-0.2773
3.0000,-0.5150,-0.3062
3.0000,-0.2346,-0.0241
3.0000,-0.4378,-0.2256
3.0000,-0.2456,-0.0318
3.0000,-0.1142,0.1012
3.0000,-0.2796,-0.0625
3.0000,-0.5002,-0.2816
3.0000,-0.5081,-0.2879
3.0000,-0.1879,0.0338
3.0000,-0.4775,-0.2543
3.0000,-0.0694,0.1553
3.0000,-0.2014,0.0247
3.0000,-0.3955,-0.1679
3.0000,-0.5346,-0.3056
3.0000,-0.3404,-0.1100
3.0000,-0.1865,0.0452
3.0000,-0.3931,-0.1600
3.0000,-0.4536,-0.2192
3.0000,-0.1603,0.0754
3.0000,-0.2431,-0.0061
3.0000,-0.1943,0.0439
3.0000,-0.1800,0.0595
3.0000,-0.4692,-0.2286
3.0000,-0.3163,-0.0744
3.0000,-0.5861,-0.3430
3.0000,-0.5853,-0.3412
3.0000,-0.2855,-0.0402
3.0000,-0.3409,-0.0945
3.0000,-0.4135,-0.1661
3.0000,-0.4882,-0.2397
3.0000,-0.5440,-0.2945
3.0000,-0.4556,-0.2051
3.0000,-0.5712,-0.3197
3.0000,-0.2838,-0.0314
3.0000,-0.1316,0.1217
3.0000,-0.4184,-0.1642
3.0000,-0.1397,0.1154
3.0000,-0.6322,-0.3762
3.0000,-0.1913,0.0655
3.0000,-0.2409,0.0167
3.0000,-0.6323,-0.3739
3.0000,-0.4770,-0.2179
3.0000,-0.2051,0.0548
3.0000,-0.2029,0.0577
3.0000,-0.2941,-0.0328
3.0000,-0.2086,0.0534
3.0000,-0.4318,-0.1692
3.0000,-0.3021,-0.0388
3.0000,-0.6591,-0.3953
3.0000,-0.2933,-0.0289
3.0000,-0.5546,-0.2897
3.0000,-0.2228,0.0427
3.0000,-0.4412,-0.1752
3.0000,-0.6385,-0.3721
3.0000,-0.5181,-0.2513
3.0000,-0.2731,-0.0058
3.0000,-0.6444,-0.3767
3.0000,-0.6510,-0.3830
3.0000,-0.4655,-0.1971
3.0000,-0.5554,-0.2866
3.0000,-0.2751,-0.0061
3.0000,-0.6056,-0.3362
3.0000,-0.4389,-0.1693
3.0000,-0.2236,0.0462
3.0000,-0.4158,-0.1457
3.0000,-0.4419,-0.1717
3.0000,-0.5957,-0.3253
3.0000,-0.3992,-0.1287
3.0000,-0.4975,-0.2270
3.0000,-0.5842,-0.3135
3.0000,-0.7169,-0.4462
3.0000,-0.5970,-0.3262
3.0000,-0.5349,-0.2641
3.0000,-0.5420,-0.2713
3.0000,-0.2359,0.0348
3.0000,-0.7311,-0.4604
3.0000,-0.3893,-0.1187
3.0000,-0.6370,-0.3665
3.0000,-0.7033,-0.4330
3.0000,-0.2495,0.0207
3.0000,-0.3372,-0.0673
3.0000,-0.5565,-0.2868
3.0000,-0.7067,-0.4373
3.0000,-0.4475,-0.1782
3.0000,-0.6651,-0.3962
3.0000,-0.3391,-0.0705
3.0000,-0.7074,-0.4392
3.0000,-0.2637,0.0042
3.0000,-0.5244,-0.2568
3.0000,-0.6102,-0.3431
3.0000,-0.6218,-0.3552
3.0000,-0.4463,-0.1801
3.0000,-0.4867,-0.2210
3.0000,-0.5103,-0.2451
3.0000,-0.3196,-0.0550
3.0000,-0.6351,-0.3710
3.0000,-0.5612,-0.2977
3.0000,-0.4311,-0.1683
3.0000,-0.7401,-0.4779
3.0000,-0.5836,-0.3220
3.0000,-0.3110,-0.0501
3.0000,-0.3452,-0.0851
3.0000,-0.5723,-0.3129
3.0000,-0.7878,-0.5292
3.0000,-0.7559,-0.4981
3.0000,-0.4946,-0.2376
3.0000,-0.4989,-0.2428
3.0000,-0.7151,-0.4598
3.0000,-0.5273,-0.2729
3.0000,-0.4016,-0.1482
3.0000,-0.3995,-0.1470
3.0000,-0.4538,-0.2023
3.0000,-0.4201,-0.1695
3.0000,-0.7360,-0.4865
3.0000,-0.7806,-0.5321
3.0000,-0.6822,-0.4348
3.0000,-0.6616,-0.4153
3.0000,-0.8293,-0.5842
3.0000,-0.4585,-0.2145
3.0000,-0.4129,-0.1701
3.0000,-0.7702,-0.5285
3.0000,-0.5645,-0.3241
3.0000,-0.5712,-0.3321
3.0000,-0.4589,-0.2210
3.0000,-0.6679,-0.4313
3.0000,-0.3484,-0.1132
3.0000,-0.5104,-0.2765
3.0000,-0.7163,-0.4838
3.0000,-0.5757,-0.3446
3.0000,-0.5630,-0.3333
3.0000,-0.6979,-0.4697
3.0000,-0.6118,-0.3851
3.0000,-0.5148,-0.2896
3.0000,-0.5379,-0.3142
3.0000,-0.6031,-0.3810
3.0000,-0.4417,-0.2212
3.0000,-0.4309,-0.2120
3.0000,-0.4100,-0.1928
3.0000,-0.6779,-0.4623
3.0000,-0.7304,-0.5164
3.0000,-0.7653,-0.5531
3.0000,-0.6958,-0.4853
3.0000,-0.5413,-0.3326
3.0000,-0.8033,-0.5964
3.0000,-0.4418,-0.2367
3.0000,-0.5120,-0.3087
3.0000,-0.6082,-0.4068
3.0000,-0.8073,-0.6078
3.0000,-0.4949,-0.2973
3.0000,-0.7901,-0.5944
3.0000,-0.4346,-0.2410
3.0000,-0.8595,-0.6678
3.0000,-0.5089,-0.3192
3.0000,-0.5304,-0.3428
3.0000,-0.5620,-0.3764
3.0000,-0.4003,-0.2169
3.0000,-0.5632,-0.3819
3.0000,-0.7881,-0.6089
3.0000,-0.7170,-0.5401
3.0000,-0.4196,-0.2448
3.0000,-0.6838,-0.5113
3.0000,-0.6248,-0.4545
3.0000,-0.6165,-0.4485
3.0000,-0.6737,-0.5080
3.0000,-0.4172,-0.2538
3.0000,-0.6352,-0.4741
3.0000,-0.8801,-0.7214
3.0000,-0.4639,-0.3076
3.0000,-0.6031,-0.4493
3.0000,-0.4900,-0.3386
3.0000,-0.5679,-0.4190
3.0000,-0.6159,-0.4695
3.0000,-0.4911,-0.3473
3.0000,-0.7538,-0.6125
3.0000,-0.4315,-0.2928
3.0000,-0.7270,-0.5909
3.0000,-0.4751,-0.3416
3.0000,-0.7445,-0.6137
3.0000,-0.4519,-0.3237
3.0000,-0.7103,-0.5849
3.0000,-0.7680,-0.6454
3.0000,-0.5009,-0.3810
3.0000,-0.8745,-0.7574
3.0000,-0.8423,-0.7280
3.0000,-0.9044,-0.7929
3.0000,-0.5534,-0.4448
3.0000,-0.8534,-0.7476
3.0000,-0.7213,-0.6185
3.0000,-0.8913,-0.7914
3.0000,-0.6560,-0.5591
3.0000,-0.5819,-0.4880
3.0000,-0.5635,-0.4726
3.0000,-0.6924,-0.6045
3.0000,-0.6750,-0.5902
3.0000,-0.6678,-0.5861
3.0000,-0.7093,-0.6307
3.0000,-0.6426,-0.5672
3.0000,-0.5146,-0.4423
3.0000,-0.4706,-0.4015
3.0000,-0.5171,-0.4512
3.0000,-0.9276,-0.8650
3.0000,-0.4535,-0.3942
3.0000,-0.7693,-0.7133
3.0000,-0.6627,-0.6099
3.0000,-0.9490,-0.8996
3.0000,-0.6324,-0.5864
3.0000,-0.6362,-0.5936
3.0000,-0.8732,-0.8340
3.0000,-0.5651,-0.5293
3.0000,-0.5050,-0.4727
3.0000,-0.9248,-0.8960
3.0000,-0.9031,-0.8778
3.0000,-0.7195,-0.6977
3.0000,-0.6054,-0.5872
3.0000,-0.7778,-0.7632
3.0000,-0.5851,-0.5741
3.0000,-0.5232,-0.5159
3.0000,-0.5043,-0.5006
3.0000,-0.5309,-0.5309
4.0000,-0.1966,-0.1999
4.0000,-0.1674,-0.1741
4.0000,0.1687,0.1586
4.0000,0.1500,0.1365
4.0000,-0.1493,-0.1662
4.0000,-0.1891,-0.2094
4.0000,-0.0059,-0.0296
4.0000,0.2168,0.1896
4.0000,-0.2065,-0.2372
4.0000,0.0008,-0.0334
4.0000,0.2490,0.2112
4.0000,-0.2307,-0.2719
4.0000,-0.0393,-0.0841
4.0000,-0.0231,-0.0714
4.0000,0.2343,0.1823
4.0000,0.1116,0.0561
4.0000,0.0346,-0.0246
4.0000,-0.1839,-0.2466
4.0000,0.1851,0.1187
4.0000,-0.0777,-0.1478
4.0000,-0.2204,-0.2941
4.0000,-0.1906,-0.2681
4.0000,0.1072,0.0261
4.0000,0.2591,0.1743
4.0000,0.1386,0.0500
4.0000,-0.2191,-0.3115
4.0000,-0.0185,-0.1146
4.0000,0.2030,0.1031
4.0000,-0.1265,-0.2302
4.0000,0.0050,-0.1025
4.0000,0.2328,0.1214
4.0000,-0.2071,-0.3223
4.0000,-0.2173,-0.3364
4.0000,-0.0228,-0.1458
4.0000,-0.0980,-0.2248
4.0000,0.1522,0.0215
4.0000,-0.1542,-0.2889
4.0000,0.2102,0.0716
4.0000,-0.0694,-0.2120
4.0000,0.1467,0.0001
4.0000,0.0791,-0.0714
4.0000,0.1844,0.0299
4.0000,0.0962,-0.0624
4.0000,-0.2178,-0.3803
4.0000,-0.0800,-0.2466
4.0000,0.0765,-0.0942
4.0000,-0.2055,-0.3802
4.0000,-0.0439,-0.2227
4.0000,-0.1044,-0.2873
4.0000,0.2634,0.0764
4.0000,0.1076,-0.0835
4.0000,-0.1520,-0.3472
4.0000,0.2057,0.0063
4.0000,0.2713,0.0677
4.0000,-0.0608,-0.2685
4.0000,-0.1932,-0.4052
4.0000,-0.2041,-0.4202
4.0000,0.2528,0.0324
4.0000,-0.1244,-0.3490
4.0000,0.1160,-0.1128
4.0000,-0.1354,-0.3684
4.0000,-0.1119,-0.3492
4.0000,-0.0382,-0.2799
4.0000,0.1540,-0.0919
4.0000,-0.1590,-0.4092
4.0000,-0.1957,-0.4503
4.0000,0.0735,-0.1853
4.0000,0.2274,-0.0358
4.0000,0.2124,-0.0552
4.0000,-0.1050,-0.3770
4.0000,0.2217,-0.0547
4.0000,0.0172,-0.2635
4.0000,-0.1302,-0.4154
4.0000,0.2022,-0.0874
4.0000,-0.0655,-0.3595
4.0000,0.2037,-0.0947
4.0000,0.0279,-0.2749
4.0000,0.0937,-0.2136
4.0000,0.2978,-0.0140
4.0000,0.2433,-0.0730
4.0000,-0.1076,-0.4284
4.0000,-0.0607,-0.3860
4.0000,0.0966,-0.2332
4.0000,0.0315,-0.3028
4.0000,0.2238,-0.1151
4.0000,-0.0625,-0.4060
4.0000,0.2194,-0.1286
4.0000,0.2341,-0.1184
4.0000,-0.1358,-0.4929
4.0000,0.0885,-0.2732
4.0000,0.2880,-0.0784
4.0000,0.2500,-0.1210
4.0000,0.2561,-0.1195
4.0000,-0.0776,-0.4579
4.0000,0.2643,-0.1206
4.0000,-0.1530,-0.5425
4.0000,0.1313,-0.2629
4.0000,0.1022,-0.2966
4.0000,0.1932,-0.2103
4.0000,0.2785,-0.1298
4.0000,0.2467,-0.1662
4.0000,0.2843,-0.1334
4.0000,-0.0697,-0.4921
4.0000,0.2540,-0.1731
4.0000,0.1120,-0.3199
4.0000,-0.0698,-0.5064
4.0000,0.0939,-0.3474
4.0000,-0.0567,-0.5028
4.0000,-0.0413,-0.4923
4.0000,-0.0253,-0.4811
4.0000,0.1129,-0.3476
4.0000,0.1789,-0.2864
4.0000,0.3467,-0.1235
4.0000,0.1741,-0.3009
4.0000,0.2482,-0.2315
4.0000,0.3467,-0.1379
4.0000,-0.0598,-0.5492
4.0000,0.2663,-0.2280
4.0000,0.3322,-0.1670
4.0000,0.2260,-0.2780
4.0000,0.2974,-0.2115
4.0000,-0.0125,-0.5263
4.0000,0.2049,-0.3138
4.0000,0.3379,-0.1857
4.0000,0.3192,-0.2093
4.0000,0.2360,-0.2974
4.0000,0.1585,-0.3799
4.0000,0.2458,-0.2975
4.0000,0.0869,-0.4613
4.0000,0.2805,-0.2726
4.0000,0.2145,-0.3436
4.0000,0.1068,-0.4562
4.0000,0.1569,-0.4111
4.0000,-0.0634,-0.6364
4.0000,0.0872,-0.4908
4.0000,-0.0119,-0.5948
4.0000,0.1850,-0.4030
4.0000,0.2129,-0.3800
4.0000,0.0487,-0.5492
4.0000,0.0499,-0.5530
4.0000,0.1352,-0.4728
4.0000,0.1942,-0.4187
4.0000,-0.0136,-0.6315
4.0000,0.3520,-0.2710
4.0000,-0.0016,-0.6297
4.0000,0.4147,-0.2184
4.0000,0.4298,-0.2083
4.0000,0.0043,-0.6389
4.0000,0.2176,-0.4306
4.0000,0.2325,-0.4208
4.0000,0.1878,-0.4705
4.0000,0.4353,-0.2281
4.0000,0.3125,-0.3560
4.0000,0.1711,-0.5025
4.0000,0.3682,-0.3105
4.0000,0.3663,-0.3175
4.0000,0.3110,-0.3779
4.0000,0.0473,-0.6466
4.0000,0.0276,-0.6714
4.0000,-0.0193,-0.7234
4.0000,0.1507,-0.5586
4.0000,0.0895,-0.6249
4.0000,0.2891,-0.4304
4.0000,0.2652,-0.4594
4.0000,0.2084,-0.5214
4.0000,0.4608,-0.2741
4.0000,0.3228,-0.4172
4.0000,0.1550,-0.5901
4.0000,0.1378,-0.6125
4.0000,0.2706,-0.4848
4.0000,0.2161,-0.5445
4.0000,0.1668,-0.5989
4.0000,0.0143,-0.7566
4.0000,0.3723,-0.4037
4.0000,0.4483,-0.3328
4.0000,0.0363,-0.7500
4.0000,0.2140,-0.5775
4.0000,0.2118,-0.5849
4.0000,0.5213,-0.2805
4.0000,0.2009,-0.6061
4.0000,0.4603,-0.3519
4.0000,0.4740,-0.3433
4.0000,0.0910,-0.7315
4.0000,0.2330,-0.5947
4.0000,0.4313,-0.4016
4.0000,0.0613,-0.7768
4.0000,0.5152,-0.3281
4.0000,0.0647,-0.7838
4.0000,0.4634,-0.3902
4.0000,0.2757,-0.5831
4.0000,0.3373,-0.5266
4.0000,0.1960,-0.6732
4.0000,0.4587,-0.4157
4.0000,0.1911,-0.6884
4.0000,0.2123,-0.6725
4.0000,0.1141,-0.7758
4.0000,0.0843,-0.8108
4.0000,0.4923,-0.4080
4.0000,0.1416,-0.7639
4.0000,0.4331,-0.4776
4.0000,0.4352,-0.4807
4.0000,0.1254,-0.7956
4.0000,0.5889,-0.3374
4.0000,0.3315,-0.6000
4.0000,0.1977,-0.7389
4.0000,0.2995,-0.6423
4.0000,0.2834,-0.6636
4.0000,0.2625,-0.6898
4.0000,0.3100,-0.6474
4.0000,0.4397,-0.5229
4.0000,0.6107,-0.3571
4.0000,0.4005,-0.5725
4.0000,0.3809,-0.5972
4.0000,0.2622,-0.7212
4.0000,0.2404,-0.7481
4.0000,0.1838,-0.8099
4.0000,0.2004,-0.7985
4.0000,0.5679,-0.4361
4.0000,0.5649,-0.4443
4.0000,0.1484,-0.8660
4.0000,0.4482,-0.5714
4.0000,0.5685,-0.4563
4.0000,0.6058,-0.4242
4.0000,0.3224,-0.7128
4.0000,0.1751,-0.8652
4.0000,0.4695,-0.5759
4.0000,0.2361,-0.8146
4.0000,0.6198,-0.4360
4.0000,0.2668,-0.7941
4.0000,0.2941,-0.7720
4.0000,0.5875,-0.4837
4.0000,0.6819,-0.3945
4.0000,0.2927,-0.7888
4.0000,0.6106,-0.4761
4.0000,0.4445,-0.6473
4.0000,0.7045,-0.3924
4.0000,0.7035,-0.3986
4.0000,0.6418,-0.4654
4.0000,0.3747,-0.7377
4.0000,0.3653,-0.7522
4.0000,0.5734,-0.5492
4.0000,0.2896,-0.8381
4.0000,0.5644,-0.5684
4.0000,0.4810,-0.6569
4.0000,0.3697,-0.7732
4.0000,0.6653,-0.4828
4.0000,0.6624,-0.4908
4.0000,0.5804,-0.5778
4.0000,0.4006,-0.7627
4.0000,0.5069,-0.6616
4.0000,0.5779,-0.5956
4.0000,0.4825,-0.6961
4.0000,0.5836,-0.6001
4.0000,0.2793,-0.9094
4.0000,0.4510,-0.7428
4.0000,0.6319,-0.5669
4.0000,0.6912,-0.5126
4.0000,0.3803,-0.8286
4.0000,0.6611,-0.5528
4.0000,0.4135,-0.8054
4.0000,0.3908,-0.8332
4.0000,0.4553,-0.7737
4.0000,0.5206,-0.7134
4.0000,0.3293,-0.9096
4.0000,0.6347,-0.6093
4.0000,0.3858,-0.8631
4.0000,0.6983,-0.5557
4.0000,0.4438,-0.8152
4.0000,0.6496,-0.6144
4.0000,0.3737,-0.8952
4.0000,0.5299,-0.7439
4.0000,0.3781,-0.9007
4.0000,0.7756,-0.5082
4.0000,0.4317,-0.8570
4.0000,0.7417,-0.5519
4.0000,0.5303,-0.7682
4.0000,0.4356,-0.8678
4.0000,0.7148,-0.5935
4.0000,0.5360,-0.7773
4.0000,0.5907,-0.7274
4.0000,0.4001,-0.9229
4.0000,0.5441,-0.7837
4.0000,0.8484,-0.4844
4.0000,0.5247,-0.8129
4.0000,0.5437,-0.7988
4.0000,0.4894,-0.8579
4.0000,0.7698,-0.5824
4.0000,0.6048,-0.7521
4.0000,0.8254,-0.5364
4.0000,0.7975,-0.5691
4.0000,0.8992,-0.4722
4.0000,0.5964,-0.7798
4.0000,0.6916,-0.6894
4.0000,0.7733,-0.6125
4.0000,0.8299,-0.5606
4.0000,0.7617,-0.6336
4.0000,0.4935,-0.9065
4.0000,0.5455,-0.8592
4.0000,0.8975,-0.5120
4.0000,0.6996,-0.7146
