1.0000,0.0010,0.0000
1.0000,0.0020,0.0000
1.0000,0.0030,0.0000
1.0000,0.0040,0.0001
1.0000,0.0050,0.0001
1.0000,0.0060,0.0001
1.0000,0.0070,0.0002
1.0000,0.0080,0.0002
1.0000,0.0090,0.0003
1.0000,0.0100,0.0003
1.0000,0.0110,0.0004
1.0000,0.0120,0.0005
1.0000,0.0130,0.0005
1.0000,0.0140,0.0006
1.0000,0.0150,0.0007
1.0000,0.0160,0.0008
1.0000,0.0170,0.0009
1.0000,0.0180,0.0010
1.0000,0.0190,0.0011
1.0000,0.0200,0.0013
1.0000,0.0210,0.0014
1.0000,0.0219,0.0015
1.0000,0.0229,0.0017
1.0000,0.0239,0.0018
1.0000,0.0249,0.0020
1.0000,0.0259,0.0021
1.0000,0.0269,0.0023
1.0000,0.0279,0.0025
1.0000,0.0289,0.0026
1.0000,0.0299,0.0028
1.0000,0.0309,0.0030
1.0000,0.0318,0.0032
1.0000,0.0328,0.0034
1.0000,0.0338,0.0036
1.0000,0.0348,0.0038
1.0000,0.0358,0.0041
1.0000,0.0368,0.0043
1.0000,0.0377,0.0045
1.0000,0.0387,0.0048
1.0000,0.0397,0.0050
1.0000,0.0407,0.0053
1.0000,0.0416,0.0055
1.0000,0.0426,0.0058
1.0000,0.0436,0.0061
1.0000,0.0446,0.0063
1.0000,0.0455,0.0066
1.0000,0.0465,0.0069
1.0000,0.0475,0.0072
1.0000,0.0484,0.0075
1.0000,0.0494,0.0078
1.0000,0.0503,0.0081
1.0000,0.0513,0.0085
1.0000,0.0523,0.0088
1.0000,0.0532,0.0091
1.0000,0.0542,0.0095
1.0000,0.0551,0.0098
1.0000,0.0561,0.0102
1.0000,0.0570,0.0105
1.0000,0.0580,0.0109
1.0000,0.0589,0.0112
1.0000,0.0599,0.0116
1.0000,0.0608,0.0120
1.0000,0.0618,0.0124
1.0000,0.0627,0.0128
1.0000,0.0636,0.0132
1.0000,0.0646,0.0136
1.0000,0.0655,0.0140
1.0000,0.0665,0.0144
1.0000,0.0674,0.0148
1.0000,0.0683,0.0153
1.0000,0.0692,0.0157
1.0000,0.0702,0.0161
1.0000,0.0711,0.0166
1.0000,0.0720,0.0170
1.0000,0.0729,0.0175
1.0000,0.0738,0.0180
1.0000,0.0748,0.0184
1.0000,0.0757,0.0189
1.0000,0.0766,0.0194
1.0000,0.0775,0.0199
1.0000,0.0784,0.0204
1.0000,0.0793,0.0209
1.0000,0.0802,0.0214
1.0000,0.0811,0.0219
1.0000,0.0820,0.0224
1.0000,0.0829,0.0230
1.0000,0.0838,0.0235
1.0000,0.0847,0.0240
1.0000,0.0855,0.0246
1.0000,0.0864,0.0251
1.0000,0.0873,0.0257
1.0000,0.0882,0.0262
1.0000,0.0891,0.0268
1.0000,0.0899,0.0274
1.0000,0.0908,0.0279
1.0000,0.0917,0.0285
1.0000,0.0925,0.0291
1.0000,0.0934,0.0297
1.0000,0.0943,0.0303
1.0000,0.0951,0.0309
1.0000,0.0960,0.0315
1.0000,0.0968,0.0321
1.0000,0.0977,0.0328
1.0000,0.0985,0.0334
1.0000,0.0993,0.0340
1.0000,0.1002,0.0347
1.0000,0.1010,0.0353
1.0000,0.1018,0.0359
1.0000,0.1027,0.0366
1.0000,0.1035,0.0373
1.0000,0.1043,0.0379
1.0000,0.1051,0.0386
1.0000,0.1060,0.0393
1.0000,0.1068,0.0400
1.0000,0.1076,0.0406
1.0000,0.1084,0.0413
1.0000,0.1092,0.0420
1.0000,0.1100,0.0427
1.0000,0.1108,0.0435
1.0000,0.1116,0.0442
1.0000,0.1124,0.0449
1.0000,0.1131,0.0456
1.0000,0.1139,0.0464
1.0000,0.1147,0.0471
1.0000,0.1155,0.0478
1.0000,0.1163,0.0486
1.0000,0.1170,0.0493
1.0000,0.1178,0.0501
1.0000,0.1186,0.0509
1.0000,0.1193,0.0516
1.0000,0.1201,0.0524
1.0000,0.1208,0.0532
1.0000,0.1216,0.0540
1.0000,0.1223,0.0548
1.0000,0.1230,0.0556
1.0000,0.1238,0.0564
1.0000,0.1245,0.0572
1.0000,0.1252,0.0580
1.0000,0.1260,0.0588
1.0000,0.1267,0.0596
1.0000,0.1274,0.0604
1.0000,0.1281,0.0613
1.0000,0.1288,0.0621
1.0000,0.1295,0.0629
1.0000,0.1302,0.0638
1.0000,0.1309,0.0646
1.0000,0.1316,0.0655
1.0000,0.1323,0.0664
1.0000,0.1330,0.0672
1.0000,0.1337,0.0681
1.0000,0.1343,0.0690
1.0000,0.1350,0.0699
1.0000,0.1357,0.0707
1.0000,0.1363,0.0716
1.0000,0.1370,0.0725
1.0000,0.1376,0.0734
1.0000,0.1383,0.0743
1.0000,0.1389,0.0752
1.0000,0.1396,0.0762
1.0000,0.1402,0.0771
1.0000,0.1408,0.0780
1.0000,0.1415,0.0789
1.0000,0.1421,0.0799
1.0000,0.1427,0.0808
1.0000,0.1433,0.0818
1.0000,0.1439,0.0827
1.0000,0.1445,0.0837
1.0000,0.1451,0.0846
1.0000,0.1457,0.0856
1.0000,0.1463,0.0865
1.0000,0.1469,0.0875
1.0000,0.1475,0.0885
1.0000,0.1481,0.0895
1.0000,0.1486,0.0904
1.0000,0.1492,0.0914
1.0000,0.1498,0.0924
1.0000,0.1503,0.0934
1.0000,0.1509,0.0944
1.0000,0.1514,0.0954
1.0000,0.1520,0.0964
1.0000,0.1525,0.0975
1.0000,0.1531,0.0985
1.0000,0.1536,0.0995
1.0000,0.1541,0.1005
1.0000,0.1546,0.1016
1.0000,0.1551,0.1026
1.0000,0.1556,0.1036
1.0000,0.1562,0.1047
1.0000,0.1567,0.1057
1.0000,0.1571,0.1068
1.0000,0.1576,0.1079
1.0000,0.1581,0.1089
1.0000,0.1586,0.1100
1.0000,0.1591,0.1111
1.0000,0.1595,0.1121
1.0000,0.1600,0.1132
1.0000,0.1605,0.1143
1.0000,0.1609,0.1154
1.0000,0.1614,0.1165
1.0000,0.1618,0.1176
1.0000,0.1622,0.1187
1.0000,0.1627,0.1198
1.0000,0.1631,0.1209
1.0000,0.1635,0.1220
1.0000,0.1639,0.1231
1.0000,0.1643,0.1242
1.0000,0.1648,0.1253
1.0000,0.1652,0.1264
1.0000,0.1655,0.1276
1.0000,0.1659,0.1287
1.0000,0.1663,0.1298
1.0000,0.1667,0.1310
1.0000,0.1671,0.1321
1.0000,0.1674,0.1333
1.0000,0.1678,0.1344
1.0000,0.1681,0.1356
1.0000,0.1685,0.1367
1.0000,0.1688,0.1379
1.0000,0.1692,0.1391
1.0000,0.1695,0.1402
1.0000,0.1698,0.1414
1.0000,0.1702,0.1426
1.0000,0.1705,0.1438
1.0000,0.1708,0.1449
1.0000,0.1711,0.1461
1.0000,0.1714,0.1473
1.0000,0.1717,0.1485
1.0000,0.1720,0.1497
1.0000,0.1723,0.1509
1.0000,0.1725,0.1521
1.0000,0.1728,0.1533
1.0000,0.1731,0.1545
1.0000,0.1733,0.1557
1.0000,0.1736,0.1569
1.0000,0.1738,0.1582
1.0000,0.1741,0.1594
1.0000,0.1743,0.1606
1.0000,0.1745,0.1618
1.0000,0.1747,0.1631
1.0000,0.1750,0.1643
1.0000,0.1752,0.1655
1.0000,0.1754,0.1668
1.0000,0.1756,0.1680
1.0000,0.1758,0.1693
1.0000,0.1759,0.1705
1.0000,0.1761,0.1717
1.0000,0.1763,0.1730
1.0000,0.1765,0.1743
1.0000,0.1766,0.1755
1.0000,0.1768,0.1768
1.0000,0.1769,0.1780
1.0000,0.1771,0.1793
1.0000,0.1772,0.1806
1.0000,0.1773,0.1818
1.0000,0.1775,0.1831
1.0000,0.1776,0.1844
1.0000,0.1777,0.1857
1.0000,0.1778,0.1870
1.0000,0.1779,0.1882
1.0000,0.1780,0.1895
1.0000,0.1781,0.1908
1.0000,0.1781,0.1921
1.0000,0.1782,0.1934
1.0000,0.1783,0.1947
1.0000,0.1783,0.1960
1.0000,0.1784,0.1973
1.0000,0.1784,0.1986
1.0000,0.1785,0.1999
1.0000,0.1785,0.2012
1.0000,0.1786,0.2025
1.0000,0.1786,0.2038
1.0000,0.1786,0.2052
1.0000,0.1786,0.2065
1.0000,0.1786,0.2078
1.0000,0.1786,0.2091
1.0000,0.1786,0.2104
1.0000,0.1786,0.2118
1.0000,0.1785,0.2131
1.0000,0.1785,0.2144
1.0000,0.1785,0.2157
1.0000,0.1784,0.2171
1.0000,0.1784,0.2184
1.0000,0.1783,0.2197
1.0000,0.1783,0.2211
1.0000,0.1782,0.2224
1.0000,0.1781,0.2238
1.0000,0.1780,0.2251
1.0000,0.1779,0.2265
1.0000,0.1778,0.2278
1.0000,0.1777,0.2291
1.0000,0.1776,0.2305
1.0000,0.1775,0.2318
1.0000,0.1774,0.2332
1.0000,0.1773,0.2346
1.0000,0.1771,0.2359
1.0000,0.1770,0.2373
1.0000,0.1768,0.2386
1.0000,0.1767,0.2400
1.0000,0.1765,0.2413
1.0000,0.1763,0.2427
1.0000,0.1762,0.2441
1.0000,0.1760,0.2454
1.0000,0.1758,0.2468
1.0000,0.1756,0.2482
1.0000,0.1754,0.2495
1.0000,0.1752,0.2509
1.0000,0.1749,0.2523
1.0000,0.1747,0.2536
1.0000,0.1745,0.2550
1.0000,0.1742,0.2564
1.0000,0.1740,0.2578
1.0000,0.1737,0.2591
1.0000,0.1735,0.2605
1.0000,0.1732,0.2619
1.0000,0.1729,0.2633
1.0000,0.1727,0.2647
1.0000,0.1724,0.2660
1.0000,0.1721,0.2674
1.0000,0.1718,0.2688
1.0000,0.1715,0.2702
1.0000,0.1711,0.2716
1.0000,0.1708,0.2730
1.0000,0.1705,0.2743
1.0000,0.1702,0.2757
1.0000,0.1698,0.2771
1.0000,0.1695,0.2785
1.0000,0.1691,0.2799
1.0000,0.1687,0.2813
1.0000,0.1684,0.2827
1.0000,0.1680,0.2840
1.0000,0.1676,0.2854
1.0000,0.1672,0.2868
1.0000,0.1668,0.2882
1.0000,0.1664,0.2896
1.0000,0.1660,0.2910
1.0000,0.1656,0.2924
1.0000,0.1651,0.2938
1.0000,0.1647,0.2952
1.0000,0.1642,0.2966
1.0000,0.1638,0.2979
1.0000,0.1633,0.2993
1.0000,0.1629,0.3007
1.0000,0.1624,0.3021
1.0000,0.1619,0.3035
1.0000,0.1614,0.3049
1.0000,0.1609,0.3063
1.0000,0.1604,0.3077
1.0000,0.1599,0.3091
1.0000,0.1594,0.3105
1.0000,0.1589,0.3119
1.0000,0.1584,0.3132
1.0000,0.1578,0.3146
1.0000,0.1573,0.3160
1.0000,0.1567,0.3174
1.0000,0.1562,0.3188
1.0000,0.1556,0.3202
1.0000,0.1550,0.3216
1.0000,0.1545,0.3230
1.0000,0.1539,0.3244
1.0000,0.1533,0.3257
1.0000,0.1527,0.3271
1.0000,0.1521,0.3285
1.0000,0.1515,0.3299
1.0000,0.1508,0.3313
1.0000,0.1502,0.3327
1.0000,0.1496,0.3340
1.0000,0.1489,0.3354
1.0000,0.1483,0.3368
1.0000,0.1476,0.3382
1.0000,0.1469,0.3396
1.0000,0.1463,0.3409
1.0000,0.1456,0.3423
1.0000,0.1449,0.3437
1.0000,0.1442,0.3451
1.0000,0.1435,0.3465
1.0000,0.1428,0.3478
1.0000,0.1421,0.3492
1.0000,0.1414,0.3506
1.0000,0.1406,0.3519
1.0000,0.1399,0.3533
1.0000,0.1391,0.3547
1.0000,0.1384,0.3561
1.0000,0.1376,0.3574
1.0000,0.1369,0.3588
1.0000,0.1361,0.3601
1.0000,0.1353,0.3615
1.0000,0.1345,0.3629
1.0000,0.1337,0.3642
1.0000,0.1329,0.3656
1.0000,0.1321,0.3669
1.0000,0.1313,0.3683
1.0000,0.1305,0.3697
1.0000,0.1296,0.3710
1.0000,0.1288,0.3724
1.0000,0.1279,0.3737
1.0000,0.1271,0.3751
1.0000,0.1262,0.3764
1.0000,0.1254,0.3777
1.0000,0.1245,0.3791
1.0000,0.1236,0.3804
1.0000,0.1227,0.3818
1.0000,0.1218,0.3831
1.0000,0.1209,0.3844
1.0000,0.1200,0.3858
1.0000,0.1191,0.3871
1.0000,0.1182,0.3884
1.0000,0.1172,0.3898
1.0000,0.1163,0.3911
1.0000,0.1153,0.3924
1.0000,0.1144,0.3937
1.0000,0.1134,0.3950
1.0000,0.1125,0.3964
1.0000,0.1115,0.3977
1.0000,0.1105,0.3990
1.0000,0.1095,0.4003
1.0000,0.1085,0.4016
1.0000,0.1075,0.4029
1.0000,0.1065,0.4042
1.0000,0.1055,0.4055
1.0000,0.1044,0.4068
1.0000,0.1034,0.4081
1.0000,0.1024,0.4094
1.0000,0.1013,0.4107
1.0000,0.1003,0.4120
1.0000,0.0992,0.4133
1.0000,0.0981,0.4145
1.0000,0.0971,0.4158
1.0000,0.0960,0.4171
1.0000,0.0949,0.4184
1.0000,0.0938,0.4196
1.0000,0.0927,0.4209
1.0000,0.0916,0.4222
1.0000,0.0905,0.4234
1.0000,0.0893,0.4247
1.0000,0.0882,0.4260
1.0000,0.0871,0.4272
1.0000,0.0859,0.4285
1.0000,0.0848,0.4297
1.0000,0.0836,0.4310
1.0000,0.0824,0.4322
1.0000,0.0813,0.4334
1.0000,0.0801,0.4347
1.0000,0.0789,0.4359
1.0000,0.0777,0.4371
1.0000,0.0765,0.4384
1.0000,0.0753,0.4396
1.0000,0.0741,0.4408
1.0000,0.0729,0.4420
1.0000,0.0716,0.4432
1.0000,0.0704,0.4445
1.0000,0.0692,0.4457
1.0000,0.0679,0.4469
1.0000,0.0666,0.4481
1.0000,0.0654,0.4493
1.0000,0.0641,0.4505
1.0000,0.0628,0.4517
1.0000,0.0615,0.4528
1.0000,0.0603,0.4540
1.0000,0.0590,0.4552
1.0000,0.0577,0.4564
1.0000,0.0563,0.4575
1.0000,0.0550,0.4587
1.0000,0.0537,0.4599
1.0000,0.0524,0.4610
1.0000,0.0510,0.4622
1.0000,0.0497,0.4633
1.0000,0.0483,0.4645
1.0000,0.0470,0.4656
1.0000,0.0456,0.4668
1.0000,0.0442,0.4679
1.0000,0.0429,0.4690
1.0000,0.0415,0.4702
1.0000,0.0401,0.4713
1.0000,0.0387,0.4724
1.0000,0.0373,0.4735
1.0000,0.0359,0.4746
1.0000,0.0344,0.4758
1.0000,0.0330,0.4769
1.0000,0.0316,0.4780
1.0000,0.0301,0.4791
1.0000,0.0287,0.4801
1.0000,0.0272,0.4812
1.0000,0.0258,0.4823
1.0000,0.0243,0.4834
1.0000,0.0228,0.4845
1.0000,0.0214,0.4855
1.0000,0.0199,0.4866
1.0000,0.0184,0.4877
1.0000,0.0169,0.4887
1.0000,0.0154,0.4898
1.0000,0.0139,0.4908
1.0000,0.0124,0.4918
1.0000,0.0108,0.4929
1.0000,0.0093,0.4939
1.0000,0.0078,0.4949
1.0000,0.0062,0.4960
1.0000,0.0047,0.4970
1.0000,0.0031,0.4980
1.0000,0.0016,0.4990
1.0000,-0.0000,0.5000
1.0000,-0.0016,0.5010
1.0000,-0.0032,0.5020
1.0000,-0.0047,0.5030
1.0000,-0.0063,0.5040
1.0000,-0.0079,0.5049
1.0000,-0.0095,0.5059
1.0000,-0.0111,0.5069
1.0000,-0.0128,0.5078
1.0000,-0.0144,0.5088
1.0000,-0.0160,0.5097
1.0000,-0.0177,0.5107
1.0000,-0.0193,0.5116
1.0000,-0.0209,0.5126
1.0000,-0.0226,0.5135
1.0000,-0.0243,0.5144
1.0000,-0.0259,0.5153
1.0000,-0.0276,0.5163
1.0000,-0.0293,0.5172
1.0000,-0.0310,0.5181
1.0000,-0.0327,0.5190
1.0000,-0.0343,0.5199
1.0000,-0.0360,0.5208
1.0000,-0.0378,0.5216
1.0000,-0.0395,0.5225
1.0000,-0.0412,0.5234
1.0000,-0.0429,0.5242
1.0000,-0.0446,0.5251
1.0000,-0.0464,0.5260
1.0000,-0.0481,0.5268
1.0000,-0.0499,0.5276
1.0000,-0.0516,0.5285
1.0000,-0.0534,0.5293
1.0000,-0.0552,0.5301
1.0000,-0.0569,0.5310
1.0000,-0.0587,0.5318
1.0000,-0.0605,0.5326
1.0000,-0.0623,0.5334
1.0000,-0.0641,0.5342
1.0000,-0.0659,0.5350
1.0000,-0.0677,0.5357
1.0000,-0.0695,0.5365
1.0000,-0.0713,0.5373
1.0000,-0.0731,0.5381
1.0000,-0.0750,0.5388
1.0000,-0.0768,0.5396
1.0000,-0.0786,0.5403
1.0000,-0.0805,0.5410
1.0000,-0.0823,0.5418
1.0000,-0.0842,0.5425
1.0000,-0.0860,0.5432
1.0000,-0.0879,0.5439
1.0000,-0.0898,0.5447
1.0000,-0.0917,0.5454
1.0000,-0.0935,0.5460
1.0000,-0.0954,0.5467
1.0000,-0.0973,0.5474
1.0000,-0.0992,0.5481
1.0000,-0.1011,0.5488
1.0000,-0.1030,0.5494
1.0000,-0.1049,0.5501
1.0000,-0.1069,0.5507
1.0000,-0.1088,0.5514
1.0000,-0.1107,0.5520
1.0000,-0.1126,0.5526
1.0000,-0.1146,0.5533
1.0000,-0.1165,0.5539
1.0000,-0.1185,0.5545
1.0000,-0.1204,0.5551
1.0000,-0.1224,0.5557
1.0000,-0.1243,0.5563
1.0000,-0.1263,0.5569
1.0000,-0.1283,0.5574
1.0000,-0.1303,0.5580
1.0000,-0.1322,0.5586
1.0000,-0.1342,0.5591
1.0000,-0.1362,0.5597
1.0000,-0.1382,0.5602
1.0000,-0.1402,0.5607
1.0000,-0.1422,0.5613
1.0000,-0.1442,0.5618
1.0000,-0.1463,0.5623
1.0000,-0.1483,0.5628
1.0000,-0.1503,0.5633
1.0000,-0.1523,0.5638
1.0000,-0.1544,0.5643
1.0000,-0.1564,0.5647
1.0000,-0.1584,0.5652
1.0000,-0.1605,0.5657
1.0000,-0.1625,0.5661
1.0000,-0.1646,0.5666
1.0000,-0.1667,0.5670
1.0000,-0.1687,0.5674
1.0000,-0.1708,0.5679
1.0000,-0.1729,0.5683
1.0000,-0.1750,0.5687
1.0000,-0.1770,0.5691
1.0000,-0.1791,0.5695
1.0000,-0.1812,0.5699
1.0000,-0.1833,0.5703
1.0000,-0.1854,0.5706
1.0000,-0.1875,0.5710
1.0000,-0.1896,0.5714
1.0000,-0.1917,0.5717
1.0000,-0.1938,0.5720
1.0000,-0.1960,0.5724
1.0000,-0.1981,0.5727
1.0000,-0.2002,0.5730
1.0000,-0.2024,0.5733
1.0000,-0.2045,0.5736
1.0000,-0.2066,0.5739
1.0000,-0.2088,0.5742
1.0000,-0.2109,0.5745
1.0000,-0.2131,0.5748
1.0000,-0.2152,0.5750
1.0000,-0.2174,0.5753
1.0000,-0.2195,0.5755
1.0000,-0.2217,0.5758
1.0000,-0.2239,0.5760
1.0000,-0.2261,0.5762
1.0000,-0.2282,0.5765
1.0000,-0.2304,0.5767
1.0000,-0.2326,0.5769
1.0000,-0.2348,0.5771
1.0000,-0.2370,0.5772
1.0000,-0.2392,0.5774
1.0000,-0.2414,0.5776
1.0000,-0.2436,0.5778
1.0000,-0.2458,0.5779
1.0000,-0.2480,0.5780
1.0000,-0.2502,0.5782
1.0000,-0.2524,0.5783
1.0000,-0.2546,0.5784
1.0000,-0.2569,0.5785
1.0000,-0.2591,0.5786
1.0000,-0.2613,0.5787
1.0000,-0.2635,0.5788
1.0000,-0.2658,0.5789
1.0000,-0.2680,0.5790
1.0000,-0.2703,0.5790
1.0000,-0.2725,0.5791
1.0000,-0.2747,0.5791
1.0000,-0.2770,0.5792
1.0000,-0.2792,0.5792
1.0000,-0.2815,0.5792
1.0000,-0.2838,0.5792
1.0000,-0.2860,0.5792
1.0000,-0.2883,0.5792
1.0000,-0.2906,0.5792
1.0000,-0.2928,0.5792
1.0000,-0.2951,0.5792
1.0000,-0.2974,0.5791
1.0000,-0.2996,0.5791
1.0000,-0.3019,0.5790
1.0000,-0.3042,0.5789
1.0000,-0.3065,0.5789
1.0000,-0.3088,0.5788
1.0000,-0.3111,0.5787
1.0000,-0.3134,0.5786
1.0000,-0.3157,0.5785
1.0000,-0.3180,0.5784
1.0000,-0.3203,0.5782
1.0000,-0.3226,0.5781
1.0000,-0.3249,0.5780
1.0000,-0.3272,0.5778
1.0000,-0.3295,0.5776
1.0000,-0.3318,0.5775
1.0000,-0.3341,0.5773
1.0000,-0.3364,0.5771
1.0000,-0.3387,0.5769
1.0000,-0.3411,0.5767
1.0000,-0.3434,0.5765
1.0000,-0.3457,0.5763
1.0000,-0.3480,0.5760
1.0000,-0.3504,0.5758
1.0000,-0.3527,0.5755
1.0000,-0.3550,0.5753
1.0000,-0.3574,0.5750
1.0000,-0.3597,0.5747
1.0000,-0.3620,0.5744
1.0000,-0.3644,0.5741
1.0000,-0.3667,0.5738
1.0000,-0.3690,0.5735
1.0000,-0.3714,0.5732
1.0000,-0.3737,0.5729
1.0000,-0.3761,0.5725
1.0000,-0.3784,0.5722
1.0000,-0.3808,0.5718
1.0000,-0.3831,0.5714
1.0000,-0.3855,0.5711
1.0000,-0.3878,0.5707
1.0000,-0.3902,0.5703
1.0000,-0.3926,0.5699
1.0000,-0.3949,0.5695
1.0000,-0.3973,0.5690
1.0000,-0.3996,0.5686
1.0000,-0.4020,0.5682
1.0000,-0.4044,0.5677
1.0000,-0.4067,0.5673
1.0000,-0.4091,0.5668
1.0000,-0.4114,0.5663
1.0000,-0.4138,0.5658
1.0000,-0.4162,0.5653
1.0000,-0.4186,0.5648
1.0000,-0.4209,0.5643
1.0000,-0.4233,0.5638
1.0000,-0.4257,0.5632
1.0000,-0.4280,0.5627
1.0000,-0.4304,0.5621
1.0000,-0.4328,0.5616
1.0000,-0.4352,0.5610
1.0000,-0.4375,0.5604
1.0000,-0.4399,0.5598
1.0000,-0.4423,0.5592
1.0000,-0.4447,0.5586
1.0000,-0.4470,0.5580
1.0000,-0.4494,0.5574
1.0000,-0.4518,0.5567
1.0000,-0.4542,0.5561
1.0000,-0.4566,0.5554
1.0000,-0.4589,0.5548
1.0000,-0.4613,0.5541
1.0000,-0.4637,0.5534
1.0000,-0.4661,0.5527
1.0000,-0.4685,0.5520
1.0000,-0.4708,0.5513
1.0000,-0.4732,0.5506
1.0000,-0.4756,0.5498
1.0000,-0.4780,0.5491
1.0000,-0.4804,0.5483
1.0000,-0.4828,0.5476
1.0000,-0.4851,0.5468
1.0000,-0.4875,0.5460
1.0000,-0.4899,0.5452
1.0000,-0.4923,0.5444
1.0000,-0.4947,0.5436
1.0000,-0.4970,0.5428
1.0000,-0.4994,0.5420
1.0000,-0.5018,0.5411
1.0000,-0.5042,0.5403
1.0000,-0.5066,0.5394
1.0000,-0.5089,0.5386
1.0000,-0.5113,0.5377
1.0000,-0.5137,0.5368
1.0000,-0.5161,0.5359
1.0000,-0.5185,0.5350
1.0000,-0.5208,0.5341
1.0000,-0.5232,0.5332
1.0000,-0.5256,0.5322
1.0000,-0.5280,0.5313
1.0000,-0.5303,0.5303
1.0000,-0.5327,0.5294
1.0000,-0.5351,0.5284
1.0000,-0.5374,0.5274
1.0000,-0.5398,0.5264
1.0000,-0.5422,0.5254
1.0000,-0.5446,0.5244
1.0000,-0.5469,0.5234
1.0000,-0.5493,0.5223
1.0000,-0.5517,0.5213
1.0000,-0.5540,0.5203
1.0000,-0.5564,0.5192
1.0000,-0.5587,0.5181
1.0000,-0.5611,0.5170
1.0000,-0.5635,0.5160
1.0000,-0.5658,0.5149
1.0000,-0.5682,0.5137
1.0000,-0.5705,0.5126
1.0000,-0.5729,0.5115
1.0000,-0.5752,0.5104
1.0000,-0.5776,0.5092
1.0000,-0.5799,0.5081
1.0000,-0.5823,0.5069
1.0000,-0.5846,0.5057
1.0000,-0.5870,0.5045
1.0000,-0.5893,0.5033
1.0000,-0.5917,0.5021
1.0000,-0.5940,0.5009
1.0000,-0.5963,0.4997
1.0000,-0.5987,0.4984
1.0000,-0.6010,0.4972
1.0000,-0.6033,0.4959
1.0000,-0.6057,0.4947
1.0000,-0.6080,0.4934
1.0000,-0.6103,0.4921
1.0000,-0.6126,0.4908
1.0000,-0.6150,0.4895
1.0000,-0.6173,0.4882
1.0000,-0.6196,0.4869
1.0000,-0.6219,0.4855
1.0000,-0.6242,0.4842
1.0000,-0.6265,0.4828
1.0000,-0.6288,0.4815
1.0000,-0.6311,0.4801
1.0000,-0.6334,0.4787
1.0000,-0.6357,0.4773
1.0000,-0.6380,0.4759
1.0000,-0.6403,0.4745
1.0000,-0.6426,0.4731
1.0000,-0.6449,0.4717
1.0000,-0.6472,0.4702
1.0000,-0.6495,0.4688
1.0000,-0.6518,0.4673
1.0000,-0.6541,0.4658
1.0000,-0.6563,0.4644
1.0000,-0.6586,0.4629
1.0000,-0.6609,0.4614
1.0000,-0.6631,0.4599
1.0000,-0.6654,0.4584
1.0000,-0.6677,0.4568
1.0000,-0.6699,0.4553
1.0000,-0.6722,0.4537
1.0000,-0.6744,0.4522
1.0000,-0.6767,0.4506
1.0000,-0.6789,0.4490
1.0000,-0.6812,0.4475
1.0000,-0.6834,0.4459
1.0000,-0.6857,0.4443
1.0000,-0.6879,0.4426
1.0000,-0.6901,0.4410
1.0000,-0.6923,0.4394
1.0000,-0.6946,0.4377
1.0000,-0.6968,0.4361
1.0000,-0.6990,0.4344
1.0000,-0.7012,0.4327
1.0000,-0.7034,0.4311
1.0000,-0.7056,0.4294
1.0000,-0.7078,0.4277
1.0000,-0.7100,0.4260
1.0000,-0.7122,0.4242
1.0000,-0.7144,0.4225
1.0000,-0.7166,0.4208
1.0000,-0.7188,0.4190
1.0000,-0.7210,0.4173
1.0000,-0.7231,0.4155
1.0000,-0.7253,0.4137
1.0000,-0.7275,0.4119
1.0000,-0.7296,0.4101
1.0000,-0.7318,0.4083
1.0000,-0.7339,0.4065
1.0000,-0.7361,0.4047
1.0000,-0.7382,0.4028
1.0000,-0.7404,0.4010
1.0000,-0.7425,0.3991
1.0000,-0.7447,0.3973
1.0000,-0.7468,0.3954
1.0000,-0.7489,0.3935
1.0000,-0.7510,0.3916
1.0000,-0.7531,0.3897
1.0000,-0.7552,0.3878
1.0000,-0.7574,0.3859
1.0000,-0.7595,0.3840
1.0000,-0.7616,0.3820
1.0000,-0.7636,0.3801
1.0000,-0.7657,0.3781
1.0000,-0.7678,0.3761
1.0000,-0.7699,0.3742
1.0000,-0.7720,0.3722
1.0000,-0.7740,0.3702
1.0000,-0.7761,0.3682
1.0000,-0.7782,0.3662
1.0000,-0.7802,0.3641
1.0000,-0.7823,0.3621
1.0000,-0.7843,0.3601
1.0000,-0.7863,0.3580
1.0000,-0.7884,0.3560
1.0000,-0.7904,0.3539
1.0000,-0.7924,0.3518
1.0000,-0.7944,0.3497
1.0000,-0.7964,0.3476
1.0000,-0.7984,0.3455
1.0000,-0.8004,0.3434
1.0000,-0.8024,0.3413
1.0000,-0.8044,0.3391
1.0000,-0.8064,0.3370
1.0000,-0.8084,0.3348
1.0000,-0.8104,0.3327
1.0000,-0.8123,0.3305
1.0000,-0.8143,0.3283
1.0000,-0.8163,0.3261
1.0000,-0.8182,0.3239
1.0000,-0.8201,0.3217
1.0000,-0.8221,0.3195
1.0000,-0.8240,0.3173
1.0000,-0.8259,0.3151
1.0000,-0.8279,0.3128
1.0000,-0.8298,0.3106
1.0000,-0.8317,0.3083
1.0000,-0.8336,0.3060
1.0000,-0.8355,0.3038
1.0000,-0.8374,0.3015
1.0000,-0.8393,0.2992
1.0000,-0.8411,0.2969
1.0000,-0.8430,0.2946
1.0000,-0.8449,0.2922
1.0000,-0.8467,0.2899
1.0000,-0.8486,0.2876
1.0000,-0.8504,0.2852
1.0000,-0.8523,0.2829
1.0000,-0.8541,0.2805
1.0000,-0.8560,0.2781
1.0000,-0.8578,0.2757
1.0000,-0.8596,0.2733
1.0000,-0.8614,0.2709
1.0000,-0.8632,0.2685
1.0000,-0.8650,0.2661
1.0000,-0.8668,0.2637
1.0000,-0.8686,0.2612
1.0000,-0.8703,0.2588
1.0000,-0.8721,0.2563
1.0000,-0.8739,0.2539
1.0000,-0.8756,0.2514
1.0000,-0.8774,0.2489
1.0000,-0.8791,0.2464
1.0000,-0.8808,0.2439
1.0000,-0.8826,0.2414
1.0000,-0.8843,0.2389
1.0000,-0.8860,0.2364
1.0000,-0.8877,0.2339
1.0000,-0.8894,0.2313
1.0000,-0.8911,0.2288
1.0000,-0.8928,0.2262
1.0000,-0.8945,0.2237
1.0000,-0.8961,0.2211
1.0000,-0.8978,0.2185
1.0000,-0.8994,0.2159
1.0000,-0.9011,0.2133
1.0000,-0.9027,0.2107
1.0000,-0.9044,0.2081
1.0000,-0.9060,0.2055
1.0000,-0.9076,0.2029
1.0000,-0.9092,0.2002
1.0000,-0.9108,0.1976
1.0000,-0.9124,0.1949
1.0000,-0.9140,0.1923
1.0000,-0.9156,0.1896
1.0000,-0.9171,0.1869
1.0000,-0.9187,0.1842
1.0000,-0.9203,0.1815
1.0000,-0.9218,0.1788
1.0000,-0.9234,0.1761
1.0000,-0.9249,0.1734
1.0000,-0.9264,0.1707
1.0000,-0.9279,0.1680
1.0000,-0.9294,0.1652
1.0000,-0.9309,0.1625
1.0000,-0.9324,0.1597
1.0000,-0.9339,0.1570
1.0000,-0.9354,0.1542
1.0000,-0.9368,0.1514
1.0000,-0.9383,0.1486
1.0000,-0.9398,0.1458
1.0000,-0.9412,0.1430
1.0000,-0.9426,0.1402
1.0000,-0.9441,0.1374
1.0000,-0.9455,0.1346
1.0000,-0.9469,0.1317
1.0000,-0.9483,0.1289
1.0000,-0.9497,0.1260
1.0000,-0.9511,0.1232
1.0000,-0.9524,0.1203
1.0000,-0.9538,0.1174
1.0000,-0.9552,0.1146
1.0000,-0.9565,0.1117
1.0000,-0.9578,0.1088
1.0000,-0.9592,0.1059
1.0000,-0.9605,0.1030
1.0000,-0.9618,0.1001
1.0000,-0.9631,0.0972
1.0000,-0.9644,0.0942
1.0000,-0.9657,0.0913
1.0000,-0.9670,0.0883
1.0000,-0.9682,0.0854
1.0000,-0.9695,0.0824
1.0000,-0.9708,0.0795
1.0000,-0.9720,0.0765
1.0000,-0.9732,0.0735
1.0000,-0.9745,0.0705
1.0000,-0.9757,0.0675
1.0000,-0.9769,0.0645
1.0000,-0.9781,0.0615
1.0000,-0.9793,0.0585
1.0000,-0.9804,0.0555
1.0000,-0.9816,0.0525
1.0000,-0.9828,0.0494
1.0000,-0.9839,0.0464
1.0000,-0.9850,0.0434
1.0000,-0.9862,0.0403
1.0000,-0.9873,0.0372
1.0000,-0.9884,0.0342
1.0000,-0.9895,0.0311
1.0000,-0.9906,0.0280
1.0000,-0.9917,0.0249
1.0000,-0.9928,0.0218
1.0000,-0.9938,0.0187
1.0000,-0.9949,0.0156
1.0000,-0.9959,0.0125
1.0000,-0.9970,0.0094
1.0000,-0.9980,0.0063
1.0000,-0.9990,0.0031
1.0000,-1.0000,0.0000
2.0000,-0.0000,0.0010
2.0000,-0.0000,0.0020
2.0000,-0.0000,0.0030
2.0000,-0.0001,0.0040
2.0000,-0.0001,0.0050
2.0000,-0.0001,0.0060
2.0000,-0.0002,0.0070
2.0000,-0.0002,0.0080
2.0000,-0.0003,0.0090
2.0000,-0.0003,0.0100
2.0000,-0.0004,0.0110
2.0000,-0.0005,0.0120
2.0000,-0.0005,0.0130
2.0000,-0.0006,0.0140
2.0000,-0.0007,0.0150
2.0000,-0.0008,0.0160
2.0000,-0.0009,0.0170
2.0000,-0.0010,0.0180
2.0000,-0.0011,0.0190
2.0000,-0.0013,0.0200
2.0000,-0.0014,0.0210
2.0000,-0.0015,0.0219
2.0000,-0.0017,0.0229
2.0000,-0.0018,0.0239
2.0000,-0.0020,0.0249
2.0000,-0.0021,0.0259
2.0000,-0.0023,0.0269
2.0000,-0.0025,0.0279
2.0000,-0.0026,0.0289
2.0000,-0.0028,0.0299
2.0000,-0.0030,0.0309
2.0000,-0.0032,0.0318
2.0000,-0.0034,0.0328
2.0000,-0.0036,0.0338
2.0000,-0.0038,0.0348
2.0000,-0.0041,0.0358
2.0000,-0.0043,0.0368
2.0000,-0.0045,0.0377
2.0000,-0.0048,0.0387
2.0000,-0.0050,0.0397
2.0000,-0.0053,0.0407
2.0000,-0.0055,0.0416
2.0000,-0.0058,0.0426
2.0000,-0.0061,0.0436
2.0000,-0.0063,0.0446
2.0000,-0.0066,0.0455
2.0000,-0.0069,0.0465
2.0000,-0.0072,0.0475
2.0000,-0.0075,0.0484
2.0000,-0.0078,0.0494
2.0000,-0.0081,0.0503
2.0000,-0.0085,0.0513
2.0000,-0.0088,0.0523
2.0000,-0.0091,0.0532
2.0000,-0.0095,0.0542
2.0000,-0.0098,0.0551
2.0000,-0.0102,0.0561
2.0000,-0.0105,0.0570
2.0000,-0.0109,0.0580
2.0000,-0.0112,0.0589
2.0000,-0.0116,0.0599
2.0000,-0.0120,0.0608
2.0000,-0.0124,0.0618
2.0000,-0.0128,0.0627
2.0000,-0.0132,0.0636
2.0000,-0.0136,0.0646
2.0000,-0.0140,0.0655
2.0000,-0.0144,0.0665
2.0000,-0.0148,0.0674
2.0000,-0.0153,0.0683
2.0000,-0.0157,0.0692
2.0000,-0.0161,0.0702
2.0000,-0.0166,0.0711
2.0000,-0.0170,0.0720
2.0000,-0.0175,0.0729
2.0000,-0.0180,0.0738
2.0000,-0.0184,0.0748
2.0000,-0.0189,0.0757
2.0000,-0.0194,0.0766
2.0000,-0.0199,0.0775
2.0000,-0.0204,0.0784
2.0000,-0.0209,0.0793
2.0000,-0.0214,0.0802
2.0000,-0.0219,0.0811
2.0000,-0.0224,0.0820
2.0000,-0.0230,0.0829
2.0000,-0.0235,0.0838
2.0000,-0.0240,0.0847
2.0000,-0.0246,0.0855
2.0000,-0.0251,0.0864
2.0000,-0.0257,0.0873
2.0000,-0.0262,0.0882
2.0000,-0.0268,0.0891
2.0000,-0.0274,0.0899
2.0000,-0.0279,0.0908
2.0000,-0.0285,0.0917
2.0000,-0.0291,0.0925
2.0000,-0.0297,0.0934
2.0000,-0.0303,0.0943
2.0000,-0.0309,0.0951
2.0000,-0.0315,0.0960
2.0000,-0.0321,0.0968
2.0000,-0.0328,0.0977
2.0000,-0.0334,0.0985
2.0000,-0.0340,0.0993
2.0000,-0.0347,0.1002
2.0000,-0.0353,0.1010
2.0000,-0.0359,0.1018
2.0000,-0.0366,0.1027
2.0000,-0.0373,0.1035
2.0000,-0.0379,0.1043
2.0000,-0.0386,0.1051
2.0000,-0.0393,0.1060
2.0000,-0.0400,0.1068
2.0000,-0.0406,0.1076
2.0000,-0.0413,0.1084
2.0000,-0.0420,0.1092
2.0000,-0.0427,0.1100
2.0000,-0.0435,0.1108
2.0000,-0.0442,0.1116
2.0000,-0.0449,0.1124
2.0000,-0.0456,0.1131
2.0000,-0.0464,0.1139
2.0000,-0.0471,0.1147
2.0000,-0.0478,0.1155
2.0000,-0.0486,0.1163
2.0000,-0.0493,0.1170
2.0000,-0.0501,0.1178
2.0000,-0.0509,0.1186
2.0000,-0.0516,0.1193
2.0000,-0.0524,0.1201
2.0000,-0.0532,0.1208
2.0000,-0.0540,0.1216
2.0000,-0.0548,0.1223
2.0000,-0.0556,0.1230
2.0000,-0.0564,0.1238
2.0000,-0.0572,0.1245
2.0000,-0.0580,0.1252
2.0000,-0.0588,0.1260
2.0000,-0.0596,0.1267
2.0000,-0.0604,0.1274
2.0000,-0.0613,0.1281
2.0000,-0.0621,0.1288
2.0000,-0.0629,0.1295
2.0000,-0.0638,0.1302
2.0000,-0.0646,0.1309
2.0000,-0.0655,0.1316
2.0000,-0.0664,0.1323
2.0000,-0.0672,0.1330
2.0000,-0.0681,0.1337
2.0000,-0.0690,0.1343
2.0000,-0.0699,0.1350
2.0000,-0.0707,0.1357
2.0000,-0.0716,0.1363
2.0000,-0.0725,0.1370
2.0000,-0.0734,0.1376
2.0000,-0.0743,0.1383
2.0000,-0.0752,0.1389
2.0000,-0.0762,0.1396
2.0000,-0.0771,0.1402
2.0000,-0.0780,0.1408
2.0000,-0.0789,0.1415
2.0000,-0.0799,0.1421
2.0000,-0.0808,0.1427
2.0000,-0.0818,0.1433
2.0000,-0.0827,0.1439
2.0000,-0.0837,0.1445
2.0000,-0.0846,0.1451
2.0000,-0.0856,0.1457
2.0000,-0.0865,0.1463
2.0000,-0.0875,0.1469
2.0000,-0.0885,0.1475
2.0000,-0.0895,0.1481
2.0000,-0.0904,0.1486
2.0000,-0.0914,0.1492
2.0000,-0.0924,0.1498
2.0000,-0.0934,0.1503
2.0000,-0.0944,0.1509
2.0000,-0.0954,0.1514
2.0000,-0.0964,0.1520
2.0000,-0.0975,0.1525
2.0000,-0.0985,0.1531
2.0000,-0.0995,0.1536
2.0000,-0.1005,0.1541
2.0000,-0.1016,0.1546
2.0000,-0.1026,0.1551
2.0000,-0.1036,0.1556
2.0000,-0.1047,0.1562
2.0000,-0.1057,0.1567
2.0000,-0.1068,0.1571
2.0000,-0.1079,0.1576
2.0000,-0.1089,0.1581
2.0000,-0.1100,0.1586
2.0000,-0.1111,0.1591
2.0000,-0.1121,0.1595
2.0000,-0.1132,0.1600
2.0000,-0.1143,0.1605
2.0000,-0.1154,0.1609
2.0000,-0.1165,0.1614
2.0000,-0.1176,0.1618
2.0000,-0.1187,0.1622
2.0000,-0.1198,0.1627
2.0000,-0.1209,0.1631
2.0000,-0.1220,0.1635
2.0000,-0.1231,0.1639
2.0000,-0.1242,0.1643
2.0000,-0.1253,0.1648
2.0000,-0.1264,0.1652
2.0000,-0.1276,0.1655
2.0000,-0.1287,0.1659
2.0000,-0.1298,0.1663
2.0000,-0.1310,0.1667
2.0000,-0.1321,0.1671
2.0000,-0.1333,0.1674
2.0000,-0.1344,0.1678
2.0000,-0.1356,0.1681
2.0000,-0.1367,0.1685
2.0000,-0.1379,0.1688
2.0000,-0.1391,0.1692
2.0000,-0.1402,0.1695
2.0000,-0.1414,0.1698
2.0000,-0.1426,0.1702
2.0000,-0.1438,0.1705
2.0000,-0.1449,0.1708
2.0000,-0.1461,0.1711
2.0000,-0.1473,0.1714
2.0000,-0.1485,0.1717
2.0000,-0.1497,0.1720
2.0000,-0.1509,0.1723
2.0000,-0.1521,0.1725
2.0000,-0.1533,0.1728
2.0000,-0.1545,0.1731
2.0000,-0.1557,0.1733
2.0000,-0.1569,0.1736
2.0000,-0.1582,0.1738
2.0000,-0.1594,0.1741
2.0000,-0.1606,0.1743
2.0000,-0.1618,0.1745
2.0000,-0.1631,0.1747
2.0000,-0.1643,0.1750
2.0000,-0.1655,0.1752
2.0000,-0.1668,0.1754
2.0000,-0.1680,0.1756
2.0000,-0.1693,0.1758
2.0000,-0.1705,0.1759
2.0000,-0.1717,0.1761
2.0000,-0.1730,0.1763
2.0000,-0.1743,0.1765
2.0000,-0.1755,0.1766
2.0000,-0.1768,0.1768
2.0000,-0.1780,0.1769
2.0000,-0.1793,0.1771
2.0000,-0.1806,0.1772
2.0000,-0.1818,0.1773
2.0000,-0.1831,0.1775
2.0000,-0.1844,0.1776
2.0000,-0.1857,0.1777
2.0000,-0.1870,0.1778
2.0000,-0.1882,0.1779
2.0000,-0.1895,0.1780
2.0000,-0.1908,0.1781
2.0000,-0.1921,0.1781
2.0000,-0.1934,0.1782
2.0000,-0.1947,0.1783
2.0000,-0.1960,0.1783
2.0000,-0.1973,0.1784
2.0000,-0.1986,0.1784
2.0000,-0.1999,0.1785
2.0000,-0.2012,0.1785
2.0000,-0.2025,0.1786
2.0000,-0.2038,0.1786
2.0000,-0.2052,0.1786
2.0000,-0.2065,0.1786
2.0000,-0.2078,0.1786
2.0000,-0.2091,0.1786
2.0000,-0.2104,0.1786
2.0000,-0.2118,0.1786
2.0000,-0.2131,0.1785
2.0000,-0.2144,0.1785
2.0000,-0.2157,0.1785
2.0000,-0.2171,0.1784
2.0000,-0.2184,0.1784
2.0000,-0.2197,0.1783
2.0000,-0.2211,0.1783
2.0000,-0.2224,0.1782
2.0000,-0.2238,0.1781
2.0000,-0.2251,0.1780
2.0000,-0.2265,0.1779
2.0000,-0.2278,0.1778
2.0000,-0.2291,0.1777
2.0000,-0.2305,0.1776
2.0000,-0.2318,0.1775
2.0000,-0.2332,0.1774
2.0000,-0.2346,0.1773
2.0000,-0.2359,0.1771
2.0000,-0.2373,0.1770
2.0000,-0.2386,0.1768
2.0000,-0.2400,0.1767
2.0000,-0.2413,0.1765
2.0000,-0.2427,0.1763
2.0000,-0.2441,0.1762
2.0000,-0.2454,0.1760
2.0000,-0.2468,0.1758
2.0000,-0.2482,0.1756
2.0000,-0.2495,0.1754
2.0000,-0.2509,0.1752
2.0000,-0.2523,0.1749
2.0000,-0.2536,0.1747
2.0000,-0.2550,0.1745
2.0000,-0.2564,0.1742
2.0000,-0.2578,0.1740
2.0000,-0.2591,0.1737
2.0000,-0.2605,0.1735
2.0000,-0.2619,0.1732
2.0000,-0.2633,0.1729
2.0000,-0.2647,0.1727
2.0000,-0.2660,0.1724
2.0000,-0.2674,0.1721
2.0000,-0.2688,0.1718
2.0000,-0.2702,0.1715
2.0000,-0.2716,0.1711
2.0000,-0.2730,0.1708
2.0000,-0.2743,0.1705
2.0000,-0.2757,0.1702
2.0000,-0.2771,0.1698
2.0000,-0.2785,0.1695
2.0000,-0.2799,0.1691
2.0000,-0.2813,0.1687
2.0000,-0.2827,0.1684
2.0000,-0.2840,0.1680
2.0000,-0.2854,0.1676
2.0000,-0.2868,0.1672
2.0000,-0.2882,0.1668
2.0000,-0.2896,0.1664
2.0000,-0.2910,0.1660
2.0000,-0.2924,0.1656
2.0000,-0.2938,0.1651
2.0000,-0.2952,0.1647
2.0000,-0.2966,0.1642
2.0000,-0.2979,0.1638
2.0000,-0.2993,0.1633
2.0000,-0.3007,0.1629
2.0000,-0.3021,0.1624
2.0000,-0.3035,0.1619
2.0000,-0.3049,0.1614
2.0000,-0.3063,0.1609
2.0000,-0.3077,0.1604
2.0000,-0.3091,0.1599
2.0000,-0.3105,0.1594
2.0000,-0.3119,0.1589
2.0000,-0.3132,0.1584
2.0000,-0.3146,0.1578
2.0000,-0.3160,0.1573
2.0000,-0.3174,0.1567
2.0000,-0.3188,0.1562
2.0000,-0.3202,0.1556
2.0000,-0.3216,0.1550
2.0000,-0.3230,0.1545
2.0000,-0.3244,0.1539
2.0000,-0.3257,0.1533
2.0000,-0.3271,0.1527
2.0000,-0.3285,0.1521
2.0000,-0.3299,0.1515
2.0000,-0.3313,0.1508
2.0000,-0.3327,0.1502
2.0000,-0.3340,0.1496
2.0000,-0.3354,0.1489
2.0000,-0.3368,0.1483
2.0000,-0.3382,0.1476
2.0000,-0.3396,0.1469
2.0000,-0.3409,0.1463
2.0000,-0.3423,0.1456
2.0000,-0.3437,0.1449
2.0000,-0.3451,0.1442
2.0000,-0.3465,0.1435
2.0000,-0.3478,0.1428
2.0000,-0.3492,0.1421
2.0000,-0.3506,0.1414
2.0000,-0.3519,0.1406
2.0000,-0.3533,0.1399
2.0000,-0.3547,0.1391
2.0000,-0.3561,0.1384
2.0000,-0.3574,0.1376
2.0000,-0.3588,0.1369
2.0000,-0.3601,0.1361
2.0000,-0.3615,0.1353
2.0000,-0.3629,0.1345
2.0000,-0.3642,0.1337
2.0000,-0.3656,0.1329
2.0000,-0.3669,0.1321
2.0000,-0.3683,0.1313
2.0000,-0.3697,0.1305
2.0000,-0.3710,0.1296
2.0000,-0.3724,0.1288
2.0000,-0.3737,0.1279
2.0000,-0.3751,0.1271
2.0000,-0.3764,0.1262
2.0000,-0.3777,0.1254
2.0000,-0.3791,0.1245
2.0000,-0.3804,0.1236
2.0000,-0.3818,0.1227
2.0000,-0.3831,0.1218
2.0000,-0.3844,0.1209
2.0000,-0.3858,0.1200
2.0000,-0.3871,0.1191
2.0000,-0.3884,0.1182
2.0000,-0.3898,0.1172
2.0000,-0.3911,0.1163
2.0000,-0.3924,0.1153
2.0000,-0.3937,0.1144
2.0000,-0.3950,0.1134
2.0000,-0.3964,0.1125
2.0000,-0.3977,0.1115
2.0000,-0.3990,0.1105
2.0000,-0.4003,0.1095
2.0000,-0.4016,0.1085
2.0000,-0.4029,0.1075
2.0000,-0.4042,0.1065
2.0000,-0.4055,0.1055
2.0000,-0.4068,0.1044
2.0000,-0.4081,0.1034
2.0000,-0.4094,0.1024
2.0000,-0.4107,0.1013
2.0000,-0.4120,0.1003
2.0000,-0.4133,0.0992
2.0000,-0.4145,0.0981
2.0000,-0.4158,0.0971
2.0000,-0.4171,0.0960
2.0000,-0.4184,0.0949
2.0000,-0.4196,0.0938
2.0000,-0.4209,0.0927
2.0000,-0.4222,0.0916
2.0000,-0.4234,0.0905
2.0000,-0.4247,0.0893
2.0000,-0.4260,0.0882
2.0000,-0.4272,0.0871
2.0000,-0.4285,0.0859
2.0000,-0.4297,0.0848
2.0000,-0.4310,0.0836
2.0000,-0.4322,0.0824
2.0000,-0.4334,0.0813
2.0000,-0.4347,0.0801
2.0000,-0.4359,0.0789
2.0000,-0.4371,0.0777
2.0000,-0.4384,0.0765
2.0000,-0.4396,0.0753
2.0000,-0.4408,0.0741
2.0000,-0.4420,0.0729
2.0000,-0.4432,0.0716
2.0000,-0.4445,0.0704
2.0000,-0.4457,0.0692
2.0000,-0.4469,0.0679
2.0000,-0.4481,0.0666
2.0000,-0.4493,0.0654
2.0000,-0.4505,0.0641
2.0000,-0.4517,0.0628
2.0000,-0.4528,0.0615
2.0000,-0.4540,0.0603
2.0000,-0.4552,0.0590
2.0000,-0.4564,0.0577
2.0000,-0.4575,0.0563
2.0000,-0.4587,0.0550
2.0000,-0.4599,0.0537
2.0000,-0.4610,0.0524
2.0000,-0.4622,0.0510
2.0000,-0.4633,0.0497
2.0000,-0.4645,0.0483
2.0000,-0.4656,0.0470
2.0000,-0.4668,0.0456
2.0000,-0.4679,0.0442
2.0000,-0.4690,0.0429
2.0000,-0.4702,0.0415
2.0000,-0.4713,0.0401
2.0000,-0.4724,0.0387
2.0000,-0.4735,0.0373
2.0000,-0.4746,0.0359
2.0000,-0.4758,0.0344
2.0000,-0.4769,0.0330
2.0000,-0.4780,0.0316
2.0000,-0.4791,0.0301
2.0000,-0.4801,0.0287
2.0000,-0.4812,0.0272
2.0000,-0.4823,0.0258
2.0000,-0.4834,0.0243
2.0000,-0.4845,0.0228
2.0000,-0.4855,0.0214
2.0000,-0.4866,0.0199
2.0000,-0.4877,0.0184
2.0000,-0.4887,0.0169
2.0000,-0.4898,0.0154
2.0000,-0.4908,0.0139
2.0000,-0.4918,0.0124
2.0000,-0.4929,0.0108
2.0000,-0.4939,0.0093
2.0000,-0.4949,0.0078
2.0000,-0.4960,0.0062
2.0000,-0.4970,0.0047
2.0000,-0.4980,0.0031
2.0000,-0.4990,0.0016
2.0000,-0.5000,0.0000
2.0000,-0.5010,-0.0016
2.0000,-0.5020,-0.0032
2.0000,-0.5030,-0.0047
2.0000,-0.5040,-0.0063
2.0000,-0.5049,-0.0079
2.0000,-0.5059,-0.0095
2.0000,-0.5069,-0.0111
2.0000,-0.5078,-0.0128
2.0000,-0.5088,-0.0144
2.0000,-0.5097,-0.0160
2.0000,-0.5107,-0.0177
2.0000,-0.5116,-0.0193
2.0000,-0.5126,-0.0209
2.0000,-0.5135,-0.0226
2.0000,-0.5144,-0.0243
2.0000,-0.5153,-0.0259
2.0000,-0.5163,-0.0276
2.0000,-0.5172,-0.0293
2.0000,-0.5181,-0.0310
2.0000,-0.5190,-0.0327
2.0000,-0.5199,-0.0343
2.0000,-0.5208,-0.0360
2.0000,-0.5216,-0.0378
2.0000,-0.5225,-0.0395
2.0000,-0.5234,-0.0412
2.0000,-0.5242,-0.0429
2.0000,-0.5251,-0.0446
2.0000,-0.5260,-0.0464
2.0000,-0.5268,-0.0481
2.0000,-0.5276,-0.0499
2.0000,-0.5285,-0.0516
2.0000,-0.5293,-0.0534
2.0000,-0.5301,-0.0552
2.0000,-0.5310,-0.0569
2.0000,-0.5318,-0.0587
2.0000,-0.5326,-0.0605
2.0000,-0.5334,-0.0623
2.0000,-0.5342,-0.0641
2.0000,-0.5350,-0.0659
2.0000,-0.5357,-0.0677
2.0000,-0.5365,-0.0695
2.0000,-0.5373,-0.0713
2.0000,-0.5381,-0.0731
2.0000,-0.5388,-0.0750
2.0000,-0.5396,-0.0768
2.0000,-0.5403,-0.0786
2.0000,-0.5410,-0.0805
2.0000,-0.5418,-0.0823
2.0000,-0.5425,-0.0842
2.0000,-0.5432,-0.0860
2.0000,-0.5439,-0.0879
2.0000,-0.5447,-0.0898
2.0000,-0.5454,-0.0917
2.0000,-0.5460,-0.0935
2.0000,-0.5467,-0.0954
2.0000,-0.5474,-0.0973
2.0000,-0.5481,-0.0992
2.0000,-0.5488,-0.1011
2.0000,-0.5494,-0.1030
2.0000,-0.5501,-0.1049
2.0000,-0.5507,-0.1069
2.0000,-0.5514,-0.1088
2.0000,-0.5520,-0.1107
2.0000,-0.5526,-0.1126
2.0000,-0.5533,-0.1146
2.0000,-0.5539,-0.1165
2.0000,-0.5545,-0.1185
2.0000,-0.5551,-0.1204
2.0000,-0.5557,-0.1224
2.0000,-0.5563,-0.1243
2.0000,-0.5569,-0.1263
2.0000,-0.5574,-0.1283
2.0000,-0.5580,-0.1303
2.0000,-0.5586,-0.1322
2.0000,-0.5591,-0.1342
2.0000,-0.5597,-0.1362
2.0000,-0.5602,-0.1382
2.0000,-0.5607,-0.1402
2.0000,-0.5613,-0.1422
2.0000,-0.5618,-0.1442
2.0000,-0.5623,-0.1463
2.0000,-0.5628,-0.1483
2.0000,-0.5633,-0.1503
2.0000,-0.5638,-0.1523
2.0000,-0.5643,-0.1544
2.0000,-0.5647,-0.1564
2.0000,-0.5652,-0.1584
2.0000,-0.5657,-0.1605
2.0000,-0.5661,-0.1625
2.0000,-0.5666,-0.1646
2.0000,-0.5670,-0.1667
2.0000,-0.5674,-0.1687
2.0000,-0.5679,-0.1708
2.0000,-0.5683,-0.1729
2.0000,-0.5687,-0.1750
2.0000,-0.5691,-0.1770
2.0000,-0.5695,-0.1791
2.0000,-0.5699,-0.1812
2.0000,-0.5703,-0.1833
2.0000,-0.5706,-0.1854
2.0000,-0.5710,-0.1875
2.0000,-0.5714,-0.1896
2.0000,-0.5717,-0.1917
2.0000,-0.5720,-0.1938
2.0000,-0.5724,-0.1960
2.0000,-0.5727,-0.1981
2.0000,-0.5730,-0.2002
2.0000,-0.5733,-0.2024
2.0000,-0.5736,-0.2045
2.0000,-0.5739,-0.2066
2.0000,-0.5742,-0.2088
2.0000,-0.5745,-0.2109
2.0000,-0.5748,-0.2131
2.0000,-0.5750,-0.2152
2.0000,-0.5753,-0.2174
2.0000,-0.5755,-0.2195
2.0000,-0.5758,-0.2217
2.0000,-0.5760,-0.2239
2.0000,-0.5762,-0.2261
2.0000,-0.5765,-0.2282
2.0000,-0.5767,-0.2304
2.0000,-0.5769,-0.2326
2.0000,-0.5771,-0.2348
2.0000,-0.5772,-0.2370
2.0000,-0.5774,-0.2392
2.0000,-0.5776,-0.2414
2.0000,-0.5778,-0.2436
2.0000,-0.5779,-0.2458
2.0000,-0.5780,-0.2480
2.0000,-0.5782,-0.2502
2.0000,-0.5783,-0.2524
2.0000,-0.5784,-0.2546
2.0000,-0.5785,-0.2569
2.0000,-0.5786,-0.2591
2.0000,-0.5787,-0.2613
2.0000,-0.5788,-0.2635
2.0000,-0.5789,-0.2658
2.0000,-0.5790,-0.2680
2.0000,-0.5790,-0.2703
2.0000,-0.5791,-0.2725
2.0000,-0.5791,-0.2747
2.0000,-0.5792,-0.2770
2.0000,-0.5792,-0.2792
2.0000,-0.5792,-0.2815
2.0000,-0.5792,-0.2838
2.0000,-0.5792,-0.2860
2.0000,-0.5792,-0.2883
2.0000,-0.5792,-0.2906
2.0000,-0.5792,-0.2928
2.0000,-0.5792,-0.2951
2.0000,-0.5791,-0.2974
2.0000,-0.5791,-0.2996
2.0000,-0.5790,-0.3019
2.0000,-0.5789,-0.3042
2.0000,-0.5789,-0.3065
2.0000,-0.5788,-0.3088
2.0000,-0.5787,-0.3111
2.0000,-0.5786,-0.3134
2.0000,-0.5785,-0.3157
2.0000,-0.5784,-0.3180
2.0000,-0.5782,-0.3203
2.0000,-0.5781,-0.3226
2.0000,-0.5780,-0.3249
2.0000,-0.5778,-0.3272
2.0000,-0.5776,-0.3295
2.0000,-0.5775,-0.3318
2.0000,-0.5773,-0.3341
2.0000,-0.5771,-0.3364
2.0000,-0.5769,-0.3387
2.0000,-0.5767,-0.3411
2.0000,-0.5765,-0.3434
2.0000,-0.5763,-0.3457
2.0000,-0.5760,-0.3480
2.0000,-0.5758,-0.3504
2.0000,-0.5755,-0.3527
2.0000,-0.5753,-0.3550
2.0000,-0.5750,-0.3574
2.0000,-0.5747,-0.3597
2.0000,-0.5744,-0.3620
2.0000,-0.5741,-0.3644
2.0000,-0.5738,-0.3667
2.0000,-0.5735,-0.3690
2.0000,-0.5732,-0.3714
2.0000,-0.5729,-0.3737
2.0000,-0.5725,-0.3761
2.0000,-0.5722,-0.3784
2.0000,-0.5718,-0.3808
2.0000,-0.5714,-0.3831
2.0000,-0.5711,-0.3855
2.0000,-0.5707,-0.3878
2.0000,-0.5703,-0.3902
2.0000,-0.5699,-0.3926
2.0000,-0.5695,-0.3949
2.0000,-0.5690,-0.3973
2.0000,-0.5686,-0.3996
2.0000,-0.5682,-0.4020
2.0000,-0.5677,-0.4044
2.0000,-0.5673,-0.4067
2.0000,-0.5668,-0.4091
2.0000,-0.5663,-0.4114
2.0000,-0.5658,-0.4138
2.0000,-0.5653,-0.4162
2.0000,-0.5648,-0.4186
2.0000,-0.5643,-0.4209
2.0000,-0.5638,-0.4233
2.0000,-0.5632,-0.4257
2.0000,-0.5627,-0.4280
2.0000,-0.5621,-0.4304
2.0000,-0.5616,-0.4328
2.0000,-0.5610,-0.4352
2.0000,-0.5604,-0.4375
2.0000,-0.5598,-0.4399
2.0000,-0.5592,-0.4423
2.0000,-0.5586,-0.4447
2.0000,-0.5580,-0.4470
2.0000,-0.5574,-0.4494
2.0000,-0.5567,-0.4518
2.0000,-0.5561,-0.4542
2.0000,-0.5554,-0.4566
2.0000,-0.5548,-0.4589
2.0000,-0.5541,-0.4613
2.0000,-0.5534,-0.4637
2.0000,-0.5527,-0.4661
2.0000,-0.5520,-0.4685
2.0000,-0.5513,-0.4708
2.0000,-0.5506,-0.4732
2.0000,-0.5498,-0.4756
2.0000,-0.5491,-0.4780
2.0000,-0.5483,-0.4804
2.0000,-0.5476,-0.4828
2.0000,-0.5468,-0.4851
2.0000,-0.5460,-0.4875
2.0000,-0.5452,-0.4899
2.0000,-0.5444,-0.4923
2.0000,-0.5436,-0.4947
2.0000,-0.5428,-0.4970
2.0000,-0.5420,-0.4994
2.0000,-0.5411,-0.5018
2.0000,-0.5403,-0.5042
2.0000,-0.5394,-0.5066
2.0000,-0.5386,-0.5089
2.0000,-0.5377,-0.5113
2.0000,-0.5368,-0.5137
2.0000,-0.5359,-0.5161
2.0000,-0.5350,-0.5185
2.0000,-0.5341,-0.5208
2.0000,-0.5332,-0.5232
2.0000,-0.5322,-0.5256
2.0000,-0.5313,-0.5280
2.0000,-0.5303,-0.5303
2.0000,-0.5294,-0.5327
2.0000,-0.5284,-0.5351
2.0000,-0.5274,-0.5374
2.0000,-0.5264,-0.5398
2.0000,-0.5254,-0.5422
2.0000,-0.5244,-0.5446
2.0000,-0.5234,-0.5469
2.0000,-0.5223,-0.5493
2.0000,-0.5213,-0.5517
2.0000,-0.5203,-0.5540
2.0000,-0.5192,-0.5564
2.0000,-0.5181,-0.5587
2.0000,-0.5170,-0.5611
2.0000,-0.5160,-0.5635
2.0000,-0.5149,-0.5658
2.0000,-0.5137,-0.5682
2.0000,-0.5126,-0.5705
2.0000,-0.5115,-0.5729
2.0000,-0.5104,-0.5752
2.0000,-0.5092,-0.5776
2.0000,-0.5081,-0.5799
2.0000,-0.5069,-0.5823
2.0000,-0.5057,-0.5846
2.0000,-0.5045,-0.5870
2.0000,-0.5033,-0.5893
2.0000,-0.5021,-0.5917
2.0000,-0.5009,-0.5940
2.0000,-0.4997,-0.5963
2.0000,-0.4984,-0.5987
2.0000,-0.4972,-0.6010
2.0000,-0.4959,-0.6033
2.0000,-0.4947,-0.6057
2.0000,-0.4934,-0.6080
2.0000,-0.4921,-0.6103
2.0000,-0.4908,-0.6126
2.0000,-0.4895,-0.6150
2.0000,-0.4882,-0.6173
2.0000,-0.4869,-0.6196
2.0000,-0.4855,-0.6219
2.0000,-0.4842,-0.6242
2.0000,-0.4828,-0.6265
2.0000,-0.4815,-0.6288
2.0000,-0.4801,-0.6311
2.0000,-0.4787,-0.6334
2.0000,-0.4773,-0.6357
2.0000,-0.4759,-0.6380
2.0000,-0.4745,-0.6403
2.0000,-0.4731,-0.6426
2.0000,-0.4717,-0.6449
2.0000,-0.4702,-0.6472
2.0000,-0.4688,-0.6495
2.0000,-0.4673,-0.6518
2.0000,-0.4658,-0.6541
2.0000,-0.4644,-0.6563
2.0000,-0.4629,-0.6586
2.0000,-0.4614,-0.6609
2.0000,-0.4599,-0.6631
2.0000,-0.4584,-0.6654
2.0000,-0.4568,-0.6677
2.0000,-0.4553,-0.6699
2.0000,-0.4537,-0.6722
2.0000,-0.4522,-0.6744
2.0000,-0.4506,-0.6767
2.0000,-0.4490,-0.6789
2.0000,-0.4475,-0.6812
2.0000,-0.4459,-0.6834
2.0000,-0.4443,-0.6857
2.0000,-0.4426,-0.6879
2.0000,-0.4410,-0.6901
2.0000,-0.4394,-0.6923
2.0000,-0.4377,-0.6946
2.0000,-0.4361,-0.6968
2.0000,-0.4344,-0.6990
2.0000,-0.4327,-0.7012
2.0000,-0.4311,-0.7034
2.0000,-0.4294,-0.7056
2.0000,-0.4277,-0.7078
2.0000,-0.4260,-0.7100
2.0000,-0.4242,-0.7122
2.0000,-0.4225,-0.7144
2.0000,-0.4208,-0.7166
2.0000,-0.4190,-0.7188
2.0000,-0.4173,-0.7210
2.0000,-0.4155,-0.7231
2.0000,-0.4137,-0.7253
2.0000,-0.4119,-0.7275
2.0000,-0.4101,-0.7296
2.0000,-0.4083,-0.7318
2.0000,-0.4065,-0.7339
2.0000,-0.4047,-0.7361
2.0000,-0.4028,-0.7382
2.0000,-0.4010,-0.7404
2.0000,-0.3991,-0.7425
2.0000,-0.3973,-0.7447
2.0000,-0.3954,-0.7468
2.0000,-0.3935,-0.7489
2.0000,-0.3916,-0.7510
2.0000,-0.3897,-0.7531
2.0000,-0.3878,-0.7552
2.0000,-0.3859,-0.7574
2.0000,-0.3840,-0.7595
2.0000,-0.3820,-0.7616
2.0000,-0.3801,-0.7636
2.0000,-0.3781,-0.7657
2.0000,-0.3761,-0.7678
2.0000,-0.3742,-0.7699
2.0000,-0.3722,-0.7720
2.0000,-0.3702,-0.7740
2.0000,-0.3682,-0.7761
2.0000,-0.3662,-0.7782
2.0000,-0.3641,-0.7802
2.0000,-0.3621,-0.7823
2.0000,-0.3601,-0.7843
2.0000,-0.3580,-0.7863
2.0000,-0.3560,-0.7884
2.0000,-0.3539,-0.7904
2.0000,-0.3518,-0.7924
2.0000,-0.3497,-0.7944
2.0000,-0.3476,-0.7964
2.0000,-0.3455,-0.7984
2.0000,-0.3434,-0.8004
2.0000,-0.3413,-0.8024
2.0000,-0.3391,-0.8044
2.0000,-0.3370,-0.8064
2.0000,-0.3348,-0.8084
2.0000,-0.3327,-0.8104
2.0000,-0.3305,-0.8123
2.0000,-0.3283,-0.8143
2.0000,-0.3261,-0.8163
2.0000,-0.3239,-0.8182
2.0000,-0.3217,-0.8201
2.0000,-0.3195,-0.8221
2.0000,-0.3173,-0.8240
2.0000,-0.3151,-0.8259
2.0000,-0.3128,-0.8279
2.0000,-0.3106,-0.8298
2.0000,-0.3083,-0.8317
2.0000,-0.3060,-0.8336
2.0000,-0.3038,-0.8355
2.0000,-0.3015,-0.8374
2.0000,-0.2992,-0.8393
2.0000,-0.2969,-0.8411
2.0000,-0.2946,-0.8430
2.0000,-0.2922,-0.8449
2.0000,-0.2899,-0.8467
2.0000,-0.2876,-0.8486
2.0000,-0.2852,-0.8504
2.0000,-0.2829,-0.8523
2.0000,-0.2805,-0.8541
2.0000,-0.2781,-0.8560
2.0000,-0.2757,-0.8578
2.0000,-0.2733,-0.8596
2.0000,-0.2709,-0.8614
2.0000,-0.2685,-0.8632
2.0000,-0.2661,-0.8650
2.0000,-0.2637,-0.8668
2.0000,-0.2612,-0.8686
2.0000,-0.2588,-0.8703
2.0000,-0.2563,-0.8721
2.0000,-0.2539,-0.8739
2.0000,-0.2514,-0.8756
2.0000,-0.2489,-0.8774
2.0000,-0.2464,-0.8791
2.0000,-0.2439,-0.8808
2.0000,-0.2414,-0.8826
2.0000,-0.2389,-0.8843
2.0000,-0.2364,-0.8860
2.0000,-0.2339,-0.8877
2.0000,-0.2313,-0.8894
2.0000,-0.2288,-0.8911
2.0000,-0.2262,-0.8928
2.0000,-0.2237,-0.8945
2.0000,-0.2211,-0.8961
2.0000,-0.2185,-0.8978
2.0000,-0.2159,-0.8994
2.0000,-0.2133,-0.9011
2.0000,-0.2107,-0.9027
2.0000,-0.2081,-0.9044
2.0000,-0.2055,-0.9060
2.0000,-0.2029,-0.9076
2.0000,-0.2002,-0.9092
2.0000,-0.1976,-0.9108
2.0000,-0.1949,-0.9124
2.0000,-0.1923,-0.9140
2.0000,-0.1896,-0.9156
2.0000,-0.1869,-0.9171
2.0000,-0.1842,-0.9187
2.0000,-0.1815,-0.9203
2.0000,-0.1788,-0.9218
2.0000,-0.1761,-0.9234
2.0000,-0.1734,-0.9249
2.0000,-0.1707,-0.9264
2.0000,-0.1680,-0.9279
2.0000,-0.1652,-0.9294
2.0000,-0.1625,-0.9309
2.0000,-0.1597,-0.9324
2.0000,-0.1570,-0.9339
2.0000,-0.1542,-0.9354
2.0000,-0.1514,-0.9368
2.0000,-0.1486,-0.9383
2.0000,-0.1458,-0.9398
2.0000,-0.1430,-0.9412
2.0000,-0.1402,-0.9426
2.0000,-0.1374,-0.9441
2.0000,-0.1346,-0.9455
2.0000,-0.1317,-0.9469
2.0000,-0.1289,-0.9483
2.0000,-0.1260,-0.9497
2.0000,-0.1232,-0.9511
2.0000,-0.1203,-0.9524
2.0000,-0.1174,-0.9538
2.0000,-0.1146,-0.9552
2.0000,-0.1117,-0.9565
2.0000,-0.1088,-0.9578
2.0000,-0.1059,-0.9592
2.0000,-0.1030,-0.9605
2.0000,-0.1001,-0.9618
2.0000,-0.0972,-0.9631
2.0000,-0.0942,-0.9644
2.0000,-0.0913,-0.9657
2.0000,-0.0883,-0.9670
2.0000,-0.0854,-0.9682
2.0000,-0.0824,-0.9695
2.0000,-0.0795,-0.9708
2.0000,-0.0765,-0.9720
2.0000,-0.0735,-0.9732
2.0000,-0.0705,-0.9745
2.0000,-0.0675,-0.9757
2.0000,-0.0645,-0.9769
2.0000,-0.0615,-0.9781
2.0000,-0.0585,-0.9793
2.0000,-0.0555,-0.9804
2.0000,-0.0525,-0.9816
2.0000,-0.0494,-0.9828
2.0000,-0.0464,-0.9839
2.0000,-0.0434,-0.9850
2.0000,-0.0403,-0.9862
2.0000,-0.0372,-0.9873
2.0000,-0.0342,-0.9884
2.0000,-0.0311,-0.9895
2.0000,-0.0280,-0.9906
2.0000,-0.0249,-0.9917
2.0000,-0.0218,-0.9928
2.0000,-0.0187,-0.9938
2.0000,-0.0156,-0.9949
2.0000,-0.0125,-0.9959
2.0000,-0.0094,-0.9970
2.0000,-0.0063,-0.9980
2.0000,-0.0031,-0.9990
2.0000,-0.0000,-1.0000
3.0000,-0.0010,-0.0000
3.0000,-0.0020,-0.0000
3.0000,-0.0030,-0.0000
3.0000,-0.0040,-0.0001
3.0000,-0.0050,-0.0001
3.0000,-0.0060,-0.0001
3.0000,-0.0070,-0.0002
3.0000,-0.0080,-0.0002
3.0000,-0.0090,-0.0003
3.0000,-0.0100,-0.0003
3.0000,-0.0110,-0.0004
3.0000,-0.0120,-0.0005
3.0000,-0.0130,-0.0005
3.0000,-0.0140,-0.0006
3.0000,-0.0150,-0.0007
3.0000,-0.0160,-0.0008
3.0000,-0.0170,-0.0009
3.0000,-0.0180,-0.0010
3.0000,-0.0190,-0.0011
3.0000,-0.0200,-0.0013
3.0000,-0.0210,-0.0014
3.0000,-0.0219,-0.0015
3.0000,-0.0229,-0.0017
3.0000,-0.0239,-0.0018
3.0000,-0.0249,-0.0020
3.0000,-0.0259,-0.0021
3.0000,-0.0269,-0.0023
3.0000,-0.0279,-0.0025
3.0000,-0.0289,-0.0026
3.0000,-0.0299,-0.0028
3.0000,-0.0309,-0.0030
3.0000,-0.0318,-0.0032
3.0000,-0.0328,-0.0034
3.0000,-0.0338,-0.0036
3.0000,-0.0348,-0.0038
3.0000,-0.0358,-0.0041
3.0000,-0.0368,-0.0043
3.0000,-0.0377,-0.0045
3.0000,-0.0387,-0.0048
3.0000,-0.0397,-0.0050
3.0000,-0.0407,-0.0053
3.0000,-0.0416,-0.0055
3.0000,-0.0426,-0.0058
3.0000,-0.0436,-0.0061
3.0000,-0.0446,-0.0063
3.0000,-0.0455,-0.0066
3.0000,-0.0465,-0.0069
3.0000,-0.0475,-0.0072
3.0000,-0.0484,-0.0075
3.0000,-0.0494,-0.0078
3.0000,-0.0503,-0.0081
3.0000,-0.0513,-0.0085
3.0000,-0.0523,-0.0088
3.0000,-0.0532,-0.0091
3.0000,-0.0542,-0.0095
3.0000,-0.0551,-0.0098
3.0000,-0.0561,-0.0102
3.0000,-0.0570,-0.0105
3.0000,-0.0580,-0.0109
3.0000,-0.0589,-0.0112
3.0000,-0.0599,-0.0116
3.0000,-0.0608,-0.0120
3.0000,-0.0618,-0.0124
3.0000,-0.0627,-0.0128
3.0000,-0.0636,-0.0132
3.0000,-0.0646,-0.0136
3.0000,-0.0655,-0.0140
3.0000,-0.0665,-0.0144
3.0000,-0.0674,-0.0148
3.0000,-0.0683,-0.0153
3.0000,-0.0692,-0.0157
3.0000,-0.0702,-0.0161
3.0000,-0.0711,-0.0166
3.0000,-0.0720,-0.0170
3.0000,-0.0729,-0.0175
3.0000,-0.0738,-0.0180
3.0000,-0.0748,-0.0184
3.0000,-0.0757,-0.0189
3.0000,-0.0766,-0.0194
3.0000,-0.0775,-0.0199
3.0000,-0.0784,-0.0204
3.0000,-0.0793,-0.0209
3.0000,-0.0802,-0.0214
3.0000,-0.0811,-0.0219
3.0000,-0.0820,-0.0224
3.0000,-0.0829,-0.0230
3.0000,-0.0838,-0.0235
3.0000,-0.0847,-0.0240
3.0000,-0.0855,-0.0246
3.0000,-0.0864,-0.0251
3.0000,-0.0873,-0.0257
3.0000,-0.0882,-0.0262
3.0000,-0.0891,-0.0268
3.0000,-0.0899,-0.0274
3.0000,-0.0908,-0.0279
3.0000,-0.0917,-0.0285
3.0000,-0.0925,-0.0291
3.0000,-0.0934,-0.0297
3.0000,-0.0943,-0.0303
3.0000,-0.0951,-0.0309
3.0000,-0.0960,-0.0315
3.0000,-0.0968,-0.0321
3.0000,-0.0977,-0.0328
3.0000,-0.0985,-0.0334
3.0000,-0.0993,-0.0340
3.0000,-0.1002,-0.0347
3.0000,-0.1010,-0.0353
3.0000,-0.1018,-0.0359
3.0000,-0.1027,-0.0366
3.0000,-0.1035,-0.0373
3.0000,-0.1043,-0.0379
3.0000,-0.1051,-0.0386
3.0000,-0.1060,-0.0393
3.0000,-0.1068,-0.0400
3.0000,-0.1076,-0.0406
3.0000,-0.1084,-0.0413
3.0000,-0.1092,-0.0420
3.0000,-0.1100,-0.0427
3.0000,-0.1108,-0.0435
3.0000,-0.1116,-0.0442
3.0000,-0.1124,-0.0449
3.0000,-0.1131,-0.0456
3.0000,-0.1139,-0.0464
3.0000,-0.1147,-0.0471
3.0000,-0.1155,-0.0478
3.0000,-0.1163,-0.0486
3.0000,-0.1170,-0.0493
3.0000,-0.1178,-0.0501
3.0000,-0.1186,-0.0509
3.0000,-0.1193,-0.0516
3.0000,-0.1201,-0.0524
3.0000,-0.1208,-0.0532
3.0000,-0.1216,-0.0540
3.0000,-0.1223,-0.0548
3.0000,-0.1230,-0.0556
3.0000,-0.1238,-0.0564
3.0000,-0.1245,-0.0572
3.0000,-0.1252,-0.0580
3.0000,-0.1260,-0.0588
3.0000,-0.1267,-0.0596
3.0000,-0.1274,-0.0604
3.0000,-0.1281,-0.0613
3.0000,-0.1288,-0.0621
3.0000,-0.1295,-0.0629
3.0000,-0.1302,-0.0638
3.0000,-0.1309,-0.0646
3.0000,-0.1316,-0.0655
3.0000,-0.1323,-0.0664
3.0000,-0.1330,-0.0672
3.0000,-0.1337,-0.0681
3.0000,-0.1343,-0.0690
3.0000,-0.1350,-0.0699
3.0000,-0.1357,-0.0707
3.0000,-0.1363,-0.0716
3.0000,-0.1370,-0.0725
3.0000,-0.1376,-0.0734
3.0000,-0.1383,-0.0743
3.0000,-0.1389,-0.0752
3.0000,-0.1396,-0.0762
3.0000,-0.1402,-0.0771
3.0000,-0.1408,-0.0780
3.0000,-0.1415,-0.0789
3.0000,-0.1421,-0.0799
3.0000,-0.1427,-0.0808
3.0000,-0.1433,-0.0818
3.0000,-0.1439,-0.0827
3.0000,-0.1445,-0.0837
3.0000,-0.1451,-0.0846
3.0000,-0.1457,-0.0856
3.0000,-0.1463,-0.0865
3.0000,-0.1469,-0.0875
3.0000,-0.1475,-0.0885
3.0000,-0.1481,-0.0895
3.0000,-0.1486,-0.0904
3.0000,-0.1492,-0.0914
3.0000,-0.1498,-0.0924
3.0000,-0.1503,-0.0934
3.0000,-0.1509,-0.0944
3.0000,-0.1514,-0.0954
3.0000,-0.1520,-0.0964
3.0000,-0.1525,-0.0975
3.0000,-0.1531,-0.0985
3.0000,-0.1536,-0.0995
3.0000,-0.1541,-0.1005
3.0000,-0.1546,-0.1016
3.0000,-0.1551,-0.1026
3.0000,-0.1556,-0.1036
3.0000,-0.1562,-0.1047
3.0000,-0.1567,-0.1057
3.0000,-0.1571,-0.1068
3.0000,-0.1576,-0.1079
3.0000,-0.1581,-0.1089
3.0000,-0.1586,-0.1100
3.0000,-0.1591,-0.1111
3.0000,-0.1595,-0.1121
3.0000,-0.1600,-0.1132
3.0000,-0.1605,-0.1143
3.0000,-0.1609,-0.1154
3.0000,-0.1614,-0.1165
3.0000,-0.1618,-0.1176
3.0000,-0.1622,-0.1187
3.0000,-0.1627,-0.1198
3.0000,-0.1631,-0.1209
3.0000,-0.1635,-0.1220
3.0000,-0.1639,-0.1231
3.0000,-0.1643,-0.1242
3.0000,-0.1648,-0.1253
3.0000,-0.1652,-0.1264
3.0000,-0.1655,-0.1276
3.0000,-0.1659,-0.1287
3.0000,-0.1663,-0.1298
3.0000,-0.1667,-0.1310
3.0000,-0.1671,-0.1321
3.0000,-0.1674,-0.1333
3.0000,-0.1678,-0.1344
3.0000,-0.1681,-0.1356
3.0000,-0.1685,-0.1367
3.0000,-0.1688,-0.1379
3.0000,-0.1692,-0.1391
3.0000,-0.1695,-0.1402
3.0000,-0.1698,-0.1414
3.0000,-0.1702,-0.1426
3.0000,-0.1705,-0.1438
3.0000,-0.1708,-0.1449
3.0000,-0.1711,-0.1461
3.0000,-0.1714,-0.1473
3.0000,-0.1717,-0.1485
3.0000,-0.1720,-0.1497
3.0000,-0.1723,-0.1509
3.0000,-0.1725,-0.1521
3.0000,-0.1728,-0.1533
3.0000,-0.1731,-0.1545
3.0000,-0.1733,-0.1557
3.0000,-0.1736,-0.1569
3.0000,-0.1738,-0.1582
3.0000,-0.1741,-0.1594
3.0000,-0.1743,-0.1606
3.0000,-0.1745,-0.1618
3.0000,-0.1747,-0.1631
3.0000,-0.1750,-0.1643
3.0000,-0.1752,-0.1655
3.0000,-0.1754,-0.1668
3.0000,-0.1756,-0.1680
3.0000,-0.1758,-0.1693
3.0000,-0.1759,-0.1705
3.0000,-0.1761,-0.1717
3.0000,-0.1763,-0.1730
3.0000,-0.1765,-0.1743
3.0000,-0.1766,-0.1755
3.0000,-0.1768,-0.1768
3.0000,-0.1769,-0.1780
3.0000,-0.1771,-0.1793
3.0000,-0.1772,-0.1806
3.0000,-0.1773,-0.1818
3.0000,-0.1775,-0.1831
3.0000,-0.1776,-0.1844
3.0000,-0.1777,-0.1857
3.0000,-0.1778,-0.1870
3.0000,-0.1779,-0.1882
3.0000,-0.1780,-0.1895
3.0000,-0.1781,-0.1908
3.0000,-0.1781,-0.1921
3.0000,-0.1782,-0.1934
3.0000,-0.1783,-0.1947
3.0000,-0.1783,-0.1960
3.0000,-0.1784,-0.1973
3.0000,-0.1784,-0.1986
3.0000,-0.1785,-0.1999
3.0000,-0.1785,-0.2012
3.0000,-0.1786,-0.2025
3.0000,-0.1786,-0.2038
3.0000,-0.1786,-0.2052
3.0000,-0.1786,-0.2065
3.0000,-0.1786,-0.2078
3.0000,-0.1786,-0.2091
3.0000,-0.1786,-0.2104
3.0000,-0.1786,-0.2118
3.0000,-0.1785,-0.2131
3.0000,-0.1785,-0.2144
3.0000,-0.1785,-0.2157
3.0000,-0.1784,-0.2171
3.0000,-0.1784,-0.2184
3.0000,-0.1783,-0.2197
3.0000,-0.1783,-0.2211
3.0000,-0.1782,-0.2224
3.0000,-0.1781,-0.2238
3.0000,-0.1780,-0.2251
3.0000,-0.1779,-0.2265
3.0000,-0.1778,-0.2278
3.0000,-0.1777,-0.2291
3.0000,-0.1776,-0.2305
3.0000,-0.1775,-0.2318
3.0000,-0.1774,-0.2332
3.0000,-0.1773,-0.2346
3.0000,-0.1771,-0.2359
3.0000,-0.1770,-0.2373
3.0000,-0.1768,-0.2386
3.0000,-0.1767,-0.2400
3.0000,-0.1765,-0.2413
3.0000,-0.1763,-0.2427
3.0000,-0.1762,-0.2441
3.0000,-0.1760,-0.2454
3.0000,-0.1758,-0.2468
3.0000,-0.1756,-0.2482
3.0000,-0.1754,-0.2495
3.0000,-0.1752,-0.2509
3.0000,-0.1749,-0.2523
3.0000,-0.1747,-0.2536
3.0000,-0.1745,-0.2550
3.0000,-0.1742,-0.2564
3.0000,-0.1740,-0.2578
3.0000,-0.1737,-0.2591
3.0000,-0.1735,-0.2605
3.0000,-0.1732,-0.2619
3.0000,-0.1729,-0.2633
3.0000,-0.1727,-0.2647
3.0000,-0.1724,-0.2660
3.0000,-0.1721,-0.2674
3.0000,-0.1718,-0.2688
3.0000,-0.1715,-0.2702
3.0000,-0.1711,-0.2716
3.0000,-0.1708,-0.2730
3.0000,-0.1705,-0.2743
3.0000,-0.1702,-0.2757
3.0000,-0.1698,-0.2771
3.0000,-0.1695,-0.2785
3.0000,-0.1691,-0.2799
3.0000,-0.1687,-0.2813
3.0000,-0.1684,-0.2827
3.0000,-0.1680,-0.2840
3.0000,-0.1676,-0.2854
3.0000,-0.1672,-0.2868
3.0000,-0.1668,-0.2882
3.0000,-0.1664,-0.2896
3.0000,-0.1660,-0.2910
3.0000,-0.1656,-0.2924
3.0000,-0.1651,-0.2938
3.0000,-0.1647,-0.2952
3.0000,-0.1642,-0.2966
3.0000,-0.1638,-0.2979
3.0000,-0.1633,-0.2993
3.0000,-0.1629,-0.3007
3.0000,-0.1624,-0.3021
3.0000,-0.1619,-0.3035
3.0000,-0.1614,-0.3049
3.0000,-0.1609,-0.3063
3.0000,-0.1604,-0.3077
3.0000,-0.1599,-0.3091
3.0000,-0.1594,-0.3105
3.0000,-0.1589,-0.3119
3.0000,-0.1584,-0.3132
3.0000,-0.1578,-0.3146
3.0000,-0.1573,-0.3160
3.0000,-0.1567,-0.3174
3.0000,-0.1562,-0.3188
3.0000,-0.1556,-0.3202
3.0000,-0.1550,-0.3216
3.0000,-0.1545,-0.3230
3.0000,-0.1539,-0.3244
3.0000,-0.1533,-0.3257
3.0000,-0.1527,-0.3271
3.0000,-0.1521,-0.3285
3.0000,-0.1515,-0.3299
3.0000,-0.1508,-0.3313
3.0000,-0.1502,-0.3327
3.0000,-0.1496,-0.3340
3.0000,-0.1489,-0.3354
3.0000,-0.1483,-0.3368
3.0000,-0.1476,-0.3382
3.0000,-0.1469,-0.3396
3.0000,-0.1463,-0.3409
3.0000,-0.1456,-0.3423
3.0000,-0.1449,-0.3437
3.0000,-0.1442,-0.3451
3.0000,-0.1435,-0.3465
3.0000,-0.1428,-0.3478
3.0000,-0.1421,-0.3492
3.0000,-0.1414,-0.3506
3.0000,-0.1406,-0.3519
3.0000,-0.1399,-0.3533
3.0000,-0.1391,-0.3547
3.0000,-0.1384,-0.3561
3.0000,-0.1376,-0.3574
3.0000,-0.1369,-0.3588
3.0000,-0.1361,-0.3601
3.0000,-0.1353,-0.3615
3.0000,-0.1345,-0.3629
3.0000,-0.1337,-0.3642
3.0000,-0.1329,-0.3656
3.0000,-0.1321,-0.3669
3.0000,-0.1313,-0.3683
3.0000,-0.1305,-0.3697
3.0000,-0.1296,-0.3710
3.0000,-0.1288,-0.3724
3.0000,-0.1279,-0.3737
3.0000,-0.1271,-0.3751
3.0000,-0.1262,-0.3764
3.0000,-0.1254,-0.3777
3.0000,-0.1245,-0.3791
3.0000,-0.1236,-0.3804
3.0000,-0.1227,-0.3818
3.0000,-0.1218,-0.3831
3.0000,-0.1209,-0.3844
3.0000,-0.1200,-0.3858
3.0000,-0.1191,-0.3871
3.0000,-0.1182,-0.3884
3.0000,-0.1172,-0.3898
3.0000,-0.1163,-0.3911
3.0000,-0.1153,-0.3924
3.0000,-0.1144,-0.3937
3.0000,-0.1134,-0.3950
3.0000,-0.1125,-0.3964
3.0000,-0.1115,-0.3977
3.0000,-0.1105,-0.3990
3.0000,-0.1095,-0.4003
3.0000,-0.1085,-0.4016
3.0000,-0.1075,-0.4029
3.0000,-0.1065,-0.4042
3.0000,-0.1055,-0.4055
3.0000,-0.1044,-0.4068
3.0000,-0.1034,-0.4081
3.0000,-0.1024,-0.4094
3.0000,-0.1013,-0.4107
3.0000,-0.1003,-0.4120
3.0000,-0.0992,-0.4133
3.0000,-0.0981,-0.4145
3.0000,-0.0971,-0.4158
3.0000,-0.0960,-0.4171
3.0000,-0.0949,-0.4184
3.0000,-0.0938,-0.4196
3.0000,-0.0927,-0.4209
3.0000,-0.0916,-0.4222
3.0000,-0.0905,-0.4234
3.0000,-0.0893,-0.4247
3.0000,-0.0882,-0.4260
3.0000,-0.0871,-0.4272
3.0000,-0.0859,-0.4285
3.0000,-0.0848,-0.4297
3.0000,-0.0836,-0.4310
3.0000,-0.0824,-0.4322
3.0000,-0.0813,-0.4334
3.0000,-0.0801,-0.4347
3.0000,-0.0789,-0.4359
3.0000,-0.0777,-0.4371
3.0000,-0.0765,-0.4384
3.0000,-0.0753,-0.4396
3.0000,-0.0741,-0.4408
3.0000,-0.0729,-0.4420
3.0000,-0.0716,-0.4432
3.0000,-0.0704,-0.4445
3.0000,-0.0692,-0.4457
3.0000,-0.0679,-0.4469
3.0000,-0.0666,-0.4481
3.0000,-0.0654,-0.4493
3.0000,-0.0641,-0.4505
3.0000,-0.0628,-0.4517
3.0000,-0.0615,-0.4528
3.0000,-0.0603,-0.4540
3.0000,-0.0590,-0.4552
3.0000,-0.0577,-0.4564
3.0000,-0.0563,-0.4575
3.0000,-0.0550,-0.4587
3.0000,-0.0537,-0.4599
3.0000,-0.0524,-0.4610
3.0000,-0.0510,-0.4622
3.0000,-0.0497,-0.4633
3.0000,-0.0483,-0.4645
3.0000,-0.0470,-0.4656
3.0000,-0.0456,-0.4668
3.0000,-0.0442,-0.4679
3.0000,-0.0429,-0.4690
3.0000,-0.0415,-0.4702
3.0000,-0.0401,-0.4713
3.0000,-0.0387,-0.4724
3.0000,-0.0373,-0.4735
3.0000,-0.0359,-0.4746
3.0000,-0.0344,-0.4758
3.0000,-0.0330,-0.4769
3.0000,-0.0316,-0.4780
3.0000,-0.0301,-0.4791
3.0000,-0.0287,-0.4801
3.0000,-0.0272,-0.4812
3.0000,-0.0258,-0.4823
3.0000,-0.0243,-0.4834
3.0000,-0.0228,-0.4845
3.0000,-0.0214,-0.4855
3.0000,-0.0199,-0.4866
3.0000,-0.0184,-0.4877
3.0000,-0.0169,-0.4887
3.0000,-0.0154,-0.4898
3.0000,-0.0139,-0.4908
3.0000,-0.0124,-0.4918
3.0000,-0.0108,-0.4929
3.0000,-0.0093,-0.4939
3.0000,-0.0078,-0.4949
3.0000,-0.0062,-0.4960
3.0000,-0.0047,-0.4970
3.0000,-0.0031,-0.4980
3.0000,-0.0016,-0.4990
3.0000,-0.0000,-0.5000
3.0000,0.0016,-0.5010
3.0000,0.0032,-0.5020
3.0000,0.0047,-0.5030
3.0000,0.0063,-0.5040
3.0000,0.0079,-0.5049
3.0000,0.0095,-0.5059
3.0000,0.0111,-0.5069
3.0000,0.0128,-0.5078
3.0000,0.0144,-0.5088
3.0000,0.0160,-0.5097
3.0000,0.0177,-0.5107
3.0000,0.0193,-0.5116
3.0000,0.0209,-0.5126
3.0000,0.0226,-0.5135
3.0000,0.0243,-0.5144
3.0000,0.0259,-0.5153
3.0000,0.0276,-0.5163
3.0000,0.0293,-0.5172
3.0000,0.0310,-0.5181
3.0000,0.0327,-0.5190
3.0000,0.0343,-0.5199
3.0000,0.0360,-0.5208
3.0000,0.0378,-0.5216
3.0000,0.0395,-0.5225
3.0000,0.0412,-0.5234
3.0000,0.0429,-0.5242
3.0000,0.0446,-0.5251
3.0000,0.0464,-0.5260
3.0000,0.0481,-0.5268
3.0000,0.0499,-0.5276
3.0000,0.0516,-0.5285
3.0000,0.0534,-0.5293
3.0000,0.0552,-0.5301
3.0000,0.0569,-0.5310
3.0000,0.0587,-0.5318
3.0000,0.0605,-0.5326
3.0000,0.0623,-0.5334
3.0000,0.0641,-0.5342
3.0000,0.0659,-0.5350
3.0000,0.0677,-0.5357
3.0000,0.0695,-0.5365
3.0000,0.0713,-0.5373
3.0000,0.0731,-0.5381
3.0000,0.0750,-0.5388
3.0000,0.0768,-0.5396
3.0000,0.0786,-0.5403
3.0000,0.0805,-0.5410
3.0000,0.0823,-0.5418
3.0000,0.0842,-0.5425
3.0000,0.0860,-0.5432
3.0000,0.0879,-0.5439
3.0000,0.0898,-0.5447
3.0000,0.0917,-0.5454
3.0000,0.0935,-0.5460
3.0000,0.0954,-0.5467
3.0000,0.0973,-0.5474
3.0000,0.0992,-0.5481
3.0000,0.1011,-0.5488
3.0000,0.1030,-0.5494
3.0000,0.1049,-0.5501
3.0000,0.1069,-0.5507
3.0000,0.1088,-0.5514
3.0000,0.1107,-0.5520
3.0000,0.1126,-0.5526
3.0000,0.1146,-0.5533
3.0000,0.1165,-0.5539
3.0000,0.1185,-0.5545
3.0000,0.1204,-0.5551
3.0000,0.1224,-0.5557
3.0000,0.1243,-0.5563
3.0000,0.1263,-0.5569
3.0000,0.1283,-0.5574
3.0000,0.1303,-0.5580
3.0000,0.1322,-0.5586
3.0000,0.1342,-0.5591
3.0000,0.1362,-0.5597
3.0000,0.1382,-0.5602
3.0000,0.1402,-0.5607
3.0000,0.1422,-0.5613
3.0000,0.1442,-0.5618
3.0000,0.1463,-0.5623
3.0000,0.1483,-0.5628
3.0000,0.1503,-0.5633
3.0000,0.1523,-0.5638
3.0000,0.1544,-0.5643
3.0000,0.1564,-0.5647
3.0000,0.1584,-0.5652
3.0000,0.1605,-0.5657
3.0000,0.1625,-0.5661
3.0000,0.1646,-0.5666
3.0000,0.1667,-0.5670
3.0000,0.1687,-0.5674
3.0000,0.1708,-0.5679
3.0000,0.1729,-0.5683
3.0000,0.1750,-0.5687
3.0000,0.1770,-0.5691
3.0000,0.1791,-0.5695
3.0000,0.1812,-0.5699
3.0000,0.1833,-0.5703
3.0000,0.1854,-0.5706
3.0000,0.1875,-0.5710
3.0000,0.1896,-0.5714
3.0000,0.1917,-0.5717
3.0000,0.1938,-0.5720
3.0000,0.1960,-0.5724
3.0000,0.1981,-0.5727
3.0000,0.2002,-0.5730
3.0000,0.2024,-0.5733
3.0000,0.2045,-0.5736
3.0000,0.2066,-0.5739
3.0000,0.2088,-0.5742
3.0000,0.2109,-0.5745
3.0000,0.2131,-0.5748
3.0000,0.2152,-0.5750
3.0000,0.2174,-0.5753
3.0000,0.2195,-0.5755
3.0000,0.2217,-0.5758
3.0000,0.2239,-0.5760
3.0000,0.2261,-0.5762
3.0000,0.2282,-0.5765
3.0000,0.2304,-0.5767
3.0000,0.2326,-0.5769
3.0000,0.2348,-0.5771
3.0000,0.2370,-0.5772
3.0000,0.2392,-0.5774
3.0000,0.2414,-0.5776
3.0000,0.2436,-0.5778
3.0000,0.2458,-0.5779
3.0000,0.2480,-0.5780
3.0000,0.2502,-0.5782
3.0000,0.2524,-0.5783
3.0000,0.2546,-0.5784
3.0000,0.2569,-0.5785
3.0000,0.2591,-0.5786
3.0000,0.2613,-0.5787
3.0000,0.2635,-0.5788
3.0000,0.2658,-0.5789
3.0000,0.2680,-0.5790
3.0000,0.2703,-0.5790
3.0000,0.2725,-0.5791
3.0000,0.2747,-0.5791
3.0000,0.2770,-0.5792
3.0000,0.2792,-0.5792
3.0000,0.2815,-0.5792
3.0000,0.2838,-0.5792
3.0000,0.2860,-0.5792
3.0000,0.2883,-0.5792
3.0000,0.2906,-0.5792
3.0000,0.2928,-0.5792
3.0000,0.2951,-0.5792
3.0000,0.2974,-0.5791
3.0000,0.2996,-0.5791
3.0000,0.3019,-0.5790
3.0000,0.3042,-0.5789
3.0000,0.3065,-0.5789
3.0000,0.3088,-0.5788
3.0000,0.3111,-0.5787
3.0000,0.3134,-0.5786
3.0000,0.3157,-0.5785
3.0000,0.3180,-0.5784
3.0000,0.3203,-0.5782
3.0000,0.3226,-0.5781
3.0000,0.3249,-0.5780
3.0000,0.3272,-0.5778
3.0000,0.3295,-0.5776
3.0000,0.3318,-0.5775
3.0000,0.3341,-0.5773
3.0000,0.3364,-0.5771
3.0000,0.3387,-0.5769
3.0000,0.3411,-0.5767
3.0000,0.3434,-0.5765
3.0000,0.3457,-0.5763
3.0000,0.3480,-0.5760
3.0000,0.3504,-0.5758
3.0000,0.3527,-0.5755
3.0000,0.3550,-0.5753
3.0000,0.3574,-0.5750
3.0000,0.3597,-0.5747
3.0000,0.3620,-0.5744
3.0000,0.3644,-0.5741
3.0000,0.3667,-0.5738
3.0000,0.3690,-0.5735
3.0000,0.3714,-0.5732
3.0000,0.3737,-0.5729
3.0000,0.3761,-0.5725
3.0000,0.3784,-0.5722
3.0000,0.3808,-0.5718
3.0000,0.3831,-0.5714
3.0000,0.3855,-0.5711
3.0000,0.3878,-0.5707
3.0000,0.3902,-0.5703
3.0000,0.3926,-0.5699
3.0000,0.3949,-0.5695
3.0000,0.3973,-0.5690
3.0000,0.3996,-0.5686
3.0000,0.4020,-0.5682
3.0000,0.4044,-0.5677
3.0000,0.4067,-0.5673
3.0000,0.4091,-0.5668
3.0000,0.4114,-0.5663
3.0000,0.4138,-0.5658
3.0000,0.4162,-0.5653
3.0000,0.4186,-0.5648
3.0000,0.4209,-0.5643
3.0000,0.4233,-0.5638
3.0000,0.4257,-0.5632
3.0000,0.4280,-0.5627
3.0000,0.4304,-0.5621
3.0000,0.4328,-0.5616
3.0000,0.4352,-0.5610
3.0000,0.4375,-0.5604
3.0000,0.4399,-0.5598
3.0000,0.4423,-0.5592
3.0000,0.4447,-0.5586
3.0000,0.4470,-0.5580
3.0000,0.4494,-0.5574
3.0000,0.4518,-0.5567
3.0000,0.4542,-0.5561
3.0000,0.4566,-0.5554
3.0000,0.4589,-0.5548
3.0000,0.4613,-0.5541
3.0000,0.4637,-0.5534
3.0000,0.4661,-0.5527
3.0000,0.4685,-0.5520
3.0000,0.4708,-0.5513
3.0000,0.4732,-0.5506
3.0000,0.4756,-0.5498
3.0000,0.4780,-0.5491
3.0000,0.4804,-0.5483
3.0000,0.4828,-0.5476
3.0000,0.4851,-0.5468
3.0000,0.4875,-0.5460
3.0000,0.4899,-0.5452
3.0000,0.4923,-0.5444
3.0000,0.4947,-0.5436
3.0000,0.4970,-0.5428
3.0000,0.4994,-0.5420
3.0000,0.5018,-0.5411
3.0000,0.5042,-0.5403
3.0000,0.5066,-0.5394
3.0000,0.5089,-0.5386
3.0000,0.5113,-0.5377
3.0000,0.5137,-0.5368
3.0000,0.5161,-0.5359
3.0000,0.5185,-0.5350
3.0000,0.5208,-0.5341
3.0000,0.5232,-0.5332
3.0000,0.5256,-0.5322
3.0000,0.5280,-0.5313
3.0000,0.5303,-0.5303
3.0000,0.5327,-0.5294
3.0000,0.5351,-0.5284
3.0000,0.5374,-0.5274
3.0000,0.5398,-0.5264
3.0000,0.5422,-0.5254
3.0000,0.5446,-0.5244
3.0000,0.5469,-0.5234
3.0000,0.5493,-0.5223
3.0000,0.5517,-0.5213
3.0000,0.5540,-0.5203
3.0000,0.5564,-0.5192
3.0000,0.5587,-0.5181
3.0000,0.5611,-0.5170
3.0000,0.5635,-0.5160
3.0000,0.5658,-0.5149
3.0000,0.5682,-0.5137
3.0000,0.5705,-0.5126
3.0000,0.5729,-0.5115
3.0000,0.5752,-0.5104
3.0000,0.5776,-0.5092
3.0000,0.5799,-0.5081
3.0000,0.5823,-0.5069
3.0000,0.5846,-0.5057
3.0000,0.5870,-0.5045
3.0000,0.5893,-0.5033
3.0000,0.5917,-0.5021
3.0000,0.5940,-0.5009
3.0000,0.5963,-0.4997
3.0000,0.5987,-0.4984
3.0000,0.6010,-0.4972
3.0000,0.6033,-0.4959
3.0000,0.6057,-0.4947
3.0000,0.6080,-0.4934
3.0000,0.6103,-0.4921
3.0000,0.6126,-0.4908
3.0000,0.6150,-0.4895
3.0000,0.6173,-0.4882
3.0000,0.6196,-0.4869
3.0000,0.6219,-0.4855
3.0000,0.6242,-0.4842
3.0000,0.6265,-0.4828
3.0000,0.6288,-0.4815
3.0000,0.6311,-0.4801
3.0000,0.6334,-0.4787
3.0000,0.6357,-0.4773
3.0000,0.6380,-0.4759
3.0000,0.6403,-0.4745
3.0000,0.6426,-0.4731
3.0000,0.6449,-0.4717
3.0000,0.6472,-0.4702
3.0000,0.6495,-0.4688
3.0000,0.6518,-0.4673
3.0000,0.6541,-0.4658
3.0000,0.6563,-0.4644
3.0000,0.6586,-0.4629
3.0000,0.6609,-0.4614
3.0000,0.6631,-0.4599
3.0000,0.6654,-0.4584
3.0000,0.6677,-0.4568
3.0000,0.6699,-0.4553
3.0000,0.6722,-0.4537
3.0000,0.6744,-0.4522
3.0000,0.6767,-0.4506
3.0000,0.6789,-0.4490
3.0000,0.6812,-0.4475
3.0000,0.6834,-0.4459
3.0000,0.6857,-0.4443
3.0000,0.6879,-0.4426
3.0000,0.6901,-0.4410
3.0000,0.6923,-0.4394
3.0000,0.6946,-0.4377
3.0000,0.6968,-0.4361
3.0000,0.6990,-0.4344
3.0000,0.7012,-0.4327
3.0000,0.7034,-0.4311
3.0000,0.7056,-0.4294
3.0000,0.7078,-0.4277
3.0000,0.7100,-0.4260
3.0000,0.7122,-0.4242
3.0000,0.7144,-0.4225
3.0000,0.7166,-0.4208
3.0000,0.7188,-0.4190
3.0000,0.7210,-0.4173
3.0000,0.7231,-0.4155
3.0000,0.7253,-0.4137
3.0000,0.7275,-0.4119
3.0000,0.7296,-0.4101
3.0000,0.7318,-0.4083
3.0000,0.7339,-0.4065
3.0000,0.7361,-0.4047
3.0000,0.7382,-0.4028
3.0000,0.7404,-0.4010
3.0000,0.7425,-0.3991
3.0000,0.7447,-0.3973
3.0000,0.7468,-0.3954
3.0000,0.7489,-0.3935
3.0000,0.7510,-0.3916
3.0000,0.7531,-0.3897
3.0000,0.7552,-0.3878
3.0000,0.7574,-0.3859
3.0000,0.7595,-0.3840
3.0000,0.7616,-0.3820
3.0000,0.7636,-0.3801
3.0000,0.7657,-0.3781
3.0000,0.7678,-0.3761
3.0000,0.7699,-0.3742
3.0000,0.7720,-0.3722
3.0000,0.7740,-0.3702
3.0000,0.7761,-0.3682
3.0000,0.7782,-0.3662
3.0000,0.7802,-0.3641
3.0000,0.7823,-0.3621
3.0000,0.7843,-0.3601
3.0000,0.7863,-0.3580
3.0000,0.7884,-0.3560
3.0000,0.7904,-0.3539
3.0000,0.7924,-0.3518
3.0000,0.7944,-0.3497
3.0000,0.7964,-0.3476
3.0000,0.7984,-0.3455
3.0000,0.8004,-0.3434
3.0000,0.8024,-0.3413
3.0000,0.8044,-0.3391
3.0000,0.8064,-0.3370
3.0000,0.8084,-0.3348
3.0000,0.8104,-0.3327
3.0000,0.8123,-0.3305
3.0000,0.8143,-0.3283
3.0000,0.8163,-0.3261
3.0000,0.8182,-0.3239
3.0000,0.8201,-0.3217
3.0000,0.8221,-0.3195
3.0000,0.8240,-0.3173
3.0000,0.8259,-0.3151
3.0000,0.8279,-0.3128
3.0000,0.8298,-0.3106
3.0000,0.8317,-0.3083
3.0000,0.8336,-0.3060
3.0000,0.8355,-0.3038
3.0000,0.8374,-0.3015
3.0000,0.8393,-0.2992
3.0000,0.8411,-0.2969
3.0000,0.8430,-0.2946
3.0000,0.8449,-0.2922
3.0000,0.8467,-0.2899
3.0000,0.8486,-0.2876
3.0000,0.8504,-0.2852
3.0000,0.8523,-0.2829
3.0000,0.8541,-0.2805
3.0000,0.8560,-0.2781
3.0000,0.8578,-0.2757
3.0000,0.8596,-0.2733
3.0000,0.8614,-0.2709
3.0000,0.8632,-0.2685
3.0000,0.8650,-0.2661
3.0000,0.8668,-0.2637
3.0000,0.8686,-0.2612
3.0000,0.8703,-0.2588
3.0000,0.8721,-0.2563
3.0000,0.8739,-0.2539
3.0000,0.8756,-0.2514
3.0000,0.8774,-0.2489
3.0000,0.8791,-0.2464
3.0000,0.8808,-0.2439
3.0000,0.8826,-0.2414
3.0000,0.8843,-0.2389
3.0000,0.8860,-0.2364
3.0000,0.8877,-0.2339
3.0000,0.8894,-0.2313
3.0000,0.8911,-0.2288
3.0000,0.8928,-0.2262
3.0000,0.8945,-0.2237
3.0000,0.8961,-0.2211
3.0000,0.8978,-0.2185
3.0000,0.8994,-0.2159
3.0000,0.9011,-0.2133
3.0000,0.9027,-0.2107
3.0000,0.9044,-0.2081
3.0000,0.9060,-0.2055
3.0000,0.9076,-0.2029
3.0000,0.9092,-0.2002
3.0000,0.9108,-0.1976
3.0000,0.9124,-0.1949
3.0000,0.9140,-0.1923
3.0000,0.9156,-0.1896
3.0000,0.9171,-0.1869
3.0000,0.9187,-0.1842
3.0000,0.9203,-0.1815
3.0000,0.9218,-0.1788
3.0000,0.9234,-0.1761
3.0000,0.9249,-0.1734
3.0000,0.9264,-0.1707
3.0000,0.9279,-0.1680
3.0000,0.9294,-0.1652
3.0000,0.9309,-0.1625
3.0000,0.9324,-0.1597
3.0000,0.9339,-0.1570
3.0000,0.9354,-0.1542
3.0000,0.9368,-0.1514
3.0000,0.9383,-0.1486
3.0000,0.9398,-0.1458
3.0000,0.9412,-0.1430
3.0000,0.9426,-0.1402
3.0000,0.9441,-0.1374
3.0000,0.9455,-0.1346
3.0000,0.9469,-0.1317
3.0000,0.9483,-0.1289
3.0000,0.9497,-0.1260
3.0000,0.9511,-0.1232
3.0000,0.9524,-0.1203
3.0000,0.9538,-0.1174
3.0000,0.9552,-0.1146
3.0000,0.9565,-0.1117
3.0000,0.9578,-0.1088
3.0000,0.9592,-0.1059
3.0000,0.9605,-0.1030
3.0000,0.9618,-0.1001
3.0000,0.9631,-0.0972
3.0000,0.9644,-0.0942
3.0000,0.9657,-0.0913
3.0000,0.9670,-0.0883
3.0000,0.9682,-0.0854
3.0000,0.9695,-0.0824
3.0000,0.9708,-0.0795
3.0000,0.9720,-0.0765
3.0000,0.9732,-0.0735
3.0000,0.9745,-0.0705
3.0000,0.9757,-0.0675
3.0000,0.9769,-0.0645
3.0000,0.9781,-0.0615
3.0000,0.9793,-0.0585
3.0000,0.9804,-0.0555
3.0000,0.9816,-0.0525
3.0000,0.9828,-0.0494
3.0000,0.9839,-0.0464
3.0000,0.9850,-0.0434
3.0000,0.9862,-0.0403
3.0000,0.9873,-0.0372
3.0000,0.9884,-0.0342
3.0000,0.9895,-0.0311
3.0000,0.9906,-0.0280
3.0000,0.9917,-0.0249
3.0000,0.9928,-0.0218
3.0000,0.9938,-0.0187
3.0000,0.9949,-0.0156
3.0000,0.9959,-0.0125
3.0000,0.9970,-0.0094
3.0000,0.9980,-0.0063
3.0000,0.9990,-0.0031
3.0000,1.0000,-0.0000
4.0000,0.0000,-0.0010
4.0000,0.0000,-0.0020
4.0000,0.0000,-0.0030
4.0000,0.0001,-0.0040
4.0000,0.0001,-0.0050
4.0000,0.0001,-0.0060
4.0000,0.0002,-0.0070
4.0000,0.0002,-0.0080
4.0000,0.0003,-0.0090
4.0000,0.0003,-0.0100
4.0000,0.0004,-0.0110
4.0000,0.0005,-0.0120
4.0000,0.0005,-0.0130
4.0000,0.0006,-0.0140
4.0000,0.0007,-0.0150
4.0000,0.0008,-0.0160
4.0000,0.0009,-0.0170
4.0000,0.0010,-0.0180
4.0000,0.0011,-0.0190
4.0000,0.0013,-0.0200
4.0000,0.0014,-0.0210
4.0000,0.0015,-0.0219
4.0000,0.0017,-0.0229
4.0000,0.0018,-0.0239
4.0000,0.0020,-0.0249
4.0000,0.0021,-0.0259
4.0000,0.0023,-0.0269
4.0000,0.0025,-0.0279
4.0000,0.0026,-0.0289
4.0000,0.0028,-0.0299
4.0000,0.0030,-0.0309
4.0000,0.0032,-0.0318
4.0000,0.0034,-0.0328
4.0000,0.0036,-0.0338
4.0000,0.0038,-0.0348
4.0000,0.0041,-0.0358
4.0000,0.0043,-0.0368
4.0000,0.0045,-0.0377
4.0000,0.0048,-0.0387
4.0000,0.0050,-0.0397
4.0000,0.0053,-0.0407
4.0000,0.0055,-0.0416
4.0000,0.0058,-0.0426
4.0000,0.0061,-0.0436
4.0000,0.0063,-0.0446
4.0000,0.0066,-0.0455
4.0000,0.0069,-0.0465
4.0000,0.0072,-0.0475
4.0000,0.0075,-0.0484
4.0000,0.0078,-0.0494
4.0000,0.0081,-0.0503
4.0000,0.0085,-0.0513
4.0000,0.0088,-0.0523
4.0000,0.0091,-0.0532
4.0000,0.0095,-0.0542
4.0000,0.0098,-0.0551
4.0000,0.0102,-0.0561
4.0000,0.0105,-0.0570
4.0000,0.0109,-0.0580
4.0000,0.0112,-0.0589
4.0000,0.0116,-0.0599
4.0000,0.0120,-0.0608
4.0000,0.0124,-0.0618
4.0000,0.0128,-0.0627
4.0000,0.0132,-0.0636
4.0000,0.0136,-0.0646
4.0000,0.0140,-0.0655
4.0000,0.0144,-0.0665
4.0000,0.0148,-0.0674
4.0000,0.0153,-0.0683
4.0000,0.0157,-0.0692
4.0000,0.0161,-0.0702
4.0000,0.0166,-0.0711
4.0000,0.0170,-0.0720
4.0000,0.0175,-0.0729
4.0000,0.0180,-0.0738
4.0000,0.0184,-0.0748
4.0000,0.0189,-0.0757
4.0000,0.0194,-0.0766
4.0000,0.0199,-0.0775
4.0000,0.0204,-0.0784
4.0000,0.0209,-0.0793
4.0000,0.0214,-0.0802
4.0000,0.0219,-0.0811
4.0000,0.0224,-0.0820
4.0000,0.0230,-0.0829
4.0000,0.0235,-0.0838
4.0000,0.0240,-0.0847
4.0000,0.0246,-0.0855
4.0000,0.0251,-0.0864
4.0000,0.0257,-0.0873
4.0000,0.0262,-0.0882
4.0000,0.0268,-0.0891
4.0000,0.0274,-0.0899
4.0000,0.0279,-0.0908
4.0000,0.0285,-0.0917
4.0000,0.0291,-0.0925
4.0000,0.0297,-0.0934
4.0000,0.0303,-0.0943
4.0000,0.0309,-0.0951
4.0000,0.0315,-0.0960
4.0000,0.0321,-0.0968
4.0000,0.0328,-0.0977
4.0000,0.0334,-0.0985
4.0000,0.0340,-0.0993
4.0000,0.0347,-0.1002
4.0000,0.0353,-0.1010
4.0000,0.0359,-0.1018
4.0000,0.0366,-0.1027
4.0000,0.0373,-0.1035
4.0000,0.0379,-0.1043
4.0000,0.0386,-0.1051
4.0000,0.0393,-0.1060
4.0000,0.0400,-0.1068
4.0000,0.0406,-0.1076
4.0000,0.0413,-0.1084
4.0000,0.0420,-0.1092
4.0000,0.0427,-0.1100
4.0000,0.0435,-0.1108
4.0000,0.0442,-0.1116
4.0000,0.0449,-0.1124
4.0000,0.0456,-0.1131
4.0000,0.0464,-0.1139
4.0000,0.0471,-0.1147
4.0000,0.0478,-0.1155
4.0000,0.0486,-0.1163
4.0000,0.0493,-0.1170
4.0000,0.0501,-0.1178
4.0000,0.0509,-0.1186
4.0000,0.0516,-0.1193
4.0000,0.0524,-0.1201
4.0000,0.0532,-0.1208
4.0000,0.0540,-0.1216
4.0000,0.0548,-0.1223
4.0000,0.0556,-0.1230
4.0000,0.0564,-0.1238
4.0000,0.0572,-0.1245
4.0000,0.0580,-0.1252
4.0000,0.0588,-0.1260
4.0000,0.0596,-0.1267
4.0000,0.0604,-0.1274
4.0000,0.0613,-0.1281
4.0000,0.0621,-0.1288
4.0000,0.0629,-0.1295
4.0000,0.0638,-0.1302
4.0000,0.0646,-0.1309
4.0000,0.0655,-0.1316
4.0000,0.0664,-0.1323
4.0000,0.0672,-0.1330
4.0000,0.0681,-0.1337
4.0000,0.0690,-0.1343
4.0000,0.0699,-0.1350
4.0000,0.0707,-0.1357
4.0000,0.0716,-0.1363
4.0000,0.0725,-0.1370
4.0000,0.0734,-0.1376
4.0000,0.0743,-0.1383
4.0000,0.0752,-0.1389
4.0000,0.0762,-0.1396
4.0000,0.0771,-0.1402
4.0000,0.0780,-0.1408
4.0000,0.0789,-0.1415
4.0000,0.0799,-0.1421
4.0000,0.0808,-0.1427
4.0000,0.0818,-0.1433
4.0000,0.0827,-0.1439
4.0000,0.0837,-0.1445
4.0000,0.0846,-0.1451
4.0000,0.0856,-0.1457
4.0000,0.0865,-0.1463
4.0000,0.0875,-0.1469
4.0000,0.0885,-0.1475
4.0000,0.0895,-0.1481
4.0000,0.0904,-0.1486
4.0000,0.0914,-0.1492
4.0000,0.0924,-0.1498
4.0000,0.0934,-0.1503
4.0000,0.0944,-0.1509
4.0000,0.0954,-0.1514
4.0000,0.0964,-0.1520
4.0000,0.0975,-0.1525
4.0000,0.0985,-0.1531
4.0000,0.0995,-0.1536
4.0000,0.1005,-0.1541
4.0000,0.1016,-0.1546
4.0000,0.1026,-0.1551
4.0000,0.1036,-0.1556
4.0000,0.1047,-0.1562
4.0000,0.1057,-0.1567
4.0000,0.1068,-0.1571
4.0000,0.1079,-0.1576
4.0000,0.1089,-0.1581
4.0000,0.1100,-0.1586
4.0000,0.1111,-0.1591
4.0000,0.1121,-0.1595
4.0000,0.1132,-0.1600
4.0000,0.1143,-0.1605
4.0000,0.1154,-0.1609
4.0000,0.1165,-0.1614
4.0000,0.1176,-0.1618
4.0000,0.1187,-0.1622
4.0000,0.1198,-0.1627
4.0000,0.1209,-0.1631
4.0000,0.1220,-0.1635
4.0000,0.1231,-0.1639
4.0000,0.1242,-0.1643
4.0000,0.1253,-0.1648
4.0000,0.1264,-0.1652
4.0000,0.1276,-0.1655
4.0000,0.1287,-0.1659
4.0000,0.1298,-0.1663
4.0000,0.1310,-0.1667
4.0000,0.1321,-0.1671
4.0000,0.1333,-0.1674
4.0000,0.1344,-0.1678
4.0000,0.1356,-0.1681
4.0000,0.1367,-0.1685
4.0000,0.1379,-0.1688
4.0000,0.1391,-0.1692
4.0000,0.1402,-0.1695
4.0000,0.1414,-0.1698
4.0000,0.1426,-0.1702
4.0000,0.1438,-0.1705
4.0000,0.1449,-0.1708
4.0000,0.1461,-0.1711
4.0000,0.1473,-0.1714
4.0000,0.1485,-0.1717
4.0000,0.1497,-0.1720
4.0000,0.1509,-0.1723
4.0000,0.1521,-0.1725
4.0000,0.1533,-0.1728
4.0000,0.1545,-0.1731
4.0000,0.1557,-0.1733
4.0000,0.1569,-0.1736
4.0000,0.1582,-0.1738
4.0000,0.1594,-0.1741
4.0000,0.1606,-0.1743
4.0000,0.1618,-0.1745
4.0000,0.1631,-0.1747
4.0000,0.1643,-0.1750
4.0000,0.1655,-0.1752
4.0000,0.1668,-0.1754
4.0000,0.1680,-0.1756
4.0000,0.1693,-0.1758
4.0000,0.1705,-0.1759
4.0000,0.1717,-0.1761
4.0000,0.1730,-0.1763
4.0000,0.1743,-0.1765
4.0000,0.1755,-0.1766
4.0000,0.1768,-0.1768
4.0000,0.1780,-0.1769
4.0000,0.1793,-0.1771
4.0000,0.1806,-0.1772
4.0000,0.1818,-0.1773
4.0000,0.1831,-0.1775
4.0000,0.1844,-0.1776
4.0000,0.1857,-0.1777
4.0000,0.1870,-0.1778
4.0000,0.1882,-0.1779
4.0000,0.1895,-0.1780
4.0000,0.1908,-0.1781
4.0000,0.1921,-0.1781
4.0000,0.1934,-0.1782
4.0000,0.1947,-0.1783
4.0000,0.1960,-0.1783
4.0000,0.1973,-0.1784
4.0000,0.1986,-0.1784
4.0000,0.1999,-0.1785
4.0000,0.2012,-0.1785
4.0000,0.2025,-0.1786
4.0000,0.2038,-0.1786
4.0000,0.2052,-0.1786
4.0000,0.2065,-0.1786
4.0000,0.2078,-0.1786
4.0000,0.2091,-0.1786
4.0000,0.2104,-0.1786
4.0000,0.2118,-0.1786
4.0000,0.2131,-0.1785
4.0000,0.2144,-0.1785
4.0000,0.2157,-0.1785
4.0000,0.2171,-0.1784
4.0000,0.2184,-0.1784
4.0000,0.2197,-0.1783
4.0000,0.2211,-0.1783
4.0000,0.2224,-0.1782
4.0000,0.2238,-0.1781
4.0000,0.2251,-0.1780
4.0000,0.2265,-0.1779
4.0000,0.2278,-0.1778
4.0000,0.2291,-0.1777
4.0000,0.2305,-0.1776
4.0000,0.2318,-0.1775
4.0000,0.2332,-0.1774
4.0000,0.2346,-0.1773
4.0000,0.2359,-0.1771
4.0000,0.2373,-0.1770
4.0000,0.2386,-0.1768
4.0000,0.2400,-0.1767
4.0000,0.2413,-0.1765
4.0000,0.2427,-0.1763
4.0000,0.2441,-0.1762
4.0000,0.2454,-0.1760
4.0000,0.2468,-0.1758
4.0000,0.2482,-0.1756
4.0000,0.2495,-0.1754
4.0000,0.2509,-0.1752
4.0000,0.2523,-0.1749
4.0000,0.2536,-0.1747
4.0000,0.2550,-0.1745
4.0000,0.2564,-0.1742
4.0000,0.2578,-0.1740
4.0000,0.2591,-0.1737
4.0000,0.2605,-0.1735
4.0000,0.2619,-0.1732
4.0000,0.2633,-0.1729
4.0000,0.2647,-0.1727
4.0000,0.2660,-0.1724
4.0000,0.2674,-0.1721
4.0000,0.2688,-0.1718
4.0000,0.2702,-0.1715
4.0000,0.2716,-0.1711
4.0000,0.2730,-0.1708
4.0000,0.2743,-0.1705
4.0000,0.2757,-0.1702
4.0000,0.2771,-0.1698
4.0000,0.2785,-0.1695
4.0000,0.2799,-0.1691
4.0000,0.2813,-0.1687
4.0000,0.2827,-0.1684
4.0000,0.2840,-0.1680
4.0000,0.2854,-0.1676
4.0000,0.2868,-0.1672
4.0000,0.2882,-0.1668
4.0000,0.2896,-0.1664
4.0000,0.2910,-0.1660
4.0000,0.2924,-0.1656
4.0000,0.2938,-0.1651
4.0000,0.2952,-0.1647
4.0000,0.2966,-0.1642
4.0000,0.2979,-0.1638
4.0000,0.2993,-0.1633
4.0000,0.3007,-0.1629
4.0000,0.3021,-0.1624
4.0000,0.3035,-0.1619
4.0000,0.3049,-0.1614
4.0000,0.3063,-0.1609
4.0000,0.3077,-0.1604
4.0000,0.3091,-0.1599
4.0000,0.3105,-0.1594
4.0000,0.3119,-0.1589
4.0000,0.3132,-0.1584
4.0000,0.3146,-0.1578
4.0000,0.3160,-0.1573
4.0000,0.3174,-0.1567
4.0000,0.3188,-0.1562
4.0000,0.3202,-0.1556
4.0000,0.3216,-0.1550
4.0000,0.3230,-0.1545
4.0000,0.3244,-0.1539
4.0000,0.3257,-0.1533
4.0000,0.3271,-0.1527
4.0000,0.3285,-0.1521
4.0000,0.3299,-0.1515
4.0000,0.3313,-0.1508
4.0000,0.3327,-0.1502
4.0000,0.3340,-0.1496
4.0000,0.3354,-0.1489
4.0000,0.3368,-0.1483
4.0000,0.3382,-0.1476
4.0000,0.3396,-0.1469
4.0000,0.3409,-0.1463
4.0000,0.3423,-0.1456
4.0000,0.3437,-0.1449
4.0000,0.3451,-0.1442
4.0000,0.3465,-0.1435
4.0000,0.3478,-0.1428
4.0000,0.3492,-0.1421
4.0000,0.3506,-0.1414
4.0000,0.3519,-0.1406
4.0000,0.3533,-0.1399
4.0000,0.3547,-0.1391
4.0000,0.3561,-0.1384
4.0000,0.3574,-0.1376
4.0000,0.3588,-0.1369
4.0000,0.3601,-0.1361
4.0000,0.3615,-0.1353
4.0000,0.3629,-0.1345
4.0000,0.3642,-0.1337
4.0000,0.3656,-0.1329
4.0000,0.3669,-0.1321
4.0000,0.3683,-0.1313
4.0000,0.3697,-0.1305
4.0000,0.3710,-0.1296
4.0000,0.3724,-0.1288
4.0000,0.3737,-0.1279
4.0000,0.3751,-0.1271
4.0000,0.3764,-0.1262
4.0000,0.3777,-0.1254
4.0000,0.3791,-0.1245
4.0000,0.3804,-0.1236
4.0000,0.3818,-0.1227
4.0000,0.3831,-0.1218
4.0000,0.3844,-0.1209
4.0000,0.3858,-0.1200
4.0000,0.3871,-0.1191
4.0000,0.3884,-0.1182
4.0000,0.3898,-0.1172
4.0000,0.3911,-0.1163
4.0000,0.3924,-0.1153
4.0000,0.3937,-0.1144
4.0000,0.3950,-0.1134
4.0000,0.3964,-0.1125
4.0000,0.3977,-0.1115
4.0000,0.3990,-0.1105
4.0000,0.4003,-0.1095
4.0000,0.4016,-0.1085
4.0000,0.4029,-0.1075
4.0000,0.4042,-0.1065
4.0000,0.4055,-0.1055
4.0000,0.4068,-0.1044
4.0000,0.4081,-0.1034
4.0000,0.4094,-0.1024
4.0000,0.4107,-0.1013
4.0000,0.4120,-0.1003
4.0000,0.4133,-0.0992
4.0000,0.4145,-0.0981
4.0000,0.4158,-0.0971
4.0000,0.4171,-0.0960
4.0000,0.4184,-0.0949
4.0000,0.4196,-0.0938
4.0000,0.4209,-0.0927
4.0000,0.4222,-0.0916
4.0000,0.4234,-0.0905
4.0000,0.4247,-0.0893
4.0000,0.4260,-0.0882
4.0000,0.4272,-0.0871
4.0000,0.4285,-0.0859
4.0000,0.4297,-0.0848
4.0000,0.4310,-0.0836
4.0000,0.4322,-0.0824
4.0000,0.4334,-0.0813
4.0000,0.4347,-0.0801
4.0000,0.4359,-0.0789
4.0000,0.4371,-0.0777
4.0000,0.4384,-0.0765
4.0000,0.4396,-0.0753
4.0000,0.4408,-0.0741
4.0000,0.4420,-0.0729
4.0000,0.4432,-0.0716
4.0000,0.4445,-0.0704
4.0000,0.4457,-0.0692
4.0000,0.4469,-0.0679
4.0000,0.4481,-0.0666
4.0000,0.4493,-0.0654
4.0000,0.4505,-0.0641
4.0000,0.4517,-0.0628
4.0000,0.4528,-0.0615
4.0000,0.4540,-0.0603
4.0000,0.4552,-0.0590
4.0000,0.4564,-0.0577
4.0000,0.4575,-0.0563
4.0000,0.4587,-0.0550
4.0000,0.4599,-0.0537
4.0000,0.4610,-0.0524
4.0000,0.4622,-0.0510
4.0000,0.4633,-0.0497
4.0000,0.4645,-0.0483
4.0000,0.4656,-0.0470
4.0000,0.4668,-0.0456
4.0000,0.4679,-0.0442
4.0000,0.4690,-0.0429
4.0000,0.4702,-0.0415
4.0000,0.4713,-0.0401
4.0000,0.4724,-0.0387
4.0000,0.4735,-0.0373
4.0000,0.4746,-0.0359
4.0000,0.4758,-0.0344
4.0000,0.4769,-0.0330
4.0000,0.4780,-0.0316
4.0000,0.4791,-0.0301
4.0000,0.4801,-0.0287
4.0000,0.4812,-0.0272
4.0000,0.4823,-0.0258
4.0000,0.4834,-0.0243
4.0000,0.4845,-0.0228
4.0000,0.4855,-0.0214
4.0000,0.4866,-0.0199
4.0000,0.4877,-0.0184
4.0000,0.4887,-0.0169
4.0000,0.4898,-0.0154
4.0000,0.4908,-0.0139
4.0000,0.4918,-0.0124
4.0000,0.4929,-0.0108
4.0000,0.4939,-0.0093
4.0000,0.4949,-0.0078
4.0000,0.4960,-0.0062
4.0000,0.4970,-0.0047
4.0000,0.4980,-0.0031
4.0000,0.4990,-0.0016
4.0000,0.5000,-0.0000
4.0000,0.5010,0.0016
4.0000,0.5020,0.0032
4.0000,0.5030,0.0047
4.0000,0.5040,0.0063
4.0000,0.5049,0.0079
4.0000,0.5059,0.0095
4.0000,0.5069,0.0111
4.0000,0.5078,0.0128
4.0000,0.5088,0.0144
4.0000,0.5097,0.0160
4.0000,0.5107,0.0177
4.0000,0.5116,0.0193
4.0000,0.5126,0.0209
4.0000,0.5135,0.0226
4.0000,0.5144,0.0243
4.0000,0.5153,0.0259
4.0000,0.5163,0.0276
4.0000,0.5172,0.0293
4.0000,0.5181,0.0310
4.0000,0.5190,0.0327
4.0000,0.5199,0.0343
4.0000,0.5208,0.0360
4.0000,0.5216,0.0378
4.0000,0.5225,0.0395
4.0000,0.5234,0.0412
4.0000,0.5242,0.0429
4.0000,0.5251,0.0446
4.0000,0.5260,0.0464
4.0000,0.5268,0.0481
4.0000,0.5276,0.0499
4.0000,0.5285,0.0516
4.0000,0.5293,0.0534
4.0000,0.5301,0.0552
4.0000,0.5310,0.0569
4.0000,0.5318,0.0587
4.0000,0.5326,0.0605
4.0000,0.5334,0.0623
4.0000,0.5342,0.0641
4.0000,0.5350,0.0659
4.0000,0.5357,0.0677
4.0000,0.5365,0.0695
4.0000,0.5373,0.0713
4.0000,0.5381,0.0731
4.0000,0.5388,0.0750
4.0000,0.5396,0.0768
4.0000,0.5403,0.0786
4.0000,0.5410,0.0805
4.0000,0.5418,0.0823
4.0000,0.5425,0.0842
4.0000,0.5432,0.0860
4.0000,0.5439,0.0879
4.0000,0.5447,0.0898
4.0000,0.5454,0.0917
4.0000,0.5460,0.0935
4.0000,0.5467,0.0954
4.0000,0.5474,0.0973
4.0000,0.5481,0.0992
4.0000,0.5488,0.1011
4.0000,0.5494,0.1030
4.0000,0.5501,0.1049
4.0000,0.5507,0.1069
4.0000,0.5514,0.1088
4.0000,0.5520,0.1107
4.0000,0.5526,0.1126
4.0000,0.5533,0.1146
4.0000,0.5539,0.1165
4.0000,0.5545,0.1185
4.0000,0.5551,0.1204
4.0000,0.5557,0.1224
4.0000,0.5563,0.1243
4.0000,0.5569,0.1263
4.0000,0.5574,0.1283
4.0000,0.5580,0.1303
4.0000,0.5586,0.1322
4.0000,0.5591,0.1342
4.0000,0.5597,0.1362
4.0000,0.5602,0.1382
4.0000,0.5607,0.1402
4.0000,0.5613,0.1422
4.0000,0.5618,0.1442
4.0000,0.5623,0.1463
4.0000,0.5628,0.1483
4.0000,0.5633,0.1503
4.0000,0.5638,0.1523
4.0000,0.5643,0.1544
4.0000,0.5647,0.1564
4.0000,0.5652,0.1584
4.0000,0.5657,0.1605
4.0000,0.5661,0.1625
4.0000,0.5666,0.1646
4.0000,0.5670,0.1667
4.0000,0.5674,0.1687
4.0000,0.5679,0.1708
4.0000,0.5683,0.1729
4.0000,0.5687,0.1750
4.0000,0.5691,0.1770
4.0000,0.5695,0.1791
4.0000,0.5699,0.1812
4.0000,0.5703,0.1833
4.0000,0.5706,0.1854
4.0000,0.5710,0.1875
4.0000,0.5714,0.1896
4.0000,0.5717,0.1917
4.0000,0.5720,0.1938
4.0000,0.5724,0.1960
4.0000,0.5727,0.1981
4.0000,0.5730,0.2002
4.0000,0.5733,0.2024
4.0000,0.5736,0.2045
4.0000,0.5739,0.2066
4.0000,0.5742,0.2088
4.0000,0.5745,0.2109
4.0000,0.5748,0.2131
4.0000,0.5750,0.2152
4.0000,0.5753,0.2174
4.0000,0.5755,0.2195
4.0000,0.5758,0.2217
4.0000,0.5760,0.2239
4.0000,0.5762,0.2261
4.0000,0.5765,0.2282
4.0000,0.5767,0.2304
4.0000,0.5769,0.2326
4.0000,0.5771,0.2348
4.0000,0.5772,0.2370
4.0000,0.5774,0.2392
4.0000,0.5776,0.2414
4.0000,0.5778,0.2436
4.0000,0.5779,0.2458
4.0000,0.5780,0.2480
4.0000,0.5782,0.2502
4.0000,0.5783,0.2524
4.0000,0.5784,0.2546
4.0000,0.5785,0.2569
4.0000,0.5786,0.2591
4.0000,0.5787,0.2613
4.0000,0.5788,0.2635
4.0000,0.5789,0.2658
4.0000,0.5790,0.2680
4.0000,0.5790,0.2703
4.0000,0.5791,0.2725
4.0000,0.5791,0.2747
4.0000,0.5792,0.2770
4.0000,0.5792,0.2792
4.0000,0.5792,0.2815
4.0000,0.5792,0.2838
4.0000,0.5792,0.2860
4.0000,0.5792,0.2883
4.0000,0.5792,0.2906
4.0000,0.5792,0.2928
4.0000,0.5792,0.2951
4.0000,0.5791,0.2974
4.0000,0.5791,0.2996
4.0000,0.5790,0.3019
4.0000,0.5789,0.3042
4.0000,0.5789,0.3065
4.0000,0.5788,0.3088
4.0000,0.5787,0.3111
4.0000,0.5786,0.3134
4.0000,0.5785,0.3157
4.0000,0.5784,0.3180
4.0000,0.5782,0.3203
4.0000,0.5781,0.3226
4.0000,0.5780,0.3249
4.0000,0.5778,0.3272
4.0000,0.5776,0.3295
4.0000,0.5775,0.3318
4.0000,0.5773,0.3341
4.0000,0.5771,0.3364
4.0000,0.5769,0.3387
4.0000,0.5767,0.3411
4.0000,0.5765,0.3434
4.0000,0.5763,0.3457
4.0000,0.5760,0.3480
4.0000,0.5758,0.3504
4.0000,0.5755,0.3527
4.0000,0.5753,0.3550
4.0000,0.5750,0.3574
4.0000,0.5747,0.3597
4.0000,0.5744,0.3620
4.0000,0.5741,0.3644
4.0000,0.5738,0.3667
4.0000,0.5735,0.3690
4.0000,0.5732,0.3714
4.0000,0.5729,0.3737
4.0000,0.5725,0.3761
4.0000,0.5722,0.3784
4.0000,0.5718,0.3808
4.0000,0.5714,0.3831
4.0000,0.5711,0.3855
4.0000,0.5707,0.3878
4.0000,0.5703,0.3902
4.0000,0.5699,0.3926
4.0000,0.5695,0.3949
4.0000,0.5690,0.3973
4.0000,0.5686,0.3996
4.0000,0.5682,0.4020
4.0000,0.5677,0.4044
4.0000,0.5673,0.4067
4.0000,0.5668,0.4091
4.0000,0.5663,0.4114
4.0000,0.5658,0.4138
4.0000,0.5653,0.4162
4.0000,0.5648,0.4186
4.0000,0.5643,0.4209
4.0000,0.5638,0.4233
4.0000,0.5632,0.4257
4.0000,0.5627,0.4280
4.0000,0.5621,0.4304
4.0000,0.5616,0.4328
4.0000,0.5610,0.4352
4.0000,0.5604,0.4375
4.0000,0.5598,0.4399
4.0000,0.5592,0.4423
4.0000,0.5586,0.4447
4.0000,0.5580,0.4470
4.0000,0.5574,0.4494
4.0000,0.5567,0.4518
4.0000,0.5561,0.4542
4.0000,0.5554,0.4566
4.0000,0.5548,0.4589
4.0000,0.5541,0.4613
4.0000,0.5534,0.4637
4.0000,0.5527,0.4661
4.0000,0.5520,0.4685
4.0000,0.5513,0.4708
4.0000,0.5506,0.4732
4.0000,0.5498,0.4756
4.0000,0.5491,0.4780
4.0000,0.5483,0.4804
4.0000,0.5476,0.4828
4.0000,0.5468,0.4851
4.0000,0.5460,0.4875
4.0000,0.5452,0.4899
4.0000,0.5444,0.4923
4.0000,0.5436,0.4947
4.0000,0.5428,0.4970
4.0000,0.5420,0.4994
4.0000,0.5411,0.5018
4.0000,0.5403,0.5042
4.0000,0.5394,0.5066
4.0000,0.5386,0.5089
4.0000,0.5377,0.5113
4.0000,0.5368,0.5137
4.0000,0.5359,0.5161
4.0000,0.5350,0.5185
4.0000,0.5341,0.5208
4.0000,0.5332,0.5232
4.0000,0.5322,0.5256
4.0000,0.5313,0.5280
4.0000,0.5303,0.5303
4.0000,0.5294,0.5327
4.0000,0.5284,0.5351
4.0000,0.5274,0.5374
4.0000,0.5264,0.5398
4.0000,0.5254,0.5422
4.0000,0.5244,0.5446
4.0000,0.5234,0.5469
4.0000,0.5223,0.5493
4.0000,0.5213,0.5517
4.0000,0.5203,0.5540
4.0000,0.5192,0.5564
4.0000,0.5181,0.5587
4.0000,0.5170,0.5611
4.0000,0.5160,0.5635
4.0000,0.5149,0.5658
4.0000,0.5137,0.5682
4.0000,0.5126,0.5705
4.0000,0.5115,0.5729
4.0000,0.5104,0.5752
4.0000,0.5092,0.5776
4.0000,0.5081,0.5799
4.0000,0.5069,0.5823
4.0000,0.5057,0.5846
4.0000,0.5045,0.5870
4.0000,0.5033,0.5893
4.0000,0.5021,0.5917
4.0000,0.5009,0.5940
4.0000,0.4997,0.5963
4.0000,0.4984,0.5987
4.0000,0.4972,0.6010
4.0000,0.4959,0.6033
4.0000,0.4947,0.6057
4.0000,0.4934,0.6080
4.0000,0.4921,0.6103
4.0000,0.4908,0.6126
4.0000,0.4895,0.6150
4.0000,0.4882,0.6173
4.0000,0.4869,0.6196
4.0000,0.4855,0.6219
4.0000,0.4842,0.6242
4.0000,0.4828,0.6265
4.0000,0.4815,0.6288
4.0000,0.4801,0.6311
4.0000,0.4787,0.6334
4.0000,0.4773,0.6357
4.0000,0.4759,0.6380
4.0000,0.4745,0.6403
4.0000,0.4731,0.6426
4.0000,0.4717,0.6449
4.0000,0.4702,0.6472
4.0000,0.4688,0.6495
4.0000,0.4673,0.6518
4.0000,0.4658,0.6541
4.0000,0.4644,0.6563
4.0000,0.4629,0.6586
4.0000,0.4614,0.6609
4.0000,0.4599,0.6631
4.0000,0.4584,0.6654
4.0000,0.4568,0.6677
4.0000,0.4553,0.6699
4.0000,0.4537,0.6722
4.0000,0.4522,0.6744
4.0000,0.4506,0.6767
4.0000,0.4490,0.6789
4.0000,0.4475,0.6812
4.0000,0.4459,0.6834
4.0000,0.4443,0.6857
4.0000,0.4426,0.6879
4.0000,0.4410,0.6901
4.0000,0.4394,0.6923
4.0000,0.4377,0.6946
4.0000,0.4361,0.6968
4.0000,0.4344,0.6990
4.0000,0.4327,0.7012
4.0000,0.4311,0.7034
4.0000,0.4294,0.7056
4.0000,0.4277,0.7078
4.0000,0.4260,0.7100
4.0000,0.4242,0.7122
4.0000,0.4225,0.7144
4.0000,0.4208,0.7166
4.0000,0.4190,0.7188
4.0000,0.4173,0.7210
4.0000,0.4155,0.7231
4.0000,0.4137,0.7253
4.0000,0.4119,0.7275
4.0000,0.4101,0.7296
4.0000,0.4083,0.7318
4.0000,0.4065,0.7339
4.0000,0.4047,0.7361
4.0000,0.4028,0.7382
4.0000,0.4010,0.7404
4.0000,0.3991,0.7425
4.0000,0.3973,0.7447
4.0000,0.3954,0.7468
4.0000,0.3935,0.7489
4.0000,0.3916,0.7510
4.0000,0.3897,0.7531
4.0000,0.3878,0.7552
4.0000,0.3859,0.7574
4.0000,0.3840,0.7595
4.0000,0.3820,0.7616
4.0000,0.3801,0.7636
4.0000,0.3781,0.7657
4.0000,0.3761,0.7678
4.0000,0.3742,0.7699
4.0000,0.3722,0.7720
4.0000,0.3702,0.7740
4.0000,0.3682,0.7761
4.0000,0.3662,0.7782
4.0000,0.3641,0.7802
4.0000,0.3621,0.7823
4.0000,0.3601,0.7843
4.0000,0.3580,0.7863
4.0000,0.3560,0.7884
4.0000,0.3539,0.7904
4.0000,0.3518,0.7924
4.0000,0.3497,0.7944
4.0000,0.3476,0.7964
4.0000,0.3455,0.7984
4.0000,0.3434,0.8004
4.0000,0.3413,0.8024
4.0000,0.3391,0.8044
4.0000,0.3370,0.8064
4.0000,0.3348,0.8084
4.0000,0.3327,0.8104
4.0000,0.3305,0.8123
4.0000,0.3283,0.8143
4.0000,0.3261,0.8163
4.0000,0.3239,0.8182
4.0000,0.3217,0.8201
4.0000,0.3195,0.8221
4.0000,0.3173,0.8240
4.0000,0.3151,0.8259
4.0000,0.3128,0.8279
4.0000,0.3106,0.8298
4.0000,0.3083,0.8317
4.0000,0.3060,0.8336
4.0000,0.3038,0.8355
4.0000,0.3015,0.8374
4.0000,0.2992,0.8393
4.0000,0.2969,0.8411
4.0000,0.2946,0.8430
4.0000,0.2922,0.8449
4.0000,0.2899,0.8467
4.0000,0.2876,0.8486
4.0000,0.2852,0.8504
4.0000,0.2829,0.8523
4.0000,0.2805,0.8541
4.0000,0.2781,0.8560
4.0000,0.2757,0.8578
4.0000,0.2733,0.8596
4.0000,0.2709,0.8614
4.0000,0.2685,0.8632
4.0000,0.2661,0.8650
4.0000,0.2637,0.8668
4.0000,0.2612,0.8686
4.0000,0.2588,0.8703
4.0000,0.2563,0.8721
4.0000,0.2539,0.8739
4.0000,0.2514,0.8756
4.0000,0.2489,0.8774
4.0000,0.2464,0.8791
4.0000,0.2439,0.8808
4.0000,0.2414,0.8826
4.0000,0.2389,0.8843
4.0000,0.2364,0.8860
4.0000,0.2339,0.8877
4.0000,0.2313,0.8894
4.0000,0.2288,0.8911
4.0000,0.2262,0.8928
4.0000,0.2237,0.8945
4.0000,0.2211,0.8961
4.0000,0.2185,0.8978
4.0000,0.2159,0.8994
4.0000,0.2133,0.9011
4.0000,0.2107,0.9027
4.0000,0.2081,0.9044
4.0000,0.2055,0.9060
4.0000,0.2029,0.9076
4.0000,0.2002,0.9092
4.0000,0.1976,0.9108
4.0000,0.1949,0.9124
4.0000,0.1923,0.9140
4.0000,0.1896,0.9156
4.0000,0.1869,0.9171
4.0000,0.1842,0.9187
4.0000,0.1815,0.9203
4.0000,0.1788,0.9218
4.0000,0.1761,0.9234
4.0000,0.1734,0.9249
4.0000,0.1707,0.9264
4.0000,0.1680,0.9279
4.0000,0.1652,0.9294
4.0000,0.1625,0.9309
4.0000,0.1597,0.9324
4.0000,0.1570,0.9339
4.0000,0.1542,0.9354
4.0000,0.1514,0.9368
4.0000,0.1486,0.9383
4.0000,0.1458,0.9398
4.0000,0.1430,0.9412
4.0000,0.1402,0.9426
4.0000,0.1374,0.9441
4.0000,0.1346,0.9455
4.0000,0.1317,0.9469
4.0000,0.1289,0.9483
4.0000,0.1260,0.9497
4.0000,0.1232,0.9511
4.0000,0.1203,0.9524
4.0000,0.1174,0.9538
4.0000,0.1146,0.9552
4.0000,0.1117,0.9565
4.0000,0.1088,0.9578
4.0000,0.1059,0.9592
4.0000,0.1030,0.9605
4.0000,0.1001,0.9618
4.0000,0.0972,0.9631
4.0000,0.0942,0.9644
4.0000,0.0913,0.9657
4.0000,0.0883,0.9670
4.0000,0.0854,0.9682
4.0000,0.0824,0.9695
4.0000,0.0795,0.9708
4.0000,0.0765,0.9720
4.0000,0.0735,0.9732
4.0000,0.0705,0.9745
4.0000,0.0675,0.9757
4.0000,0.0645,0.9769
4.0000,0.0615,0.9781
4.0000,0.0585,0.9793
4.0000,0.0555,0.9804
4.0000,0.0525,0.9816
4.0000,0.0494,0.9828
4.0000,0.0464,0.9839
4.0000,0.0434,0.9850
4.0000,0.0403,0.9862
4.0000,0.0372,0.9873
4.0000,0.0342,0.9884
4.0000,0.0311,0.9895
4.0000,0.0280,0.9906
4.0000,0.0249,0.9917
4.0000,0.0218,0.9928
4.0000,0.0187,0.9938
4.0000,0.0156,0.9949
4.0000,0.0125,0.9959
4.0000,0.0094,0.9970
4.0000,0.0063,0.9980
4.0000,0.0031,0.9990
4.0000,0.0000,1.0000
