1.0000,0.0010,0.0000
1.0000,0.0020,0.0000
1.0000,0.0030,0.0000
1.0000,0.0040,0.0000
1.0000,0.0050,0.0000
1.0000,0.0060,0.0001
1.0000,0.0070,0.0001
1.0000,0.0080,0.0001
1.0000,0.0090,0.0001
1.0000,0.0100,0.0002
1.0000,0.0110,0.0002
1.0000,0.0120,0.0002
1.0000,0.0130,0.0003
1.0000,0.0140,0.0003
1.0000,0.0150,0.0004
1.0000,0.0160,0.0004
1.0000,0.0170,0.0005
1.0000,0.0180,0.0005
1.0000,0.0190,0.0006
1.0000,0.0200,0.0006
1.0000,0.0210,0.0007
1.0000,0.0220,0.0008
1.0000,0.0230,0.0008
1.0000,0.0240,0.0009
1.0000,0.0250,0.0010
1.0000,0.0260,0.0011
1.0000,0.0270,0.0011
1.0000,0.0280,0.0012
1.0000,0.0290,0.0013
1.0000,0.0300,0.0014
1.0000,0.0310,0.0015
1.0000,0.0320,0.0016
1.0000,0.0330,0.0017
1.0000,0.0340,0.0018
1.0000,0.0349,0.0019
1.0000,0.0359,0.0020
1.0000,0.0369,0.0021
1.0000,0.0379,0.0023
1.0000,0.0389,0.0024
1.0000,0.0399,0.0025
1.0000,0.0409,0.0026
1.0000,0.0419,0.0028
1.0000,0.0429,0.0029
1.0000,0.0439,0.0030
1.0000,0.0449,0.0032
1.0000,0.0459,0.0033
1.0000,0.0469,0.0035
1.0000,0.0479,0.0036
1.0000,0.0489,0.0038
1.0000,0.0498,0.0039
1.0000,0.0508,0.0041
1.0000,0.0518,0.0042
1.0000,0.0528,0.0044
1.0000,0.0538,0.0046
1.0000,0.0548,0.0047
1.0000,0.0558,0.0049
1.0000,0.0568,0.0051
1.0000,0.0578,0.0053
1.0000,0.0587,0.0055
1.0000,0.0597,0.0056
1.0000,0.0607,0.0058
1.0000,0.0617,0.0060
1.0000,0.0627,0.0062
1.0000,0.0637,0.0064
1.0000,0.0647,0.0066
1.0000,0.0656,0.0068
1.0000,0.0666,0.0070
1.0000,0.0676,0.0072
1.0000,0.0686,0.0075
1.0000,0.0696,0.0077
1.0000,0.0706,0.0079
1.0000,0.0715,0.0081
1.0000,0.0725,0.0084
1.0000,0.0735,0.0086
1.0000,0.0745,0.0088
1.0000,0.0755,0.0091
1.0000,0.0764,0.0093
1.0000,0.0774,0.0095
1.0000,0.0784,0.0098
1.0000,0.0794,0.0100
1.0000,0.0803,0.0103
1.0000,0.0813,0.0105
1.0000,0.0823,0.0108
1.0000,0.0833,0.0111
1.0000,0.0842,0.0113
1.0000,0.0852,0.0116
1.0000,0.0862,0.0119
1.0000,0.0872,0.0121
1.0000,0.0881,0.0124
1.0000,0.0891,0.0127
1.0000,0.0901,0.0130
1.0000,0.0910,0.0132
1.0000,0.0920,0.0135
1.0000,0.0930,0.0138
1.0000,0.0939,0.0141
1.0000,0.0949,0.0144
1.0000,0.0959,0.0147
1.0000,0.0968,0.0150
1.0000,0.0978,0.0153
1.0000,0.0988,0.0156
1.0000,0.0997,0.0160
1.0000,0.1007,0.0163
1.0000,0.1017,0.0166
1.0000,0.1026,0.0169
1.0000,0.1036,0.0172
1.0000,0.1045,0.0176
1.0000,0.1055,0.0179
1.0000,0.1064,0.0182
1.0000,0.1074,0.0186
1.0000,0.1084,0.0189
1.0000,0.1093,0.0193
1.0000,0.1103,0.0196
1.0000,0.1112,0.0200
1.0000,0.1122,0.0203
1.0000,0.1131,0.0207
1.0000,0.1141,0.0210
1.0000,0.1150,0.0214
1.0000,0.1160,0.0217
1.0000,0.1169,0.0221
1.0000,0.1179,0.0225
1.0000,0.1188,0.0229
1.0000,0.1198,0.0232
1.0000,0.1207,0.0236
1.0000,0.1217,0.0240
1.0000,0.1226,0.0244
1.0000,0.1235,0.0248
1.0000,0.1245,0.0252
1.0000,0.1254,0.0256
1.0000,0.1264,0.0260
1.0000,0.1273,0.0264
1.0000,0.1282,0.0268
1.0000,0.1292,0.0272
1.0000,0.1301,0.0276
1.0000,0.1310,0.0280
1.0000,0.1320,0.0284
1.0000,0.1329,0.0288
1.0000,0.1338,0.0293
1.0000,0.1348,0.0297
1.0000,0.1357,0.0301
1.0000,0.1366,0.0305
1.0000,0.1376,0.0310
1.0000,0.1385,0.0314
1.0000,0.1394,0.0319
1.0000,0.1403,0.0323
1.0000,0.1413,0.0327
1.0000,0.1422,0.0332
1.0000,0.1431,0.0336
1.0000,0.1440,0.0341
1.0000,0.1449,0.0346
1.0000,0.1459,0.0350
1.0000,0.1468,0.0355
1.0000,0.1477,0.0359
1.0000,0.1486,0.0364
1.0000,0.1495,0.0369
1.0000,0.1504,0.0374
1.0000,0.1513,0.0378
1.0000,0.1522,0.0383
1.0000,0.1532,0.0388
1.0000,0.1541,0.0393
1.0000,0.1550,0.0398
1.0000,0.1559,0.0403
1.0000,0.1568,0.0408
1.0000,0.1577,0.0413
1.0000,0.1586,0.0418
1.0000,0.1595,0.0423
1.0000,0.1604,0.0428
1.0000,0.1613,0.0433
1.0000,0.1622,0.0438
1.0000,0.1631,0.0443
1.0000,0.1640,0.0449
1.0000,0.1649,0.0454
1.0000,0.1658,0.0459
1.0000,0.1667,0.0464
1.0000,0.1675,0.0470
1.0000,0.1684,0.0475
1.0000,0.1693,0.0480
1.0000,0.1702,0.0486
1.0000,0.1711,0.0491
1.0000,0.1720,0.0497
1.0000,0.1729,0.0502
1.0000,0.1737,0.0508
1.0000,0.1746,0.0513
1.0000,0.1755,0.0519
1.0000,0.1764,0.0524
1.0000,0.1772,0.0530
1.0000,0.1781,0.0536
1.0000,0.1790,0.0541
1.0000,0.1799,0.0547
1.0000,0.1807,0.0553
1.0000,0.1816,0.0559
1.0000,0.1825,0.0564
1.0000,0.1833,0.0570
1.0000,0.1842,0.0576
1.0000,0.1851,0.0582
1.0000,0.1859,0.0588
1.0000,0.1868,0.0594
1.0000,0.1876,0.0600
1.0000,0.1885,0.0606
1.0000,0.1894,0.0612
1.0000,0.1902,0.0618
1.0000,0.1911,0.0624
1.0000,0.1919,0.0630
1.0000,0.1928,0.0636
1.0000,0.1936,0.0643
1.0000,0.1945,0.0649
1.0000,0.1953,0.0655
1.0000,0.1962,0.0661
1.0000,0.1970,0.0668
1.0000,0.1978,0.0674
1.0000,0.1987,0.0680
1.0000,0.1995,0.0687
1.0000,0.2004,0.0693
1.0000,0.2012,0.0699
1.0000,0.2020,0.0706
1.0000,0.2029,0.0712
1.0000,0.2037,0.0719
1.0000,0.2045,0.0725
1.0000,0.2053,0.0732
1.0000,0.2062,0.0739
1.0000,0.2070,0.0745
1.0000,0.2078,0.0752
1.0000,0.2086,0.0759
1.0000,0.2095,0.0765
1.0000,0.2103,0.0772
1.0000,0.2111,0.0779
1.0000,0.2119,0.0786
1.0000,0.2127,0.0792
1.0000,0.2135,0.0799
1.0000,0.2143,0.0806
1.0000,0.2152,0.0813
1.0000,0.2160,0.0820
1.0000,0.2168,0.0827
1.0000,0.2176,0.0834
1.0000,0.2184,0.0841
1.0000,0.2192,0.0848
1.0000,0.2200,0.0855
1.0000,0.2208,0.0862
1.0000,0.2216,0.0869
1.0000,0.2224,0.0876
1.0000,0.2231,0.0883
1.0000,0.2239,0.0891
1.0000,0.2247,0.0898
1.0000,0.2255,0.0905
1.0000,0.2263,0.0912
1.0000,0.2271,0.0920
1.0000,0.2279,0.0927
1.0000,0.2286,0.0934
1.0000,0.2294,0.0942
1.0000,0.2302,0.0949
1.0000,0.2310,0.0957
1.0000,0.2317,0.0964
1.0000,0.2325,0.0972
1.0000,0.2333,0.0979
1.0000,0.2341,0.0987
1.0000,0.2348,0.0994
1.0000,0.2356,0.1002
1.0000,0.2363,0.1010
1.0000,0.2371,0.1017
1.0000,0.2379,0.1025
1.0000,0.2386,0.1033
1.0000,0.2394,0.1040
1.0000,0.2401,0.1048
1.0000,0.2409,0.1056
1.0000,0.2416,0.1064
1.0000,0.2424,0.1072
1.0000,0.2431,0.1079
1.0000,0.2439,0.1087
1.0000,0.2446,0.1095
1.0000,0.2453,0.1103
1.0000,0.2461,0.1111
1.0000,0.2468,0.1119
1.0000,0.2475,0.1127
1.0000,0.2483,0.1135
1.0000,0.2490,0.1143
1.0000,0.2497,0.1151
1.0000,0.2505,0.1159
1.0000,0.2512,0.1168
1.0000,0.2519,0.1176
1.0000,0.2526,0.1184
1.0000,0.2534,0.1192
1.0000,0.2541,0.1200
1.0000,0.2548,0.1209
1.0000,0.2555,0.1217
1.0000,0.2562,0.1225
1.0000,0.2569,0.1234
1.0000,0.2576,0.1242
1.0000,0.2583,0.1250
1.0000,0.2590,0.1259
1.0000,0.2597,0.1267
1.0000,0.2604,0.1276
1.0000,0.2611,0.1284
1.0000,0.2618,0.1293
1.0000,0.2625,0.1301
1.0000,0.2632,0.1310
1.0000,0.2639,0.1319
1.0000,0.2646,0.1327
1.0000,0.2653,0.1336
1.0000,0.2659,0.1345
1.0000,0.2666,0.1353
1.0000,0.2673,0.1362
1.0000,0.2680,0.1371
1.0000,0.2687,0.1379
1.0000,0.2693,0.1388
1.0000,0.2700,0.1397
1.0000,0.2707,0.1406
1.0000,0.2713,0.1415
1.0000,0.2720,0.1424
1.0000,0.2727,0.1433
1.0000,0.2733,0.1442
1.0000,0.2740,0.1451
1.0000,0.2746,0.1460
1.0000,0.2753,0.1469
1.0000,0.2759,0.1478
1.0000,0.2766,0.1487
1.0000,0.2772,0.1496
1.0000,0.2779,0.1505
1.0000,0.2785,0.1514
1.0000,0.2791,0.1523
1.0000,0.2798,0.1532
1.0000,0.2804,0.1542
1.0000,0.2811,0.1551
1.0000,0.2817,0.1560
1.0000,0.2823,0.1569
1.0000,0.2829,0.1579
1.0000,0.2836,0.1588
1.0000,0.2842,0.1597
1.0000,0.2848,0.1607
1.0000,0.2854,0.1616
1.0000,0.2860,0.1626
1.0000,0.2866,0.1635
1.0000,0.2873,0.1644
1.0000,0.2879,0.1654
1.0000,0.2885,0.1663
1.0000,0.2891,0.1673
1.0000,0.2897,0.1683
1.0000,0.2903,0.1692
1.0000,0.2909,0.1702
1.0000,0.2915,0.1711
1.0000,0.2921,0.1721
1.0000,0.2927,0.1731
1.0000,0.2932,0.1740
1.0000,0.2938,0.1750
1.0000,0.2944,0.1760
1.0000,0.2950,0.1770
1.0000,0.2956,0.1779
1.0000,0.2961,0.1789
1.0000,0.2967,0.1799
1.0000,0.2973,0.1809
1.0000,0.2979,0.1819
1.0000,0.2984,0.1829
1.0000,0.2990,0.1839
1.0000,0.2996,0.1849
1.0000,0.3001,0.1859
1.0000,0.3007,0.1869
1.0000,0.3012,0.1879
1.0000,0.3018,0.1889
1.0000,0.3023,0.1899
1.0000,0.3029,0.1909
1.0000,0.3034,0.1919
1.0000,0.3040,0.1929
1.0000,0.3045,0.1939
1.0000,0.3050,0.1949
1.0000,0.3056,0.1959
1.0000,0.3061,0.1970
1.0000,0.3066,0.1980
1.0000,0.3072,0.1990
1.0000,0.3077,0.2000
1.0000,0.3082,0.2011
1.0000,0.3087,0.2021
1.0000,0.3092,0.2031
1.0000,0.3098,0.2042
1.0000,0.3103,0.2052
1.0000,0.3108,0.2063
1.0000,0.3113,0.2073
1.0000,0.3118,0.2083
1.0000,0.3123,0.2094
1.0000,0.3128,0.2104
1.0000,0.3133,0.2115
1.0000,0.3138,0.2125
1.0000,0.3143,0.2136
1.0000,0.3148,0.2146
1.0000,0.3153,0.2157
1.0000,0.3158,0.2168
1.0000,0.3162,0.2178
1.0000,0.3167,0.2189
1.0000,0.3172,0.2200
1.0000,0.3177,0.2210
1.0000,0.3181,0.2221
1.0000,0.3186,0.2232
1.0000,0.3191,0.2243
1.0000,0.3195,0.2253
1.0000,0.3200,0.2264
1.0000,0.3205,0.2275
1.0000,0.3209,0.2286
1.0000,0.3214,0.2297
1.0000,0.3218,0.2307
1.0000,0.3223,0.2318
1.0000,0.3227,0.2329
1.0000,0.3232,0.2340
1.0000,0.3236,0.2351
1.0000,0.3240,0.2362
1.0000,0.3245,0.2373
1.0000,0.3249,0.2384
1.0000,0.3253,0.2395
1.0000,0.3258,0.2406
1.0000,0.3262,0.2417
1.0000,0.3266,0.2428
1.0000,0.3270,0.2439
1.0000,0.3275,0.2451
1.0000,0.3279,0.2462
1.0000,0.3283,0.2473
1.0000,0.3287,0.2484
1.0000,0.3291,0.2495
1.0000,0.3295,0.2506
1.0000,0.3299,0.2518
1.0000,0.3303,0.2529
1.0000,0.3307,0.2540
1.0000,0.3311,0.2552
1.0000,0.3315,0.2563
1.0000,0.3319,0.2574
1.0000,0.3322,0.2586
1.0000,0.3326,0.2597
1.0000,0.3330,0.2608
1.0000,0.3334,0.2620
1.0000,0.3338,0.2631
1.0000,0.3341,0.2643
1.0000,0.3345,0.2654
1.0000,0.3349,0.2666
1.0000,0.3352,0.2677
1.0000,0.3356,0.2689
1.0000,0.3359,0.2700
1.0000,0.3363,0.2712
1.0000,0.3366,0.2723
1.0000,0.3370,0.2735
1.0000,0.3373,0.2746
1.0000,0.3377,0.2758
1.0000,0.3380,0.2770
1.0000,0.3384,0.2781
1.0000,0.3387,0.2793
1.0000,0.3390,0.2805
1.0000,0.3394,0.2816
1.0000,0.3397,0.2828
1.0000,0.3400,0.2840
1.0000,0.3403,0.2852
1.0000,0.3406,0.2863
1.0000,0.3410,0.2875
1.0000,0.3413,0.2887
1.0000,0.3416,0.2899
1.0000,0.3419,0.2911
1.0000,0.3422,0.2923
1.0000,0.3425,0.2934
1.0000,0.3428,0.2946
1.0000,0.3431,0.2958
1.0000,0.3434,0.2970
1.0000,0.3437,0.2982
1.0000,0.3439,0.2994
1.0000,0.3442,0.3006
1.0000,0.3445,0.3018
1.0000,0.3448,0.3030
1.0000,0.3451,0.3042
1.0000,0.3453,0.3054
1.0000,0.3456,0.3066
1.0000,0.3459,0.3078
1.0000,0.3461,0.3090
1.0000,0.3464,0.3102
1.0000,0.3466,0.3115
1.0000,0.3469,0.3127
1.0000,0.3471,0.3139
1.0000,0.3474,0.3151
1.0000,0.3476,0.3163
1.0000,0.3479,0.3175
1.0000,0.3481,0.3188
1.0000,0.3483,0.3200
1.0000,0.3486,0.3212
1.0000,0.3488,0.3224
1.0000,0.3490,0.3237
1.0000,0.3493,0.3249
1.0000,0.3495,0.3261
1.0000,0.3497,0.3273
1.0000,0.3499,0.3286
1.0000,0.3501,0.3298
1.0000,0.3503,0.3311
1.0000,0.3505,0.3323
1.0000,0.3507,0.3335
1.0000,0.3509,0.3348
1.0000,0.3511,0.3360
1.0000,0.3513,0.3373
1.0000,0.3515,0.3385
1.0000,0.3517,0.3397
1.0000,0.3519,0.3410
1.0000,0.3521,0.3422
1.0000,0.3522,0.3435
1.0000,0.3524,0.3447
1.0000,0.3526,0.3460
1.0000,0.3528,0.3473
1.0000,0.3529,0.3485
1.0000,0.3531,0.3498
1.0000,0.3532,0.3510
1.0000,0.3534,0.3523
1.0000,0.3536,0.3536
1.0000,0.3537,0.3548
1.0000,0.3539,0.3561
1.0000,0.3540,0.3573
1.0000,0.3541,0.3586
1.0000,0.3543,0.3599
1.0000,0.3544,0.3612
1.0000,0.3545,0.3624
1.0000,0.3547,0.3637
1.0000,0.3548,0.3650
1.0000,0.3549,0.3662
1.0000,0.3550,0.3675
1.0000,0.3552,0.3688
1.0000,0.3553,0.3701
1.0000,0.3554,0.3714
1.0000,0.3555,0.3726
1.0000,0.3556,0.3739
1.0000,0.3557,0.3752
1.0000,0.3558,0.3765
1.0000,0.3559,0.3778
1.0000,0.3560,0.3791
1.0000,0.3561,0.3804
1.0000,0.3561,0.3816
1.0000,0.3562,0.3829
1.0000,0.3563,0.3842
1.0000,0.3564,0.3855
1.0000,0.3564,0.3868
1.0000,0.3565,0.3881
1.0000,0.3566,0.3894
1.0000,0.3566,0.3907
1.0000,0.3567,0.3920
1.0000,0.3568,0.3933
1.0000,0.3568,0.3946
1.0000,0.3569,0.3959
1.0000,0.3569,0.3972
1.0000,0.3569,0.3985
1.0000,0.3570,0.3998
1.0000,0.3570,0.4011
1.0000,0.3571,0.4024
1.0000,0.3571,0.4037
1.0000,0.3571,0.4051
1.0000,0.3571,0.4064
1.0000,0.3572,0.4077
1.0000,0.3572,0.4090
1.0000,0.3572,0.4103
1.0000,0.3572,0.4116
1.0000,0.3572,0.4129
1.0000,0.3572,0.4143
1.0000,0.3572,0.4156
1.0000,0.3572,0.4169
1.0000,0.3572,0.4182
1.0000,0.3572,0.4195
1.0000,0.3572,0.4209
1.0000,0.3572,0.4222
1.0000,0.3571,0.4235
1.0000,0.3571,0.4248
1.0000,0.3571,0.4262
1.0000,0.3571,0.4275
1.0000,0.3570,0.4288
1.0000,0.3570,0.4302
1.0000,0.3570,0.4315
1.0000,0.3569,0.4328
1.0000,0.3569,0.4342
1.0000,0.3568,0.4355
1.0000,0.3568,0.4368
1.0000,0.3567,0.4382
1.0000,0.3567,0.4395
1.0000,0.3566,0.4408
1.0000,0.3565,0.4422
1.0000,0.3565,0.4435
1.0000,0.3564,0.4448
1.0000,0.3563,0.4462
1.0000,0.3562,0.4475
1.0000,0.3562,0.4489
1.0000,0.3561,0.4502
1.0000,0.3560,0.4516
1.0000,0.3559,0.4529
1.0000,0.3558,0.4542
1.0000,0.3557,0.4556
1.0000,0.3556,0.4569
1.0000,0.3555,0.4583
1.0000,0.3554,0.4596
1.0000,0.3553,0.4610
1.0000,0.3552,0.4623
1.0000,0.3550,0.4637
1.0000,0.3549,0.4650
1.0000,0.3548,0.4664
1.0000,0.3547,0.4677
1.0000,0.3545,0.4691
1.0000,0.3544,0.4705
1.0000,0.3542,0.4718
1.0000,0.3541,0.4732
1.0000,0.3540,0.4745
1.0000,0.3538,0.4759
1.0000,0.3537,0.4772
1.0000,0.3535,0.4786
1.0000,0.3533,0.4800
1.0000,0.3532,0.4813
1.0000,0.3530,0.4827
1.0000,0.3528,0.4840
1.0000,0.3527,0.4854
1.0000,0.3525,0.4868
1.0000,0.3523,0.4881
1.0000,0.3521,0.4895
1.0000,0.3519,0.4909
1.0000,0.3518,0.4922
1.0000,0.3516,0.4936
1.0000,0.3514,0.4950
1.0000,0.3512,0.4963
1.0000,0.3510,0.4977
1.0000,0.3508,0.4991
1.0000,0.3505,0.5004
1.0000,0.3503,0.5018
1.0000,0.3501,0.5032
1.0000,0.3499,0.5046
1.0000,0.3497,0.5059
1.0000,0.3494,0.5073
1.0000,0.3492,0.5087
1.0000,0.3490,0.5100
1.0000,0.3487,0.5114
1.0000,0.3485,0.5128
1.0000,0.3482,0.5142
1.0000,0.3480,0.5155
1.0000,0.3477,0.5169
1.0000,0.3475,0.5183
1.0000,0.3472,0.5197
1.0000,0.3470,0.5210
1.0000,0.3467,0.5224
1.0000,0.3464,0.5238
1.0000,0.3462,0.5252
1.0000,0.3459,0.5266
1.0000,0.3456,0.5279
1.0000,0.3453,0.5293
1.0000,0.3450,0.5307
1.0000,0.3447,0.5321
1.0000,0.3445,0.5335
1.0000,0.3442,0.5348
1.0000,0.3439,0.5362
1.0000,0.3435,0.5376
1.0000,0.3432,0.5390
1.0000,0.3429,0.5404
1.0000,0.3426,0.5418
1.0000,0.3423,0.5431
1.0000,0.3420,0.5445
1.0000,0.3416,0.5459
1.0000,0.3413,0.5473
1.0000,0.3410,0.5487
1.0000,0.3407,0.5501
1.0000,0.3403,0.5514
1.0000,0.3400,0.5528
1.0000,0.3396,0.5542
1.0000,0.3393,0.5556
1.0000,0.3389,0.5570
1.0000,0.3386,0.5584
1.0000,0.3382,0.5598
1.0000,0.3378,0.5611
1.0000,0.3375,0.5625
1.0000,0.3371,0.5639
1.0000,0.3367,0.5653
1.0000,0.3363,0.5667
1.0000,0.3360,0.5681
1.0000,0.3356,0.5695
1.0000,0.3352,0.5709
1.0000,0.3348,0.5723
1.0000,0.3344,0.5736
1.0000,0.3340,0.5750
1.0000,0.3336,0.5764
1.0000,0.3332,0.5778
1.0000,0.3328,0.5792
1.0000,0.3324,0.5806
1.0000,0.3320,0.5820
1.0000,0.3315,0.5834
1.0000,0.3311,0.5848
1.0000,0.3307,0.5862
1.0000,0.3303,0.5875
1.0000,0.3298,0.5889
1.0000,0.3294,0.5903
1.0000,0.3289,0.5917
1.0000,0.3285,0.5931
1.0000,0.3280,0.5945
1.0000,0.3276,0.5959
1.0000,0.3271,0.5973
1.0000,0.3267,0.5987
1.0000,0.3262,0.6001
1.0000,0.3257,0.6015
1.0000,0.3253,0.6028
1.0000,0.3248,0.6042
1.0000,0.3243,0.6056
1.0000,0.3238,0.6070
1.0000,0.3234,0.6084
1.0000,0.3229,0.6098
1.0000,0.3224,0.6112
1.0000,0.3219,0.6126
1.0000,0.3214,0.6140
1.0000,0.3209,0.6154
1.0000,0.3204,0.6168
1.0000,0.3199,0.6181
1.0000,0.3194,0.6195
1.0000,0.3188,0.6209
1.0000,0.3183,0.6223
1.0000,0.3178,0.6237
1.0000,0.3173,0.6251
1.0000,0.3167,0.6265
1.0000,0.3162,0.6279
1.0000,0.3157,0.6293
1.0000,0.3151,0.6307
1.0000,0.3146,0.6320
1.0000,0.3140,0.6334
1.0000,0.3135,0.6348
1.0000,0.3129,0.6362
1.0000,0.3124,0.6376
1.0000,0.3118,0.6390
1.0000,0.3112,0.6404
1.0000,0.3107,0.6418
1.0000,0.3101,0.6432
1.0000,0.3095,0.6445
1.0000,0.3089,0.6459
1.0000,0.3083,0.6473
1.0000,0.3077,0.6487
1.0000,0.3072,0.6501
1.0000,0.3066,0.6515
1.0000,0.3060,0.6529
1.0000,0.3054,0.6542
1.0000,0.3048,0.6556
1.0000,0.3041,0.6570
1.0000,0.3035,0.6584
1.0000,0.3029,0.6598
1.0000,0.3023,0.6612
1.0000,0.3017,0.6626
1.0000,0.3010,0.6639
1.0000,0.3004,0.6653
1.0000,0.2998,0.6667
1.0000,0.2991,0.6681
1.0000,0.2985,0.6695
1.0000,0.2978,0.6709
1.0000,0.2972,0.6722
1.0000,0.2965,0.6736
1.0000,0.2959,0.6750
1.0000,0.2952,0.6764
1.0000,0.2946,0.6778
1.0000,0.2939,0.6791
1.0000,0.2932,0.6805
1.0000,0.2925,0.6819
1.0000,0.2919,0.6833
1.0000,0.2912,0.6847
1.0000,0.2905,0.6860
1.0000,0.2898,0.6874
1.0000,0.2891,0.6888
1.0000,0.2884,0.6902
1.0000,0.2877,0.6915
1.0000,0.2870,0.6929
1.0000,0.2863,0.6943
1.0000,0.2856,0.6957
1.0000,0.2849,0.6970
1.0000,0.2842,0.6984
1.0000,0.2834,0.6998
1.0000,0.2827,0.7011
1.0000,0.2820,0.7025
1.0000,0.2813,0.7039
1.0000,0.2805,0.7053
1.0000,0.2798,0.7066
1.0000,0.2790,0.7080
1.0000,0.2783,0.7094
1.0000,0.2775,0.7107
1.0000,0.2768,0.7121
1.0000,0.2760,0.7135
1.0000,0.2753,0.7148
1.0000,0.2745,0.7162
1.0000,0.2737,0.7176
1.0000,0.2730,0.7189
1.0000,0.2722,0.7203
1.0000,0.2714,0.7217
1.0000,0.2706,0.7230
1.0000,0.2698,0.7244
1.0000,0.2690,0.7257
1.0000,0.2682,0.7271
1.0000,0.2674,0.7285
1.0000,0.2666,0.7298
1.0000,0.2658,0.7312
1.0000,0.2650,0.7325
1.0000,0.2642,0.7339
1.0000,0.2634,0.7352
1.0000,0.2626,0.7366
1.0000,0.2618,0.7380
1.0000,0.2609,0.7393
1.0000,0.2601,0.7407
1.0000,0.2593,0.7420
1.0000,0.2584,0.7434
1.0000,0.2576,0.7447
1.0000,0.2567,0.7461
1.0000,0.2559,0.7474
1.0000,0.2550,0.7488
1.0000,0.2542,0.7501
1.0000,0.2533,0.7514
1.0000,0.2525,0.7528
1.0000,0.2516,0.7541
1.0000,0.2507,0.7555
1.0000,0.2499,0.7568
1.0000,0.2490,0.7582
1.0000,0.2481,0.7595
1.0000,0.2472,0.7608
1.0000,0.2463,0.7622
1.0000,0.2454,0.7635
1.0000,0.2445,0.7649
1.0000,0.2436,0.7662
1.0000,0.2427,0.7675
1.0000,0.2418,0.7689
1.0000,0.2409,0.7702
1.0000,0.2400,0.7715
1.0000,0.2391,0.7729
1.0000,0.2382,0.7742
1.0000,0.2372,0.7755
1.0000,0.2363,0.7769
1.0000,0.2354,0.7782
1.0000,0.2345,0.7795
1.0000,0.2335,0.7808
1.0000,0.2326,0.7822
1.0000,0.2316,0.7835
1.0000,0.2307,0.7848
1.0000,0.2297,0.7861
1.0000,0.2288,0.7874
1.0000,0.2278,0.7888
1.0000,0.2268,0.7901
1.0000,0.2259,0.7914
1.0000,0.2249,0.7927
1.0000,0.2239,0.7940
1.0000,0.2230,0.7953
1.0000,0.2220,0.7967
1.0000,0.2210,0.7980
1.0000,0.2200,0.7993
1.0000,0.2190,0.8006
1.0000,0.2180,0.8019
1.0000,0.2170,0.8032
1.0000,0.2160,0.8045
1.0000,0.2150,0.8058
1.0000,0.2140,0.8071
1.0000,0.2130,0.8084
1.0000,0.2120,0.8097
1.0000,0.2110,0.8110
1.0000,0.2099,0.8123
1.0000,0.2089,0.8136
1.0000,0.2079,0.8149
1.0000,0.2068,0.8162
1.0000,0.2058,0.8175
1.0000,0.2048,0.8188
1.0000,0.2037,0.8201
1.0000,0.2027,0.8214
1.0000,0.2016,0.8227
1.0000,0.2006,0.8239
1.0000,0.1995,0.8252
1.0000,0.1984,0.8265
1.0000,0.1974,0.8278
1.0000,0.1963,0.8291
1.0000,0.1952,0.8304
1.0000,0.1941,0.8316
1.0000,0.1931,0.8329
1.0000,0.1920,0.8342
1.0000,0.1909,0.8355
1.0000,0.1898,0.8367
1.0000,0.1887,0.8380
1.0000,0.1876,0.8393
1.0000,0.1865,0.8406
1.0000,0.1854,0.8418
1.0000,0.1843,0.8431
1.0000,0.1832,0.8444
1.0000,0.1821,0.8456
1.0000,0.1809,0.8469
1.0000,0.1798,0.8481
1.0000,0.1787,0.8494
1.0000,0.1776,0.8507
1.0000,0.1764,0.8519
1.0000,0.1753,0.8532
1.0000,0.1741,0.8544
1.0000,0.1730,0.8557
1.0000,0.1719,0.8569
1.0000,0.1707,0.8582
1.0000,0.1695,0.8594
1.0000,0.1684,0.8607
1.0000,0.1672,0.8619
1.0000,0.1661,0.8632
1.0000,0.1649,0.8644
1.0000,0.1637,0.8657
1.0000,0.1625,0.8669
1.0000,0.1614,0.8681
1.0000,0.1602,0.8694
1.0000,0.1590,0.8706
1.0000,0.1578,0.8718
1.0000,0.1566,0.8731
1.0000,0.1554,0.8743
1.0000,0.1542,0.8755
1.0000,0.1530,0.8767
1.0000,0.1518,0.8780
1.0000,0.1506,0.8792
1.0000,0.1494,0.8804
1.0000,0.1482,0.8816
1.0000,0.1469,0.8829
1.0000,0.1457,0.8841
1.0000,0.1445,0.8853
1.0000,0.1433,0.8865
1.0000,0.1420,0.8877
1.0000,0.1408,0.8889
1.0000,0.1395,0.8901
1.0000,0.1383,0.8913
1.0000,0.1371,0.8925
1.0000,0.1358,0.8937
1.0000,0.1345,0.8949
1.0000,0.1333,0.8961
1.0000,0.1320,0.8973
1.0000,0.1308,0.8985
1.0000,0.1295,0.8997
1.0000,0.1282,0.9009
1.0000,0.1269,0.9021
1.0000,0.1257,0.9033
1.0000,0.1244,0.9045
1.0000,0.1231,0.9057
1.0000,0.1218,0.9069
1.0000,0.1205,0.9080
1.0000,0.1192,0.9092
1.0000,0.1179,0.9104
1.0000,0.1166,0.9116
1.0000,0.1153,0.9127
1.0000,0.1140,0.9139
1.0000,0.1127,0.9151
1.0000,0.1114,0.9163
1.0000,0.1100,0.9174
1.0000,0.1087,0.9186
1.0000,0.1074,0.9198
1.0000,0.1061,0.9209
1.0000,0.1047,0.9221
1.0000,0.1034,0.9232
1.0000,0.1021,0.9244
1.0000,0.1007,0.9255
1.0000,0.0994,0.9267
1.0000,0.0980,0.9278
1.0000,0.0967,0.9290
1.0000,0.0953,0.9301
1.0000,0.0939,0.9313
1.0000,0.0926,0.9324
1.0000,0.0912,0.9336
1.0000,0.0898,0.9347
1.0000,0.0885,0.9358
1.0000,0.0871,0.9370
1.0000,0.0857,0.9381
1.0000,0.0843,0.9392
1.0000,0.0829,0.9404
1.0000,0.0815,0.9415
1.0000,0.0801,0.9426
1.0000,0.0787,0.9437
1.0000,0.0773,0.9448
1.0000,0.0759,0.9460
1.0000,0.0745,0.9471
1.0000,0.0731,0.9482
1.0000,0.0717,0.9493
1.0000,0.0703,0.9504
1.0000,0.0689,0.9515
1.0000,0.0674,0.9526
1.0000,0.0660,0.9537
1.0000,0.0646,0.9548
1.0000,0.0632,0.9559
1.0000,0.0617,0.9570
1.0000,0.0603,0.9581
1.0000,0.0588,0.9592
1.0000,0.0574,0.9603
1.0000,0.0559,0.9614
1.0000,0.0545,0.9625
1.0000,0.0530,0.9635
1.0000,0.0516,0.9646
1.0000,0.0501,0.9657
1.0000,0.0486,0.9668
1.0000,0.0472,0.9679
1.0000,0.0457,0.9689
1.0000,0.0442,0.9700
1.0000,0.0427,0.9711
1.0000,0.0413,0.9721
1.0000,0.0398,0.9732
1.0000,0.0383,0.9742
1.0000,0.0368,0.9753
1.0000,0.0353,0.9764
1.0000,0.0338,0.9774
1.0000,0.0323,0.9785
1.0000,0.0308,0.9795
1.0000,0.0293,0.9806
1.0000,0.0278,0.9816
1.0000,0.0262,0.9826
1.0000,0.0247,0.9837
1.0000,0.0232,0.9847
1.0000,0.0217,0.9858
1.0000,0.0202,0.9868
1.0000,0.0186,0.9878
1.0000,0.0171,0.9889
1.0000,0.0156,0.9899
1.0000,0.0140,0.9909
1.0000,0.0125,0.9919
1.0000,0.0109,0.9929
1.0000,0.0094,0.9940
1.0000,0.0078,0.9950
1.0000,0.0063,0.9960
1.0000,0.0047,0.9970
1.0000,0.0031,0.9980
1.0000,0.0016,0.9990
1.0000,0.0000,1.0000
2.0000,-0.0000,0.0010
2.0000,-0.0000,0.0020
2.0000,-0.0000,0.0030
2.0000,-0.0000,0.0040
2.0000,-0.0000,0.0050
2.0000,-0.0001,0.0060
2.0000,-0.0001,0.0070
2.0000,-0.0001,0.0080
2.0000,-0.0001,0.0090
2.0000,-0.0002,0.0100
2.0000,-0.0002,0.0110
2.0000,-0.0002,0.0120
2.0000,-0.0003,0.0130
2.0000,-0.0003,0.0140
2.0000,-0.0004,0.0150
2.0000,-0.0004,0.0160
2.0000,-0.0005,0.0170
2.0000,-0.0005,0.0180
2.0000,-0.0006,0.0190
2.0000,-0.0006,0.0200
2.0000,-0.0007,0.0210
2.0000,-0.0008,0.0220
2.0000,-0.0008,0.0230
2.0000,-0.0009,0.0240
2.0000,-0.0010,0.0250
2.0000,-0.0011,0.0260
2.0000,-0.0011,0.0270
2.0000,-0.0012,0.0280
2.0000,-0.0013,0.0290
2.0000,-0.0014,0.0300
2.0000,-0.0015,0.0310
2.0000,-0.0016,0.0320
2.0000,-0.0017,0.0330
2.0000,-0.0018,0.0340
2.0000,-0.0019,0.0349
2.0000,-0.0020,0.0359
2.0000,-0.0021,0.0369
2.0000,-0.0023,0.0379
2.0000,-0.0024,0.0389
2.0000,-0.0025,0.0399
2.0000,-0.0026,0.0409
2.0000,-0.0028,0.0419
2.0000,-0.0029,0.0429
2.0000,-0.0030,0.0439
2.0000,-0.0032,0.0449
2.0000,-0.0033,0.0459
2.0000,-0.0035,0.0469
2.0000,-0.0036,0.0479
2.0000,-0.0038,0.0489
2.0000,-0.0039,0.0498
2.0000,-0.0041,0.0508
2.0000,-0.0042,0.0518
2.0000,-0.0044,0.0528
2.0000,-0.0046,0.0538
2.0000,-0.0047,0.0548
2.0000,-0.0049,0.0558
2.0000,-0.0051,0.0568
2.0000,-0.0053,0.0578
2.0000,-0.0055,0.0587
2.0000,-0.0056,0.0597
2.0000,-0.0058,0.0607
2.0000,-0.0060,0.0617
2.0000,-0.0062,0.0627
2.0000,-0.0064,0.0637
2.0000,-0.0066,0.0647
2.0000,-0.0068,0.0656
2.0000,-0.0070,0.0666
2.0000,-0.0072,0.0676
2.0000,-0.0075,0.0686
2.0000,-0.0077,0.0696
2.0000,-0.0079,0.0706
2.0000,-0.0081,0.0715
2.0000,-0.0084,0.0725
2.0000,-0.0086,0.0735
2.0000,-0.0088,0.0745
2.0000,-0.0091,0.0755
2.0000,-0.0093,0.0764
2.0000,-0.0095,0.0774
2.0000,-0.0098,0.0784
2.0000,-0.0100,0.0794
2.0000,-0.0103,0.0803
2.0000,-0.0105,0.0813
2.0000,-0.0108,0.0823
2.0000,-0.0111,0.0833
2.0000,-0.0113,0.0842
2.0000,-0.0116,0.0852
2.0000,-0.0119,0.0862
2.0000,-0.0121,0.0872
2.0000,-0.0124,0.0881
2.0000,-0.0127,0.0891
2.0000,-0.0130,0.0901
2.0000,-0.0132,0.0910
2.0000,-0.0135,0.0920
2.0000,-0.0138,0.0930
2.0000,-0.0141,0.0939
2.0000,-0.0144,0.0949
2.0000,-0.0147,0.0959
2.0000,-0.0150,0.0968
2.0000,-0.0153,0.0978
2.0000,-0.0156,0.0988
2.0000,-0.0160,0.0997
2.0000,-0.0163,0.1007
2.0000,-0.0166,0.1017
2.0000,-0.0169,0.1026
2.0000,-0.0172,0.1036
2.0000,-0.0176,0.1045
2.0000,-0.0179,0.1055
2.0000,-0.0182,0.1064
2.0000,-0.0186,0.1074
2.0000,-0.0189,0.1084
2.0000,-0.0193,0.1093
2.0000,-0.0196,0.1103
2.0000,-0.0200,0.1112
2.0000,-0.0203,0.1122
2.0000,-0.0207,0.1131
2.0000,-0.0210,0.1141
2.0000,-0.0214,0.1150
2.0000,-0.0217,0.1160
2.0000,-0.0221,0.1169
2.0000,-0.0225,0.1179
2.0000,-0.0229,0.1188
2.0000,-0.0232,0.1198
2.0000,-0.0236,0.1207
2.0000,-0.0240,0.1217
2.0000,-0.0244,0.1226
2.0000,-0.0248,0.1235
2.0000,-0.0252,0.1245
2.0000,-0.0256,0.1254
2.0000,-0.0260,0.1264
2.0000,-0.0264,0.1273
2.0000,-0.0268,0.1282
2.0000,-0.0272,0.1292
2.0000,-0.0276,0.1301
2.0000,-0.0280,0.1310
2.0000,-0.0284,0.1320
2.0000,-0.0288,0.1329
2.0000,-0.0293,0.1338
2.0000,-0.0297,0.1348
2.0000,-0.0301,0.1357
2.0000,-0.0305,0.1366
2.0000,-0.0310,0.1376
2.0000,-0.0314,0.1385
2.0000,-0.0319,0.1394
2.0000,-0.0323,0.1403
2.0000,-0.0327,0.1413
2.0000,-0.0332,0.1422
2.0000,-0.0336,0.1431
2.0000,-0.0341,0.1440
2.0000,-0.0346,0.1449
2.0000,-0.0350,0.1459
2.0000,-0.0355,0.1468
2.0000,-0.0359,0.1477
2.0000,-0.0364,0.1486
2.0000,-0.0369,0.1495
2.0000,-0.0374,0.1504
2.0000,-0.0378,0.1513
2.0000,-0.0383,0.1522
2.0000,-0.0388,0.1532
2.0000,-0.0393,0.1541
2.0000,-0.0398,0.1550
2.0000,-0.0403,0.1559
2.0000,-0.0408,0.1568
2.0000,-0.0413,0.1577
2.0000,-0.0418,0.1586
2.0000,-0.0423,0.1595
2.0000,-0.0428,0.1604
2.0000,-0.0433,0.1613
2.0000,-0.0438,0.1622
2.0000,-0.0443,0.1631
2.0000,-0.0449,0.1640
2.0000,-0.0454,0.1649
2.0000,-0.0459,0.1658
2.0000,-0.0464,0.1667
2.0000,-0.0470,0.1675
2.0000,-0.0475,0.1684
2.0000,-0.0480,0.1693
2.0000,-0.0486,0.1702
2.0000,-0.0491,0.1711
2.0000,-0.0497,0.1720
2.0000,-0.0502,0.1729
2.0000,-0.0508,0.1737
2.0000,-0.0513,0.1746
2.0000,-0.0519,0.1755
2.0000,-0.0524,0.1764
2.0000,-0.0530,0.1772
2.0000,-0.0536,0.1781
2.0000,-0.0541,0.1790
2.0000,-0.0547,0.1799
2.0000,-0.0553,0.1807
2.0000,-0.0559,0.1816
2.0000,-0.0564,0.1825
2.0000,-0.0570,0.1833
2.0000,-0.0576,0.1842
2.0000,-0.0582,0.1851
2.0000,-0.0588,0.1859
2.0000,-0.0594,0.1868
2.0000,-0.0600,0.1876
2.0000,-0.0606,0.1885
2.0000,-0.0612,0.1894
2.0000,-0.0618,0.1902
2.0000,-0.0624,0.1911
2.0000,-0.0630,0.1919
2.0000,-0.0636,0.1928
2.0000,-0.0643,0.1936
2.0000,-0.0649,0.1945
2.0000,-0.0655,0.1953
2.0000,-0.0661,0.1962
2.0000,-0.0668,0.1970
2.0000,-0.0674,0.1978
2.0000,-0.0680,0.1987
2.0000,-0.0687,0.1995
2.0000,-0.0693,0.2004
2.0000,-0.0699,0.2012
2.0000,-0.0706,0.2020
2.0000,-0.0712,0.2029
2.0000,-0.0719,0.2037
2.0000,-0.0725,0.2045
2.0000,-0.0732,0.2053
2.0000,-0.0739,0.2062
2.0000,-0.0745,0.2070
2.0000,-0.0752,0.2078
2.0000,-0.0759,0.2086
2.0000,-0.0765,0.2095
2.0000,-0.0772,0.2103
2.0000,-0.0779,0.2111
2.0000,-0.0786,0.2119
2.0000,-0.0792,0.2127
2.0000,-0.0799,0.2135
2.0000,-0.0806,0.2143
2.0000,-0.0813,0.2152
2.0000,-0.0820,0.2160
2.0000,-0.0827,0.2168
2.0000,-0.0834,0.2176
2.0000,-0.0841,0.2184
2.0000,-0.0848,0.2192
2.0000,-0.0855,0.2200
2.0000,-0.0862,0.2208
2.0000,-0.0869,0.2216
2.0000,-0.0876,0.2224
2.0000,-0.0883,0.2231
2.0000,-0.0891,0.2239
2.0000,-0.0898,0.2247
2.0000,-0.0905,0.2255
2.0000,-0.0912,0.2263
2.0000,-0.0920,0.2271
2.0000,-0.0927,0.2279
2.0000,-0.0934,0.2286
2.0000,-0.0942,0.2294
2.0000,-0.0949,0.2302
2.0000,-0.0957,0.2310
2.0000,-0.0964,0.2317
2.0000,-0.0972,0.2325
2.0000,-0.0979,0.2333
2.0000,-0.0987,0.2341
2.0000,-0.0994,0.2348
2.0000,-0.1002,0.2356
2.0000,-0.1010,0.2363
2.0000,-0.1017,0.2371
2.0000,-0.1025,0.2379
2.0000,-0.1033,0.2386
2.0000,-0.1040,0.2394
2.0000,-0.1048,0.2401
2.0000,-0.1056,0.2409
2.0000,-0.1064,0.2416
2.0000,-0.1072,0.2424
2.0000,-0.1079,0.2431
2.0000,-0.1087,0.2439
2.0000,-0.1095,0.2446
2.0000,-0.1103,0.2453
2.0000,-0.1111,0.2461
2.0000,-0.1119,0.2468
2.0000,-0.1127,0.2475
2.0000,-0.1135,0.2483
2.0000,-0.1143,0.2490
2.0000,-0.1151,0.2497
2.0000,-0.1159,0.2505
2.0000,-0.1168,0.2512
2.0000,-0.1176,0.2519
2.0000,-0.1184,0.2526
2.0000,-0.1192,0.2534
2.0000,-0.1200,0.2541
2.0000,-0.1209,0.2548
2.0000,-0.1217,0.2555
2.0000,-0.1225,0.2562
2.0000,-0.1234,0.2569
2.0000,-0.1242,0.2576
2.0000,-0.1250,0.2583
2.0000,-0.1259,0.2590
2.0000,-0.1267,0.2597
2.0000,-0.1276,0.2604
2.0000,-0.1284,0.2611
2.0000,-0.1293,0.2618
2.0000,-0.1301,0.2625
2.0000,-0.1310,0.2632
2.0000,-0.1319,0.2639
2.0000,-0.1327,0.2646
2.0000,-0.1336,0.2653
2.0000,-0.1345,0.2659
2.0000,-0.1353,0.2666
2.0000,-0.1362,0.2673
2.0000,-0.1371,0.2680
2.0000,-0.1379,0.2687
2.0000,-0.1388,0.2693
2.0000,-0.1397,0.2700
2.0000,-0.1406,0.2707
2.0000,-0.1415,0.2713
2.0000,-0.1424,0.2720
2.0000,-0.1433,0.2727
2.0000,-0.1442,0.2733
2.0000,-0.1451,0.2740
2.0000,-0.1460,0.2746
2.0000,-0.1469,0.2753
2.0000,-0.1478,0.2759
2.0000,-0.1487,0.2766
2.0000,-0.1496,0.2772
2.0000,-0.1505,0.2779
2.0000,-0.1514,0.2785
2.0000,-0.1523,0.2791
2.0000,-0.1532,0.2798
2.0000,-0.1542,0.2804
2.0000,-0.1551,0.2811
2.0000,-0.1560,0.2817
2.0000,-0.1569,0.2823
2.0000,-0.1579,0.2829
2.0000,-0.1588,0.2836
2.0000,-0.1597,0.2842
2.0000,-0.1607,0.2848
2.0000,-0.1616,0.2854
2.0000,-0.1626,0.2860
2.0000,-0.1635,0.2866
2.0000,-0.1644,0.2873
2.0000,-0.1654,0.2879
2.0000,-0.1663,0.2885
2.0000,-0.1673,0.2891
2.0000,-0.1683,0.2897
2.0000,-0.1692,0.2903
2.0000,-0.1702,0.2909
2.0000,-0.1711,0.2915
2.0000,-0.1721,0.2921
2.0000,-0.1731,0.2927
2.0000,-0.1740,0.2932
2.0000,-0.1750,0.2938
2.0000,-0.1760,0.2944
2.0000,-0.1770,0.2950
2.0000,-0.1779,0.2956
2.0000,-0.1789,0.2961
2.0000,-0.1799,0.2967
2.0000,-0.1809,0.2973
2.0000,-0.1819,0.2979
2.0000,-0.1829,0.2984
2.0000,-0.1839,0.2990
2.0000,-0.1849,0.2996
2.0000,-0.1859,0.3001
2.0000,-0.1869,0.3007
2.0000,-0.1879,0.3012
2.0000,-0.1889,0.3018
2.0000,-0.1899,0.3023
2.0000,-0.1909,0.3029
2.0000,-0.1919,0.3034
2.0000,-0.1929,0.3040
2.0000,-0.1939,0.3045
2.0000,-0.1949,0.3050
2.0000,-0.1959,0.3056
2.0000,-0.1970,0.3061
2.0000,-0.1980,0.3066
2.0000,-0.1990,0.3072
2.0000,-0.2000,0.3077
2.0000,-0.2011,0.3082
2.0000,-0.2021,0.3087
2.0000,-0.2031,0.3092
2.0000,-0.2042,0.3098
2.0000,-0.2052,0.3103
2.0000,-0.2063,0.3108
2.0000,-0.2073,0.3113
2.0000,-0.2083,0.3118
2.0000,-0.2094,0.3123
2.0000,-0.2104,0.3128
2.0000,-0.2115,0.3133
2.0000,-0.2125,0.3138
2.0000,-0.2136,0.3143
2.0000,-0.2146,0.3148
2.0000,-0.2157,0.3153
2.0000,-0.2168,0.3158
2.0000,-0.2178,0.3162
2.0000,-0.2189,0.3167
2.0000,-0.2200,0.3172
2.0000,-0.2210,0.3177
2.0000,-0.2221,0.3181
2.0000,-0.2232,0.3186
2.0000,-0.2243,0.3191
2.0000,-0.2253,0.3195
2.0000,-0.2264,0.3200
2.0000,-0.2275,0.3205
2.0000,-0.2286,0.3209
2.0000,-0.2297,0.3214
2.0000,-0.2307,0.3218
2.0000,-0.2318,0.3223
2.0000,-0.2329,0.3227
2.0000,-0.2340,0.3232
2.0000,-0.2351,0.3236
2.0000,-0.2362,0.3240
2.0000,-0.2373,0.3245
2.0000,-0.2384,0.3249
2.0000,-0.2395,0.3253
2.0000,-0.2406,0.3258
2.0000,-0.2417,0.3262
2.0000,-0.2428,0.3266
2.0000,-0.2439,0.3270
2.0000,-0.2451,0.3275
2.0000,-0.2462,0.3279
2.0000,-0.2473,0.3283
2.0000,-0.2484,0.3287
2.0000,-0.2495,0.3291
2.0000,-0.2506,0.3295
2.0000,-0.2518,0.3299
2.0000,-0.2529,0.3303
2.0000,-0.2540,0.3307
2.0000,-0.2552,0.3311
2.0000,-0.2563,0.3315
2.0000,-0.2574,0.3319
2.0000,-0.2586,0.3322
2.0000,-0.2597,0.3326
2.0000,-0.2608,0.3330
2.0000,-0.2620,0.3334
2.0000,-0.2631,0.3338
2.0000,-0.2643,0.3341
2.0000,-0.2654,0.3345
2.0000,-0.2666,0.3349
2.0000,-0.2677,0.3352
2.0000,-0.2689,0.3356
2.0000,-0.2700,0.3359
2.0000,-0.2712,0.3363
2.0000,-0.2723,0.3366
2.0000,-0.2735,0.3370
2.0000,-0.2746,0.3373
2.0000,-0.2758,0.3377
2.0000,-0.2770,0.3380
2.0000,-0.2781,0.3384
2.0000,-0.2793,0.3387
2.0000,-0.2805,0.3390
2.0000,-0.2816,0.3394
2.0000,-0.2828,0.3397
2.0000,-0.2840,0.3400
2.0000,-0.2852,0.3403
2.0000,-0.2863,0.3406
2.0000,-0.2875,0.3410
2.0000,-0.2887,0.3413
2.0000,-0.2899,0.3416
2.0000,-0.2911,0.3419
2.0000,-0.2923,0.3422
2.0000,-0.2934,0.3425
2.0000,-0.2946,0.3428
2.0000,-0.2958,0.3431
2.0000,-0.2970,0.3434
2.0000,-0.2982,0.3437
2.0000,-0.2994,0.3439
2.0000,-0.3006,0.3442
2.0000,-0.3018,0.3445
2.0000,-0.3030,0.3448
2.0000,-0.3042,0.3451
2.0000,-0.3054,0.3453
2.0000,-0.3066,0.3456
2.0000,-0.3078,0.3459
2.0000,-0.3090,0.3461
2.0000,-0.3102,0.3464
2.0000,-0.3115,0.3466
2.0000,-0.3127,0.3469
2.0000,-0.3139,0.3471
2.0000,-0.3151,0.3474
2.0000,-0.3163,0.3476
2.0000,-0.3175,0.3479
2.0000,-0.3188,0.3481
2.0000,-0.3200,0.3483
2.0000,-0.3212,0.3486
2.0000,-0.3224,0.3488
2.0000,-0.3237,0.3490
2.0000,-0.3249,0.3493
2.0000,-0.3261,0.3495
2.0000,-0.3273,0.3497
2.0000,-0.3286,0.3499
2.0000,-0.3298,0.3501
2.0000,-0.3311,0.3503
2.0000,-0.3323,0.3505
2.0000,-0.3335,0.3507
2.0000,-0.3348,0.3509
2.0000,-0.3360,0.3511
2.0000,-0.3373,0.3513
2.0000,-0.3385,0.3515
2.0000,-0.3397,0.3517
2.0000,-0.3410,0.3519
2.0000,-0.3422,0.3521
2.0000,-0.3435,0.3522
2.0000,-0.3447,0.3524
2.0000,-0.3460,0.3526
2.0000,-0.3473,0.3528
2.0000,-0.3485,0.3529
2.0000,-0.3498,0.3531
2.0000,-0.3510,0.3532
2.0000,-0.3523,0.3534
2.0000,-0.3536,0.3536
2.0000,-0.3548,0.3537
2.0000,-0.3561,0.3539
2.0000,-0.3573,0.3540
2.0000,-0.3586,0.3541
2.0000,-0.3599,0.3543
2.0000,-0.3612,0.3544
2.0000,-0.3624,0.3545
2.0000,-0.3637,0.3547
2.0000,-0.3650,0.3548
2.0000,-0.3662,0.3549
2.0000,-0.3675,0.3550
2.0000,-0.3688,0.3552
2.0000,-0.3701,0.3553
2.0000,-0.3714,0.3554
2.0000,-0.3726,0.3555
2.0000,-0.3739,0.3556
2.0000,-0.3752,0.3557
2.0000,-0.3765,0.3558
2.0000,-0.3778,0.3559
2.0000,-0.3791,0.3560
2.0000,-0.3804,0.3561
2.0000,-0.3816,0.3561
2.0000,-0.3829,0.3562
2.0000,-0.3842,0.3563
2.0000,-0.3855,0.3564
2.0000,-0.3868,0.3564
2.0000,-0.3881,0.3565
2.0000,-0.3894,0.3566
2.0000,-0.3907,0.3566
2.0000,-0.3920,0.3567
2.0000,-0.3933,0.3568
2.0000,-0.3946,0.3568
2.0000,-0.3959,0.3569
2.0000,-0.3972,0.3569
2.0000,-0.3985,0.3569
2.0000,-0.3998,0.3570
2.0000,-0.4011,0.3570
2.0000,-0.4024,0.3571
2.0000,-0.4037,0.3571
2.0000,-0.4051,0.3571
2.0000,-0.4064,0.3571
2.0000,-0.4077,0.3572
2.0000,-0.4090,0.3572
2.0000,-0.4103,0.3572
2.0000,-0.4116,0.3572
2.0000,-0.4129,0.3572
2.0000,-0.4143,0.3572
2.0000,-0.4156,0.3572
2.0000,-0.4169,0.3572
2.0000,-0.4182,0.3572
2.0000,-0.4195,0.3572
2.0000,-0.4209,0.3572
2.0000,-0.4222,0.3572
2.0000,-0.4235,0.3571
2.0000,-0.4248,0.3571
2.0000,-0.4262,0.3571
2.0000,-0.4275,0.3571
2.0000,-0.4288,0.3570
2.0000,-0.4302,0.3570
2.0000,-0.4315,0.3570
2.0000,-0.4328,0.3569
2.0000,-0.4342,0.3569
2.0000,-0.4355,0.3568
2.0000,-0.4368,0.3568
2.0000,-0.4382,0.3567
2.0000,-0.4395,0.3567
2.0000,-0.4408,0.3566
2.0000,-0.4422,0.3565
2.0000,-0.4435,0.3565
2.0000,-0.4448,0.3564
2.0000,-0.4462,0.3563
2.0000,-0.4475,0.3562
2.0000,-0.4489,0.3562
2.0000,-0.4502,0.3561
2.0000,-0.4516,0.3560
2.0000,-0.4529,0.3559
2.0000,-0.4542,0.3558
2.0000,-0.4556,0.3557
2.0000,-0.4569,0.3556
2.0000,-0.4583,0.3555
2.0000,-0.4596,0.3554
2.0000,-0.4610,0.3553
2.0000,-0.4623,0.3552
2.0000,-0.4637,0.3550
2.0000,-0.4650,0.3549
2.0000,-0.4664,0.3548
2.0000,-0.4677,0.3547
2.0000,-0.4691,0.3545
2.0000,-0.4705,0.3544
2.0000,-0.4718,0.3542
2.0000,-0.4732,0.3541
2.0000,-0.4745,0.3540
2.0000,-0.4759,0.3538
2.0000,-0.4772,0.3537
2.0000,-0.4786,0.3535
2.0000,-0.4800,0.3533
2.0000,-0.4813,0.3532
2.0000,-0.4827,0.3530
2.0000,-0.4840,0.3528
2.0000,-0.4854,0.3527
2.0000,-0.4868,0.3525
2.0000,-0.4881,0.3523
2.0000,-0.4895,0.3521
2.0000,-0.4909,0.3519
2.0000,-0.4922,0.3518
2.0000,-0.4936,0.3516
2.0000,-0.4950,0.3514
2.0000,-0.4963,0.3512
2.0000,-0.4977,0.3510
2.0000,-0.4991,0.3508
2.0000,-0.5004,0.3505
2.0000,-0.5018,0.3503
2.0000,-0.5032,0.3501
2.0000,-0.5046,0.3499
2.0000,-0.5059,0.3497
2.0000,-0.5073,0.3494
2.0000,-0.5087,0.3492
2.0000,-0.5100,0.3490
2.0000,-0.5114,0.3487
2.0000,-0.5128,0.3485
2.0000,-0.5142,0.3482
2.0000,-0.5155,0.3480
2.0000,-0.5169,0.3477
2.0000,-0.5183,0.3475
2.0000,-0.5197,0.3472
2.0000,-0.5210,0.3470
2.0000,-0.5224,0.3467
2.0000,-0.5238,0.3464
2.0000,-0.5252,0.3462
2.0000,-0.5266,0.3459
2.0000,-0.5279,0.3456
2.0000,-0.5293,0.3453
2.0000,-0.5307,0.3450
2.0000,-0.5321,0.3447
2.0000,-0.5335,0.3445
2.0000,-0.5348,0.3442
2.0000,-0.5362,0.3439
2.0000,-0.5376,0.3435
2.0000,-0.5390,0.3432
2.0000,-0.5404,0.3429
2.0000,-0.5418,0.3426
2.0000,-0.5431,0.3423
2.0000,-0.5445,0.3420
2.0000,-0.5459,0.3416
2.0000,-0.5473,0.3413
2.0000,-0.5487,0.3410
2.0000,-0.5501,0.3407
2.0000,-0.5514,0.3403
2.0000,-0.5528,0.3400
2.0000,-0.5542,0.3396
2.0000,-0.5556,0.3393
2.0000,-0.5570,0.3389
2.0000,-0.5584,0.3386
2.0000,-0.5598,0.3382
2.0000,-0.5611,0.3378
2.0000,-0.5625,0.3375
2.0000,-0.5639,0.3371
2.0000,-0.5653,0.3367
2.0000,-0.5667,0.3363
2.0000,-0.5681,0.3360
2.0000,-0.5695,0.3356
2.0000,-0.5709,0.3352
2.0000,-0.5723,0.3348
2.0000,-0.5736,0.3344
2.0000,-0.5750,0.3340
2.0000,-0.5764,0.3336
2.0000,-0.5778,0.3332
2.0000,-0.5792,0.3328
2.0000,-0.5806,0.3324
2.0000,-0.5820,0.3320
2.0000,-0.5834,0.3315
2.0000,-0.5848,0.3311
2.0000,-0.5862,0.3307
2.0000,-0.5875,0.3303
2.0000,-0.5889,0.3298
2.0000,-0.5903,0.3294
2.0000,-0.5917,0.3289
2.0000,-0.5931,0.3285
2.0000,-0.5945,0.3280
2.0000,-0.5959,0.3276
2.0000,-0.5973,0.3271
2.0000,-0.5987,0.3267
2.0000,-0.6001,0.3262
2.0000,-0.6015,0.3257
2.0000,-0.6028,0.3253
2.0000,-0.6042,0.3248
2.0000,-0.6056,0.3243
2.0000,-0.6070,0.3238
2.0000,-0.6084,0.3234
2.0000,-0.6098,0.3229
2.0000,-0.6112,0.3224
2.0000,-0.6126,0.3219
2.0000,-0.6140,0.3214
2.0000,-0.6154,0.3209
2.0000,-0.6168,0.3204
2.0000,-0.6181,0.3199
2.0000,-0.6195,0.3194
2.0000,-0.6209,0.3188
2.0000,-0.6223,0.3183
2.0000,-0.6237,0.3178
2.0000,-0.6251,0.3173
2.0000,-0.6265,0.3167
2.0000,-0.6279,0.3162
2.0000,-0.6293,0.3157
2.0000,-0.6307,0.3151
2.0000,-0.6320,0.3146
2.0000,-0.6334,0.3140
2.0000,-0.6348,0.3135
2.0000,-0.6362,0.3129
2.0000,-0.6376,0.3124
2.0000,-0.6390,0.3118
2.0000,-0.6404,0.3112
2.0000,-0.6418,0.3107
2.0000,-0.6432,0.3101
2.0000,-0.6445,0.3095
2.0000,-0.6459,0.3089
2.0000,-0.6473,0.3083
2.0000,-0.6487,0.3077
2.0000,-0.6501,0.3072
2.0000,-0.6515,0.3066
2.0000,-0.6529,0.3060
2.0000,-0.6542,0.3054
2.0000,-0.6556,0.3048
2.0000,-0.6570,0.3041
2.0000,-0.6584,0.3035
2.0000,-0.6598,0.3029
2.0000,-0.6612,0.3023
2.0000,-0.6626,0.3017
2.0000,-0.6639,0.3010
2.0000,-0.6653,0.3004
2.0000,-0.6667,0.2998
2.0000,-0.6681,0.2991
2.0000,-0.6695,0.2985
2.0000,-0.6709,0.2978
2.0000,-0.6722,0.2972
2.0000,-0.6736,0.2965
2.0000,-0.6750,0.2959
2.0000,-0.6764,0.2952
2.0000,-0.6778,0.2946
2.0000,-0.6791,0.2939
2.0000,-0.6805,0.2932
2.0000,-0.6819,0.2925
2.0000,-0.6833,0.2919
2.0000,-0.6847,0.2912
2.0000,-0.6860,0.2905
2.0000,-0.6874,0.2898
2.0000,-0.6888,0.2891
2.0000,-0.6902,0.2884
2.0000,-0.6915,0.2877
2.0000,-0.6929,0.2870
2.0000,-0.6943,0.2863
2.0000,-0.6957,0.2856
2.0000,-0.6970,0.2849
2.0000,-0.6984,0.2842
2.0000,-0.6998,0.2834
2.0000,-0.7011,0.2827
2.0000,-0.7025,0.2820
2.0000,-0.7039,0.2813
2.0000,-0.7053,0.2805
2.0000,-0.7066,0.2798
2.0000,-0.7080,0.2790
2.0000,-0.7094,0.2783
2.0000,-0.7107,0.2775
2.0000,-0.7121,0.2768
2.0000,-0.7135,0.2760
2.0000,-0.7148,0.2753
2.0000,-0.7162,0.2745
2.0000,-0.7176,0.2737
2.0000,-0.7189,0.2730
2.0000,-0.7203,0.2722
2.0000,-0.7217,0.2714
2.0000,-0.7230,0.2706
2.0000,-0.7244,0.2698
2.0000,-0.7257,0.2690
2.0000,-0.7271,0.2682
2.0000,-0.7285,0.2674
2.0000,-0.7298,0.2666
2.0000,-0.7312,0.2658
2.0000,-0.7325,0.2650
2.0000,-0.7339,0.2642
2.0000,-0.7352,0.2634
2.0000,-0.7366,0.2626
2.0000,-0.7380,0.2618
2.0000,-0.7393,0.2609
2.0000,-0.7407,0.2601
2.0000,-0.7420,0.2593
2.0000,-0.7434,0.2584
2.0000,-0.7447,0.2576
2.0000,-0.7461,0.2567
2.0000,-0.7474,0.2559
2.0000,-0.7488,0.2550
2.0000,-0.7501,0.2542
2.0000,-0.7514,0.2533
2.0000,-0.7528,0.2525
2.0000,-0.7541,0.2516
2.0000,-0.7555,0.2507
2.0000,-0.7568,0.2499
2.0000,-0.7582,0.2490
2.0000,-0.7595,0.2481
2.0000,-0.7608,0.2472
2.0000,-0.7622,0.2463
2.0000,-0.7635,0.2454
2.0000,-0.7649,0.2445
2.0000,-0.7662,0.2436
2.0000,-0.7675,0.2427
2.0000,-0.7689,0.2418
2.0000,-0.7702,0.2409
2.0000,-0.7715,0.2400
2.0000,-0.7729,0.2391
2.0000,-0.7742,0.2382
2.0000,-0.7755,0.2372
2.0000,-0.7769,0.2363
2.0000,-0.7782,0.2354
2.0000,-0.7795,0.2345
2.0000,-0.7808,0.2335
2.0000,-0.7822,0.2326
2.0000,-0.7835,0.2316
2.0000,-0.7848,0.2307
2.0000,-0.7861,0.2297
2.0000,-0.7874,0.2288
2.0000,-0.7888,0.2278
2.0000,-0.7901,0.2268
2.0000,-0.7914,0.2259
2.0000,-0.7927,0.2249
2.0000,-0.7940,0.2239
2.0000,-0.7953,0.2230
2.0000,-0.7967,0.2220
2.0000,-0.7980,0.2210
2.0000,-0.7993,0.2200
2.0000,-0.8006,0.2190
2.0000,-0.8019,0.2180
2.0000,-0.8032,0.2170
2.0000,-0.8045,0.2160
2.0000,-0.8058,0.2150
2.0000,-0.8071,0.2140
2.0000,-0.8084,0.2130
2.0000,-0.8097,0.2120
2.0000,-0.8110,0.2110
2.0000,-0.8123,0.2099
2.0000,-0.8136,0.2089
2.0000,-0.8149,0.2079
2.0000,-0.8162,0.2068
2.0000,-0.8175,0.2058
2.0000,-0.8188,0.2048
2.0000,-0.8201,0.2037
2.0000,-0.8214,0.2027
2.0000,-0.8227,0.2016
2.0000,-0.8239,0.2006
2.0000,-0.8252,0.1995
2.0000,-0.8265,0.1984
2.0000,-0.8278,0.1974
2.0000,-0.8291,0.1963
2.0000,-0.8304,0.1952
2.0000,-0.8316,0.1941
2.0000,-0.8329,0.1931
2.0000,-0.8342,0.1920
2.0000,-0.8355,0.1909
2.0000,-0.8367,0.1898
2.0000,-0.8380,0.1887
2.0000,-0.8393,0.1876
2.0000,-0.8406,0.1865
2.0000,-0.8418,0.1854
2.0000,-0.8431,0.1843
2.0000,-0.8444,0.1832
2.0000,-0.8456,0.1821
2.0000,-0.8469,0.1809
2.0000,-0.8481,0.1798
2.0000,-0.8494,0.1787
2.0000,-0.8507,0.1776
2.0000,-0.8519,0.1764
2.0000,-0.8532,0.1753
2.0000,-0.8544,0.1741
2.0000,-0.8557,0.1730
2.0000,-0.8569,0.1719
2.0000,-0.8582,0.1707
2.0000,-0.8594,0.1695
2.0000,-0.8607,0.1684
2.0000,-0.8619,0.1672
2.0000,-0.8632,0.1661
2.0000,-0.8644,0.1649
2.0000,-0.8657,0.1637
2.0000,-0.8669,0.1625
2.0000,-0.8681,0.1614
2.0000,-0.8694,0.1602
2.0000,-0.8706,0.1590
2.0000,-0.8718,0.1578
2.0000,-0.8731,0.1566
2.0000,-0.8743,0.1554
2.0000,-0.8755,0.1542
2.0000,-0.8767,0.1530
2.0000,-0.8780,0.1518
2.0000,-0.8792,0.1506
2.0000,-0.8804,0.1494
2.0000,-0.8816,0.1482
2.0000,-0.8829,0.1469
2.0000,-0.8841,0.1457
2.0000,-0.8853,0.1445
2.0000,-0.8865,0.1433
2.0000,-0.8877,0.1420
2.0000,-0.8889,0.1408
2.0000,-0.8901,0.1395
2.0000,-0.8913,0.1383
2.0000,-0.8925,0.1371
2.0000,-0.8937,0.1358
2.0000,-0.8949,0.1345
2.0000,-0.8961,0.1333
2.0000,-0.8973,0.1320
2.0000,-0.8985,0.1308
2.0000,-0.8997,0.1295
2.0000,-0.9009,0.1282
2.0000,-0.9021,0.1269
2.0000,-0.9033,0.1257
2.0000,-0.9045,0.1244
2.0000,-0.9057,0.1231
2.0000,-0.9069,0.1218
2.0000,-0.9080,0.1205
2.0000,-0.9092,0.1192
2.0000,-0.9104,0.1179
2.0000,-0.9116,0.1166
2.0000,-0.9127,0.1153
2.0000,-0.9139,0.1140
2.0000,-0.9151,0.1127
2.0000,-0.9163,0.1114
2.0000,-0.9174,0.1100
2.0000,-0.9186,0.1087
2.0000,-0.9198,0.1074
2.0000,-0.9209,0.1061
2.0000,-0.9221,0.1047
2.0000,-0.9232,0.1034
2.0000,-0.9244,0.1021
2.0000,-0.9255,0.1007
2.0000,-0.9267,0.0994
2.0000,-0.9278,0.0980
2.0000,-0.9290,0.0967
2.0000,-0.9301,0.0953
2.0000,-0.9313,0.0939
2.0000,-0.9324,0.0926
2.0000,-0.9336,0.0912
2.0000,-0.9347,0.0898
2.0000,-0.9358,0.0885
2.0000,-0.9370,0.0871
2.0000,-0.9381,0.0857
2.0000,-0.9392,0.0843
2.0000,-0.9404,0.0829
2.0000,-0.9415,0.0815
2.0000,-0.9426,0.0801
2.0000,-0.9437,0.0787
2.0000,-0.9448,0.0773
2.0000,-0.9460,0.0759
2.0000,-0.9471,0.0745
2.0000,-0.9482,0.0731
2.0000,-0.9493,0.0717
2.0000,-0.9504,0.0703
2.0000,-0.9515,0.0689
2.0000,-0.9526,0.0674
2.0000,-0.9537,0.0660
2.0000,-0.9548,0.0646
2.0000,-0.9559,0.0632
2.0000,-0.9570,0.0617
2.0000,-0.9581,0.0603
2.0000,-0.9592,0.0588
2.0000,-0.9603,0.0574
2.0000,-0.9614,0.0559
2.0000,-0.9625,0.0545
2.0000,-0.9635,0.0530
2.0000,-0.9646,0.0516
2.0000,-0.9657,0.0501
2.0000,-0.9668,0.0486
2.0000,-0.9679,0.0472
2.0000,-0.9689,0.0457
2.0000,-0.9700,0.0442
2.0000,-0.9711,0.0427
2.0000,-0.9721,0.0413
2.0000,-0.9732,0.0398
2.0000,-0.9742,0.0383
2.0000,-0.9753,0.0368
2.0000,-0.9764,0.0353
2.0000,-0.9774,0.0338
2.0000,-0.9785,0.0323
2.0000,-0.9795,0.0308
2.0000,-0.9806,0.0293
2.0000,-0.9816,0.0278
2.0000,-0.9826,0.0262
2.0000,-0.9837,0.0247
2.0000,-0.9847,0.0232
2.0000,-0.9858,0.0217
2.0000,-0.9868,0.0202
2.0000,-0.9878,0.0186
2.0000,-0.9889,0.0171
2.0000,-0.9899,0.0156
2.0000,-0.9909,0.0140
2.0000,-0.9919,0.0125
2.0000,-0.9929,0.0109
2.0000,-0.9940,0.0094
2.0000,-0.9950,0.0078
2.0000,-0.9960,0.0063
2.0000,-0.9970,0.0047
2.0000,-0.9980,0.0031
2.0000,-0.9990,0.0016
2.0000,-1.0000,0.0000
3.0000,-0.0010,-0.0000
3.0000,-0.0020,-0.0000
3.0000,-0.0030,-0.0000
3.0000,-0.0040,-0.0000
3.0000,-0.0050,-0.0000
3.0000,-0.0060,-0.0001
3.0000,-0.0070,-0.0001
3.0000,-0.0080,-0.0001
3.0000,-0.0090,-0.0001
3.0000,-0.0100,-0.0002
3.0000,-0.0110,-0.0002
3.0000,-0.0120,-0.0002
3.0000,-0.0130,-0.0003
3.0000,-0.0140,-0.0003
3.0000,-0.0150,-0.0004
3.0000,-0.0160,-0.0004
3.0000,-0.0170,-0.0005
3.0000,-0.0180,-0.0005
3.0000,-0.0190,-0.0006
3.0000,-0.0200,-0.0006
3.0000,-0.0210,-0.0007
3.0000,-0.0220,-0.0008
3.0000,-0.0230,-0.0008
3.0000,-0.0240,-0.0009
3.0000,-0.0250,-0.0010
3.0000,-0.0260,-0.0011
3.0000,-0.0270,-0.0011
3.0000,-0.0280,-0.0012
3.0000,-0.0290,-0.0013
3.0000,-0.0300,-0.0014
3.0000,-0.0310,-0.0015
3.0000,-0.0320,-0.0016
3.0000,-0.0330,-0.0017
3.0000,-0.0340,-0.0018
3.0000,-0.0349,-0.0019
3.0000,-0.0359,-0.0020
3.0000,-0.0369,-0.0021
3.0000,-0.0379,-0.0023
3.0000,-0.0389,-0.0024
3.0000,-0.0399,-0.0025
3.0000,-0.0409,-0.0026
3.0000,-0.0419,-0.0028
3.0000,-0.0429,-0.0029
3.0000,-0.0439,-0.0030
3.0000,-0.0449,-0.0032
3.0000,-0.0459,-0.0033
3.0000,-0.0469,-0.0035
3.0000,-0.0479,-0.0036
3.0000,-0.0489,-0.0038
3.0000,-0.0498,-0.0039
3.0000,-0.0508,-0.0041
3.0000,-0.0518,-0.0042
3.0000,-0.0528,-0.0044
3.0000,-0.0538,-0.0046
3.0000,-0.0548,-0.0047
3.0000,-0.0558,-0.0049
3.0000,-0.0568,-0.0051
3.0000,-0.0578,-0.0053
3.0000,-0.0587,-0.0055
3.0000,-0.0597,-0.0056
3.0000,-0.0607,-0.0058
3.0000,-0.0617,-0.0060
3.0000,-0.0627,-0.0062
3.0000,-0.0637,-0.0064
3.0000,-0.0647,-0.0066
3.0000,-0.0656,-0.0068
3.0000,-0.0666,-0.0070
3.0000,-0.0676,-0.0072
3.0000,-0.0686,-0.0075
3.0000,-0.0696,-0.0077
3.0000,-0.0706,-0.0079
3.0000,-0.0715,-0.0081
3.0000,-0.0725,-0.0084
3.0000,-0.0735,-0.0086
3.0000,-0.0745,-0.0088
3.0000,-0.0755,-0.0091
3.0000,-0.0764,-0.0093
3.0000,-0.0774,-0.0095
3.0000,-0.0784,-0.0098
3.0000,-0.0794,-0.0100
3.0000,-0.0803,-0.0103
3.0000,-0.0813,-0.0105
3.0000,-0.0823,-0.0108
3.0000,-0.0833,-0.0111
3.0000,-0.0842,-0.0113
3.0000,-0.0852,-0.0116
3.0000,-0.0862,-0.0119
3.0000,-0.0872,-0.0121
3.0000,-0.0881,-0.0124
3.0000,-0.0891,-0.0127
3.0000,-0.0901,-0.0130
3.0000,-0.0910,-0.0132
3.0000,-0.0920,-0.0135
3.0000,-0.0930,-0.0138
3.0000,-0.0939,-0.0141
3.0000,-0.0949,-0.0144
3.0000,-0.0959,-0.0147
3.0000,-0.0968,-0.0150
3.0000,-0.0978,-0.0153
3.0000,-0.0988,-0.0156
3.0000,-0.0997,-0.0160
3.0000,-0.1007,-0.0163
3.0000,-0.1017,-0.0166
3.0000,-0.1026,-0.0169
3.0000,-0.1036,-0.0172
3.0000,-0.1045,-0.0176
3.0000,-0.1055,-0.0179
3.0000,-0.1064,-0.0182
3.0000,-0.1074,-0.0186
3.0000,-0.1084,-0.0189
3.0000,-0.1093,-0.0193
3.0000,-0.1103,-0.0196
3.0000,-0.1112,-0.0200
3.0000,-0.1122,-0.0203
3.0000,-0.1131,-0.0207
3.0000,-0.1141,-0.0210
3.0000,-0.1150,-0.0214
3.0000,-0.1160,-0.0217
3.0000,-0.1169,-0.0221
3.0000,-0.1179,-0.0225
3.0000,-0.1188,-0.0229
3.0000,-0.1198,-0.0232
3.0000,-0.1207,-0.0236
3.0000,-0.1217,-0.0240
3.0000,-0.1226,-0.0244
3.0000,-0.1235,-0.0248
3.0000,-0.1245,-0.0252
3.0000,-0.1254,-0.0256
3.0000,-0.1264,-0.0260
3.0000,-0.1273,-0.0264
3.0000,-0.1282,-0.0268
3.0000,-0.1292,-0.0272
3.0000,-0.1301,-0.0276
3.0000,-0.1310,-0.0280
3.0000,-0.1320,-0.0284
3.0000,-0.1329,-0.0288
3.0000,-0.1338,-0.0293
3.0000,-0.1348,-0.0297
3.0000,-0.1357,-0.0301
3.0000,-0.1366,-0.0305
3.0000,-0.1376,-0.0310
3.0000,-0.1385,-0.0314
3.0000,-0.1394,-0.0319
3.0000,-0.1403,-0.0323
3.0000,-0.1413,-0.0327
3.0000,-0.1422,-0.0332
3.0000,-0.1431,-0.0336
3.0000,-0.1440,-0.0341
3.0000,-0.1449,-0.0346
3.0000,-0.1459,-0.0350
3.0000,-0.1468,-0.0355
3.0000,-0.1477,-0.0359
3.0000,-0.1486,-0.0364
3.0000,-0.1495,-0.0369
3.0000,-0.1504,-0.0374
3.0000,-0.1513,-0.0378
3.0000,-0.1522,-0.0383
3.0000,-0.1532,-0.0388
3.0000,-0.1541,-0.0393
3.0000,-0.1550,-0.0398
3.0000,-0.1559,-0.0403
3.0000,-0.1568,-0.0408
3.0000,-0.1577,-0.0413
3.0000,-0.1586,-0.0418
3.0000,-0.1595,-0.0423
3.0000,-0.1604,-0.0428
3.0000,-0.1613,-0.0433
3.0000,-0.1622,-0.0438
3.0000,-0.1631,-0.0443
3.0000,-0.1640,-0.0449
3.0000,-0.1649,-0.0454
3.0000,-0.1658,-0.0459
3.0000,-0.1667,-0.0464
3.0000,-0.1675,-0.0470
3.0000,-0.1684,-0.0475
3.0000,-0.1693,-0.0480
3.0000,-0.1702,-0.0486
3.0000,-0.1711,-0.0491
3.0000,-0.1720,-0.0497
3.0000,-0.1729,-0.0502
3.0000,-0.1737,-0.0508
3.0000,-0.1746,-0.0513
3.0000,-0.1755,-0.0519
3.0000,-0.1764,-0.0524
3.0000,-0.1772,-0.0530
3.0000,-0.1781,-0.0536
3.0000,-0.1790,-0.0541
3.0000,-0.1799,-0.0547
3.0000,-0.1807,-0.0553
3.0000,-0.1816,-0.0559
3.0000,-0.1825,-0.0564
3.0000,-0.1833,-0.0570
3.0000,-0.1842,-0.0576
3.0000,-0.1851,-0.0582
3.0000,-0.1859,-0.0588
3.0000,-0.1868,-0.0594
3.0000,-0.1876,-0.0600
3.0000,-0.1885,-0.0606
3.0000,-0.1894,-0.0612
3.0000,-0.1902,-0.0618
3.0000,-0.1911,-0.0624
3.0000,-0.1919,-0.0630
3.0000,-0.1928,-0.0636
3.0000,-0.1936,-0.0643
3.0000,-0.1945,-0.0649
3.0000,-0.1953,-0.0655
3.0000,-0.1962,-0.0661
3.0000,-0.1970,-0.0668
3.0000,-0.1978,-0.0674
3.0000,-0.1987,-0.0680
3.0000,-0.1995,-0.0687
3.0000,-0.2004,-0.0693
3.0000,-0.2012,-0.0699
3.0000,-0.2020,-0.0706
3.0000,-0.2029,-0.0712
3.0000,-0.2037,-0.0719
3.0000,-0.2045,-0.0725
3.0000,-0.2053,-0.0732
3.0000,-0.2062,-0.0739
3.0000,-0.2070,-0.0745
3.0000,-0.2078,-0.0752
3.0000,-0.2086,-0.0759
3.0000,-0.2095,-0.0765
3.0000,-0.2103,-0.0772
3.0000,-0.2111,-0.0779
3.0000,-0.2119,-0.0786
3.0000,-0.2127,-0.0792
3.0000,-0.2135,-0.0799
3.0000,-0.2143,-0.0806
3.0000,-0.2152,-0.0813
3.0000,-0.2160,-0.0820
3.0000,-0.2168,-0.0827
3.0000,-0.2176,-0.0834
3.0000,-0.2184,-0.0841
3.0000,-0.2192,-0.0848
3.0000,-0.2200,-0.0855
3.0000,-0.2208,-0.0862
3.0000,-0.2216,-0.0869
3.0000,-0.2224,-0.0876
3.0000,-0.2231,-0.0883
3.0000,-0.2239,-0.0891
3.0000,-0.2247,-0.0898
3.0000,-0.2255,-0.0905
3.0000,-0.2263,-0.0912
3.0000,-0.2271,-0.0920
3.0000,-0.2279,-0.0927
3.0000,-0.2286,-0.0934
3.0000,-0.2294,-0.0942
3.0000,-0.2302,-0.0949
3.0000,-0.2310,-0.0957
3.0000,-0.2317,-0.0964
3.0000,-0.2325,-0.0972
3.0000,-0.2333,-0.0979
3.0000,-0.2341,-0.0987
3.0000,-0.2348,-0.0994
3.0000,-0.2356,-0.1002
3.0000,-0.2363,-0.1010
3.0000,-0.2371,-0.1017
3.0000,-0.2379,-0.1025
3.0000,-0.2386,-0.1033
3.0000,-0.2394,-0.1040
3.0000,-0.2401,-0.1048
3.0000,-0.2409,-0.1056
3.0000,-0.2416,-0.1064
3.0000,-0.2424,-0.1072
3.0000,-0.2431,-0.1079
3.0000,-0.2439,-0.1087
3.0000,-0.2446,-0.1095
3.0000,-0.2453,-0.1103
3.0000,-0.2461,-0.1111
3.0000,-0.2468,-0.1119
3.0000,-0.2475,-0.1127
3.0000,-0.2483,-0.1135
3.0000,-0.2490,-0.1143
3.0000,-0.2497,-0.1151
3.0000,-0.2505,-0.1159
3.0000,-0.2512,-0.1168
3.0000,-0.2519,-0.1176
3.0000,-0.2526,-0.1184
3.0000,-0.2534,-0.1192
3.0000,-0.2541,-0.1200
3.0000,-0.2548,-0.1209
3.0000,-0.2555,-0.1217
3.0000,-0.2562,-0.1225
3.0000,-0.2569,-0.1234
3.0000,-0.2576,-0.1242
3.0000,-0.2583,-0.1250
3.0000,-0.2590,-0.1259
3.0000,-0.2597,-0.1267
3.0000,-0.2604,-0.1276
3.0000,-0.2611,-0.1284
3.0000,-0.2618,-0.1293
3.0000,-0.2625,-0.1301
3.0000,-0.2632,-0.1310
3.0000,-0.2639,-0.1319
3.0000,-0.2646,-0.1327
3.0000,-0.2653,-0.1336
3.0000,-0.2659,-0.1345
3.0000,-0.2666,-0.1353
3.0000,-0.2673,-0.1362
3.0000,-0.2680,-0.1371
3.0000,-0.2687,-0.1379
3.0000,-0.2693,-0.1388
3.0000,-0.2700,-0.1397
3.0000,-0.2707,-0.1406
3.0000,-0.2713,-0.1415
3.0000,-0.2720,-0.1424
3.0000,-0.2727,-0.1433
3.0000,-0.2733,-0.1442
3.0000,-0.2740,-0.1451
3.0000,-0.2746,-0.1460
3.0000,-0.2753,-0.1469
3.0000,-0.2759,-0.1478
3.0000,-0.2766,-0.1487
3.0000,-0.2772,-0.1496
3.0000,-0.2779,-0.1505
3.0000,-0.2785,-0.1514
3.0000,-0.2791,-0.1523
3.0000,-0.2798,-0.1532
3.0000,-0.2804,-0.1542
3.0000,-0.2811,-0.1551
3.0000,-0.2817,-0.1560
3.0000,-0.2823,-0.1569
3.0000,-0.2829,-0.1579
3.0000,-0.2836,-0.1588
3.0000,-0.2842,-0.1597
3.0000,-0.2848,-0.1607
3.0000,-0.2854,-0.1616
3.0000,-0.2860,-0.1626
3.0000,-0.2866,-0.1635
3.0000,-0.2873,-0.1644
3.0000,-0.2879,-0.1654
3.0000,-0.2885,-0.1663
3.0000,-0.2891,-0.1673
3.0000,-0.2897,-0.1683
3.0000,-0.2903,-0.1692
3.0000,-0.2909,-0.1702
3.0000,-0.2915,-0.1711
3.0000,-0.2921,-0.1721
3.0000,-0.2927,-0.1731
3.0000,-0.2932,-0.1740
3.0000,-0.2938,-0.1750
3.0000,-0.2944,-0.1760
3.0000,-0.2950,-0.1770
3.0000,-0.2956,-0.1779
3.0000,-0.2961,-0.1789
3.0000,-0.2967,-0.1799
3.0000,-0.2973,-0.1809
3.0000,-0.2979,-0.1819
3.0000,-0.2984,-0.1829
3.0000,-0.2990,-0.1839
3.0000,-0.2996,-0.1849
3.0000,-0.3001,-0.1859
3.0000,-0.3007,-0.1869
3.0000,-0.3012,-0.1879
3.0000,-0.3018,-0.1889
3.0000,-0.3023,-0.1899
3.0000,-0.3029,-0.1909
3.0000,-0.3034,-0.1919
3.0000,-0.3040,-0.1929
3.0000,-0.3045,-0.1939
3.0000,-0.3050,-0.1949
3.0000,-0.3056,-0.1959
3.0000,-0.3061,-0.1970
3.0000,-0.3066,-0.1980
3.0000,-0.3072,-0.1990
3.0000,-0.3077,-0.2000
3.0000,-0.3082,-0.2011
3.0000,-0.3087,-0.2021
3.0000,-0.3092,-0.2031
3.0000,-0.3098,-0.2042
3.0000,-0.3103,-0.2052
3.0000,-0.3108,-0.2063
3.0000,-0.3113,-0.2073
3.0000,-0.3118,-0.2083
3.0000,-0.3123,-0.2094
3.0000,-0.3128,-0.2104
3.0000,-0.3133,-0.2115
3.0000,-0.3138,-0.2125
3.0000,-0.3143,-0.2136
3.0000,-0.3148,-0.2146
3.0000,-0.3153,-0.2157
3.0000,-0.3158,-0.2168
3.0000,-0.3162,-0.2178
3.0000,-0.3167,-0.2189
3.0000,-0.3172,-0.2200
3.0000,-0.3177,-0.2210
3.0000,-0.3181,-0.2221
3.0000,-0.3186,-0.2232
3.0000,-0.3191,-0.2243
3.0000,-0.3195,-0.2253
3.0000,-0.3200,-0.2264
3.0000,-0.3205,-0.2275
3.0000,-0.3209,-0.2286
3.0000,-0.3214,-0.2297
3.0000,-0.3218,-0.2307
3.0000,-0.3223,-0.2318
3.0000,-0.3227,-0.2329
3.0000,-0.3232,-0.2340
3.0000,-0.3236,-0.2351
3.0000,-0.3240,-0.2362
3.0000,-0.3245,-0.2373
3.0000,-0.3249,-0.2384
3.0000,-0.3253,-0.2395
3.0000,-0.3258,-0.2406
3.0000,-0.3262,-0.2417
3.0000,-0.3266,-0.2428
3.0000,-0.3270,-0.2439
3.0000,-0.3275,-0.2451
3.0000,-0.3279,-0.2462
3.0000,-0.3283,-0.2473
3.0000,-0.3287,-0.2484
3.0000,-0.3291,-0.2495
3.0000,-0.3295,-0.2506
3.0000,-0.3299,-0.2518
3.0000,-0.3303,-0.2529
3.0000,-0.3307,-0.2540
3.0000,-0.3311,-0.2552
3.0000,-0.3315,-0.2563
3.0000,-0.3319,-0.2574
3.0000,-0.3322,-0.2586
3.0000,-0.3326,-0.2597
3.0000,-0.3330,-0.2608
3.0000,-0.3334,-0.2620
3.0000,-0.3338,-0.2631
3.0000,-0.3341,-0.2643
3.0000,-0.3345,-0.2654
3.0000,-0.3349,-0.2666
3.0000,-0.3352,-0.2677
3.0000,-0.3356,-0.2689
3.0000,-0.3359,-0.2700
3.0000,-0.3363,-0.2712
3.0000,-0.3366,-0.2723
3.0000,-0.3370,-0.2735
3.0000,-0.3373,-0.2746
3.0000,-0.3377,-0.2758
3.0000,-0.3380,-0.2770
3.0000,-0.3384,-0.2781
3.0000,-0.3387,-0.2793
3.0000,-0.3390,-0.2805
3.0000,-0.3394,-0.2816
3.0000,-0.3397,-0.2828
3.0000,-0.3400,-0.2840
3.0000,-0.3403,-0.2852
3.0000,-0.3406,-0.2863
3.0000,-0.3410,-0.2875
3.0000,-0.3413,-0.2887
3.0000,-0.3416,-0.2899
3.0000,-0.3419,-0.2911
3.0000,-0.3422,-0.2923
3.0000,-0.3425,-0.2934
3.0000,-0.3428,-0.2946
3.0000,-0.3431,-0.2958
3.0000,-0.3434,-0.2970
3.0000,-0.3437,-0.2982
3.0000,-0.3439,-0.2994
3.0000,-0.3442,-0.3006
3.0000,-0.3445,-0.3018
3.0000,-0.3448,-0.3030
3.0000,-0.3451,-0.3042
3.0000,-0.3453,-0.3054
3.0000,-0.3456,-0.3066
3.0000,-0.3459,-0.3078
3.0000,-0.3461,-0.3090
3.0000,-0.3464,-0.3102
3.0000,-0.3466,-0.3115
3.0000,-0.3469,-0.3127
3.0000,-0.3471,-0.3139
3.0000,-0.3474,-0.3151
3.0000,-0.3476,-0.3163
3.0000,-0.3479,-0.3175
3.0000,-0.3481,-0.3188
3.0000,-0.3483,-0.3200
3.0000,-0.3486,-0.3212
3.0000,-0.3488,-0.3224
3.0000,-0.3490,-0.3237
3.0000,-0.3493,-0.3249
3.0000,-0.3495,-0.3261
3.0000,-0.3497,-0.3273
3.0000,-0.3499,-0.3286
3.0000,-0.3501,-0.3298
3.0000,-0.3503,-0.3311
3.0000,-0.3505,-0.3323
3.0000,-0.3507,-0.3335
3.0000,-0.3509,-0.3348
3.0000,-0.3511,-0.3360
3.0000,-0.3513,-0.3373
3.0000,-0.3515,-0.3385
3.0000,-0.3517,-0.3397
3.0000,-0.3519,-0.3410
3.0000,-0.3521,-0.3422
3.0000,-0.3522,-0.3435
3.0000,-0.3524,-0.3447
3.0000,-0.3526,-0.3460
3.0000,-0.3528,-0.3473
3.0000,-0.3529,-0.3485
3.0000,-0.3531,-0.3498
3.0000,-0.3532,-0.3510
3.0000,-0.3534,-0.3523
3.0000,-0.3536,-0.3536
3.0000,-0.3537,-0.3548
3.0000,-0.3539,-0.3561
3.0000,-0.3540,-0.3573
3.0000,-0.3541,-0.3586
3.0000,-0.3543,-0.3599
3.0000,-0.3544,-0.3612
3.0000,-0.3545,-0.3624
3.0000,-0.3547,-0.3637
3.0000,-0.3548,-0.3650
3.0000,-0.3549,-0.3662
3.0000,-0.3550,-0.3675
3.0000,-0.3552,-0.3688
3.0000,-0.3553,-0.3701
3.0000,-0.3554,-0.3714
3.0000,-0.3555,-0.3726
3.0000,-0.3556,-0.3739
3.0000,-0.3557,-0.3752
3.0000,-0.3558,-0.3765
3.0000,-0.3559,-0.3778
3.0000,-0.3560,-0.3791
3.0000,-0.3561,-0.3804
3.0000,-0.3561,-0.3816
3.0000,-0.3562,-0.3829
3.0000,-0.3563,-0.3842
3.0000,-0.3564,-0.3855
3.0000,-0.3564,-0.3868
3.0000,-0.3565,-0.3881
3.0000,-0.3566,-0.3894
3.0000,-0.3566,-0.3907
3.0000,-0.3567,-0.3920
3.0000,-0.3568,-0.3933
3.0000,-0.3568,-0.3946
3.0000,-0.3569,-0.3959
3.0000,-0.3569,-0.3972
3.0000,-0.3569,-0.3985
3.0000,-0.3570,-0.3998
3.0000,-0.3570,-0.4011
3.0000,-0.3571,-0.4024
3.0000,-0.3571,-0.4037
3.0000,-0.3571,-0.4051
3.0000,-0.3571,-0.4064
3.0000,-0.3572,-0.4077
3.0000,-0.3572,-0.4090
3.0000,-0.3572,-0.4103
3.0000,-0.3572,-0.4116
3.0000,-0.3572,-0.4129
3.0000,-0.3572,-0.4143
3.0000,-0.3572,-0.4156
3.0000,-0.3572,-0.4169
3.0000,-0.3572,-0.4182
3.0000,-0.3572,-0.4195
3.0000,-0.3572,-0.4209
3.0000,-0.3572,-0.4222
3.0000,-0.3571,-0.4235
3.0000,-0.3571,-0.4248
3.0000,-0.3571,-0.4262
3.0000,-0.3571,-0.4275
3.0000,-0.3570,-0.4288
3.0000,-0.3570,-0.4302
3.0000,-0.3570,-0.4315
3.0000,-0.3569,-0.4328
3.0000,-0.3569,-0.4342
3.0000,-0.3568,-0.4355
3.0000,-0.3568,-0.4368
3.0000,-0.3567,-0.4382
3.0000,-0.3567,-0.4395
3.0000,-0.3566,-0.4408
3.0000,-0.3565,-0.4422
3.0000,-0.3565,-0.4435
3.0000,-0.3564,-0.4448
3.0000,-0.3563,-0.4462
3.0000,-0.3562,-0.4475
3.0000,-0.3562,-0.4489
3.0000,-0.3561,-0.4502
3.0000,-0.3560,-0.4516
3.0000,-0.3559,-0.4529
3.0000,-0.3558,-0.4542
3.0000,-0.3557,-0.4556
3.0000,-0.3556,-0.4569
3.0000,-0.3555,-0.4583
3.0000,-0.3554,-0.4596
3.0000,-0.3553,-0.4610
3.0000,-0.3552,-0.4623
3.0000,-0.3550,-0.4637
3.0000,-0.3549,-0.4650
3.0000,-0.3548,-0.4664
3.0000,-0.3547,-0.4677
3.0000,-0.3545,-0.4691
3.0000,-0.3544,-0.4705
3.0000,-0.3542,-0.4718
3.0000,-0.3541,-0.4732
3.0000,-0.3540,-0.4745
3.0000,-0.3538,-0.4759
3.0000,-0.3537,-0.4772
3.0000,-0.3535,-0.4786
3.0000,-0.3533,-0.4800
3.0000,-0.3532,-0.4813
3.0000,-0.3530,-0.4827
3.0000,-0.3528,-0.4840
3.0000,-0.3527,-0.4854
3.0000,-0.3525,-0.4868
3.0000,-0.3523,-0.4881
3.0000,-0.3521,-0.4895
3.0000,-0.3519,-0.4909
3.0000,-0.3518,-0.4922
3.0000,-0.3516,-0.4936
3.0000,-0.3514,-0.4950
3.0000,-0.3512,-0.4963
3.0000,-0.3510,-0.4977
3.0000,-0.3508,-0.4991
3.0000,-0.3505,-0.5004
3.0000,-0.3503,-0.5018
3.0000,-0.3501,-0.5032
3.0000,-0.3499,-0.5046
3.0000,-0.3497,-0.5059
3.0000,-0.3494,-0.5073
3.0000,-0.3492,-0.5087
3.0000,-0.3490,-0.5100
3.0000,-0.3487,-0.5114
3.0000,-0.3485,-0.5128
3.0000,-0.3482,-0.5142
3.0000,-0.3480,-0.5155
3.0000,-0.3477,-0.5169
3.0000,-0.3475,-0.5183
3.0000,-0.3472,-0.5197
3.0000,-0.3470,-0.5210
3.0000,-0.3467,-0.5224
3.0000,-0.3464,-0.5238
3.0000,-0.3462,-0.5252
3.0000,-0.3459,-0.5266
3.0000,-0.3456,-0.5279
3.0000,-0.3453,-0.5293
3.0000,-0.3450,-0.5307
3.0000,-0.3447,-0.5321
3.0000,-0.3445,-0.5335
3.0000,-0.3442,-0.5348
3.0000,-0.3439,-0.5362
3.0000,-0.3435,-0.5376
3.0000,-0.3432,-0.5390
3.0000,-0.3429,-0.5404
3.0000,-0.3426,-0.5418
3.0000,-0.3423,-0.5431
3.0000,-0.3420,-0.5445
3.0000,-0.3416,-0.5459
3.0000,-0.3413,-0.5473
3.0000,-0.3410,-0.5487
3.0000,-0.3407,-0.5501
3.0000,-0.3403,-0.5514
3.0000,-0.3400,-0.5528
3.0000,-0.3396,-0.5542
3.0000,-0.3393,-0.5556
3.0000,-0.3389,-0.5570
3.0000,-0.3386,-0.5584
3.0000,-0.3382,-0.5598
3.0000,-0.3378,-0.5611
3.0000,-0.3375,-0.5625
3.0000,-0.3371,-0.5639
3.0000,-0.3367,-0.5653
3.0000,-0.3363,-0.5667
3.0000,-0.3360,-0.5681
3.0000,-0.3356,-0.5695
3.0000,-0.3352,-0.5709
3.0000,-0.3348,-0.5723
3.0000,-0.3344,-0.5736
3.0000,-0.3340,-0.5750
3.0000,-0.3336,-0.5764
3.0000,-0.3332,-0.5778
3.0000,-0.3328,-0.5792
3.0000,-0.3324,-0.5806
3.0000,-0.3320,-0.5820
3.0000,-0.3315,-0.5834
3.0000,-0.3311,-0.5848
3.0000,-0.3307,-0.5862
3.0000,-0.3303,-0.5875
3.0000,-0.3298,-0.5889
3.0000,-0.3294,-0.5903
3.0000,-0.3289,-0.5917
3.0000,-0.3285,-0.5931
3.0000,-0.3280,-0.5945
3.0000,-0.3276,-0.5959
3.0000,-0.3271,-0.5973
3.0000,-0.3267,-0.5987
3.0000,-0.3262,-0.6001
3.0000,-0.3257,-0.6015
3.0000,-0.3253,-0.6028
3.0000,-0.3248,-0.6042
3.0000,-0.3243,-0.6056
3.0000,-0.3238,-0.6070
3.0000,-0.3234,-0.6084
3.0000,-0.3229,-0.6098
3.0000,-0.3224,-0.6112
3.0000,-0.3219,-0.6126
3.0000,-0.3214,-0.6140
3.0000,-0.3209,-0.6154
3.0000,-0.3204,-0.6168
3.0000,-0.3199,-0.6181
3.0000,-0.3194,-0.6195
3.0000,-0.3188,-0.6209
3.0000,-0.3183,-0.6223
3.0000,-0.3178,-0.6237
3.0000,-0.3173,-0.6251
3.0000,-0.3167,-0.6265
3.0000,-0.3162,-0.6279
3.0000,-0.3157,-0.6293
3.0000,-0.3151,-0.6307
3.0000,-0.3146,-0.6320
3.0000,-0.3140,-0.6334
3.0000,-0.3135,-0.6348
3.0000,-0.3129,-0.6362
3.0000,-0.3124,-0.6376
3.0000,-0.3118,-0.6390
3.0000,-0.3112,-0.6404
3.0000,-0.3107,-0.6418
3.0000,-0.3101,-0.6432
3.0000,-0.3095,-0.6445
3.0000,-0.3089,-0.6459
3.0000,-0.3083,-0.6473
3.0000,-0.3077,-0.6487
3.0000,-0.3072,-0.6501
3.0000,-0.3066,-0.6515
3.0000,-0.3060,-0.6529
3.0000,-0.3054,-0.6542
3.0000,-0.3048,-0.6556
3.0000,-0.3041,-0.6570
3.0000,-0.3035,-0.6584
3.0000,-0.3029,-0.6598
3.0000,-0.3023,-0.6612
3.0000,-0.3017,-0.6626
3.0000,-0.3010,-0.6639
3.0000,-0.3004,-0.6653
3.0000,-0.2998,-0.6667
3.0000,-0.2991,-0.6681
3.0000,-0.2985,-0.6695
3.0000,-0.2978,-0.6709
3.0000,-0.2972,-0.6722
3.0000,-0.2965,-0.6736
3.0000,-0.2959,-0.6750
3.0000,-0.2952,-0.6764
3.0000,-0.2946,-0.6778
3.0000,-0.2939,-0.6791
3.0000,-0.2932,-0.6805
3.0000,-0.2925,-0.6819
3.0000,-0.2919,-0.6833
3.0000,-0.2912,-0.6847
3.0000,-0.2905,-0.6860
3.0000,-0.2898,-0.6874
3.0000,-0.2891,-0.6888
3.0000,-0.2884,-0.6902
3.0000,-0.2877,-0.6915
3.0000,-0.2870,-0.6929
3.0000,-0.2863,-0.6943
3.0000,-0.2856,-0.6957
3.0000,-0.2849,-0.6970
3.0000,-0.2842,-0.6984
3.0000,-0.2834,-0.6998
3.0000,-0.2827,-0.7011
3.0000,-0.2820,-0.7025
3.0000,-0.2813,-0.7039
3.0000,-0.2805,-0.7053
3.0000,-0.2798,-0.7066
3.0000,-0.2790,-0.7080
3.0000,-0.2783,-0.7094
3.0000,-0.2775,-0.7107
3.0000,-0.2768,-0.7121
3.0000,-0.2760,-0.7135
3.0000,-0.2753,-0.7148
3.0000,-0.2745,-0.7162
3.0000,-0.2737,-0.7176
3.0000,-0.2730,-0.7189
3.0000,-0.2722,-0.7203
3.0000,-0.2714,-0.7217
3.0000,-0.2706,-0.7230
3.0000,-0.2698,-0.7244
3.0000,-0.2690,-0.7257
3.0000,-0.2682,-0.7271
3.0000,-0.2674,-0.7285
3.0000,-0.2666,-0.7298
3.0000,-0.2658,-0.7312
3.0000,-0.2650,-0.7325
3.0000,-0.2642,-0.7339
3.0000,-0.2634,-0.7352
3.0000,-0.2626,-0.7366
3.0000,-0.2618,-0.7380
3.0000,-0.2609,-0.7393
3.0000,-0.2601,-0.7407
3.0000,-0.2593,-0.7420
3.0000,-0.2584,-0.7434
3.0000,-0.2576,-0.7447
3.0000,-0.2567,-0.7461
3.0000,-0.2559,-0.7474
3.0000,-0.2550,-0.7488
3.0000,-0.2542,-0.7501
3.0000,-0.2533,-0.7514
3.0000,-0.2525,-0.7528
3.0000,-0.2516,-0.7541
3.0000,-0.2507,-0.7555
3.0000,-0.2499,-0.7568
3.0000,-0.2490,-0.7582
3.0000,-0.2481,-0.7595
3.0000,-0.2472,-0.7608
3.0000,-0.2463,-0.7622
3.0000,-0.2454,-0.7635
3.0000,-0.2445,-0.7649
3.0000,-0.2436,-0.7662
3.0000,-0.2427,-0.7675
3.0000,-0.2418,-0.7689
3.0000,-0.2409,-0.7702
3.0000,-0.2400,-0.7715
3.0000,-0.2391,-0.7729
3.0000,-0.2382,-0.7742
3.0000,-0.2372,-0.7755
3.0000,-0.2363,-0.7769
3.0000,-0.2354,-0.7782
3.0000,-0.2345,-0.7795
3.0000,-0.2335,-0.7808
3.0000,-0.2326,-0.7822
3.0000,-0.2316,-0.7835
3.0000,-0.2307,-0.7848
3.0000,-0.2297,-0.7861
3.0000,-0.2288,-0.7874
3.0000,-0.2278,-0.7888
3.0000,-0.2268,-0.7901
3.0000,-0.2259,-0.7914
3.0000,-0.2249,-0.7927
3.0000,-0.2239,-0.7940
3.0000,-0.2230,-0.7953
3.0000,-0.2220,-0.7967
3.0000,-0.2210,-0.7980
3.0000,-0.2200,-0.7993
3.0000,-0.2190,-0.8006
3.0000,-0.2180,-0.8019
3.0000,-0.2170,-0.8032
3.0000,-0.2160,-0.8045
3.0000,-0.2150,-0.8058
3.0000,-0.2140,-0.8071
3.0000,-0.2130,-0.8084
3.0000,-0.2120,-0.8097
3.0000,-0.2110,-0.8110
3.0000,-0.2099,-0.8123
3.0000,-0.2089,-0.8136
3.0000,-0.2079,-0.8149
3.0000,-0.2068,-0.8162
3.0000,-0.2058,-0.8175
3.0000,-0.2048,-0.8188
3.0000,-0.2037,-0.8201
3.0000,-0.2027,-0.8214
3.0000,-0.2016,-0.8227
3.0000,-0.2006,-0.8239
3.0000,-0.1995,-0.8252
3.0000,-0.1984,-0.8265
3.0000,-0.1974,-0.8278
3.0000,-0.1963,-0.8291
3.0000,-0.1952,-0.8304
3.0000,-0.1941,-0.8316
3.0000,-0.1931,-0.8329
3.0000,-0.1920,-0.8342
3.0000,-0.1909,-0.8355
3.0000,-0.1898,-0.8367
3.0000,-0.1887,-0.8380
3.0000,-0.1876,-0.8393
3.0000,-0.1865,-0.8406
3.0000,-0.1854,-0.8418
3.0000,-0.1843,-0.8431
3.0000,-0.1832,-0.8444
3.0000,-0.1821,-0.8456
3.0000,-0.1809,-0.8469
3.0000,-0.1798,-0.8481
3.0000,-0.1787,-0.8494
3.0000,-0.1776,-0.8507
3.0000,-0.1764,-0.8519
3.0000,-0.1753,-0.8532
3.0000,-0.1741,-0.8544
3.0000,-0.1730,-0.8557
3.0000,-0.1719,-0.8569
3.0000,-0.1707,-0.8582
3.0000,-0.1695,-0.8594
3.0000,-0.1684,-0.8607
3.0000,-0.1672,-0.8619
3.0000,-0.1661,-0.8632
3.0000,-0.1649,-0.8644
3.0000,-0.1637,-0.8657
3.0000,-0.1625,-0.8669
3.0000,-0.1614,-0.8681
3.0000,-0.1602,-0.8694
3.0000,-0.1590,-0.8706
3.0000,-0.1578,-0.8718
3.0000,-0.1566,-0.8731
3.0000,-0.1554,-0.8743
3.0000,-0.1542,-0.8755
3.0000,-0.1530,-0.8767
3.0000,-0.1518,-0.8780
3.0000,-0.1506,-0.8792
3.0000,-0.1494,-0.8804
3.0000,-0.1482,-0.8816
3.0000,-0.1469,-0.8829
3.0000,-0.1457,-0.8841
3.0000,-0.1445,-0.8853
3.0000,-0.1433,-0.8865
3.0000,-0.1420,-0.8877
3.0000,-0.1408,-0.8889
3.0000,-0.1395,-0.8901
3.0000,-0.1383,-0.8913
3.0000,-0.1371,-0.8925
3.0000,-0.1358,-0.8937
3.0000,-0.1345,-0.8949
3.0000,-0.1333,-0.8961
3.0000,-0.1320,-0.8973
3.0000,-0.1308,-0.8985
3.0000,-0.1295,-0.8997
3.0000,-0.1282,-0.9009
3.0000,-0.1269,-0.9021
3.0000,-0.1257,-0.9033
3.0000,-0.1244,-0.9045
3.0000,-0.1231,-0.9057
3.0000,-0.1218,-0.9069
3.0000,-0.1205,-0.9080
3.0000,-0.1192,-0.9092
3.0000,-0.1179,-0.9104
3.0000,-0.1166,-0.9116
3.0000,-0.1153,-0.9127
3.0000,-0.1140,-0.9139
3.0000,-0.1127,-0.9151
3.0000,-0.1114,-0.9163
3.0000,-0.1100,-0.9174
3.0000,-0.1087,-0.9186
3.0000,-0.1074,-0.9198
3.0000,-0.1061,-0.9209
3.0000,-0.1047,-0.9221
3.0000,-0.1034,-0.9232
3.0000,-0.1021,-0.9244
3.0000,-0.1007,-0.9255
3.0000,-0.0994,-0.9267
3.0000,-0.0980,-0.9278
3.0000,-0.0967,-0.9290
3.0000,-0.0953,-0.9301
3.0000,-0.0939,-0.9313
3.0000,-0.0926,-0.9324
3.0000,-0.0912,-0.9336
3.0000,-0.0898,-0.9347
3.0000,-0.0885,-0.9358
3.0000,-0.0871,-0.9370
3.0000,-0.0857,-0.9381
3.0000,-0.0843,-0.9392
3.0000,-0.0829,-0.9404
3.0000,-0.0815,-0.9415
3.0000,-0.0801,-0.9426
3.0000,-0.0787,-0.9437
3.0000,-0.0773,-0.9448
3.0000,-0.0759,-0.9460
3.0000,-0.0745,-0.9471
3.0000,-0.0731,-0.9482
3.0000,-0.0717,-0.9493
3.0000,-0.0703,-0.9504
3.0000,-0.0689,-0.9515
3.0000,-0.0674,-0.9526
3.0000,-0.0660,-0.9537
3.0000,-0.0646,-0.9548
3.0000,-0.0632,-0.9559
3.0000,-0.0617,-0.9570
3.0000,-0.0603,-0.9581
3.0000,-0.0588,-0.9592
3.0000,-0.0574,-0.9603
3.0000,-0.0559,-0.9614
3.0000,-0.0545,-0.9625
3.0000,-0.0530,-0.9635
3.0000,-0.0516,-0.9646
3.0000,-0.0501,-0.9657
3.0000,-0.0486,-0.9668
3.0000,-0.0472,-0.9679
3.0000,-0.0457,-0.9689
3.0000,-0.0442,-0.9700
3.0000,-0.0427,-0.9711
3.0000,-0.0413,-0.9721
3.0000,-0.0398,-0.9732
3.0000,-0.0383,-0.9742
3.0000,-0.0368,-0.9753
3.0000,-0.0353,-0.9764
3.0000,-0.0338,-0.9774
3.0000,-0.0323,-0.9785
3.0000,-0.0308,-0.9795
3.0000,-0.0293,-0.9806
3.0000,-0.0278,-0.9816
3.0000,-0.0262,-0.9826
3.0000,-0.0247,-0.9837
3.0000,-0.0232,-0.9847
3.0000,-0.0217,-0.9858
3.0000,-0.0202,-0.9868
3.0000,-0.0186,-0.9878
3.0000,-0.0171,-0.9889
3.0000,-0.0156,-0.9899
3.0000,-0.0140,-0.9909
3.0000,-0.0125,-0.9919
3.0000,-0.0109,-0.9929
3.0000,-0.0094,-0.9940
3.0000,-0.0078,-0.9950
3.0000,-0.0063,-0.9960
3.0000,-0.0047,-0.9970
3.0000,-0.0031,-0.9980
3.0000,-0.0016,-0.9990
3.0000,-0.0000,-1.0000
4.0000,0.0000,-0.0010
4.0000,0.0000,-0.0020
4.0000,0.0000,-0.0030
4.0000,0.0000,-0.0040
4.0000,0.0000,-0.0050
4.0000,0.0001,-0.0060
4.0000,0.0001,-0.0070
4.0000,0.0001,-0.0080
4.0000,0.0001,-0.0090
4.0000,0.0002,-0.0100
4.0000,0.0002,-0.0110
4.0000,0.0002,-0.0120
4.0000,0.0003,-0.0130
4.0000,0.0003,-0.0140
4.0000,0.0004,-0.0150
4.0000,0.0004,-0.0160
4.0000,0.0005,-0.0170
4.0000,0.0005,-0.0180
4.0000,0.0006,-0.0190
4.0000,0.0006,-0.0200
4.0000,0.0007,-0.0210
4.0000,0.0008,-0.0220
4.0000,0.0008,-0.0230
4.0000,0.0009,-0.0240
4.0000,0.0010,-0.0250
4.0000,0.0011,-0.0260
4.0000,0.0011,-0.0270
4.0000,0.0012,-0.0280
4.0000,0.0013,-0.0290
4.0000,0.0014,-0.0300
4.0000,0.0015,-0.0310
4.0000,0.0016,-0.0320
4.0000,0.0017,-0.0330
4.0000,0.0018,-0.0340
4.0000,0.0019,-0.0349
4.0000,0.0020,-0.0359
4.0000,0.0021,-0.0369
4.0000,0.0023,-0.0379
4.0000,0.0024,-0.0389
4.0000,0.0025,-0.0399
4.0000,0.0026,-0.0409
4.0000,0.0028,-0.0419
4.0000,0.0029,-0.0429
4.0000,0.0030,-0.0439
4.0000,0.0032,-0.0449
4.0000,0.0033,-0.0459
4.0000,0.0035,-0.0469
4.0000,0.0036,-0.0479
4.0000,0.0038,-0.0489
4.0000,0.0039,-0.0498
4.0000,0.0041,-0.0508
4.0000,0.0042,-0.0518
4.0000,0.0044,-0.0528
4.0000,0.0046,-0.0538
4.0000,0.0047,-0.0548
4.0000,0.0049,-0.0558
4.0000,0.0051,-0.0568
4.0000,0.0053,-0.0578
4.0000,0.0055,-0.0587
4.0000,0.0056,-0.0597
4.0000,0.0058,-0.0607
4.0000,0.0060,-0.0617
4.0000,0.0062,-0.0627
4.0000,0.0064,-0.0637
4.0000,0.0066,-0.0647
4.0000,0.0068,-0.0656
4.0000,0.0070,-0.0666
4.0000,0.0072,-0.0676
4.0000,0.0075,-0.0686
4.0000,0.0077,-0.0696
4.0000,0.0079,-0.0706
4.0000,0.0081,-0.0715
4.0000,0.0084,-0.0725
4.0000,0.0086,-0.0735
4.0000,0.0088,-0.0745
4.0000,0.0091,-0.0755
4.0000,0.0093,-0.0764
4.0000,0.0095,-0.0774
4.0000,0.0098,-0.0784
4.0000,0.0100,-0.0794
4.0000,0.0103,-0.0803
4.0000,0.0105,-0.0813
4.0000,0.0108,-0.0823
4.0000,0.0111,-0.0833
4.0000,0.0113,-0.0842
4.0000,0.0116,-0.0852
4.0000,0.0119,-0.0862
4.0000,0.0121,-0.0872
4.0000,0.0124,-0.0881
4.0000,0.0127,-0.0891
4.0000,0.0130,-0.0901
4.0000,0.0132,-0.0910
4.0000,0.0135,-0.0920
4.0000,0.0138,-0.0930
4.0000,0.0141,-0.0939
4.0000,0.0144,-0.0949
4.0000,0.0147,-0.0959
4.0000,0.0150,-0.0968
4.0000,0.0153,-0.0978
4.0000,0.0156,-0.0988
4.0000,0.0160,-0.0997
4.0000,0.0163,-0.1007
4.0000,0.0166,-0.1017
4.0000,0.0169,-0.1026
4.0000,0.0172,-0.1036
4.0000,0.0176,-0.1045
4.0000,0.0179,-0.1055
4.0000,0.0182,-0.1064
4.0000,0.0186,-0.1074
4.0000,0.0189,-0.1084
4.0000,0.0193,-0.1093
4.0000,0.0196,-0.1103
4.0000,0.0200,-0.1112
4.0000,0.0203,-0.1122
4.0000,0.0207,-0.1131
4.0000,0.0210,-0.1141
4.0000,0.0214,-0.1150
4.0000,0.0217,-0.1160
4.0000,0.0221,-0.1169
4.0000,0.0225,-0.1179
4.0000,0.0229,-0.1188
4.0000,0.0232,-0.1198
4.0000,0.0236,-0.1207
4.0000,0.0240,-0.1217
4.0000,0.0244,-0.1226
4.0000,0.0248,-0.1235
4.0000,0.0252,-0.1245
4.0000,0.0256,-0.1254
4.0000,0.0260,-0.1264
4.0000,0.0264,-0.1273
4.0000,0.0268,-0.1282
4.0000,0.0272,-0.1292
4.0000,0.0276,-0.1301
4.0000,0.0280,-0.1310
4.0000,0.0284,-0.1320
4.0000,0.0288,-0.1329
4.0000,0.0293,-0.1338
4.0000,0.0297,-0.1348
4.0000,0.0301,-0.1357
4.0000,0.0305,-0.1366
4.0000,0.0310,-0.1376
4.0000,0.0314,-0.1385
4.0000,0.0319,-0.1394
4.0000,0.0323,-0.1403
4.0000,0.0327,-0.1413
4.0000,0.0332,-0.1422
4.0000,0.0336,-0.1431
4.0000,0.0341,-0.1440
4.0000,0.0346,-0.1449
4.0000,0.0350,-0.1459
4.0000,0.0355,-0.1468
4.0000,0.0359,-0.1477
4.0000,0.0364,-0.1486
4.0000,0.0369,-0.1495
4.0000,0.0374,-0.1504
4.0000,0.0378,-0.1513
4.0000,0.0383,-0.1522
4.0000,0.0388,-0.1532
4.0000,0.0393,-0.1541
4.0000,0.0398,-0.1550
4.0000,0.0403,-0.1559
4.0000,0.0408,-0.1568
4.0000,0.0413,-0.1577
4.0000,0.0418,-0.1586
4.0000,0.0423,-0.1595
4.0000,0.0428,-0.1604
4.0000,0.0433,-0.1613
4.0000,0.0438,-0.1622
4.0000,0.0443,-0.1631
4.0000,0.0449,-0.1640
4.0000,0.0454,-0.1649
4.0000,0.0459,-0.1658
4.0000,0.0464,-0.1667
4.0000,0.0470,-0.1675
4.0000,0.0475,-0.1684
4.0000,0.0480,-0.1693
4.0000,0.0486,-0.1702
4.0000,0.0491,-0.1711
4.0000,0.0497,-0.1720
4.0000,0.0502,-0.1729
4.0000,0.0508,-0.1737
4.0000,0.0513,-0.1746
4.0000,0.0519,-0.1755
4.0000,0.0524,-0.1764
4.0000,0.0530,-0.1772
4.0000,0.0536,-0.1781
4.0000,0.0541,-0.1790
4.0000,0.0547,-0.1799
4.0000,0.0553,-0.1807
4.0000,0.0559,-0.1816
4.0000,0.0564,-0.1825
4.0000,0.0570,-0.1833
4.0000,0.0576,-0.1842
4.0000,0.0582,-0.1851
4.0000,0.0588,-0.1859
4.0000,0.0594,-0.1868
4.0000,0.0600,-0.1876
4.0000,0.0606,-0.1885
4.0000,0.0612,-0.1894
4.0000,0.0618,-0.1902
4.0000,0.0624,-0.1911
4.0000,0.0630,-0.1919
4.0000,0.0636,-0.1928
4.0000,0.0643,-0.1936
4.0000,0.0649,-0.1945
4.0000,0.0655,-0.1953
4.0000,0.0661,-0.1962
4.0000,0.0668,-0.1970
4.0000,0.0674,-0.1978
4.0000,0.0680,-0.1987
4.0000,0.0687,-0.1995
4.0000,0.0693,-0.2004
4.0000,0.0699,-0.2012
4.0000,0.0706,-0.2020
4.0000,0.0712,-0.2029
4.0000,0.0719,-0.2037
4.0000,0.0725,-0.2045
4.0000,0.0732,-0.2053
4.0000,0.0739,-0.2062
4.0000,0.0745,-0.2070
4.0000,0.0752,-0.2078
4.0000,0.0759,-0.2086
4.0000,0.0765,-0.2095
4.0000,0.0772,-0.2103
4.0000,0.0779,-0.2111
4.0000,0.0786,-0.2119
4.0000,0.0792,-0.2127
4.0000,0.0799,-0.2135
4.0000,0.0806,-0.2143
4.0000,0.0813,-0.2152
4.0000,0.0820,-0.2160
4.0000,0.0827,-0.2168
4.0000,0.0834,-0.2176
4.0000,0.0841,-0.2184
4.0000,0.0848,-0.2192
4.0000,0.0855,-0.2200
4.0000,0.0862,-0.2208
4.0000,0.0869,-0.2216
4.0000,0.0876,-0.2224
4.0000,0.0883,-0.2231
4.0000,0.0891,-0.2239
4.0000,0.0898,-0.2247
4.0000,0.0905,-0.2255
4.0000,0.0912,-0.2263
4.0000,0.0920,-0.2271
4.0000,0.0927,-0.2279
4.0000,0.0934,-0.2286
4.0000,0.0942,-0.2294
4.0000,0.0949,-0.2302
4.0000,0.0957,-0.2310
4.0000,0.0964,-0.2317
4.0000,0.0972,-0.2325
4.0000,0.0979,-0.2333
4.0000,0.0987,-0.2341
4.0000,0.0994,-0.2348
4.0000,0.1002,-0.2356
4.0000,0.1010,-0.2363
4.0000,0.1017,-0.2371
4.0000,0.1025,-0.2379
4.0000,0.1033,-0.2386
4.0000,0.1040,-0.2394
4.0000,0.1048,-0.2401
4.0000,0.1056,-0.2409
4.0000,0.1064,-0.2416
4.0000,0.1072,-0.2424
4.0000,0.1079,-0.2431
4.0000,0.1087,-0.2439
4.0000,0.1095,-0.2446
4.0000,0.1103,-0.2453
4.0000,0.1111,-0.2461
4.0000,0.1119,-0.2468
4.0000,0.1127,-0.2475
4.0000,0.1135,-0.2483
4.0000,0.1143,-0.2490
4.0000,0.1151,-0.2497
4.0000,0.1159,-0.2505
4.0000,0.1168,-0.2512
4.0000,0.1176,-0.2519
4.0000,0.1184,-0.2526
4.0000,0.1192,-0.2534
4.0000,0.1200,-0.2541
4.0000,0.1209,-0.2548
4.0000,0.1217,-0.2555
4.0000,0.1225,-0.2562
4.0000,0.1234,-0.2569
4.0000,0.1242,-0.2576
4.0000,0.1250,-0.2583
4.0000,0.1259,-0.2590
4.0000,0.1267,-0.2597
4.0000,0.1276,-0.2604
4.0000,0.1284,-0.2611
4.0000,0.1293,-0.2618
4.0000,0.1301,-0.2625
4.0000,0.1310,-0.2632
4.0000,0.1319,-0.2639
4.0000,0.1327,-0.2646
4.0000,0.1336,-0.2653
4.0000,0.1345,-0.2659
4.0000,0.1353,-0.2666
4.0000,0.1362,-0.2673
4.0000,0.1371,-0.2680
4.0000,0.1379,-0.2687
4.0000,0.1388,-0.2693
4.0000,0.1397,-0.2700
4.0000,0.1406,-0.2707
4.0000,0.1415,-0.2713
4.0000,0.1424,-0.2720
4.0000,0.1433,-0.2727
4.0000,0.1442,-0.2733
4.0000,0.1451,-0.2740
4.0000,0.1460,-0.2746
4.0000,0.1469,-0.2753
4.0000,0.1478,-0.2759
4.0000,0.1487,-0.2766
4.0000,0.1496,-0.2772
4.0000,0.1505,-0.2779
4.0000,0.1514,-0.2785
4.0000,0.1523,-0.2791
4.0000,0.1532,-0.2798
4.0000,0.1542,-0.2804
4.0000,0.1551,-0.2811
4.0000,0.1560,-0.2817
4.0000,0.1569,-0.2823
4.0000,0.1579,-0.2829
4.0000,0.1588,-0.2836
4.0000,0.1597,-0.2842
4.0000,0.1607,-0.2848
4.0000,0.1616,-0.2854
4.0000,0.1626,-0.2860
4.0000,0.1635,-0.2866
4.0000,0.1644,-0.2873
4.0000,0.1654,-0.2879
4.0000,0.1663,-0.2885
4.0000,0.1673,-0.2891
4.0000,0.1683,-0.2897
4.0000,0.1692,-0.2903
4.0000,0.1702,-0.2909
4.0000,0.1711,-0.2915
4.0000,0.1721,-0.2921
4.0000,0.1731,-0.2927
4.0000,0.1740,-0.2932
4.0000,0.1750,-0.2938
4.0000,0.1760,-0.2944
4.0000,0.1770,-0.2950
4.0000,0.1779,-0.2956
4.0000,0.1789,-0.2961
4.0000,0.1799,-0.2967
4.0000,0.1809,-0.2973
4.0000,0.1819,-0.2979
4.0000,0.1829,-0.2984
4.0000,0.1839,-0.2990
4.0000,0.1849,-0.2996
4.0000,0.1859,-0.3001
4.0000,0.1869,-0.3007
4.0000,0.1879,-0.3012
4.0000,0.1889,-0.3018
4.0000,0.1899,-0.3023
4.0000,0.1909,-0.3029
4.0000,0.1919,-0.3034
4.0000,0.1929,-0.3040
4.0000,0.1939,-0.3045
4.0000,0.1949,-0.3050
4.0000,0.1959,-0.3056
4.0000,0.1970,-0.3061
4.0000,0.1980,-0.3066
4.0000,0.1990,-0.3072
4.0000,0.2000,-0.3077
4.0000,0.2011,-0.3082
4.0000,0.2021,-0.3087
4.0000,0.2031,-0.3092
4.0000,0.2042,-0.3098
4.0000,0.2052,-0.3103
4.0000,0.2063,-0.3108
4.0000,0.2073,-0.3113
4.0000,0.2083,-0.3118
4.0000,0.2094,-0.3123
4.0000,0.2104,-0.3128
4.0000,0.2115,-0.3133
4.0000,0.2125,-0.3138
4.0000,0.2136,-0.3143
4.0000,0.2146,-0.3148
4.0000,0.2157,-0.3153
4.0000,0.2168,-0.3158
4.0000,0.2178,-0.3162
4.0000,0.2189,-0.3167
4.0000,0.2200,-0.3172
4.0000,0.2210,-0.3177
4.0000,0.2221,-0.3181
4.0000,0.2232,-0.3186
4.0000,0.2243,-0.3191
4.0000,0.2253,-0.3195
4.0000,0.2264,-0.3200
4.0000,0.2275,-0.3205
4.0000,0.2286,-0.3209
4.0000,0.2297,-0.3214
4.0000,0.2307,-0.3218
4.0000,0.2318,-0.3223
4.0000,0.2329,-0.3227
4.0000,0.2340,-0.3232
4.0000,0.2351,-0.3236
4.0000,0.2362,-0.3240
4.0000,0.2373,-0.3245
4.0000,0.2384,-0.3249
4.0000,0.2395,-0.3253
4.0000,0.2406,-0.3258
4.0000,0.2417,-0.3262
4.0000,0.2428,-0.3266
4.0000,0.2439,-0.3270
4.0000,0.2451,-0.3275
4.0000,0.2462,-0.3279
4.0000,0.2473,-0.3283
4.0000,0.2484,-0.3287
4.0000,0.2495,-0.3291
4.0000,0.2506,-0.3295
4.0000,0.2518,-0.3299
4.0000,0.2529,-0.3303
4.0000,0.2540,-0.3307
4.0000,0.2552,-0.3311
4.0000,0.2563,-0.3315
4.0000,0.2574,-0.3319
4.0000,0.2586,-0.3322
4.0000,0.2597,-0.3326
4.0000,0.2608,-0.3330
4.0000,0.2620,-0.3334
4.0000,0.2631,-0.3338
4.0000,0.2643,-0.3341
4.0000,0.2654,-0.3345
4.0000,0.2666,-0.3349
4.0000,0.2677,-0.3352
4.0000,0.2689,-0.3356
4.0000,0.2700,-0.3359
4.0000,0.2712,-0.3363
4.0000,0.2723,-0.3366
4.0000,0.2735,-0.3370
4.0000,0.2746,-0.3373
4.0000,0.2758,-0.3377
4.0000,0.2770,-0.3380
4.0000,0.2781,-0.3384
4.0000,0.2793,-0.3387
4.0000,0.2805,-0.3390
4.0000,0.2816,-0.3394
4.0000,0.2828,-0.3397
4.0000,0.2840,-0.3400
4.0000,0.2852,-0.3403
4.0000,0.2863,-0.3406
4.0000,0.2875,-0.3410
4.0000,0.2887,-0.3413
4.0000,0.2899,-0.3416
4.0000,0.2911,-0.3419
4.0000,0.2923,-0.3422
4.0000,0.2934,-0.3425
4.0000,0.2946,-0.3428
4.0000,0.2958,-0.3431
4.0000,0.2970,-0.3434
4.0000,0.2982,-0.3437
4.0000,0.2994,-0.3439
4.0000,0.3006,-0.3442
4.0000,0.3018,-0.3445
4.0000,0.3030,-0.3448
4.0000,0.3042,-0.3451
4.0000,0.3054,-0.3453
4.0000,0.3066,-0.3456
4.0000,0.3078,-0.3459
4.0000,0.3090,-0.3461
4.0000,0.3102,-0.3464
4.0000,0.3115,-0.3466
4.0000,0.3127,-0.3469
4.0000,0.3139,-0.3471
4.0000,0.3151,-0.3474
4.0000,0.3163,-0.3476
4.0000,0.3175,-0.3479
4.0000,0.3188,-0.3481
4.0000,0.3200,-0.3483
4.0000,0.3212,-0.3486
4.0000,0.3224,-0.3488
4.0000,0.3237,-0.3490
4.0000,0.3249,-0.3493
4.0000,0.3261,-0.3495
4.0000,0.3273,-0.3497
4.0000,0.3286,-0.3499
4.0000,0.3298,-0.3501
4.0000,0.3311,-0.3503
4.0000,0.3323,-0.3505
4.0000,0.3335,-0.3507
4.0000,0.3348,-0.3509
4.0000,0.3360,-0.3511
4.0000,0.3373,-0.3513
4.0000,0.3385,-0.3515
4.0000,0.3397,-0.3517
4.0000,0.3410,-0.3519
4.0000,0.3422,-0.3521
4.0000,0.3435,-0.3522
4.0000,0.3447,-0.3524
4.0000,0.3460,-0.3526
4.0000,0.3473,-0.3528
4.0000,0.3485,-0.3529
4.0000,0.3498,-0.3531
4.0000,0.3510,-0.3532
4.0000,0.3523,-0.3534
4.0000,0.3536,-0.3536
4.0000,0.3548,-0.3537
4.0000,0.3561,-0.3539
4.0000,0.3573,-0.3540
4.0000,0.3586,-0.3541
4.0000,0.3599,-0.3543
4.0000,0.3612,-0.3544
4.0000,0.3624,-0.3545
4.0000,0.3637,-0.3547
4.0000,0.3650,-0.3548
4.0000,0.3662,-0.3549
4.0000,0.3675,-0.3550
4.0000,0.3688,-0.3552
4.0000,0.3701,-0.3553
4.0000,0.3714,-0.3554
4.0000,0.3726,-0.3555
4.0000,0.3739,-0.3556
4.0000,0.3752,-0.3557
4.0000,0.3765,-0.3558
4.0000,0.3778,-0.3559
4.0000,0.3791,-0.3560
4.0000,0.3804,-0.3561
4.0000,0.3816,-0.3561
4.0000,0.3829,-0.3562
4.0000,0.3842,-0.3563
4.0000,0.3855,-0.3564
4.0000,0.3868,-0.3564
4.0000,0.3881,-0.3565
4.0000,0.3894,-0.3566
4.0000,0.3907,-0.3566
4.0000,0.3920,-0.3567
4.0000,0.3933,-0.3568
4.0000,0.3946,-0.3568
4.0000,0.3959,-0.3569
4.0000,0.3972,-0.3569
4.0000,0.3985,-0.3569
4.0000,0.3998,-0.3570
4.0000,0.4011,-0.3570
4.0000,0.4024,-0.3571
4.0000,0.4037,-0.3571
4.0000,0.4051,-0.3571
4.0000,0.4064,-0.3571
4.0000,0.4077,-0.3572
4.0000,0.4090,-0.3572
4.0000,0.4103,-0.3572
4.0000,0.4116,-0.3572
4.0000,0.4129,-0.3572
4.0000,0.4143,-0.3572
4.0000,0.4156,-0.3572
4.0000,0.4169,-0.3572
4.0000,0.4182,-0.3572
4.0000,0.4195,-0.3572
4.0000,0.4209,-0.3572
4.0000,0.4222,-0.3572
4.0000,0.4235,-0.3571
4.0000,0.4248,-0.3571
4.0000,0.4262,-0.3571
4.0000,0.4275,-0.3571
4.0000,0.4288,-0.3570
4.0000,0.4302,-0.3570
4.0000,0.4315,-0.3570
4.0000,0.4328,-0.3569
4.0000,0.4342,-0.3569
4.0000,0.4355,-0.3568
4.0000,0.4368,-0.3568
4.0000,0.4382,-0.3567
4.0000,0.4395,-0.3567
4.0000,0.4408,-0.3566
4.0000,0.4422,-0.3565
4.0000,0.4435,-0.3565
4.0000,0.4448,-0.3564
4.0000,0.4462,-0.3563
4.0000,0.4475,-0.3562
4.0000,0.4489,-0.3562
4.0000,0.4502,-0.3561
4.0000,0.4516,-0.3560
4.0000,0.4529,-0.3559
4.0000,0.4542,-0.3558
4.0000,0.4556,-0.3557
4.0000,0.4569,-0.3556
4.0000,0.4583,-0.3555
4.0000,0.4596,-0.3554
4.0000,0.4610,-0.3553
4.0000,0.4623,-0.3552
4.0000,0.4637,-0.3550
4.0000,0.4650,-0.3549
4.0000,0.4664,-0.3548
4.0000,0.4677,-0.3547
4.0000,0.4691,-0.3545
4.0000,0.4705,-0.3544
4.0000,0.4718,-0.3542
4.0000,0.4732,-0.3541
4.0000,0.4745,-0.3540
4.0000,0.4759,-0.3538
4.0000,0.4772,-0.3537
4.0000,0.4786,-0.3535
4.0000,0.4800,-0.3533
4.0000,0.4813,-0.3532
4.0000,0.4827,-0.3530
4.0000,0.4840,-0.3528
4.0000,0.4854,-0.3527
4.0000,0.4868,-0.3525
4.0000,0.4881,-0.3523
4.0000,0.4895,-0.3521
4.0000,0.4909,-0.3519
4.0000,0.4922,-0.3518
4.0000,0.4936,-0.3516
4.0000,0.4950,-0.3514
4.0000,0.4963,-0.3512
4.0000,0.4977,-0.3510
4.0000,0.4991,-0.3508
4.0000,0.5004,-0.3505
4.0000,0.5018,-0.3503
4.0000,0.5032,-0.3501
4.0000,0.5046,-0.3499
4.0000,0.5059,-0.3497
4.0000,0.5073,-0.3494
4.0000,0.5087,-0.3492
4.0000,0.5100,-0.3490
4.0000,0.5114,-0.3487
4.0000,0.5128,-0.3485
4.0000,0.5142,-0.3482
4.0000,0.5155,-0.3480
4.0000,0.5169,-0.3477
4.0000,0.5183,-0.3475
4.0000,0.5197,-0.3472
4.0000,0.5210,-0.3470
4.0000,0.5224,-0.3467
4.0000,0.5238,-0.3464
4.0000,0.5252,-0.3462
4.0000,0.5266,-0.3459
4.0000,0.5279,-0.3456
4.0000,0.5293,-0.3453
4.0000,0.5307,-0.3450
4.0000,0.5321,-0.3447
4.0000,0.5335,-0.3445
4.0000,0.5348,-0.3442
4.0000,0.5362,-0.3439
4.0000,0.5376,-0.3435
4.0000,0.5390,-0.3432
4.0000,0.5404,-0.3429
4.0000,0.5418,-0.3426
4.0000,0.5431,-0.3423
4.0000,0.5445,-0.3420
4.0000,0.5459,-0.3416
4.0000,0.5473,-0.3413
4.0000,0.5487,-0.3410
4.0000,0.5501,-0.3407
4.0000,0.5514,-0.3403
4.0000,0.5528,-0.3400
4.0000,0.5542,-0.3396
4.0000,0.5556,-0.3393
4.0000,0.5570,-0.3389
4.0000,0.5584,-0.3386
4.0000,0.5598,-0.3382
4.0000,0.5611,-0.3378
4.0000,0.5625,-0.3375
4.0000,0.5639,-0.3371
4.0000,0.5653,-0.3367
4.0000,0.5667,-0.3363
4.0000,0.5681,-0.3360
4.0000,0.5695,-0.3356
4.0000,0.5709,-0.3352
4.0000,0.5723,-0.3348
4.0000,0.5736,-0.3344
4.0000,0.5750,-0.3340
4.0000,0.5764,-0.3336
4.0000,0.5778,-0.3332
4.0000,0.5792,-0.3328
4.0000,0.5806,-0.3324
4.0000,0.5820,-0.3320
4.0000,0.5834,-0.3315
4.0000,0.5848,-0.3311
4.0000,0.5862,-0.3307
4.0000,0.5875,-0.3303
4.0000,0.5889,-0.3298
4.0000,0.5903,-0.3294
4.0000,0.5917,-0.3289
4.0000,0.5931,-0.3285
4.0000,0.5945,-0.3280
4.0000,0.5959,-0.3276
4.0000,0.5973,-0.3271
4.0000,0.5987,-0.3267
4.0000,0.6001,-0.3262
4.0000,0.6015,-0.3257
4.0000,0.6028,-0.3253
4.0000,0.6042,-0.3248
4.0000,0.6056,-0.3243
4.0000,0.6070,-0.3238
4.0000,0.6084,-0.3234
4.0000,0.6098,-0.3229
4.0000,0.6112,-0.3224
4.0000,0.6126,-0.3219
4.0000,0.6140,-0.3214
4.0000,0.6154,-0.3209
4.0000,0.6168,-0.3204
4.0000,0.6181,-0.3199
4.0000,0.6195,-0.3194
4.0000,0.6209,-0.3188
4.0000,0.6223,-0.3183
4.0000,0.6237,-0.3178
4.0000,0.6251,-0.3173
4.0000,0.6265,-0.3167
4.0000,0.6279,-0.3162
4.0000,0.6293,-0.3157
4.0000,0.6307,-0.3151
4.0000,0.6320,-0.3146
4.0000,0.6334,-0.3140
4.0000,0.6348,-0.3135
4.0000,0.6362,-0.3129
4.0000,0.6376,-0.3124
4.0000,0.6390,-0.3118
4.0000,0.6404,-0.3112
4.0000,0.6418,-0.3107
4.0000,0.6432,-0.3101
4.0000,0.6445,-0.3095
4.0000,0.6459,-0.3089
4.0000,0.6473,-0.3083
4.0000,0.6487,-0.3077
4.0000,0.6501,-0.3072
4.0000,0.6515,-0.3066
4.0000,0.6529,-0.3060
4.0000,0.6542,-0.3054
4.0000,0.6556,-0.3048
4.0000,0.6570,-0.3041
4.0000,0.6584,-0.3035
4.0000,0.6598,-0.3029
4.0000,0.6612,-0.3023
4.0000,0.6626,-0.3017
4.0000,0.6639,-0.3010
4.0000,0.6653,-0.3004
4.0000,0.6667,-0.2998
4.0000,0.6681,-0.2991
4.0000,0.6695,-0.2985
4.0000,0.6709,-0.2978
4.0000,0.6722,-0.2972
4.0000,0.6736,-0.2965
4.0000,0.6750,-0.2959
4.0000,0.6764,-0.2952
4.0000,0.6778,-0.2946
4.0000,0.6791,-0.2939
4.0000,0.6805,-0.2932
4.0000,0.6819,-0.2925
4.0000,0.6833,-0.2919
4.0000,0.6847,-0.2912
4.0000,0.6860,-0.2905
4.0000,0.6874,-0.2898
4.0000,0.6888,-0.2891
4.0000,0.6902,-0.2884
4.0000,0.6915,-0.2877
4.0000,0.6929,-0.2870
4.0000,0.6943,-0.2863
4.0000,0.6957,-0.2856
4.0000,0.6970,-0.2849
4.0000,0.6984,-0.2842
4.0000,0.6998,-0.2834
4.0000,0.7011,-0.2827
4.0000,0.7025,-0.2820
4.0000,0.7039,-0.2813
4.0000,0.7053,-0.2805
4.0000,0.7066,-0.2798
4.0000,0.7080,-0.2790
4.0000,0.7094,-0.2783
4.0000,0.7107,-0.2775
4.0000,0.7121,-0.2768
4.0000,0.7135,-0.2760
4.0000,0.7148,-0.2753
4.0000,0.7162,-0.2745
4.0000,0.7176,-0.2737
4.0000,0.7189,-0.2730
4.0000,0.7203,-0.2722
4.0000,0.7217,-0.2714
4.0000,0.7230,-0.2706
4.0000,0.7244,-0.2698
4.0000,0.7257,-0.2690
4.0000,0.7271,-0.2682
4.0000,0.7285,-0.2674
4.0000,0.7298,-0.2666
4.0000,0.7312,-0.2658
4.0000,0.7325,-0.2650
4.0000,0.7339,-0.2642
4.0000,0.7352,-0.2634
4.0000,0.7366,-0.2626
4.0000,0.7380,-0.2618
4.0000,0.7393,-0.2609
4.0000,0.7407,-0.2601
4.0000,0.7420,-0.2593
4.0000,0.7434,-0.2584
4.0000,0.7447,-0.2576
4.0000,0.7461,-0.2567
4.0000,0.7474,-0.2559
4.0000,0.7488,-0.2550
4.0000,0.7501,-0.2542
4.0000,0.7514,-0.2533
4.0000,0.7528,-0.2525
4.0000,0.7541,-0.2516
4.0000,0.7555,-0.2507
4.0000,0.7568,-0.2499
4.0000,0.7582,-0.2490
4.0000,0.7595,-0.2481
4.0000,0.7608,-0.2472
4.0000,0.7622,-0.2463
4.0000,0.7635,-0.2454
4.0000,0.7649,-0.2445
4.0000,0.7662,-0.2436
4.0000,0.7675,-0.2427
4.0000,0.7689,-0.2418
4.0000,0.7702,-0.2409
4.0000,0.7715,-0.2400
4.0000,0.7729,-0.2391
4.0000,0.7742,-0.2382
4.0000,0.7755,-0.2372
4.0000,0.7769,-0.2363
4.0000,0.7782,-0.2354
4.0000,0.7795,-0.2345
4.0000,0.7808,-0.2335
4.0000,0.7822,-0.2326
4.0000,0.7835,-0.2316
4.0000,0.7848,-0.2307
4.0000,0.7861,-0.2297
4.0000,0.7874,-0.2288
4.0000,0.7888,-0.2278
4.0000,0.7901,-0.2268
4.0000,0.7914,-0.2259
4.0000,0.7927,-0.2249
4.0000,0.7940,-0.2239
4.0000,0.7953,-0.2230
4.0000,0.7967,-0.2220
4.0000,0.7980,-0.2210
4.0000,0.7993,-0.2200
4.0000,0.8006,-0.2190
4.0000,0.8019,-0.2180
4.0000,0.8032,-0.2170
4.0000,0.8045,-0.2160
4.0000,0.8058,-0.2150
4.0000,0.8071,-0.2140
4.0000,0.8084,-0.2130
4.0000,0.8097,-0.2120
4.0000,0.8110,-0.2110
4.0000,0.8123,-0.2099
4.0000,0.8136,-0.2089
4.0000,0.8149,-0.2079
4.0000,0.8162,-0.2068
4.0000,0.8175,-0.2058
4.0000,0.8188,-0.2048
4.0000,0.8201,-0.2037
4.0000,0.8214,-0.2027
4.0000,0.8227,-0.2016
4.0000,0.8239,-0.2006
4.0000,0.8252,-0.1995
4.0000,0.8265,-0.1984
4.0000,0.8278,-0.1974
4.0000,0.8291,-0.1963
4.0000,0.8304,-0.1952
4.0000,0.8316,-0.1941
4.0000,0.8329,-0.1931
4.0000,0.8342,-0.1920
4.0000,0.8355,-0.1909
4.0000,0.8367,-0.1898
4.0000,0.8380,-0.1887
4.0000,0.8393,-0.1876
4.0000,0.8406,-0.1865
4.0000,0.8418,-0.1854
4.0000,0.8431,-0.1843
4.0000,0.8444,-0.1832
4.0000,0.8456,-0.1821
4.0000,0.8469,-0.1809
4.0000,0.8481,-0.1798
4.0000,0.8494,-0.1787
4.0000,0.8507,-0.1776
4.0000,0.8519,-0.1764
4.0000,0.8532,-0.1753
4.0000,0.8544,-0.1741
4.0000,0.8557,-0.1730
4.0000,0.8569,-0.1719
4.0000,0.8582,-0.1707
4.0000,0.8594,-0.1695
4.0000,0.8607,-0.1684
4.0000,0.8619,-0.1672
4.0000,0.8632,-0.1661
4.0000,0.8644,-0.1649
4.0000,0.8657,-0.1637
4.0000,0.8669,-0.1625
4.0000,0.8681,-0.1614
4.0000,0.8694,-0.1602
4.0000,0.8706,-0.1590
4.0000,0.8718,-0.1578
4.0000,0.8731,-0.1566
4.0000,0.8743,-0.1554
4.0000,0.8755,-0.1542
4.0000,0.8767,-0.1530
4.0000,0.8780,-0.1518
4.0000,0.8792,-0.1506
4.0000,0.8804,-0.1494
4.0000,0.8816,-0.1482
4.0000,0.8829,-0.1469
4.0000,0.8841,-0.1457
4.0000,0.8853,-0.1445
4.0000,0.8865,-0.1433
4.0000,0.8877,-0.1420
4.0000,0.8889,-0.1408
4.0000,0.8901,-0.1395
4.0000,0.8913,-0.1383
4.0000,0.8925,-0.1371
4.0000,0.8937,-0.1358
4.0000,0.8949,-0.1345
4.0000,0.8961,-0.1333
4.0000,0.8973,-0.1320
4.0000,0.8985,-0.1308
4.0000,0.8997,-0.1295
4.0000,0.9009,-0.1282
4.0000,0.9021,-0.1269
4.0000,0.9033,-0.1257
4.0000,0.9045,-0.1244
4.0000,0.9057,-0.1231
4.0000,0.9069,-0.1218
4.0000,0.9080,-0.1205
4.0000,0.9092,-0.1192
4.0000,0.9104,-0.1179
4.0000,0.9116,-0.1166
4.0000,0.9127,-0.1153
4.0000,0.9139,-0.1140
4.0000,0.9151,-0.1127
4.0000,0.9163,-0.1114
4.0000,0.9174,-0.1100
4.0000,0.9186,-0.1087
4.0000,0.9198,-0.1074
4.0000,0.9209,-0.1061
4.0000,0.9221,-0.1047
4.0000,0.9232,-0.1034
4.0000,0.9244,-0.1021
4.0000,0.9255,-0.1007
4.0000,0.9267,-0.0994
4.0000,0.9278,-0.0980
4.0000,0.9290,-0.0967
4.0000,0.9301,-0.0953
4.0000,0.9313,-0.0939
4.0000,0.9324,-0.0926
4.0000,0.9336,-0.0912
4.0000,0.9347,-0.0898
4.0000,0.9358,-0.0885
4.0000,0.9370,-0.0871
4.0000,0.9381,-0.0857
4.0000,0.9392,-0.0843
4.0000,0.9404,-0.0829
4.0000,0.9415,-0.0815
4.0000,0.9426,-0.0801
4.0000,0.9437,-0.0787
4.0000,0.9448,-0.0773
4.0000,0.9460,-0.0759
4.0000,0.9471,-0.0745
4.0000,0.9482,-0.0731
4.0000,0.9493,-0.0717
4.0000,0.9504,-0.0703
4.0000,0.9515,-0.0689
4.0000,0.9526,-0.0674
4.0000,0.9537,-0.0660
4.0000,0.9548,-0.0646
4.0000,0.9559,-0.0632
4.0000,0.9570,-0.0617
4.0000,0.9581,-0.0603
4.0000,0.9592,-0.0588
4.0000,0.9603,-0.0574
4.0000,0.9614,-0.0559
4.0000,0.9625,-0.0545
4.0000,0.9635,-0.0530
4.0000,0.9646,-0.0516
4.0000,0.9657,-0.0501
4.0000,0.9668,-0.0486
4.0000,0.9679,-0.0472
4.0000,0.9689,-0.0457
4.0000,0.9700,-0.0442
4.0000,0.9711,-0.0427
4.0000,0.9721,-0.0413
4.0000,0.9732,-0.0398
4.0000,0.9742,-0.0383
4.0000,0.9753,-0.0368
4.0000,0.9764,-0.0353
4.0000,0.9774,-0.0338
4.0000,0.9785,-0.0323
4.0000,0.9795,-0.0308
4.0000,0.9806,-0.0293
4.0000,0.9816,-0.0278
4.0000,0.9826,-0.0262
4.0000,0.9837,-0.0247
4.0000,0.9847,-0.0232
4.0000,0.9858,-0.0217
4.0000,0.9868,-0.0202
4.0000,0.9878,-0.0186
4.0000,0.9889,-0.0171
4.0000,0.9899,-0.0156
4.0000,0.9909,-0.0140
4.0000,0.9919,-0.0125
4.0000,0.9929,-0.0109
4.0000,0.9940,-0.0094
4.0000,0.9950,-0.0078
4.0000,0.9960,-0.0063
4.0000,0.9970,-0.0047
4.0000,0.9980,-0.0031
4.0000,0.9990,-0.0016
4.0000,1.0000,-0.0000
