1.0000,0.0088,0.0056
1.0000,0.0136,0.0075
1.0000,0.0060,-0.0027
1.0000,0.0089,-0.0020
1.0000,0.0230,0.0102
1.0000,0.0188,0.0044
1.0000,0.0170,0.0014
1.0000,0.0196,0.0032
1.0000,0.0264,0.0096
1.0000,0.0332,0.0163
1.0000,0.0281,0.0116
1.0000,0.0429,0.0271
1.0000,0.0444,0.0298
1.0000,0.0437,0.0307
1.0000,0.0475,0.0365
1.0000,0.0404,0.0317
1.0000,0.0365,0.0307
1.0000,0.0494,0.0467
1.0000,0.0502,0.0512
1.0000,0.0371,0.0420
1.0000,0.0428,0.0521
1.0000,0.0446,0.0586
1.0000,0.0449,0.0641
1.0000,0.0482,0.0729
1.0000,0.0401,0.0706
1.0000,0.0468,0.0834
1.0000,0.0370,0.0802
1.0000,0.0388,0.0887
1.0000,0.0384,0.0953
1.0000,0.0259,0.0901
1.0000,0.0311,0.1029
1.0000,0.0209,0.1004
1.0000,0.0199,0.1073
1.0000,0.0233,0.1189
1.0000,0.0065,0.1103
1.0000,0.0101,0.1224
1.0000,0.0060,0.1268
1.0000,-0.0067,0.1226
1.0000,-0.0067,0.1312
1.0000,-0.0154,0.1312
1.0000,-0.0197,0.1355
1.0000,-0.0329,0.1308
1.0000,-0.0319,0.1404
1.0000,-0.0318,0.1489
1.0000,-0.0535,0.1355
1.0000,-0.0574,0.1398
1.0000,-0.0554,0.1498
1.0000,-0.0629,0.1500
1.0000,-0.0752,0.1452
1.0000,-0.0855,0.1421
1.0000,-0.0846,0.1500
1.0000,-0.1062,0.1350
1.0000,-0.1026,0.1450
1.0000,-0.1074,0.1460
1.0000,-0.1287,0.1302
1.0000,-0.1375,0.1264
1.0000,-0.1306,0.1380
1.0000,-0.1396,0.1331
1.0000,-0.1540,0.1223
1.0000,-0.1631,0.1163
1.0000,-0.1748,0.1071
1.0000,-0.1713,0.1125
1.0000,-0.1898,0.0954
1.0000,-0.1860,0.0999
1.0000,-0.1968,0.0893
1.0000,-0.2051,0.0805
1.0000,-0.2115,0.0729
1.0000,-0.2179,0.0646
1.0000,-0.2208,0.0591
1.0000,-0.2351,0.0417
1.0000,-0.2289,0.0440
1.0000,-0.2418,0.0264
1.0000,-0.2483,0.0145
1.0000,-0.2446,0.0122
1.0000,-0.2571,-0.0071
1.0000,-0.2566,-0.0141
1.0000,-0.2519,-0.0176
1.0000,-0.2547,-0.0293
1.0000,-0.2566,-0.0409
1.0000,-0.2534,-0.0480
1.0000,-0.2619,-0.0676
1.0000,-0.2552,-0.0725
1.0000,-0.2623,-0.0920
1.0000,-0.2563,-0.0991
1.0000,-0.2569,-0.1133
1.0000,-0.2508,-0.1215
1.0000,-0.2465,-0.1320
1.0000,-0.2525,-0.1535
1.0000,-0.2456,-0.1627
1.0000,-0.2428,-0.1764
1.0000,-0.2326,-0.1833
1.0000,-0.2283,-0.1965
1.0000,-0.2205,-0.2067
1.0000,-0.2248,-0.2294
1.0000,-0.2133,-0.2368
1.0000,-0.2104,-0.2530
1.0000,-0.1962,-0.2582
1.0000,-0.1873,-0.2692
1.0000,-0.1846,-0.2864
1.0000,-0.1648,-0.2868
1.0000,-0.1593,-0.3016
1.0000,-0.1514,-0.3143
1.0000,-0.1311,-0.3146
1.0000,-0.1273,-0.3314
1.0000,-0.1077,-0.3324
1.0000,-0.0959,-0.3412
1.0000,-0.0736,-0.3394
1.0000,-0.0694,-0.3555
1.0000,-0.0561,-0.3624
1.0000,-0.0384,-0.3647
1.0000,-0.0195,-0.3655
1.0000,-0.0051,-0.3706
1.0000,0.0099,-0.3745
1.0000,0.0303,-0.3728
1.0000,0.0344,-0.3869
1.0000,0.0548,-0.3842
1.0000,0.0806,-0.3756
1.0000,0.0969,-0.3759
1.0000,0.1052,-0.3835
1.0000,0.1212,-0.3828
1.0000,0.1481,-0.3706
1.0000,0.1590,-0.3735
1.0000,0.1787,-0.3668
1.0000,0.1891,-0.3687
1.0000,0.2032,-0.3660
1.0000,0.2266,-0.3531
1.0000,0.2459,-0.3433
1.0000,0.2653,-0.3325
1.0000,0.2721,-0.3333
1.0000,0.2930,-0.3190
1.0000,0.3066,-0.3109
1.0000,0.3175,-0.3044
1.0000,0.3327,-0.2926
1.0000,0.3501,-0.2774
1.0000,0.3651,-0.2634
1.0000,0.3729,-0.2556
1.0000,0.3872,-0.2400
1.0000,0.4107,-0.2140
1.0000,0.4083,-0.2127
1.0000,0.4251,-0.1910
1.0000,0.4423,-0.1677
1.0000,0.4478,-0.1549
1.0000,0.4637,-0.1304
1.0000,0.4725,-0.1118
1.0000,0.4797,-0.0936
1.0000,0.4842,-0.0768
1.0000,0.4792,-0.0684
1.0000,0.4918,-0.0411
1.0000,0.4946,-0.0224
1.0000,0.4949,-0.0051
1.0000,0.5058,0.0240
1.0000,0.5067,0.0442
1.0000,0.5040,0.0620
1.0000,0.5137,0.0932
1.0000,0.4999,0.1020
1.0000,0.5088,0.1345
1.0000,0.4954,0.1457
1.0000,0.4905,0.1663
1.0000,0.4917,0.1940
1.0000,0.4839,0.2136
1.0000,0.4842,0.2421
1.0000,0.4676,0.2546
1.0000,0.4685,0.2852
1.0000,0.4597,0.3069
1.0000,0.4389,0.3173
1.0000,0.4320,0.3421
1.0000,0.4228,0.3651
1.0000,0.4036,0.3787
1.0000,0.3930,0.4013
1.0000,0.3746,0.4165
1.0000,0.3663,0.4421
1.0000,0.3489,0.4589
1.0000,0.3265,0.4709
1.0000,0.3075,0.4865
1.0000,0.2977,0.5112
1.0000,0.2797,0.5278
1.0000,0.2440,0.5266
1.0000,0.2314,0.5484
1.0000,0.2071,0.5584
1.0000,0.1854,0.5707
1.0000,0.1607,0.5796
1.0000,0.1368,0.5889
1.0000,0.1077,0.5926
1.0000,0.0927,0.6098
1.0000,0.0660,0.6149
1.0000,0.0419,0.6217
1.0000,0.0190,0.6292
1.0000,-0.0183,0.6214
1.0000,-0.0441,0.6243
1.0000,-0.0740,0.6220
1.0000,-0.0978,0.6251
1.0000,-0.1245,0.6240
1.0000,-0.1531,0.6202
1.0000,-0.1770,0.6198
1.0000,-0.1993,0.6198
1.0000,-0.2251,0.6150
1.0000,-0.2525,0.6073
1.0000,-0.2731,0.6051
1.0000,-0.3006,0.5946
1.0000,-0.3405,0.5702
1.0000,-0.3568,0.5679
1.0000,-0.3905,0.5467
1.0000,-0.4116,0.5365
1.0000,-0.4336,0.5238
1.0000,-0.4569,0.5081
1.0000,-0.4777,0.4933
1.0000,-0.4988,0.4765
1.0000,-0.5187,0.4591
1.0000,-0.5443,0.4344
1.0000,-0.5645,0.4133
1.0000,-0.5809,0.3941
1.0000,-0.6070,0.3636
1.0000,-0.6291,0.3351
1.0000,-0.6434,0.3128
1.0000,-0.6619,0.2843
1.0000,-0.6671,0.2674
1.0000,-0.6858,0.2352
1.0000,-0.6884,0.2173
1.0000,-0.7136,0.1750
1.0000,-0.7181,0.1517
1.0000,-0.7198,0.1294
1.0000,-0.7375,0.0894
1.0000,-0.7478,0.0552
1.0000,-0.7436,0.0337
1.0000,-0.7478,0.0022
1.0000,-0.7573,-0.0361
1.0000,-0.7470,-0.0563
1.0000,-0.7588,-0.1000
1.0000,-0.7539,-0.1286
1.0000,-0.7435,-0.1530
1.0000,-0.7533,-0.1990
1.0000,-0.7372,-0.2204
1.0000,-0.7347,-0.2566
1.0000,-0.7249,-0.2868
1.0000,-0.7096,-0.3126
1.0000,-0.7025,-0.3476
1.0000,-0.6844,-0.3727
1.0000,-0.6820,-0.4144
1.0000,-0.6578,-0.4351
1.0000,-0.6526,-0.4756
1.0000,-0.6331,-0.5026
1.0000,-0.6171,-0.5336
1.0000,-0.5828,-0.5468
1.0000,-0.5625,-0.5745
1.0000,-0.5494,-0.6098
1.0000,-0.5302,-0.6393
1.0000,-0.4920,-0.6500
1.0000,-0.4713,-0.6783
1.0000,-0.4492,-0.7052
1.0000,-0.4139,-0.7189
1.0000,-0.3891,-0.7429
1.0000,-0.3583,-0.7607
1.0000,-0.3306,-0.7812
1.0000,-0.3017,-0.8002
1.0000,-0.2604,-0.8061
1.0000,-0.2273,-0.8197
1.0000,-0.1889,-0.8273
1.0000,-0.1653,-0.8490
1.0000,-0.1286,-0.8565
1.0000,-0.0941,-0.8655
1.0000,-0.0511,-0.8648
1.0000,-0.0189,-0.8737
1.0000,0.0257,-0.8692
1.0000,0.0480,-0.8855
1.0000,0.0854,-0.8855
1.0000,0.1302,-0.8764
1.0000,0.1617,-0.8793
1.0000,0.2024,-0.8713
1.0000,0.2459,-0.8589
1.0000,0.2712,-0.8629
1.0000,0.3136,-0.8480
1.0000,0.3509,-0.8363
1.0000,0.3930,-0.8179
1.0000,0.4207,-0.8118
1.0000,0.4661,-0.7861
1.0000,0.4920,-0.7778
1.0000,0.5322,-0.7530
1.0000,0.5582,-0.7402
1.0000,0.5869,-0.7225
1.0000,0.6186,-0.6995
1.0000,0.6524,-0.6722
1.0000,0.6907,-0.6380
1.0000,0.7141,-0.6164
1.0000,0.7453,-0.5847
1.0000,0.7648,-0.5622
1.0000,0.7945,-0.5271
1.0000,0.8123,-0.5015
1.0000,0.8484,-0.4554
1.0000,0.8592,-0.4320
1.0000,0.8791,-0.3972
1.0000,0.9059,-0.3531
1.0000,0.9176,-0.3217
1.0000,0.9389,-0.2783
1.0000,0.9488,-0.2441
1.0000,0.9547,-0.2116
1.0000,0.9746,-0.1628
1.0000,0.9896,-0.1167
1.0000,0.9959,-0.0770
1.0000,1.0008,-0.0367
1.0000,0.9938,-0.0062
2.0000,-0.0003,0.0032
2.0000,0.0001,0.0073
2.0000,-0.0053,0.0058
2.0000,-0.0069,0.0084
2.0000,-0.0083,0.0114
2.0000,-0.0068,0.0175
2.0000,-0.0075,0.0215
2.0000,-0.0065,0.0275
2.0000,-0.0057,0.0332
2.0000,-0.0081,0.0359
2.0000,-0.0100,0.0391
2.0000,-0.0240,0.0303
2.0000,-0.0273,0.0322
2.0000,-0.0201,0.0446
2.0000,-0.0238,0.0461
2.0000,-0.0404,0.0345
2.0000,-0.0399,0.0400
2.0000,-0.0438,0.0410
2.0000,-0.0428,0.0468
2.0000,-0.0435,0.0506
2.0000,-0.0564,0.0421
2.0000,-0.0651,0.0377
2.0000,-0.0662,0.0405
2.0000,-0.0596,0.0508
2.0000,-0.0733,0.0405
2.0000,-0.0784,0.0385
2.0000,-0.0882,0.0315
2.0000,-0.0800,0.0422
2.0000,-0.0905,0.0338
2.0000,-0.0944,0.0316
2.0000,-0.1017,0.0256
2.0000,-0.1100,0.0182
2.0000,-0.1003,0.0284
2.0000,-0.1166,0.0121
2.0000,-0.1224,0.0059
2.0000,-0.1147,0.0126
2.0000,-0.1203,0.0056
2.0000,-0.1266,-0.0026
2.0000,-0.1331,-0.0115
2.0000,-0.1255,-0.0068
2.0000,-0.1354,-0.0202
2.0000,-0.1450,-0.0337
2.0000,-0.1392,-0.0324
2.0000,-0.1417,-0.0399
2.0000,-0.1475,-0.0511
2.0000,-0.1465,-0.0563
2.0000,-0.1461,-0.0624
2.0000,-0.1415,-0.0648
2.0000,-0.1458,-0.0767
2.0000,-0.1439,-0.0829
2.0000,-0.1433,-0.0909
2.0000,-0.1472,-0.1038
2.0000,-0.1444,-0.1105
2.0000,-0.1335,-0.1095
2.0000,-0.1400,-0.1264
2.0000,-0.1315,-0.1287
2.0000,-0.1230,-0.1314
2.0000,-0.1308,-0.1508
2.0000,-0.1265,-0.1585
2.0000,-0.1163,-0.1605
2.0000,-0.1091,-0.1659
2.0000,-0.1013,-0.1710
2.0000,-0.1083,-0.1911
2.0000,-0.0956,-0.1918
2.0000,-0.0843,-0.1941
2.0000,-0.0744,-0.1980
2.0000,-0.0694,-0.2068
2.0000,-0.0643,-0.2157
2.0000,-0.0613,-0.2269
2.0000,-0.0416,-0.2213
2.0000,-0.0330,-0.2269
2.0000,-0.0259,-0.2339
2.0000,-0.0193,-0.2414
2.0000,-0.0024,-0.2385
2.0000,-0.0016,-0.2516
2.0000,0.0134,-0.2503
2.0000,0.0271,-0.2502
2.0000,0.0363,-0.2542
2.0000,0.0427,-0.2609
2.0000,0.0572,-0.2591
2.0000,0.0690,-0.2597
2.0000,0.0798,-0.2609
2.0000,0.0914,-0.2608
2.0000,0.1029,-0.2605
2.0000,0.1179,-0.2561
2.0000,0.1296,-0.2547
2.0000,0.1431,-0.2508
2.0000,0.1561,-0.2468
2.0000,0.1643,-0.2470
2.0000,0.1753,-0.2437
2.0000,0.1838,-0.2424
2.0000,0.2029,-0.2296
2.0000,0.2068,-0.2314
2.0000,0.2221,-0.2210
2.0000,0.2420,-0.2052
2.0000,0.2486,-0.2020
2.0000,0.2629,-0.1901
2.0000,0.2637,-0.1909
2.0000,0.2819,-0.1735
2.0000,0.2948,-0.1606
2.0000,0.2943,-0.1601
2.0000,0.3053,-0.1471
2.0000,0.3201,-0.1294
2.0000,0.3257,-0.1200
2.0000,0.3338,-0.1072
2.0000,0.3329,-0.1024
2.0000,0.3419,-0.0868
2.0000,0.3523,-0.0688
2.0000,0.3523,-0.0602
2.0000,0.3603,-0.0427
2.0000,0.3758,-0.0167
2.0000,0.3769,-0.0042
2.0000,0.3813,0.0126
2.0000,0.3859,0.0305
2.0000,0.3805,0.0393
2.0000,0.3885,0.0624
2.0000,0.3820,0.0720
2.0000,0.3861,0.0930
2.0000,0.3754,0.1000
2.0000,0.3746,0.1178
2.0000,0.3764,0.1390
2.0000,0.3818,0.1645
2.0000,0.3756,0.1792
2.0000,0.3728,0.1980
2.0000,0.3665,0.2140
2.0000,0.3555,0.2260
2.0000,0.3408,0.2348
2.0000,0.3448,0.2630
2.0000,0.3354,0.2781
2.0000,0.3158,0.2837
2.0000,0.3108,0.3043
2.0000,0.3085,0.3280
2.0000,0.2921,0.3380
2.0000,0.2711,0.3437
2.0000,0.2629,0.3625
2.0000,0.2584,0.3851
2.0000,0.2307,0.3848
2.0000,0.2142,0.3957
2.0000,0.2106,0.4196
2.0000,0.1965,0.4330
2.0000,0.1726,0.4366
2.0000,0.1536,0.4450
2.0000,0.1403,0.4588
2.0000,0.1224,0.4679
2.0000,0.1047,0.4770
2.0000,0.0854,0.4841
2.0000,0.0650,0.4897
2.0000,0.0430,0.4933
2.0000,0.0259,0.5014
2.0000,0.0002,0.5002
2.0000,-0.0136,0.5104
2.0000,-0.0355,0.5118
2.0000,-0.0665,0.5034
2.0000,-0.0778,0.5140
2.0000,-0.1021,0.5107
2.0000,-0.1352,0.4978
2.0000,-0.1570,0.4953
2.0000,-0.1809,0.4897
2.0000,-0.1945,0.4934
2.0000,-0.2164,0.4878
2.0000,-0.2465,0.4728
2.0000,-0.2622,0.4712
2.0000,-0.2831,0.4631
2.0000,-0.3070,0.4508
2.0000,-0.3194,0.4488
2.0000,-0.3435,0.4338
2.0000,-0.3658,0.4193
2.0000,-0.3888,0.4027
2.0000,-0.3990,0.3976
2.0000,-0.4250,0.3753
2.0000,-0.4414,0.3611
2.0000,-0.4608,0.3425
2.0000,-0.4694,0.3332
2.0000,-0.4863,0.3142
2.0000,-0.5100,0.2868
2.0000,-0.5244,0.2673
2.0000,-0.5356,0.2495
2.0000,-0.5404,0.2365
2.0000,-0.5651,0.2021
2.0000,-0.5736,0.1825
2.0000,-0.5780,0.1653
2.0000,-0.5981,0.1311
2.0000,-0.6042,0.1093
2.0000,-0.6005,0.0958
2.0000,-0.6211,0.0566
2.0000,-0.6138,0.0439
2.0000,-0.6206,0.0156
2.0000,-0.6255,-0.0121
2.0000,-0.6282,-0.0390
2.0000,-0.6280,-0.0643
2.0000,-0.6251,-0.0882
2.0000,-0.6233,-0.1145
2.0000,-0.6331,-0.1536
2.0000,-0.6305,-0.1815
2.0000,-0.6200,-0.2027
2.0000,-0.6178,-0.2332
2.0000,-0.6059,-0.2550
2.0000,-0.5927,-0.2766
2.0000,-0.5812,-0.3007
2.0000,-0.5751,-0.3310
2.0000,-0.5579,-0.3512
2.0000,-0.5488,-0.3802
2.0000,-0.5411,-0.4112
2.0000,-0.5199,-0.4294
2.0000,-0.5071,-0.4565
2.0000,-0.4975,-0.4873
2.0000,-0.4703,-0.5010
2.0000,-0.4510,-0.5228
2.0000,-0.4332,-0.5465
2.0000,-0.4170,-0.5719
2.0000,-0.3853,-0.5819
2.0000,-0.3652,-0.6036
2.0000,-0.3453,-0.6254
2.0000,-0.3241,-0.6459
2.0000,-0.2903,-0.6535
2.0000,-0.2699,-0.6743
2.0000,-0.2315,-0.6767
2.0000,-0.2147,-0.7003
2.0000,-0.1837,-0.7092
2.0000,-0.1563,-0.7211
2.0000,-0.1304,-0.7339
2.0000,-0.0916,-0.7330
2.0000,-0.0636,-0.7422
2.0000,-0.0384,-0.7531
2.0000,-0.0042,-0.7542
2.0000,0.0361,-0.7481
2.0000,0.0669,-0.7504
2.0000,0.0948,-0.7545
2.0000,0.1253,-0.7547
2.0000,0.1528,-0.7565
2.0000,0.1964,-0.7409
2.0000,0.2283,-0.7355
2.0000,0.2538,-0.7351
2.0000,0.2823,-0.7300
2.0000,0.3140,-0.7202
2.0000,0.3487,-0.7057
2.0000,0.3761,-0.6967
2.0000,0.4075,-0.6821
2.0000,0.4347,-0.6697
2.0000,0.4647,-0.6528
2.0000,0.5061,-0.6225
2.0000,0.5293,-0.6084
2.0000,0.5569,-0.5881
2.0000,0.5821,-0.5681
2.0000,0.6133,-0.5401
2.0000,0.6279,-0.5266
2.0000,0.6547,-0.4989
2.0000,0.6843,-0.4663
2.0000,0.7086,-0.4370
2.0000,0.7158,-0.4225
2.0000,0.7364,-0.3927
2.0000,0.7588,-0.3589
2.0000,0.7744,-0.3298
2.0000,0.7918,-0.2969
2.0000,0.8147,-0.2564
2.0000,0.8160,-0.2353
2.0000,0.8404,-0.1893
2.0000,0.8518,-0.1541
2.0000,0.8574,-0.1228
2.0000,0.8590,-0.0935
2.0000,0.8711,-0.0518
2.0000,0.8744,-0.0170
2.0000,0.8693,0.0112
2.0000,0.8796,0.0566
2.0000,0.8850,0.0989
2.0000,0.8802,0.1326
2.0000,0.8731,0.1656
2.0000,0.8692,0.2034
2.0000,0.8659,0.2434
2.0000,0.8492,0.2714
2.0000,0.8459,0.3141
2.0000,0.8282,0.3437
2.0000,0.8246,0.3887
2.0000,0.8105,0.4242
2.0000,0.7906,0.4551
2.0000,0.7800,0.4962
2.0000,0.7546,0.5234
2.0000,0.7390,0.5611
2.0000,0.7229,0.5991
2.0000,0.6949,0.6258
2.0000,0.6644,0.6505
2.0000,0.6418,0.6835
2.0000,0.6236,0.7213
2.0000,0.5934,0.7473
2.0000,0.5553,0.7654
2.0000,0.5277,0.7941
2.0000,0.4911,0.8138
2.0000,0.4702,0.8489
2.0000,0.4307,0.8652
2.0000,0.3878,0.8777
2.0000,0.3581,0.9029
2.0000,0.3128,0.9119
2.0000,0.2869,0.9396
2.0000,0.2435,0.9490
2.0000,0.2110,0.9684
2.0000,0.1639,0.9722
2.0000,0.1254,0.9835
2.0000,0.0791,0.9858
2.0000,0.0418,0.9958
2.0000,-0.0028,0.9972
3.0000,0.0042,0.0074
3.0000,-0.0097,-0.0036
3.0000,-0.0052,0.0035
3.0000,-0.0200,-0.0090
3.0000,-0.0216,-0.0088
3.0000,-0.0176,-0.0032
3.0000,-0.0227,-0.0071
3.0000,-0.0246,-0.0081
3.0000,-0.0350,-0.0181
3.0000,-0.0328,-0.0160
3.0000,-0.0308,-0.0142
3.0000,-0.0325,-0.0168
3.0000,-0.0448,-0.0302
3.0000,-0.0354,-0.0224
3.0000,-0.0427,-0.0316
3.0000,-0.0470,-0.0383
3.0000,-0.0436,-0.0378
3.0000,-0.0412,-0.0386
3.0000,-0.0514,-0.0523
3.0000,-0.0506,-0.0555
3.0000,-0.0396,-0.0489
3.0000,-0.0412,-0.0552
3.0000,-0.0456,-0.0648
3.0000,-0.0505,-0.0752
3.0000,-0.0347,-0.0652
3.0000,-0.0385,-0.0752
3.0000,-0.0448,-0.0879
3.0000,-0.0409,-0.0908
3.0000,-0.0353,-0.0923
3.0000,-0.0284,-0.0926
3.0000,-0.0314,-0.1032
3.0000,-0.0211,-0.1006
3.0000,-0.0240,-0.1115
3.0000,-0.0143,-0.1099
3.0000,-0.0145,-0.1184
3.0000,-0.0046,-0.1168
3.0000,0.0021,-0.1187
3.0000,0.0087,-0.1206
3.0000,0.0095,-0.1284
3.0000,0.0073,-0.1393
3.0000,0.0163,-0.1389
3.0000,0.0251,-0.1386
3.0000,0.0261,-0.1462
3.0000,0.0383,-0.1425
3.0000,0.0532,-0.1358
3.0000,0.0603,-0.1369
3.0000,0.0584,-0.1468
3.0000,0.0738,-0.1391
3.0000,0.0779,-0.1426
3.0000,0.0854,-0.1423
3.0000,0.0846,-0.1500
3.0000,0.0998,-0.1415
3.0000,0.1079,-0.1396
3.0000,0.1102,-0.1432
3.0000,0.1171,-0.1419
3.0000,0.1312,-0.1328
3.0000,0.1378,-0.1308
3.0000,0.1540,-0.1186
3.0000,0.1529,-0.1234
3.0000,0.1690,-0.1104
3.0000,0.1684,-0.1135
3.0000,0.1846,-0.0992
3.0000,0.1845,-0.1007
3.0000,0.1855,-0.1005
3.0000,0.1924,-0.0937
3.0000,0.2020,-0.0835
3.0000,0.2118,-0.0725
3.0000,0.2164,-0.0662
3.0000,0.2210,-0.0590
3.0000,0.2344,-0.0424
3.0000,0.2296,-0.0433
3.0000,0.2356,-0.0326
3.0000,0.2453,-0.0176
3.0000,0.2512,-0.0056
3.0000,0.2533,0.0033
3.0000,0.2563,0.0138
3.0000,0.2484,0.0141
3.0000,0.2595,0.0342
3.0000,0.2559,0.0402
3.0000,0.2531,0.0477
3.0000,0.2552,0.0609
3.0000,0.2652,0.0826
3.0000,0.2639,0.0936
3.0000,0.2550,0.0978
3.0000,0.2593,0.1157
3.0000,0.2625,0.1332
3.0000,0.2607,0.1463
3.0000,0.2563,0.1573
3.0000,0.2539,0.1709
3.0000,0.2472,0.1808
3.0000,0.2304,0.1811
3.0000,0.2377,0.2060
3.0000,0.2219,0.2082
3.0000,0.2132,0.2178
3.0000,0.2067,0.2301
3.0000,0.2009,0.2435
3.0000,0.1964,0.2585
3.0000,0.1943,0.2761
3.0000,0.1789,0.2807
3.0000,0.1693,0.2914
3.0000,0.1528,0.2951
3.0000,0.1409,0.3038
3.0000,0.1366,0.3200
3.0000,0.1172,0.3213
3.0000,0.1121,0.3369
3.0000,0.0873,0.3326
3.0000,0.0873,0.3531
3.0000,0.0600,0.3461
3.0000,0.0591,0.3655
3.0000,0.0461,0.3725
3.0000,0.0299,0.3759
3.0000,0.0043,0.3697
3.0000,-0.0048,0.3797
3.0000,-0.0187,0.3844
3.0000,-0.0450,0.3763
3.0000,-0.0643,0.3747
3.0000,-0.0698,0.3864
3.0000,-0.0926,0.3801
3.0000,-0.1121,0.3766
3.0000,-0.1252,0.3788
3.0000,-0.1366,0.3820
3.0000,-0.1561,0.3764
3.0000,-0.1740,0.3715
3.0000,-0.1909,0.3669
3.0000,-0.2100,0.3592
3.0000,-0.2184,0.3613
3.0000,-0.2374,0.3518
3.0000,-0.2601,0.3377
3.0000,-0.2748,0.3306
3.0000,-0.2825,0.3295
3.0000,-0.2981,0.3194
3.0000,-0.3208,0.3011
3.0000,-0.3343,0.2910
3.0000,-0.3567,0.2708
3.0000,-0.3655,0.2631
3.0000,-0.3844,0.2441
3.0000,-0.3978,0.2294
3.0000,-0.4106,0.2141
3.0000,-0.4222,0.1988
3.0000,-0.4289,0.1872
3.0000,-0.4386,0.1714
3.0000,-0.4543,0.1484
3.0000,-0.4591,0.1350
3.0000,-0.4725,0.1118
3.0000,-0.4675,0.1057
3.0000,-0.4744,0.0866
3.0000,-0.4934,0.0542
3.0000,-0.4953,0.0375
3.0000,-0.4912,0.0259
3.0000,-0.4962,0.0038
3.0000,-0.5017,-0.0199
3.0000,-0.5051,-0.0426
3.0000,-0.5031,-0.0610
3.0000,-0.4991,-0.0786
3.0000,-0.5005,-0.1025
3.0000,-0.5038,-0.1294
3.0000,-0.5083,-0.1586
3.0000,-0.4939,-0.1698
3.0000,-0.4962,-0.1986
3.0000,-0.4887,-0.2184
3.0000,-0.4819,-0.2398
3.0000,-0.4756,-0.2626
3.0000,-0.4703,-0.2871
3.0000,-0.4549,-0.3021
3.0000,-0.4427,-0.3210
3.0000,-0.4299,-0.3400
3.0000,-0.4254,-0.3677
3.0000,-0.4127,-0.3879
3.0000,-0.3944,-0.4027
3.0000,-0.3718,-0.4138
3.0000,-0.3667,-0.4425
3.0000,-0.3464,-0.4564
3.0000,-0.3321,-0.4765
3.0000,-0.3031,-0.4820
3.0000,-0.2883,-0.5018
3.0000,-0.2754,-0.5235
3.0000,-0.2531,-0.5358
3.0000,-0.2318,-0.5489
3.0000,-0.2133,-0.5645
3.0000,-0.1892,-0.5744
3.0000,-0.1637,-0.5826
3.0000,-0.1340,-0.5861
3.0000,-0.1208,-0.6056
3.0000,-0.0851,-0.6022
3.0000,-0.0586,-0.6075
3.0000,-0.0334,-0.6132
3.0000,-0.0113,-0.6215
3.0000,0.0150,-0.6246
3.0000,0.0334,-0.6349
3.0000,0.0696,-0.6265
3.0000,0.0962,-0.6267
3.0000,0.1265,-0.6221
3.0000,0.1461,-0.6271
3.0000,0.1772,-0.6196
3.0000,0.2009,-0.6182
3.0000,0.2211,-0.6190
3.0000,0.2578,-0.6020
3.0000,0.2829,-0.5953
3.0000,0.3139,-0.5812
3.0000,0.3399,-0.5708
3.0000,0.3644,-0.5603
3.0000,0.3783,-0.5589
3.0000,0.4112,-0.5369
3.0000,0.4333,-0.5241
3.0000,0.4545,-0.5105
3.0000,0.4768,-0.4942
3.0000,0.4957,-0.4796
3.0000,0.5297,-0.4481
3.0000,0.5511,-0.4276
3.0000,0.5740,-0.4038
3.0000,0.5809,-0.3942
3.0000,0.5996,-0.3709
3.0000,0.6260,-0.3382
3.0000,0.6336,-0.3225
3.0000,0.6508,-0.2955
3.0000,0.6655,-0.2690
3.0000,0.6901,-0.2308
3.0000,0.6956,-0.2101
3.0000,0.6996,-0.1891
3.0000,0.7138,-0.1559
3.0000,0.7238,-0.1254
3.0000,0.7393,-0.0876
3.0000,0.7466,-0.0563
3.0000,0.7538,-0.0235
3.0000,0.7563,0.0063
3.0000,0.7511,0.0300
3.0000,0.7506,0.0599
3.0000,0.7565,0.0978
3.0000,0.7524,0.1271
3.0000,0.7471,0.1566
3.0000,0.7384,0.1841
3.0000,0.7378,0.2210
3.0000,0.7281,0.2500
3.0000,0.7238,0.2857
3.0000,0.7100,0.3130
3.0000,0.7068,0.3520
3.0000,0.6882,0.3765
3.0000,0.6708,0.4032
3.0000,0.6593,0.4366
3.0000,0.6447,0.4677
3.0000,0.6273,0.4968
3.0000,0.6082,0.5246
3.0000,0.5871,0.5511
3.0000,0.5720,0.5840
3.0000,0.5523,0.6127
3.0000,0.5238,0.6329
3.0000,0.4926,0.6507
3.0000,0.4733,0.6803
3.0000,0.4464,0.7025
3.0000,0.4193,0.7244
3.0000,0.3839,0.7377
3.0000,0.3559,0.7583
3.0000,0.3272,0.7779
3.0000,0.3030,0.8014
3.0000,0.2640,0.8097
3.0000,0.2311,0.8235
3.0000,0.1917,0.8301
3.0000,0.1582,0.8419
3.0000,0.1329,0.8609
3.0000,0.0946,0.8659
3.0000,0.0508,0.8645
3.0000,0.0205,0.8753
3.0000,-0.0204,0.8744
3.0000,-0.0528,0.8808
3.0000,-0.0915,0.8793
3.0000,-0.1305,0.8762
3.0000,-0.1713,0.8697
3.0000,-0.1963,0.8774
3.0000,-0.2467,0.8580
3.0000,-0.2837,0.8504
3.0000,-0.3159,0.8456
3.0000,-0.3471,0.8400
3.0000,-0.3843,0.8265
3.0000,-0.4273,0.8053
3.0000,-0.4635,0.7887
3.0000,-0.4929,0.7769
3.0000,-0.5347,0.7505
3.0000,-0.5678,0.7306
3.0000,-0.5878,0.7215
3.0000,-0.6291,0.6891
3.0000,-0.6571,0.6675
3.0000,-0.6886,0.6401
3.0000,-0.7181,0.6124
3.0000,-0.7496,0.5803
3.0000,-0.7674,0.5596
3.0000,-0.7875,0.5341
3.0000,-0.8249,0.4890
3.0000,-0.8337,0.4700
3.0000,-0.8692,0.4220
3.0000,-0.8855,0.3908
3.0000,-0.9003,0.3587
3.0000,-0.9248,0.3144
3.0000,-0.9295,0.2878
3.0000,-0.9534,0.2395
3.0000,-0.9553,0.2110
3.0000,-0.9667,0.1707
3.0000,-0.9778,0.1284
3.0000,-0.9904,0.0826
3.0000,-0.9984,0.0391
3.0000,-1.0033,-0.0033
4.0000,0.0037,0.0003
4.0000,-0.0061,-0.0133
4.0000,0.0080,-0.0032
4.0000,0.0033,-0.0121
4.0000,0.0077,-0.0121
4.0000,0.0124,-0.0119
4.0000,0.0146,-0.0145
4.0000,0.0085,-0.0255
4.0000,0.0048,-0.0341
4.0000,0.0148,-0.0292
4.0000,0.0186,-0.0305
4.0000,0.0243,-0.0300
4.0000,0.0158,-0.0437
4.0000,0.0244,-0.0403
4.0000,0.0346,-0.0353
4.0000,0.0320,-0.0429
4.0000,0.0401,-0.0399
4.0000,0.0426,-0.0422
4.0000,0.0502,-0.0393
4.0000,0.0513,-0.0429
4.0000,0.0542,-0.0443
4.0000,0.0528,-0.0499
4.0000,0.0699,-0.0368
4.0000,0.0707,-0.0397
4.0000,0.0685,-0.0453
4.0000,0.0819,-0.0350
4.0000,0.0805,-0.0392
4.0000,0.0831,-0.0391
4.0000,0.0878,-0.0365
4.0000,0.0954,-0.0306
4.0000,0.1035,-0.0238
4.0000,0.1080,-0.0202
4.0000,0.1138,-0.0149
4.0000,0.1088,-0.0199
4.0000,0.1161,-0.0121
4.0000,0.1143,-0.0130
4.0000,0.1252,-0.0007
4.0000,0.1308,0.0068
4.0000,0.1296,0.0081
4.0000,0.1264,0.0077
4.0000,0.1426,0.0274
4.0000,0.1330,0.0217
4.0000,0.1459,0.0391
4.0000,0.1391,0.0373
4.0000,0.1392,0.0429
4.0000,0.1453,0.0550
4.0000,0.1400,0.0563
4.0000,0.1511,0.0745
4.0000,0.1385,0.0694
4.0000,0.1389,0.0779
4.0000,0.1506,0.0982
4.0000,0.1479,0.1045
4.0000,0.1470,0.1131
4.0000,0.1384,0.1144
4.0000,0.1422,0.1286
4.0000,0.1394,0.1366
4.0000,0.1321,0.1406
4.0000,0.1198,0.1398
4.0000,0.1270,0.1590
4.0000,0.1200,0.1642
4.0000,0.1140,0.1709
4.0000,0.1027,0.1724
4.0000,0.0933,0.1762
4.0000,0.0999,0.1962
4.0000,0.0852,0.1950
4.0000,0.0862,0.2098
4.0000,0.0798,0.2173
4.0000,0.0578,0.2093
4.0000,0.0651,0.2307
4.0000,0.0532,0.2329
4.0000,0.0371,0.2310
4.0000,0.0367,0.2447
4.0000,0.0196,0.2418
4.0000,0.0084,0.2445
4.0000,0.0060,0.2560
4.0000,-0.0104,0.2533
4.0000,-0.0197,0.2576
4.0000,-0.0402,0.2504
4.0000,-0.0485,0.2550
4.0000,-0.0620,0.2543
4.0000,-0.0598,0.2689
4.0000,-0.0844,0.2562
4.0000,-0.0954,0.2569
4.0000,-0.1073,0.2561
4.0000,-0.1126,0.2615
4.0000,-0.1279,0.2563
4.0000,-0.1396,0.2542
4.0000,-0.1552,0.2477
4.0000,-0.1692,0.2421
4.0000,-0.1793,0.2397
4.0000,-0.1890,0.2371
4.0000,-0.2003,0.2322
4.0000,-0.2172,0.2210
4.0000,-0.2230,0.2201
4.0000,-0.2393,0.2079
4.0000,-0.2412,0.2093
4.0000,-0.2606,0.1924
4.0000,-0.2629,0.1918
4.0000,-0.2754,0.1801
4.0000,-0.2912,0.1641
4.0000,-0.2945,0.1599
4.0000,-0.3127,0.1397
4.0000,-0.3186,0.1309
4.0000,-0.3232,0.1226
4.0000,-0.3381,0.1029
4.0000,-0.3345,0.1008
4.0000,-0.3546,0.0741
4.0000,-0.3567,0.0644
4.0000,-0.3529,0.0597
4.0000,-0.3617,0.0413
4.0000,-0.3746,0.0179
4.0000,-0.3687,0.0124
4.0000,-0.3781,-0.0094
4.0000,-0.3869,-0.0315
4.0000,-0.3835,-0.0423
4.0000,-0.3749,-0.0489
4.0000,-0.3848,-0.0748
4.0000,-0.3818,-0.0887
4.0000,-0.3852,-0.1098
4.0000,-0.3847,-0.1279
4.0000,-0.3717,-0.1342
4.0000,-0.3802,-0.1629
4.0000,-0.3753,-0.1789
4.0000,-0.3678,-0.1930
4.0000,-0.3582,-0.2057
4.0000,-0.3600,-0.2305
4.0000,-0.3501,-0.2441
4.0000,-0.3334,-0.2515
4.0000,-0.3365,-0.2793
4.0000,-0.3281,-0.2960
4.0000,-0.3152,-0.3087
4.0000,-0.3047,-0.3242
4.0000,-0.2919,-0.3379
4.0000,-0.2791,-0.3517
4.0000,-0.2671,-0.3667
4.0000,-0.2492,-0.3759
4.0000,-0.2292,-0.3833
4.0000,-0.2218,-0.4033
4.0000,-0.2084,-0.4174
4.0000,-0.1940,-0.4305
4.0000,-0.1697,-0.4337
4.0000,-0.1526,-0.4439
4.0000,-0.1352,-0.4538
4.0000,-0.1126,-0.4582
4.0000,-0.0950,-0.4673
4.0000,-0.0885,-0.4872
4.0000,-0.0631,-0.4878
4.0000,-0.0476,-0.4979
4.0000,-0.0210,-0.4964
4.0000,-0.0006,-0.5006
4.0000,0.0290,-0.4950
4.0000,0.0471,-0.5002
4.0000,0.0561,-0.5138
4.0000,0.0813,-0.5105
4.0000,0.1010,-0.5118
4.0000,0.1245,-0.5084
4.0000,0.1494,-0.5029
4.0000,0.1685,-0.5021
4.0000,0.1970,-0.4909
4.0000,0.2242,-0.4799
4.0000,0.2357,-0.4836
4.0000,0.2569,-0.4764
4.0000,0.2832,-0.4631
4.0000,0.3061,-0.4517
4.0000,0.3173,-0.4509
4.0000,0.3479,-0.4295
4.0000,0.3609,-0.4242
4.0000,0.3884,-0.4031
4.0000,0.4007,-0.3960
4.0000,0.4173,-0.3830
4.0000,0.4315,-0.3711
4.0000,0.4583,-0.3450
4.0000,0.4674,-0.3352
4.0000,0.4831,-0.3174
4.0000,0.5031,-0.2937
4.0000,0.5157,-0.2760
4.0000,0.5352,-0.2499
4.0000,0.5543,-0.2226
4.0000,0.5578,-0.2094
4.0000,0.5660,-0.1901
4.0000,0.5844,-0.1589
4.0000,0.5949,-0.1343
4.0000,0.5991,-0.1144
4.0000,0.6110,-0.0854
4.0000,0.6202,-0.0576
4.0000,0.6155,-0.0422
4.0000,0.6218,-0.0144
4.0000,0.6295,0.0161
4.0000,0.6342,0.0450
4.0000,0.6269,0.0632
4.0000,0.6332,0.0963
4.0000,0.6241,0.1153
4.0000,0.6301,0.1507
4.0000,0.6295,0.1806
4.0000,0.6120,0.1947
4.0000,0.6087,0.2241
4.0000,0.6060,0.2551
4.0000,0.5980,0.2818
4.0000,0.5957,0.3152
4.0000,0.5741,0.3301
4.0000,0.5687,0.3620
4.0000,0.5455,0.3769
4.0000,0.5464,0.4165
4.0000,0.5287,0.4382
4.0000,0.5145,0.4639
4.0000,0.4930,0.4828
4.0000,0.4711,0.5017
4.0000,0.4599,0.5318
4.0000,0.4348,0.5480
4.0000,0.4119,0.5668
4.0000,0.3814,0.5781
4.0000,0.3629,0.6013
4.0000,0.3409,0.6210
4.0000,0.3155,0.6372
4.0000,0.2945,0.6577
4.0000,0.2661,0.6705
4.0000,0.2420,0.6872
4.0000,0.2165,0.7022
4.0000,0.1820,0.7075
4.0000,0.1482,0.7130
4.0000,0.1226,0.7261
4.0000,0.0906,0.7320
4.0000,0.0635,0.7420
4.0000,0.0334,0.7481
4.0000,-0.0076,0.7424
4.0000,-0.0393,0.7449
4.0000,-0.0560,0.7614
4.0000,-0.0949,0.7543
4.0000,-0.1328,0.7471
4.0000,-0.1576,0.7517
4.0000,-0.1934,0.7439
4.0000,-0.2292,0.7346
4.0000,-0.2526,0.7362
4.0000,-0.2933,0.7190
4.0000,-0.3127,0.7215
4.0000,-0.3570,0.6974
4.0000,-0.3811,0.6917
4.0000,-0.4153,0.6743
4.0000,-0.4406,0.6638
4.0000,-0.4683,0.6491
4.0000,-0.5012,0.6274
4.0000,-0.5261,0.6117
4.0000,-0.5475,0.5974
4.0000,-0.5858,0.5644
4.0000,-0.5994,0.5540
4.0000,-0.6379,0.5166
4.0000,-0.6481,0.5055
4.0000,-0.6815,0.4691
4.0000,-0.6973,0.4482
4.0000,-0.7286,0.4098
4.0000,-0.7467,0.3824
4.0000,-0.7573,0.3605
4.0000,-0.7761,0.3281
4.0000,-0.7962,0.2925
4.0000,-0.8022,0.2688
4.0000,-0.8293,0.2221
4.0000,-0.8407,0.1889
4.0000,-0.8371,0.1688
4.0000,-0.8500,0.1302
4.0000,-0.8599,0.0926
4.0000,-0.8637,0.0592
4.0000,-0.8772,0.0142
4.0000,-0.8772,-0.0191
4.0000,-0.8737,-0.0507
4.0000,-0.8847,-0.0986
4.0000,-0.8758,-0.1281
4.0000,-0.8679,-0.1604
4.0000,-0.8750,-0.2092
4.0000,-0.8710,-0.2484
4.0000,-0.8633,-0.2854
4.0000,-0.8491,-0.3173
4.0000,-0.8299,-0.3454
4.0000,-0.8291,-0.3932
4.0000,-0.8144,-0.4281
4.0000,-0.7871,-0.4516
4.0000,-0.7739,-0.4901
4.0000,-0.7661,-0.5349
4.0000,-0.7392,-0.5613
4.0000,-0.7114,-0.5877
4.0000,-0.6901,-0.6210
4.0000,-0.6692,-0.6553
4.0000,-0.6411,-0.6829
4.0000,-0.6124,-0.7101
4.0000,-0.5841,-0.7380
4.0000,-0.5571,-0.7673
4.0000,-0.5300,-0.7965
4.0000,-0.4881,-0.8108
4.0000,-0.4587,-0.8375
4.0000,-0.4237,-0.8583
4.0000,-0.3854,-0.8753
4.0000,-0.3592,-0.9040
4.0000,-0.3132,-0.9123
4.0000,-0.2859,-0.9386
4.0000,-0.2380,-0.9435
4.0000,-0.2111,-0.9685
4.0000,-0.1649,-0.9732
4.0000,-0.1189,-0.9770
4.0000,-0.0767,-0.9834
4.0000,-0.0346,-0.9887
4.0000,0.0021,-0.9979
