1.0000,0.0029,-0.0001
1.0000,0.0081,0.0026
1.0000,0.0101,0.0029
1.0000,0.0113,0.0031
1.0000,0.0139,0.0054
1.0000,0.0159,0.0080
1.0000,0.0171,0.0106
1.0000,0.0245,0.0202
1.0000,0.0193,0.0180
1.0000,0.0220,0.0245
1.0000,0.0215,0.0286
1.0000,0.0195,0.0319
1.0000,0.0167,0.0351
1.0000,0.0198,0.0448
1.0000,0.0135,0.0456
1.0000,0.0107,0.0505
1.0000,0.0045,0.0522
1.0000,0.0053,0.0614
1.0000,0.0023,0.0669
1.0000,-0.0050,0.0683
1.0000,-0.0119,0.0699
1.0000,-0.0228,0.0675
1.0000,-0.0306,0.0680
1.0000,-0.0374,0.0690
1.0000,-0.0386,0.0753
1.0000,-0.0467,0.0739
1.0000,-0.0589,0.0679
1.0000,-0.0656,0.0663
1.0000,-0.0762,0.0602
1.0000,-0.0811,0.0586
1.0000,-0.0901,0.0518
1.0000,-0.0933,0.0497
1.0000,-0.0985,0.0443
1.0000,-0.1059,0.0354
1.0000,-0.1140,0.0243
1.0000,-0.1189,0.0152
1.0000,-0.1235,0.0049
1.0000,-0.1277,-0.0065
1.0000,-0.1328,-0.0201
1.0000,-0.1342,-0.0315
1.0000,-0.1287,-0.0374
1.0000,-0.1271,-0.0485
1.0000,-0.1260,-0.0613
1.0000,-0.1248,-0.0754
1.0000,-0.1186,-0.0854
1.0000,-0.1130,-0.0971
1.0000,-0.1066,-0.1090
1.0000,-0.1042,-0.1255
1.0000,-0.0948,-0.1357
1.0000,-0.0812,-0.1422
1.0000,-0.0730,-0.1545
1.0000,-0.0615,-0.1636
1.0000,-0.0498,-0.1725
1.0000,-0.0317,-0.1748
1.0000,-0.0206,-0.1838
1.0000,-0.0066,-0.1893
1.0000,0.0118,-0.1898
1.0000,0.0290,-0.1905
1.0000,0.0444,-0.1920
1.0000,0.0587,-0.1933
1.0000,0.0799,-0.1863
1.0000,0.0965,-0.1824
1.0000,0.1104,-0.1794
1.0000,0.1258,-0.1731
1.0000,0.1461,-0.1599
1.0000,0.1579,-0.1531
1.0000,0.1764,-0.1373
1.0000,0.1873,-0.1269
1.0000,0.2029,-0.1094
1.0000,0.2155,-0.0925
1.0000,0.2233,-0.0780
1.0000,0.2308,-0.0613
1.0000,0.2370,-0.0435
1.0000,0.2447,-0.0217
1.0000,0.2503,0.0003
1.0000,0.2486,0.0174
1.0000,0.2505,0.0403
1.0000,0.2496,0.0624
1.0000,0.2463,0.0842
1.0000,0.2404,0.1052
1.0000,0.2342,0.1276
1.0000,0.2255,0.1491
1.0000,0.2147,0.1698
1.0000,0.2074,0.1950
1.0000,0.1859,0.2069
1.0000,0.1707,0.2257
1.0000,0.1541,0.2436
1.0000,0.1363,0.2604
1.0000,0.1176,0.2761
1.0000,0.0937,0.2863
1.0000,0.0695,0.2955
1.0000,0.0473,0.3059
1.0000,0.0231,0.3130
1.0000,-0.0087,0.3112
1.0000,-0.0367,0.3113
1.0000,-0.0622,0.3121
1.0000,-0.0863,0.3121
1.0000,-0.1149,0.3052
1.0000,-0.1406,0.2985
1.0000,-0.1690,0.2864
1.0000,-0.1901,0.2785
1.0000,-0.2199,0.2588
1.0000,-0.2390,0.2465
1.0000,-0.2618,0.2272
1.0000,-0.2817,0.2071
1.0000,-0.3018,0.1834
1.0000,-0.3195,0.1585
1.0000,-0.3379,0.1294
1.0000,-0.3495,0.1033
1.0000,-0.3550,0.0799
1.0000,-0.3645,0.0490
1.0000,-0.3723,0.0163
1.0000,-0.3747,-0.0141
1.0000,-0.3754,-0.0460
1.0000,-0.3763,-0.0810
1.0000,-0.3700,-0.1116
1.0000,-0.3631,-0.1440
1.0000,-0.3521,-0.1746
1.0000,-0.3413,-0.2075
1.0000,-0.3205,-0.2320
1.0000,-0.3077,-0.2660
1.0000,-0.2835,-0.2895
1.0000,-0.2594,-0.3140
1.0000,-0.2352,-0.3387
1.0000,-0.2122,-0.3648
1.0000,-0.1821,-0.3833
1.0000,-0.1447,-0.3939
1.0000,-0.1129,-0.4091
1.0000,-0.0797,-0.4216
1.0000,-0.0446,-0.4303
1.0000,-0.0065,-0.4339
1.0000,0.0301,-0.4366
1.0000,0.0684,-0.4350
1.0000,0.1019,-0.4350
1.0000,0.1411,-0.4259
1.0000,0.1735,-0.4201
1.0000,0.2098,-0.4064
1.0000,0.2441,-0.3908
1.0000,0.2820,-0.3672
1.0000,0.3139,-0.3452
1.0000,0.3405,-0.3238
1.0000,0.3698,-0.2952
1.0000,0.3993,-0.2615
1.0000,0.4174,-0.2345
1.0000,0.4424,-0.1958
1.0000,0.4556,-0.1640
1.0000,0.4719,-0.1245
1.0000,0.4857,-0.0830
1.0000,0.4934,-0.0431
1.0000,0.5018,0.0018
1.0000,0.5033,0.0438
1.0000,0.4959,0.0808
1.0000,0.4918,0.1246
1.0000,0.4885,0.1725
1.0000,0.4754,0.2135
1.0000,0.4584,0.2533
1.0000,0.4351,0.2888
1.0000,0.4158,0.3302
1.0000,0.3863,0.3627
1.0000,0.3575,0.3970
1.0000,0.3274,0.4304
1.0000,0.2904,0.4570
1.0000,0.2488,0.4785
1.0000,0.2156,0.5077
1.0000,0.1722,0.5253
1.0000,0.1295,0.5418
1.0000,0.0783,0.5477
1.0000,0.0364,0.5602
1.0000,-0.0130,0.5620
1.0000,-0.0621,0.5607
1.0000,-0.1051,0.5616
1.0000,-0.1523,0.5541
1.0000,-0.2010,0.5405
1.0000,-0.2497,0.5221
1.0000,-0.2908,0.5061
1.0000,-0.3373,0.4793
1.0000,-0.3723,0.4584
1.0000,-0.4117,0.4273
1.0000,-0.4496,0.3920
1.0000,-0.4874,0.3507
1.0000,-0.5144,0.3142
1.0000,-0.5429,0.2702
1.0000,-0.5685,0.2232
1.0000,-0.5864,0.1781
1.0000,-0.5993,0.1321
1.0000,-0.6116,0.0812
1.0000,-0.6214,0.0275
1.0000,-0.6279,-0.0280
1.0000,-0.6214,-0.0753
1.0000,-0.6227,-0.1349
1.0000,-0.6133,-0.1879
1.0000,-0.5974,-0.2379
1.0000,-0.5769,-0.2867
1.0000,-0.5522,-0.3341
1.0000,-0.5221,-0.3783
1.0000,-0.4915,-0.4238
1.0000,-0.4584,-0.4681
1.0000,-0.4242,-0.5120
1.0000,-0.3805,-0.5466
1.0000,-0.3297,-0.5737
1.0000,-0.2830,-0.6039
1.0000,-0.2385,-0.6348
1.0000,-0.1820,-0.6518
1.0000,-0.1307,-0.6712
1.0000,-0.0697,-0.6779
1.0000,-0.0158,-0.6879
1.0000,0.0446,-0.6874
1.0000,0.0991,-0.6881
1.0000,0.1554,-0.6820
1.0000,0.2147,-0.6673
1.0000,0.2703,-0.6507
1.0000,0.3280,-0.6256
1.0000,0.3813,-0.5986
1.0000,0.4280,-0.5714
1.0000,0.4789,-0.5333
1.0000,0.5231,-0.4946
1.0000,0.5686,-0.4475
1.0000,0.6039,-0.4035
1.0000,0.6380,-0.3534
1.0000,0.6717,-0.2965
1.0000,0.6956,-0.2424
1.0000,0.7206,-0.1802
1.0000,0.7300,-0.1269
1.0000,0.7402,-0.0663
1.0000,0.7481,-0.0019
1.0000,0.7478,0.0602
1.0000,0.7436,0.1237
1.0000,0.7331,0.1860
1.0000,0.7241,0.2542
1.0000,0.7014,0.3128
1.0000,0.6766,0.3728
1.0000,0.6421,0.4259
1.0000,0.6089,0.4827
1.0000,0.5654,0.5307
1.0000,0.5252,0.5831
1.0000,0.4778,0.6288
1.0000,0.4197,0.6634
1.0000,0.3667,0.7022
1.0000,0.3051,0.7308
1.0000,0.2506,0.7642
1.0000,0.1843,0.7830
1.0000,0.1193,0.7995
1.0000,0.0474,0.8050
1.0000,-0.0176,0.8126
1.0000,-0.0820,0.8156
1.0000,-0.1535,0.8057
1.0000,-0.2201,0.7943
1.0000,-0.2886,0.7744
1.0000,-0.3546,0.7498
1.0000,-0.4149,0.7235
1.0000,-0.4814,0.6831
1.0000,-0.5340,0.6486
1.0000,-0.5906,0.6019
1.0000,-0.6426,0.5515
1.0000,-0.6906,0.4967
1.0000,-0.7289,0.4431
1.0000,-0.7673,0.3810
1.0000,-0.8015,0.3147
1.0000,-0.8266,0.2494
1.0000,-0.8441,0.1838
1.0000,-0.8614,0.1108
1.0000,-0.8741,0.0351
1.0000,-0.8798,-0.0406
1.0000,-0.8707,-0.1079
1.0000,-0.8635,-0.1832
1.0000,-0.8458,-0.2532
1.0000,-0.8241,-0.3242
1.0000,-0.8035,-0.4006
1.0000,-0.7633,-0.4608
1.0000,-0.7294,-0.5303
1.0000,-0.6800,-0.5864
1.0000,-0.6352,-0.6486
1.0000,-0.5788,-0.6999
1.0000,-0.5200,-0.7487
1.0000,-0.4545,-0.7900
1.0000,-0.3888,-0.8295
1.0000,-0.3208,-0.8644
1.0000,-0.2481,-0.8914
1.0000,-0.1748,-0.9141
1.0000,-0.0941,-0.9248
1.0000,-0.0184,-0.9352
1.0000,0.0591,-0.9381
1.0000,0.1345,-0.9366
1.0000,0.2128,-0.9250
1.0000,0.2969,-0.9002
1.0000,0.3713,-0.8770
1.0000,0.4428,-0.8482
1.0000,0.5146,-0.8104
1.0000,0.5852,-0.7646
1.0000,0.6447,-0.7205
1.0000,0.7065,-0.6646
1.0000,0.7599,-0.6075
1.0000,0.8162,-0.5377
1.0000,0.8610,-0.4699
1.0000,0.8988,-0.3995
1.0000,0.9351,-0.3211
1.0000,0.9593,-0.2458
1.0000,0.9833,-0.1618
1.0000,0.9942,-0.0823
1.0000,1.0001,0.0001
2.0000,0.0027,0.0063
2.0000,-0.0020,0.0057
2.0000,-0.0046,0.0075
2.0000,-0.0059,0.0111
2.0000,-0.0105,0.0115
2.0000,-0.0125,0.0146
2.0000,-0.0146,0.0178
2.0000,-0.0179,0.0195
2.0000,-0.0174,0.0250
2.0000,-0.0232,0.0239
2.0000,-0.0269,0.0245
2.0000,-0.0309,0.0243
2.0000,-0.0358,0.0227
2.0000,-0.0421,0.0190
2.0000,-0.0443,0.0187
2.0000,-0.0508,0.0133
2.0000,-0.0589,0.0055
2.0000,-0.0634,0.0002
2.0000,-0.0600,0.0020
2.0000,-0.0668,-0.0075
2.0000,-0.0713,-0.0156
2.0000,-0.0711,-0.0202
2.0000,-0.0723,-0.0272
2.0000,-0.0726,-0.0343
2.0000,-0.0715,-0.0409
2.0000,-0.0724,-0.0507
2.0000,-0.0680,-0.0561
2.0000,-0.0681,-0.0667
2.0000,-0.0625,-0.0725
2.0000,-0.0565,-0.0786
2.0000,-0.0546,-0.0894
2.0000,-0.0447,-0.0928
2.0000,-0.0383,-0.1001
2.0000,-0.0356,-0.1113
2.0000,-0.0250,-0.1148
2.0000,-0.0138,-0.1178
2.0000,-0.0072,-0.1252
2.0000,0.0068,-0.1251
2.0000,0.0166,-0.1287
2.0000,0.0253,-0.1329
2.0000,0.0415,-0.1288
2.0000,0.0500,-0.1317
2.0000,0.0605,-0.1316
2.0000,0.0737,-0.1277
2.0000,0.0907,-0.1188
2.0000,0.1020,-0.1143
2.0000,0.1091,-0.1125
2.0000,0.1205,-0.1047
2.0000,0.1350,-0.0923
2.0000,0.1476,-0.0801
2.0000,0.1521,-0.0741
2.0000,0.1644,-0.0584
2.0000,0.1700,-0.0477
2.0000,0.1735,-0.0371
2.0000,0.1795,-0.0220
2.0000,0.1881,-0.0024
2.0000,0.1896,0.0119
2.0000,0.1913,0.0283
2.0000,0.1884,0.0418
2.0000,0.1929,0.0645
2.0000,0.1875,0.0788
2.0000,0.1805,0.0931
2.0000,0.1748,0.1100
2.0000,0.1735,0.1325
2.0000,0.1582,0.1421
2.0000,0.1508,0.1606
2.0000,0.1409,0.1772
2.0000,0.1273,0.1907
2.0000,0.1112,0.2019
2.0000,0.0941,0.2124
2.0000,0.0747,0.2203
2.0000,0.0577,0.2304
2.0000,0.0406,0.2400
2.0000,0.0191,0.2443
2.0000,0.0024,0.2524
2.0000,-0.0225,0.2511
2.0000,-0.0463,0.2495
2.0000,-0.0616,0.2549
2.0000,-0.0840,0.2513
2.0000,-0.1055,0.2466
2.0000,-0.1314,0.2353
2.0000,-0.1545,0.2244
2.0000,-0.1699,0.2188
2.0000,-0.1900,0.2057
2.0000,-0.2123,0.1879
2.0000,-0.2281,0.1735
2.0000,-0.2421,0.1581
2.0000,-0.2567,0.1391
2.0000,-0.2701,0.1184
2.0000,-0.2827,0.0953
2.0000,-0.2921,0.0725
2.0000,-0.3048,0.0434
2.0000,-0.3064,0.0225
2.0000,-0.3108,-0.0041
2.0000,-0.3145,-0.0327
2.0000,-0.3153,-0.0609
2.0000,-0.3097,-0.0852
2.0000,-0.3048,-0.1125
2.0000,-0.2972,-0.1392
2.0000,-0.2889,-0.1669
2.0000,-0.2799,-0.1956
2.0000,-0.2602,-0.2150
2.0000,-0.2490,-0.2439
2.0000,-0.2276,-0.2635
2.0000,-0.2019,-0.2793
2.0000,-0.1870,-0.3062
2.0000,-0.1568,-0.3176
2.0000,-0.1304,-0.3326
2.0000,-0.1013,-0.3441
2.0000,-0.0772,-0.3596
2.0000,-0.0428,-0.3635
2.0000,-0.0121,-0.3695
2.0000,0.0124,-0.3797
2.0000,0.0513,-0.3733
2.0000,0.0818,-0.3729
2.0000,0.1111,-0.3708
2.0000,0.1426,-0.3636
2.0000,0.1715,-0.3557
2.0000,0.2038,-0.3410
2.0000,0.2350,-0.3237
2.0000,0.2659,-0.3029
2.0000,0.2934,-0.2816
2.0000,0.3196,-0.2576
2.0000,0.3393,-0.2360
2.0000,0.3635,-0.2057
2.0000,0.3833,-0.1756
2.0000,0.3991,-0.1452
2.0000,0.4099,-0.1158
2.0000,0.4252,-0.0778
2.0000,0.4318,-0.0444
2.0000,0.4399,-0.0059
2.0000,0.4409,0.0294
2.0000,0.4349,0.0611
2.0000,0.4379,0.1050
2.0000,0.4242,0.1353
2.0000,0.4182,0.1760
2.0000,0.4054,0.2122
2.0000,0.3909,0.2489
2.0000,0.3692,0.2803
2.0000,0.3447,0.3102
2.0000,0.3225,0.3434
2.0000,0.2973,0.3742
2.0000,0.2599,0.3932
2.0000,0.2296,0.4190
2.0000,0.1949,0.4399
2.0000,0.1580,0.4576
2.0000,0.1239,0.4767
2.0000,0.0801,0.4842
2.0000,0.0409,0.4943
2.0000,0.0026,0.5026
2.0000,-0.0381,0.5055
2.0000,-0.0869,0.4972
2.0000,-0.1239,0.4969
2.0000,-0.1674,0.4862
2.0000,-0.2080,0.4741
2.0000,-0.2499,0.4563
2.0000,-0.2930,0.4325
2.0000,-0.3268,0.4131
2.0000,-0.3612,0.3879
2.0000,-0.3936,0.3596
2.0000,-0.4290,0.3229
2.0000,-0.4596,0.2857
2.0000,-0.4843,0.2489
2.0000,-0.5038,0.2120
2.0000,-0.5262,0.1668
2.0000,-0.5365,0.1286
2.0000,-0.5529,0.0791
2.0000,-0.5614,0.0326
2.0000,-0.5629,-0.0115
2.0000,-0.5623,-0.0579
2.0000,-0.5604,-0.1073
2.0000,-0.5498,-0.1518
2.0000,-0.5426,-0.2032
2.0000,-0.5230,-0.2451
2.0000,-0.5038,-0.2903
2.0000,-0.4829,-0.3360
2.0000,-0.4547,-0.3762
2.0000,-0.4246,-0.4158
2.0000,-0.3896,-0.4514
2.0000,-0.3504,-0.4831
2.0000,-0.3113,-0.5148
2.0000,-0.2689,-0.5426
2.0000,-0.2242,-0.5668
2.0000,-0.1800,-0.5899
2.0000,-0.1277,-0.6027
2.0000,-0.0783,-0.6157
2.0000,-0.0223,-0.6190
2.0000,0.0295,-0.6229
2.0000,0.0790,-0.6250
2.0000,0.1306,-0.6205
2.0000,0.1856,-0.6079
2.0000,0.2328,-0.5979
2.0000,0.2842,-0.5780
2.0000,0.3368,-0.5513
2.0000,0.3836,-0.5243
2.0000,0.4276,-0.4939
2.0000,0.4719,-0.4567
2.0000,0.5065,-0.4227
2.0000,0.5462,-0.3771
2.0000,0.5759,-0.3348
2.0000,0.6046,-0.2869
2.0000,0.6309,-0.2349
2.0000,0.6499,-0.1838
2.0000,0.6658,-0.1295
2.0000,0.6761,-0.0749
2.0000,0.6893,-0.0116
2.0000,0.6911,0.0458
2.0000,0.6821,0.0975
2.0000,0.6777,0.1585
2.0000,0.6623,0.2128
2.0000,0.6493,0.2735
2.0000,0.6296,0.3307
2.0000,0.5973,0.3783
2.0000,0.5689,0.4319
2.0000,0.5325,0.4794
2.0000,0.4940,0.5260
2.0000,0.4457,0.5633
2.0000,0.4004,0.6035
2.0000,0.3525,0.6405
2.0000,0.2953,0.6669
2.0000,0.2435,0.6969
2.0000,0.1820,0.7147
2.0000,0.1271,0.7361
2.0000,0.0661,0.7477
2.0000,-0.0039,0.7461
2.0000,-0.0670,0.7468
2.0000,-0.1225,0.7497
2.0000,-0.1905,0.7346
2.0000,-0.2497,0.7222
2.0000,-0.3148,0.6974
2.0000,-0.3690,0.6767
2.0000,-0.4269,0.6452
2.0000,-0.4789,0.6121
2.0000,-0.5371,0.5655
2.0000,-0.5795,0.5268
2.0000,-0.6228,0.4795
2.0000,-0.6667,0.4237
2.0000,-0.7068,0.3638
2.0000,-0.7314,0.3117
2.0000,-0.7610,0.2471
2.0000,-0.7849,0.1806
2.0000,-0.8011,0.1148
2.0000,-0.8123,0.0470
2.0000,-0.8139,-0.0178
2.0000,-0.8092,-0.0824
2.0000,-0.8063,-0.1545
2.0000,-0.7906,-0.2191
2.0000,-0.7756,-0.2889
2.0000,-0.7519,-0.3543
2.0000,-0.7217,-0.4167
2.0000,-0.6878,-0.4783
2.0000,-0.6442,-0.5324
2.0000,-0.6026,-0.5901
2.0000,-0.5561,-0.6438
2.0000,-0.5001,-0.6881
2.0000,-0.4445,-0.7323
2.0000,-0.3774,-0.7638
2.0000,-0.3203,-0.8033
2.0000,-0.2535,-0.8304
2.0000,-0.1803,-0.8479
2.0000,-0.1090,-0.8631
2.0000,-0.0391,-0.8751
2.0000,0.0369,-0.8757
2.0000,0.1112,-0.8721
2.0000,0.1817,-0.8660
2.0000,0.2579,-0.8472
2.0000,0.3311,-0.8240
2.0000,0.3954,-0.8020
2.0000,0.4673,-0.7641
2.0000,0.5296,-0.7275
2.0000,0.5888,-0.6853
2.0000,0.6483,-0.6338
2.0000,0.7012,-0.5800
2.0000,0.7486,-0.5226
2.0000,0.7904,-0.4618
2.0000,0.8305,-0.3937
2.0000,0.8676,-0.3197
2.0000,0.8892,-0.2525
2.0000,0.9158,-0.1720
2.0000,0.9257,-0.1001
2.0000,0.9330,-0.0231
2.0000,0.9391,0.0600
2.0000,0.9308,0.1354
2.0000,0.9236,0.2181
2.0000,0.9022,0.2923
2.0000,0.8749,0.3655
2.0000,0.8454,0.4408
2.0000,0.8129,0.5167
2.0000,0.7644,0.5795
2.0000,0.7180,0.6465
2.0000,0.6618,0.7048
2.0000,0.6063,0.7645
2.0000,0.5444,0.8174
2.0000,0.4726,0.8593
2.0000,0.4004,0.8987
2.0000,0.3216,0.9289
2.0000,0.2484,0.9611
2.0000,0.1640,0.9777
2.0000,0.0867,0.9964
2.0000,0.0012,1.0012
3.0000,-0.0051,-0.0020
3.0000,-0.0063,-0.0008
3.0000,-0.0100,-0.0028
3.0000,-0.0100,-0.0017
3.0000,-0.0161,-0.0076
3.0000,-0.0210,-0.0131
3.0000,-0.0183,-0.0118
3.0000,-0.0243,-0.0200
3.0000,-0.0199,-0.0186
3.0000,-0.0212,-0.0237
3.0000,-0.0199,-0.0269
3.0000,-0.0252,-0.0376
3.0000,-0.0200,-0.0383
3.0000,-0.0153,-0.0402
3.0000,-0.0177,-0.0498
3.0000,-0.0124,-0.0521
3.0000,-0.0110,-0.0588
3.0000,-0.0013,-0.0574
3.0000,0.0033,-0.0614
3.0000,0.0074,-0.0659
3.0000,0.0145,-0.0674
3.0000,0.0188,-0.0715
3.0000,0.0304,-0.0682
3.0000,0.0319,-0.0746
3.0000,0.0385,-0.0753
3.0000,0.0482,-0.0725
3.0000,0.0607,-0.0660
3.0000,0.0653,-0.0667
3.0000,0.0736,-0.0627
3.0000,0.0807,-0.0590
3.0000,0.0872,-0.0547
3.0000,0.0930,-0.0499
3.0000,0.1039,-0.0389
3.0000,0.1064,-0.0349
3.0000,0.1123,-0.0261
3.0000,0.1177,-0.0164
3.0000,0.1239,-0.0045
3.0000,0.1250,0.0037
3.0000,0.1302,0.0175
3.0000,0.1275,0.0248
3.0000,0.1325,0.0412
3.0000,0.1313,0.0527
3.0000,0.1258,0.0611
3.0000,0.1263,0.0769
3.0000,0.1219,0.0887
3.0000,0.1127,0.0968
3.0000,0.1123,0.1146
3.0000,0.1033,0.1246
3.0000,0.0932,0.1341
3.0000,0.0851,0.1461
3.0000,0.0740,0.1555
3.0000,0.0608,0.1629
3.0000,0.0489,0.1716
3.0000,0.0327,0.1758
3.0000,0.0201,0.1832
3.0000,0.0026,0.1853
3.0000,-0.0155,0.1860
3.0000,-0.0321,0.1874
3.0000,-0.0418,0.1946
3.0000,-0.0621,0.1899
3.0000,-0.0772,0.1891
3.0000,-0.0973,0.1816
3.0000,-0.1122,0.1776
3.0000,-0.1268,0.1721
3.0000,-0.1459,0.1601
3.0000,-0.1616,0.1494
3.0000,-0.1766,0.1372
3.0000,-0.1882,0.1260
3.0000,-0.2017,0.1106
3.0000,-0.2098,0.0983
3.0000,-0.2228,0.0785
3.0000,-0.2357,0.0564
3.0000,-0.2382,0.0423
3.0000,-0.2476,0.0188
3.0000,-0.2507,-0.0007
3.0000,-0.2544,-0.0231
3.0000,-0.2518,-0.0415
3.0000,-0.2509,-0.0637
3.0000,-0.2450,-0.0829
3.0000,-0.2466,-0.1114
3.0000,-0.2381,-0.1316
3.0000,-0.2265,-0.1501
3.0000,-0.2164,-0.1714
3.0000,-0.2016,-0.1892
3.0000,-0.1886,-0.2096
3.0000,-0.1701,-0.2251
3.0000,-0.1515,-0.2410
3.0000,-0.1363,-0.2604
3.0000,-0.1130,-0.2715
3.0000,-0.0945,-0.2872
3.0000,-0.0727,-0.2988
3.0000,-0.0452,-0.3037
3.0000,-0.0185,-0.3084
3.0000,0.0035,-0.3164
3.0000,0.0330,-0.3150
3.0000,0.0608,-0.3135
3.0000,0.0867,-0.3117
3.0000,0.1126,-0.3075
3.0000,0.1365,-0.3026
3.0000,0.1688,-0.2865
3.0000,0.1885,-0.2801
3.0000,0.2141,-0.2646
3.0000,0.2399,-0.2456
3.0000,0.2596,-0.2294
3.0000,0.2866,-0.2023
3.0000,0.3028,-0.1825
3.0000,0.3161,-0.1619
3.0000,0.3363,-0.1309
3.0000,0.3480,-0.1049
3.0000,0.3612,-0.0737
3.0000,0.3690,-0.0444
3.0000,0.3703,-0.0184
3.0000,0.3759,0.0153
3.0000,0.3781,0.0487
3.0000,0.3747,0.0794
3.0000,0.3676,0.1092
3.0000,0.3648,0.1458
3.0000,0.3559,0.1785
3.0000,0.3408,0.2070
3.0000,0.3254,0.2369
3.0000,0.3081,0.2663
3.0000,0.2856,0.2916
3.0000,0.2602,0.3148
3.0000,0.2340,0.3375
3.0000,0.2070,0.3596
3.0000,0.1782,0.3794
3.0000,0.1488,0.3980
3.0000,0.1130,0.4092
3.0000,0.0779,0.4197
3.0000,0.0443,0.4300
3.0000,0.0110,0.4384
3.0000,-0.0280,0.4387
3.0000,-0.0667,0.4367
3.0000,-0.1038,0.4331
3.0000,-0.1362,0.4308
3.0000,-0.1796,0.4139
3.0000,-0.2097,0.4066
3.0000,-0.2487,0.3862
3.0000,-0.2767,0.3725
3.0000,-0.3112,0.3478
3.0000,-0.3414,0.3230
3.0000,-0.3690,0.2959
3.0000,-0.3934,0.2674
3.0000,-0.4182,0.2337
3.0000,-0.4405,0.1976
3.0000,-0.4595,0.1602
3.0000,-0.4755,0.1210
3.0000,-0.4893,0.0794
3.0000,-0.4975,0.0390
3.0000,-0.5005,-0.0005
3.0000,-0.5027,-0.0433
3.0000,-0.5028,-0.0878
3.0000,-0.4930,-0.1259
3.0000,-0.4886,-0.1727
3.0000,-0.4733,-0.2115
3.0000,-0.4535,-0.2484
3.0000,-0.4361,-0.2898
3.0000,-0.4137,-0.3281
3.0000,-0.3898,-0.3662
3.0000,-0.3545,-0.3939
3.0000,-0.3221,-0.4251
3.0000,-0.2868,-0.4534
3.0000,-0.2513,-0.4811
3.0000,-0.2095,-0.5016
3.0000,-0.1701,-0.5232
3.0000,-0.1232,-0.5356
3.0000,-0.0796,-0.5490
3.0000,-0.0353,-0.5590
3.0000,0.0084,-0.5666
3.0000,0.0610,-0.5618
3.0000,0.1075,-0.5592
3.0000,0.1538,-0.5526
3.0000,0.2007,-0.5409
3.0000,0.2458,-0.5260
3.0000,0.2907,-0.5062
3.0000,0.3351,-0.4815
3.0000,0.3799,-0.4508
3.0000,0.4183,-0.4208
3.0000,0.4527,-0.3888
3.0000,0.4852,-0.3529
3.0000,0.5133,-0.3153
3.0000,0.5469,-0.2662
3.0000,0.5646,-0.2271
3.0000,0.5852,-0.1793
3.0000,0.6006,-0.1308
3.0000,0.6170,-0.0759
3.0000,0.6204,-0.0284
3.0000,0.6278,0.0280
3.0000,0.6265,0.0804
3.0000,0.6214,0.1336
3.0000,0.6077,0.1823
3.0000,0.5968,0.2373
3.0000,0.5733,0.2832
3.0000,0.5514,0.3332
3.0000,0.5262,0.3824
3.0000,0.4933,0.4257
3.0000,0.4629,0.4727
3.0000,0.4187,0.5065
3.0000,0.3825,0.5486
3.0000,0.3305,0.5746
3.0000,0.2845,0.6055
3.0000,0.2381,0.6345
3.0000,0.1791,0.6489
3.0000,0.1244,0.6649
3.0000,0.0717,0.6798
3.0000,0.0171,0.6893
3.0000,-0.0433,0.6886
3.0000,-0.0982,0.6890
3.0000,-0.1592,0.6781
3.0000,-0.2128,0.6693
3.0000,-0.2694,0.6516
3.0000,-0.3298,0.6238
3.0000,-0.3837,0.5962
3.0000,-0.4274,0.5721
3.0000,-0.4773,0.5348
3.0000,-0.5250,0.4928
3.0000,-0.5683,0.4478
3.0000,-0.6048,0.4026
3.0000,-0.6398,0.3516
3.0000,-0.6664,0.3018
3.0000,-0.6993,0.2386
3.0000,-0.7168,0.1840
3.0000,-0.7356,0.1213
3.0000,-0.7465,0.0600
3.0000,-0.7507,-0.0007
3.0000,-0.7479,-0.0603
3.0000,-0.7497,-0.1298
3.0000,-0.7391,-0.1920
3.0000,-0.7244,-0.2546
3.0000,-0.6987,-0.3101
3.0000,-0.6762,-0.3724
3.0000,-0.6419,-0.4258
3.0000,-0.6056,-0.4793
3.0000,-0.5656,-0.5310
3.0000,-0.5204,-0.5783
3.0000,-0.4748,-0.6258
3.0000,-0.4244,-0.6682
3.0000,-0.3661,-0.7016
3.0000,-0.3107,-0.7364
3.0000,-0.2445,-0.7581
3.0000,-0.1814,-0.7801
3.0000,-0.1166,-0.7968
3.0000,-0.0479,-0.8054
3.0000,0.0209,-0.8093
3.0000,0.0865,-0.8111
3.0000,0.1562,-0.8030
3.0000,0.2237,-0.7908
3.0000,0.2877,-0.7753
3.0000,0.3525,-0.7519
3.0000,0.4200,-0.7184
3.0000,0.4762,-0.6883
3.0000,0.5349,-0.6478
3.0000,0.5913,-0.6013
3.0000,0.6416,-0.5525
3.0000,0.6887,-0.4986
3.0000,0.7312,-0.4408
3.0000,0.7659,-0.3823
3.0000,0.7971,-0.3191
3.0000,0.8257,-0.2503
3.0000,0.8508,-0.1771
3.0000,0.8622,-0.1099
3.0000,0.8745,-0.0347
3.0000,0.8795,0.0403
3.0000,0.8699,0.1072
3.0000,0.8670,0.1866
3.0000,0.8478,0.2553
3.0000,0.8294,0.3296
3.0000,0.7998,0.3969
3.0000,0.7701,0.4677
3.0000,0.7296,0.5305
3.0000,0.6840,0.5904
3.0000,0.6360,0.6494
3.0000,0.5818,0.7029
3.0000,0.5213,0.7500
3.0000,0.4593,0.7948
3.0000,0.3928,0.8335
3.0000,0.3224,0.8660
3.0000,0.2475,0.8908
3.0000,0.1726,0.9119
3.0000,0.0984,0.9290
3.0000,0.0209,0.9377
3.0000,-0.0559,0.9413
3.0000,-0.1350,0.9361
3.0000,-0.2190,0.9188
3.0000,-0.2899,0.9072
3.0000,-0.3694,0.8789
3.0000,-0.4437,0.8473
3.0000,-0.5111,0.8138
3.0000,-0.5841,0.7656
3.0000,-0.6480,0.7172
3.0000,-0.7053,0.6658
3.0000,-0.7639,0.6035
3.0000,-0.8131,0.5408
3.0000,-0.8627,0.4682
3.0000,-0.9013,0.3970
3.0000,-0.9297,0.3266
3.0000,-0.9555,0.2496
3.0000,-0.9792,0.1659
3.0000,-0.9907,0.0859
3.0000,-0.9976,0.0024
4.0000,0.0039,0.0003
4.0000,0.0011,-0.0066
4.0000,0.0000,-0.0122
4.0000,0.0075,-0.0094
4.0000,0.0067,-0.0153
4.0000,0.0062,-0.0210
4.0000,0.0113,-0.0210
4.0000,0.0142,-0.0233
4.0000,0.0194,-0.0230
4.0000,0.0277,-0.0194
4.0000,0.0309,-0.0204
4.0000,0.0370,-0.0182
4.0000,0.0345,-0.0240
4.0000,0.0451,-0.0160
4.0000,0.0453,-0.0177
4.0000,0.0548,-0.0093
4.0000,0.0545,-0.0098
4.0000,0.0615,-0.0022
4.0000,0.0654,0.0034
4.0000,0.0649,0.0056
4.0000,0.0701,0.0145
4.0000,0.0725,0.0216
4.0000,0.0697,0.0246
4.0000,0.0737,0.0354
4.0000,0.0725,0.0420
4.0000,0.0694,0.0477
4.0000,0.0669,0.0549
4.0000,0.0694,0.0680
4.0000,0.0668,0.0768
4.0000,0.0573,0.0795
4.0000,0.0532,0.0881
4.0000,0.0498,0.0980
4.0000,0.0405,0.1023
4.0000,0.0299,0.1057
4.0000,0.0225,0.1123
4.0000,0.0122,0.1162
4.0000,0.0073,0.1254
4.0000,-0.0064,0.1254
4.0000,-0.0183,0.1270
4.0000,-0.0304,0.1278
4.0000,-0.0369,0.1335
4.0000,-0.0553,0.1264
4.0000,-0.0670,0.1251
4.0000,-0.0765,0.1250
4.0000,-0.0846,0.1249
4.0000,-0.0968,0.1195
4.0000,-0.1157,0.1058
4.0000,-0.1229,0.1024
4.0000,-0.1380,0.0893
4.0000,-0.1467,0.0809
4.0000,-0.1524,0.0738
4.0000,-0.1602,0.0627
4.0000,-0.1710,0.0467
4.0000,-0.1759,0.0346
4.0000,-0.1795,0.0220
4.0000,-0.1861,0.0044
4.0000,-0.1894,-0.0117
4.0000,-0.1935,-0.0305
4.0000,-0.1942,-0.0476
4.0000,-0.1911,-0.0627
4.0000,-0.1845,-0.0759
4.0000,-0.1822,-0.0948
4.0000,-0.1765,-0.1118
4.0000,-0.1705,-0.1296
4.0000,-0.1586,-0.1426
4.0000,-0.1532,-0.1630
4.0000,-0.1375,-0.1738
4.0000,-0.1270,-0.1903
4.0000,-0.1112,-0.2019
4.0000,-0.0967,-0.2149
4.0000,-0.0805,-0.2262
4.0000,-0.0581,-0.2309
4.0000,-0.0390,-0.2384
4.0000,-0.0199,-0.2451
4.0000,-0.0016,-0.2516
4.0000,0.0188,-0.2548
4.0000,0.0416,-0.2543
4.0000,0.0613,-0.2552
4.0000,0.0856,-0.2497
4.0000,0.1115,-0.2406
4.0000,0.1298,-0.2369
4.0000,0.1521,-0.2268
4.0000,0.1735,-0.2152
4.0000,0.1909,-0.2049
4.0000,0.2066,-0.1935
4.0000,0.2253,-0.1764
4.0000,0.2426,-0.1576
4.0000,0.2571,-0.1387
4.0000,0.2765,-0.1120
4.0000,0.2884,-0.0896
4.0000,0.2971,-0.0675
4.0000,0.3006,-0.0476
4.0000,0.3084,-0.0205
4.0000,0.3108,0.0041
4.0000,0.3185,0.0367
4.0000,0.3130,0.0586
4.0000,0.3152,0.0907
4.0000,0.3074,0.1151
4.0000,0.3019,0.1438
4.0000,0.2879,0.1659
4.0000,0.2772,0.1929
4.0000,0.2607,0.2155
4.0000,0.2489,0.2438
4.0000,0.2253,0.2612
4.0000,0.2054,0.2828
4.0000,0.1795,0.2987
4.0000,0.1578,0.3187
4.0000,0.1297,0.3319
4.0000,0.1085,0.3513
4.0000,0.0732,0.3556
4.0000,0.0451,0.3658
4.0000,0.0188,0.3761
4.0000,-0.0153,0.3768
4.0000,-0.0496,0.3750
4.0000,-0.0800,0.3746
4.0000,-0.1120,0.3699
4.0000,-0.1473,0.3589
4.0000,-0.1731,0.3541
4.0000,-0.2072,0.3376
4.0000,-0.2339,0.3248
4.0000,-0.2604,0.3085
4.0000,-0.2901,0.2850
4.0000,-0.3130,0.2642
4.0000,-0.3367,0.2386
4.0000,-0.3646,0.2045
4.0000,-0.3809,0.1779
4.0000,-0.3996,0.1447
4.0000,-0.4130,0.1127
4.0000,-0.4223,0.0807
4.0000,-0.4281,0.0482
4.0000,-0.4352,0.0105
4.0000,-0.4428,-0.0313
4.0000,-0.4406,-0.0668
4.0000,-0.4310,-0.0982
4.0000,-0.4263,-0.1373
4.0000,-0.4168,-0.1745
4.0000,-0.4086,-0.2155
4.0000,-0.3901,-0.2482
4.0000,-0.3690,-0.2800
4.0000,-0.3508,-0.3162
4.0000,-0.3193,-0.3402
4.0000,-0.2925,-0.3695
4.0000,-0.2658,-0.3990
4.0000,-0.2283,-0.4177
4.0000,-0.1927,-0.4376
4.0000,-0.1584,-0.4580
4.0000,-0.1249,-0.4777
4.0000,-0.0800,-0.4841
4.0000,-0.0397,-0.4931
4.0000,-0.0021,-0.5021
4.0000,0.0430,-0.5006
4.0000,0.0846,-0.4995
4.0000,0.1293,-0.4915
4.0000,0.1673,-0.4863
4.0000,0.2116,-0.4705
4.0000,0.2479,-0.4583
4.0000,0.2927,-0.4328
4.0000,0.3277,-0.4122
4.0000,0.3667,-0.3824
4.0000,0.3928,-0.3605
4.0000,0.4309,-0.3210
4.0000,0.4541,-0.2912
4.0000,0.4817,-0.2515
4.0000,0.5027,-0.2131
4.0000,0.5239,-0.1692
4.0000,0.5420,-0.1231
4.0000,0.5538,-0.0782
4.0000,0.5594,-0.0346
4.0000,0.5611,0.0097
4.0000,0.5650,0.0607
4.0000,0.5633,0.1102
4.0000,0.5551,0.1571
4.0000,0.5383,0.1988
4.0000,0.5240,0.2462
4.0000,0.5079,0.2944
4.0000,0.4849,0.3380
4.0000,0.4555,0.3769
4.0000,0.4224,0.4136
4.0000,0.3863,0.4481
4.0000,0.3495,0.4822
4.0000,0.3165,0.5200
4.0000,0.2680,0.5416
4.0000,0.2220,0.5646
4.0000,0.1800,0.5899
4.0000,0.1278,0.6028
4.0000,0.0745,0.6119
4.0000,0.0273,0.6240
4.0000,-0.0299,0.6224
4.0000,-0.0819,0.6221
4.0000,-0.1321,0.6191
4.0000,-0.1821,0.6115
4.0000,-0.2362,0.5944
4.0000,-0.2855,0.5768
4.0000,-0.3378,0.5503
4.0000,-0.3828,0.5251
4.0000,-0.4298,0.4917
4.0000,-0.4663,0.4623
4.0000,-0.5103,0.4190
4.0000,-0.5428,0.3804
4.0000,-0.5792,0.3314
4.0000,-0.6059,0.2856
4.0000,-0.6292,0.2366
4.0000,-0.6542,0.1795
4.0000,-0.6659,0.1294
4.0000,-0.6832,0.0678
4.0000,-0.6856,0.0153
4.0000,-0.6853,-0.0399
4.0000,-0.6840,-0.0994
4.0000,-0.6811,-0.1620
4.0000,-0.6625,-0.2131
4.0000,-0.6449,-0.2691
4.0000,-0.6250,-0.3262
4.0000,-0.6000,-0.3810
4.0000,-0.5651,-0.4282
4.0000,-0.5299,-0.4768
4.0000,-0.4956,-0.5276
4.0000,-0.4462,-0.5638
4.0000,-0.4005,-0.6037
4.0000,-0.3489,-0.6369
4.0000,-0.2997,-0.6714
4.0000,-0.2407,-0.6941
4.0000,-0.1850,-0.7178
4.0000,-0.1257,-0.7347
4.0000,-0.0615,-0.7431
4.0000,-0.0032,-0.7532
4.0000,0.0592,-0.7546
4.0000,0.1261,-0.7461
4.0000,0.1894,-0.7357
4.0000,0.2544,-0.7175
4.0000,0.3126,-0.6996
4.0000,0.3721,-0.6736
4.0000,0.4305,-0.6416
4.0000,0.4787,-0.6124
4.0000,0.5345,-0.5681
4.0000,0.5816,-0.5246
4.0000,0.6298,-0.4724
4.0000,0.6678,-0.4225
4.0000,0.7039,-0.3667
4.0000,0.7376,-0.3056
4.0000,0.7635,-0.2446
4.0000,0.7852,-0.1804
4.0000,0.7954,-0.1204
4.0000,0.8101,-0.0491
4.0000,0.8157,0.0196
4.0000,0.8139,0.0871
4.0000,0.8023,0.1505
4.0000,0.7938,0.2222
4.0000,0.7754,0.2888
4.0000,0.7544,0.3568
4.0000,0.7236,0.4186
4.0000,0.6852,0.4757
4.0000,0.6481,0.5363
4.0000,0.5997,0.5872
4.0000,0.5548,0.6425
4.0000,0.5028,0.6909
4.0000,0.4428,0.7306
4.0000,0.3776,0.7640
4.0000,0.3170,0.8000
4.0000,0.2479,0.8249
4.0000,0.1763,0.8439
4.0000,0.1079,0.8620
4.0000,0.0392,0.8752
4.0000,-0.0367,0.8759
4.0000,-0.1096,0.8738
4.0000,-0.1839,0.8638
4.0000,-0.2558,0.8493
4.0000,-0.3280,0.8271
4.0000,-0.4001,0.7972
4.0000,-0.4681,0.7633
4.0000,-0.5263,0.7308
4.0000,-0.5937,0.6804
4.0000,-0.6469,0.6352
4.0000,-0.6977,0.5836
4.0000,-0.7477,0.5235
4.0000,-0.7933,0.4589
4.0000,-0.8360,0.3882
4.0000,-0.8665,0.3208
4.0000,-0.8929,0.2488
4.0000,-0.9136,0.1742
4.0000,-0.9304,0.0953
4.0000,-0.9372,0.0189
4.0000,-0.9396,-0.0605
4.0000,-0.9359,-0.1404
4.0000,-0.9202,-0.2147
4.0000,-0.9056,-0.2956
4.0000,-0.8763,-0.3669
4.0000,-0.8510,-0.4464
4.0000,-0.8074,-0.5113
4.0000,-0.7691,-0.5842
4.0000,-0.7195,-0.6480
4.0000,-0.6670,-0.7101
4.0000,-0.6047,-0.7629
4.0000,-0.5430,-0.8160
4.0000,-0.4723,-0.8590
4.0000,-0.4001,-0.8984
4.0000,-0.3270,-0.9343
4.0000,-0.2440,-0.9566
4.0000,-0.1631,-0.9769
4.0000,-0.0848,-0.9946
4.0000,-0.0014,-1.0014
