1.0000,-0.0569,-0.0579
1.0000,0.0260,0.0240
1.0000,-0.0952,-0.0982
1.0000,-0.1208,-0.1248
1.0000,0.1280,0.1231
1.0000,-0.0440,-0.0499
1.0000,-0.0011,-0.0080
1.0000,0.0739,0.0660
1.0000,-0.0256,-0.0345
1.0000,-0.0770,-0.0869
1.0000,0.0228,0.0120
1.0000,0.1293,0.1175
1.0000,-0.0775,-0.0902
1.0000,0.1252,0.1115
1.0000,0.0195,0.0049
1.0000,0.0694,0.0538
1.0000,0.0219,0.0053
1.0000,-0.0308,-0.0483
1.0000,0.0824,0.0640
1.0000,0.0327,0.0134
1.0000,-0.0252,-0.0455
1.0000,0.1127,0.0915
1.0000,0.0250,0.0029
1.0000,0.0132,-0.0099
1.0000,0.1357,0.1117
1.0000,-0.0529,-0.0778
1.0000,0.0745,0.0487
1.0000,0.0886,0.0619
1.0000,0.0997,0.0721
1.0000,0.1121,0.0836
1.0000,0.0176,-0.0119
1.0000,-0.0554,-0.0858
1.0000,0.0372,0.0059
1.0000,0.0410,0.0088
1.0000,0.1517,0.1186
1.0000,-0.0638,-0.0977
1.0000,0.0863,0.0515
1.0000,0.0814,0.0458
1.0000,-0.0391,-0.0756
1.0000,0.0458,0.0084
1.0000,-0.0118,-0.0500
1.0000,-0.0227,-0.0619
1.0000,0.0350,-0.0050
1.0000,0.0168,-0.0241
1.0000,-0.0670,-0.1087
1.0000,0.1329,0.0903
1.0000,-0.0370,-0.0804
1.0000,0.1434,0.0992
1.0000,0.0047,-0.0404
1.0000,-0.0096,-0.0556
1.0000,0.1580,0.1113
1.0000,-0.0247,-0.0723
1.0000,0.1157,0.0673
1.0000,0.1308,0.0815
1.0000,0.1334,0.0833
1.0000,0.0855,0.0346
1.0000,-0.0361,-0.0877
1.0000,0.0681,0.0156
1.0000,0.0943,0.0410
1.0000,-0.0174,-0.0715
1.0000,0.1462,0.0914
1.0000,0.0571,0.0015
1.0000,0.1894,0.1330
1.0000,0.0581,0.0008
1.0000,0.1621,0.1040
1.0000,-0.0344,-0.0932
1.0000,0.0138,-0.0458
1.0000,0.1152,0.0548
1.0000,-0.0290,-0.0901
1.0000,-0.0062,-0.0681
1.0000,0.1700,0.1073
1.0000,0.1239,0.0605
1.0000,0.1919,0.1277
1.0000,0.1536,0.0887
1.0000,0.0420,-0.0237
1.0000,0.1524,0.0860
1.0000,0.1960,0.1289
1.0000,0.1686,0.1007
1.0000,-0.0206,-0.0892
1.0000,-0.0092,-0.0785
1.0000,0.0453,-0.0248
1.0000,0.1511,0.0803
1.0000,0.0186,-0.0529
1.0000,0.1892,0.1170
1.0000,0.1438,0.0709
1.0000,0.0575,-0.0162
1.0000,0.1556,0.0813
1.0000,0.0345,-0.0405
1.0000,0.1330,0.0572
1.0000,0.1506,0.0742
1.0000,0.0567,-0.0204
1.0000,0.0848,0.0070
1.0000,0.0066,-0.0719
1.0000,0.2178,0.1386
1.0000,0.1607,0.0809
1.0000,0.1966,0.1161
1.0000,-0.0161,-0.0973
1.0000,0.0889,0.0071
1.0000,0.1232,0.0408
1.0000,0.0959,0.0128
1.0000,0.1763,0.0925
1.0000,0.0487,-0.0357
1.0000,0.1944,0.1094
1.0000,0.0043,-0.0814
1.0000,0.0055,-0.0808
1.0000,-0.0133,-0.1003
1.0000,0.0259,-0.0617
1.0000,0.0328,-0.0554
1.0000,0.0236,-0.0652
1.0000,0.2030,0.1136
1.0000,0.1017,0.0117
1.0000,0.1920,0.1013
1.0000,0.1596,0.0684
1.0000,0.1585,0.0667
1.0000,0.0476,-0.0449
1.0000,0.0654,-0.0276
1.0000,0.0807,-0.0129
1.0000,0.0955,0.0013
1.0000,0.1985,0.1037
1.0000,0.2123,0.1169
1.0000,0.1356,0.0396
1.0000,0.0420,-0.0545
1.0000,0.0999,0.0028
1.0000,0.0440,-0.0536
1.0000,0.0162,-0.0821
1.0000,0.1891,0.0904
1.0000,0.1263,0.0269
1.0000,0.1745,0.0747
1.0000,0.1097,0.0093
1.0000,0.0178,-0.0831
1.0000,0.0472,-0.0543
1.0000,0.0422,-0.0598
1.0000,0.0755,-0.0270
1.0000,0.1858,0.0827
1.0000,0.1355,0.0319
1.0000,0.2039,0.0998
1.0000,0.2399,0.1353
1.0000,0.0353,-0.0698
1.0000,0.1007,-0.0049
1.0000,0.0495,-0.0566
1.0000,0.0590,-0.0475
1.0000,0.2091,0.1020
1.0000,0.1453,0.0377
1.0000,0.0439,-0.0641
1.0000,0.0271,-0.0814
1.0000,0.0751,-0.0339
1.0000,0.1414,0.0320
1.0000,0.2012,0.0913
1.0000,0.0207,-0.0897
1.0000,0.0474,-0.0635
1.0000,0.1582,0.0469
1.0000,0.2014,0.0896
1.0000,0.1525,0.0403
1.0000,0.1628,0.0502
1.0000,0.2408,0.1277
1.0000,0.0826,-0.0309
1.0000,0.2722,0.1583
1.0000,0.2063,0.0920
1.0000,0.0345,-0.0803
1.0000,0.2116,0.0964
1.0000,0.0761,-0.0394
1.0000,0.2656,0.1496
1.0000,0.2406,0.1242
1.0000,0.2233,0.1065
1.0000,0.2167,0.0995
1.0000,0.1642,0.0466
1.0000,0.0817,-0.0363
1.0000,0.2552,0.1368
1.0000,0.1192,0.0004
1.0000,0.0952,-0.0239
1.0000,0.0501,-0.0694
1.0000,0.1501,0.0303
1.0000,0.1449,0.0247
1.0000,0.0547,-0.0659
1.0000,0.1168,-0.0041
1.0000,0.1020,-0.0193
1.0000,0.0556,-0.0660
1.0000,0.1723,0.0503
1.0000,0.1831,0.0608
1.0000,0.0859,-0.0368
1.0000,0.2087,0.0857
1.0000,0.1337,0.0104
1.0000,0.2818,0.1582
1.0000,0.1234,-0.0006
1.0000,0.2343,0.1101
1.0000,0.0599,-0.0647
1.0000,0.1135,-0.0113
1.0000,0.2359,0.1108
1.0000,0.3001,0.1747
1.0000,0.2994,0.1737
1.0000,0.2990,0.1730
1.0000,0.1622,0.0359
1.0000,0.0815,-0.0450
1.0000,0.0742,-0.0526
1.0000,0.3053,0.1782
1.0000,0.1212,-0.0062
1.0000,0.1469,0.0192
1.0000,0.2037,0.0758
1.0000,0.0879,-0.0403
1.0000,0.2489,0.1205
1.0000,0.2009,0.0722
1.0000,0.2034,0.0745
1.0000,0.1612,0.0321
1.0000,0.2511,0.1218
1.0000,0.1122,-0.0174
1.0000,0.3097,0.1799
1.0000,0.2500,0.1199
1.0000,0.1129,-0.0173
1.0000,0.1508,0.0204
1.0000,0.2690,0.1384
1.0000,0.2570,0.1261
1.0000,0.2128,0.0818
1.0000,0.0784,-0.0528
1.0000,0.1749,0.0435
1.0000,0.1915,0.0599
1.0000,0.2177,0.0859
1.0000,0.3182,0.1863
1.0000,0.0882,-0.0439
1.0000,0.1304,-0.0019
1.0000,0.0866,-0.0458
1.0000,0.1413,0.0087
1.0000,0.2862,0.1534
1.0000,0.2449,0.1120
1.0000,0.3178,0.1847
1.0000,0.2766,0.1434
1.0000,0.2224,0.0890
1.0000,0.0934,-0.0401
1.0000,0.0914,-0.0422
1.0000,0.3183,0.1845
1.0000,0.1591,0.0252
1.0000,0.1122,-0.0217
1.0000,0.1137,-0.0204
1.0000,0.1750,0.0408
1.0000,0.1263,-0.0080
1.0000,0.2580,0.1236
1.0000,0.2919,0.1574
1.0000,0.2911,0.1566
1.0000,0.2869,0.1523
1.0000,0.1751,0.0404
1.0000,0.2474,0.1126
1.0000,0.1568,0.0219
1.0000,0.1843,0.0494
1.0000,0.3315,0.1965
1.0000,0.3215,0.1865
1.0000,0.1237,-0.0114
1.0000,0.3497,0.2146
1.0000,0.2390,0.1039
1.0000,0.1410,0.0058
1.0000,0.2448,0.1095
1.0000,0.3566,0.2213
1.0000,0.1547,0.0194
1.0000,0.2829,0.1475
1.0000,0.1855,0.0501
1.0000,0.1237,-0.0117
1.0000,0.2399,0.1045
1.0000,0.2516,0.1162
1.0000,0.2021,0.0667
1.0000,0.2207,0.0854
1.0000,0.1572,0.0218
1.0000,0.2375,0.1021
1.0000,0.2292,0.0939
1.0000,0.3519,0.2166
1.0000,0.3297,0.1944
1.0000,0.2467,0.1115
1.0000,0.1787,0.0434
1.0000,0.2725,0.1373
1.0000,0.1406,0.0054
1.0000,0.3568,0.2217
1.0000,0.2493,0.1143
1.0000,0.2626,0.1277
1.0000,0.2108,0.0759
1.0000,0.1543,0.0195
1.0000,0.2764,0.1416
1.0000,0.2607,0.1260
1.0000,0.2006,0.0660
1.0000,0.2789,0.1444
1.0000,0.3351,0.2006
1.0000,0.2795,0.1451
1.0000,0.3576,0.2234
1.0000,0.2353,0.1011
1.0000,0.2131,0.0791
1.0000,0.3558,0.2219
1.0000,0.2133,0.0795
1.0000,0.2127,0.0791
1.0000,0.1763,0.0428
1.0000,0.1456,0.0122
1.0000,0.2371,0.1038
1.0000,0.2352,0.1021
1.0000,0.1946,0.0616
1.0000,0.1853,0.0525
1.0000,0.3646,0.2319
1.0000,0.1787,0.0461
1.0000,0.1836,0.0512
1.0000,0.2325,0.1003
1.0000,0.1593,0.0273
1.0000,0.2014,0.0695
1.0000,0.2105,0.0788
1.0000,0.3310,0.1995
1.0000,0.3120,0.1807
1.0000,0.3259,0.1948
1.0000,0.1598,0.0289
1.0000,0.3062,0.1755
1.0000,0.3075,0.1770
1.0000,0.2700,0.1397
1.0000,0.3247,0.1947
1.0000,0.2113,0.0815
1.0000,0.2898,0.1602
1.0000,0.1676,0.0382
1.0000,0.2275,0.0983
1.0000,0.3427,0.2138
1.0000,0.2992,0.1705
1.0000,0.2591,0.1306
1.0000,0.2302,0.1020
1.0000,0.3956,0.2677
1.0000,0.2491,0.1214
1.0000,0.2262,0.0989
1.0000,0.2492,0.1221
1.0000,0.4058,0.2790
1.0000,0.2223,0.0958
1.0000,0.1837,0.0574
1.0000,0.3432,0.2172
1.0000,0.1891,0.0634
1.0000,0.3684,0.2430
1.0000,0.2642,0.1391
1.0000,0.3623,0.2375
1.0000,0.4025,0.2780
1.0000,0.1996,0.0754
1.0000,0.1848,0.0610
1.0000,0.2472,0.1237
1.0000,0.2741,0.1509
1.0000,0.1991,0.0763
1.0000,0.3063,0.1839
1.0000,0.3484,0.2263
1.0000,0.3145,0.1927
1.0000,0.2638,0.1424
1.0000,0.1985,0.0774
1.0000,0.3581,0.2374
1.0000,0.2323,0.1119
1.0000,0.3383,0.2183
1.0000,0.3817,0.2622
1.0000,0.2601,0.1409
1.0000,0.2541,0.1353
1.0000,0.2846,0.1662
1.0000,0.2773,0.1593
1.0000,0.3877,0.2701
1.0000,0.2242,0.1070
1.0000,0.3801,0.2632
1.0000,0.1835,0.0671
1.0000,0.3761,0.2601
1.0000,0.2776,0.1620
1.0000,0.2861,0.1710
1.0000,0.3765,0.2618
1.0000,0.4089,0.2946
1.0000,0.4095,0.2957
1.0000,0.3197,0.2064
1.0000,0.4094,0.2965
1.0000,0.3120,0.1996
1.0000,0.2988,0.1868
1.0000,0.3152,0.2037
1.0000,0.2778,0.1668
1.0000,0.2366,0.1261
1.0000,0.4083,0.2982
1.0000,0.3219,0.2123
1.0000,0.2078,0.0987
1.0000,0.3971,0.2885
1.0000,0.2312,0.1231
1.0000,0.2308,0.1232
1.0000,0.2159,0.1088
1.0000,0.3543,0.2477
1.0000,0.2278,0.1217
1.0000,0.2498,0.1442
1.0000,0.2031,0.0980
1.0000,0.2243,0.1197
1.0000,0.3581,0.2541
1.0000,0.2134,0.1099
1.0000,0.2734,0.1705
1.0000,0.4323,0.3299
1.0000,0.2463,0.1445
1.0000,0.2311,0.1298
1.0000,0.2239,0.1232
1.0000,0.3244,0.2243
1.0000,0.4053,0.3057
1.0000,0.2012,0.1023
1.0000,0.3673,0.2689
1.0000,0.4034,0.3056
1.0000,0.3677,0.2705
1.0000,0.3599,0.2633
1.0000,0.1979,0.1019
1.0000,0.4026,0.3071
1.0000,0.4302,0.3354
1.0000,0.4311,0.3368
1.0000,0.3618,0.2682
1.0000,0.3434,0.2504
1.0000,0.3310,0.2387
1.0000,0.3707,0.2790
1.0000,0.2899,0.1988
1.0000,0.2808,0.1904
1.0000,0.2157,0.1259
1.0000,0.4048,0.3157
1.0000,0.3928,0.3043
1.0000,0.3470,0.2592
1.0000,0.2121,0.1249
1.0000,0.2829,0.1964
1.0000,0.4392,0.3534
1.0000,0.3521,0.2670
1.0000,0.4500,0.3655
1.0000,0.2897,0.2059
1.0000,0.2477,0.1646
1.0000,0.3023,0.2199
1.0000,0.3639,0.2822
1.0000,0.3534,0.2724
1.0000,0.2701,0.1898
1.0000,0.2938,0.2142
1.0000,0.2860,0.2071
1.0000,0.2103,0.1322
1.0000,0.2997,0.2223
1.0000,0.3021,0.2254
1.0000,0.4469,0.3709
1.0000,0.2352,0.1600
1.0000,0.3676,0.2931
1.0000,0.4461,0.3724
1.0000,0.2805,0.2075
1.0000,0.3959,0.3237
1.0000,0.4532,0.3817
1.0000,0.3656,0.2949
1.0000,0.4535,0.3836
1.0000,0.4521,0.3830
1.0000,0.3632,0.2949
1.0000,0.2982,0.2307
1.0000,0.3353,0.2685
1.0000,0.4054,0.3394
1.0000,0.2869,0.2217
1.0000,0.3851,0.3207
1.0000,0.2844,0.2209
1.0000,0.2786,0.2159
1.0000,0.2866,0.2247
1.0000,0.4189,0.3579
1.0000,0.2171,0.1569
1.0000,0.3470,0.2876
1.0000,0.3701,0.3116
1.0000,0.4495,0.3918
1.0000,0.4170,0.3601
1.0000,0.2210,0.1650
1.0000,0.3286,0.2735
1.0000,0.3808,0.3265
1.0000,0.3282,0.2748
1.0000,0.3397,0.2872
1.0000,0.3822,0.3305
1.0000,0.2787,0.2279
1.0000,0.3116,0.2617
1.0000,0.3379,0.2888
1.0000,0.2404,0.1923
1.0000,0.3052,0.2580
1.0000,0.3380,0.2916
1.0000,0.4523,0.4069
1.0000,0.3699,0.3254
1.0000,0.2658,0.2221
1.0000,0.3286,0.2859
1.0000,0.2879,0.2461
1.0000,0.2722,0.2314
1.0000,0.2917,0.2518
1.0000,0.2202,0.1812
1.0000,0.3514,0.3134
1.0000,0.3527,0.3156
1.0000,0.2614,0.2253
1.0000,0.3193,0.2842
1.0000,0.2745,0.2403
1.0000,0.3550,0.3218
1.0000,0.4418,0.4095
1.0000,0.2293,0.1980
1.0000,0.2334,0.2031
1.0000,0.4509,0.4216
1.0000,0.4754,0.4471
1.0000,0.2668,0.2394
1.0000,0.4622,0.4358
1.0000,0.2639,0.2386
1.0000,0.2470,0.2226
1.0000,0.2784,0.2551
1.0000,0.4524,0.4300
1.0000,0.3150,0.2936
1.0000,0.2890,0.2687
1.0000,0.2902,0.2709
1.0000,0.2910,0.2728
1.0000,0.2762,0.2590
1.0000,0.4698,0.4537
1.0000,0.2639,0.2488
1.0000,0.2593,0.2453
1.0000,0.4375,0.4245
1.0000,0.4037,0.3918
1.0000,0.2407,0.2299
1.0000,0.4757,0.4659
1.0000,0.3713,0.3625
1.0000,0.2512,0.2435
1.0000,0.4698,0.4632
1.0000,0.4741,0.4686
1.0000,0.3203,0.3159
1.0000,0.3732,0.3699
1.0000,0.2748,0.2726
1.0000,0.4637,0.4626
1.0000,0.2910,0.2910
1.0000,0.3844,0.3855
1.0000,0.3305,0.3327
1.0000,0.4227,0.4260
1.0000,0.2395,0.2440
1.0000,0.4037,0.4093
1.0000,0.3606,0.3673
1.0000,0.3773,0.3852
1.0000,0.4401,0.4492
1.0000,0.3876,0.3977
1.0000,0.3483,0.3597
1.0000,0.3208,0.3333
1.0000,0.3536,0.3673
1.0000,0.3776,0.3924
1.0000,0.2929,0.3088
1.0000,0.4173,0.4345
1.0000,0.3676,0.3859
1.0000,0.2437,0.2633
1.0000,0.3338,0.3545
1.0000,0.2981,0.3200
1.0000,0.4689,0.4919
1.0000,0.3391,0.3634
1.0000,0.2310,0.2565
1.0000,0.3703,0.3970
1.0000,0.2827,0.3107
1.0000,0.3661,0.3953
1.0000,0.4470,0.4774
1.0000,0.3341,0.3657
1.0000,0.2834,0.3162
1.0000,0.2737,0.3078
1.0000,0.4490,0.4843
1.0000,0.3271,0.3636
1.0000,0.2499,0.2877
1.0000,0.4263,0.4654
1.0000,0.3585,0.3989
1.0000,0.2700,0.3116
1.0000,0.3040,0.3469
1.0000,0.4505,0.4946
1.0000,0.3610,0.4064
1.0000,0.4523,0.4989
1.0000,0.3513,0.3993
1.0000,0.3905,0.4397
1.0000,0.3159,0.3664
1.0000,0.4334,0.4852
1.0000,0.2710,0.3241
1.0000,0.3780,0.4324
1.0000,0.4681,0.5238
1.0000,0.4311,0.4882
1.0000,0.3618,0.4202
1.0000,0.3460,0.4057
1.0000,0.3309,0.3920
1.0000,0.4768,0.5392
1.0000,0.3216,0.3853
1.0000,0.3001,0.3652
1.0000,0.3572,0.4236
1.0000,0.4543,0.5220
1.0000,0.2758,0.3449
1.0000,0.4232,0.4936
1.0000,0.2950,0.3668
1.0000,0.3956,0.4687
1.0000,0.4036,0.4782
1.0000,0.4800,0.5559
1.0000,0.2982,0.3755
1.0000,0.2695,0.3482
1.0000,0.2401,0.3201
1.0000,0.4463,0.5278
1.0000,0.3383,0.4211
1.0000,0.4595,0.5437
1.0000,0.2576,0.3433
1.0000,0.3819,0.4690
1.0000,0.3966,0.4851
1.0000,0.4255,0.5154
1.0000,0.2858,0.3771
1.0000,0.3475,0.4402
1.0000,0.3680,0.4622
1.0000,0.2823,0.3778
1.0000,0.2740,0.3710
1.0000,0.2884,0.3868
1.0000,0.3205,0.4204
1.0000,0.3322,0.4335
1.0000,0.2862,0.3890
1.0000,0.3989,0.5032
1.0000,0.2691,0.3748
1.0000,0.3475,0.4547
1.0000,0.3180,0.4267
1.0000,0.4816,0.5917
1.0000,0.2450,0.3566
1.0000,0.4520,0.5651
1.0000,0.2760,0.3906
1.0000,0.4497,0.5657
1.0000,0.3041,0.4217
1.0000,0.3590,0.4781
1.0000,0.4029,0.5234
1.0000,0.4559,0.5780
1.0000,0.3782,0.5018
1.0000,0.2287,0.3538
1.0000,0.2877,0.4143
1.0000,0.4209,0.5491
1.0000,0.4741,0.6038
1.0000,0.2306,0.3618
1.0000,0.4696,0.6023
1.0000,0.2405,0.3748
1.0000,0.4205,0.5564
1.0000,0.2620,0.3993
1.0000,0.3299,0.4688
1.0000,0.2537,0.3942
1.0000,0.2896,0.4316
1.0000,0.4276,0.5712
1.0000,0.2626,0.4077
1.0000,0.2383,0.3851
1.0000,0.4609,0.6092
1.0000,0.2731,0.4230
1.0000,0.4689,0.6203
1.0000,0.2783,0.4314
1.0000,0.3096,0.4643
1.0000,0.3300,0.4863
1.0000,0.3039,0.4618
1.0000,0.4734,0.6328
1.0000,0.4643,0.6254
1.0000,0.3545,0.5172
1.0000,0.4138,0.5781
1.0000,0.3154,0.4813
1.0000,0.3749,0.5424
1.0000,0.3968,0.5659
1.0000,0.3667,0.5375
1.0000,0.4241,0.5965
1.0000,0.2459,0.4200
1.0000,0.3562,0.5320
1.0000,0.3129,0.4902
1.0000,0.3564,0.5354
1.0000,0.3158,0.4965
1.0000,0.2304,0.4128
1.0000,0.3179,0.5019
1.0000,0.4605,0.6462
1.0000,0.4465,0.6339
1.0000,0.2601,0.4491
1.0000,0.3652,0.5559
1.0000,0.3325,0.5249
1.0000,0.3078,0.5019
1.0000,0.3994,0.5951
1.0000,0.3087,0.5062
1.0000,0.2645,0.4636
1.0000,0.2466,0.4475
1.0000,0.3748,0.5774
1.0000,0.4258,0.6301
1.0000,0.2463,0.4522
1.0000,0.2540,0.4617
1.0000,0.2963,0.5057
1.0000,0.3833,0.5945
1.0000,0.2215,0.4344
1.0000,0.4376,0.6522
1.0000,0.4487,0.6650
1.0000,0.3443,0.5624
1.0000,0.3344,0.5542
1.0000,0.3277,0.5492
1.0000,0.4320,0.6553
1.0000,0.3257,0.5507
1.0000,0.4506,0.6774
1.0000,0.4609,0.6895
1.0000,0.2888,0.5192
1.0000,0.3664,0.5986
1.0000,0.4306,0.6645
1.0000,0.4607,0.6964
1.0000,0.4407,0.6781
1.0000,0.2392,0.4785
1.0000,0.3504,0.5914
1.0000,0.3288,0.5717
1.0000,0.3538,0.5984
1.0000,0.2906,0.5371
1.0000,0.3617,0.6099
1.0000,0.4191,0.6692
1.0000,0.3210,0.5729
1.0000,0.2832,0.5369
1.0000,0.2393,0.4948
1.0000,0.3076,0.5649
1.0000,0.3246,0.5837
1.0000,0.4263,0.6872
1.0000,0.3216,0.5844
1.0000,0.2215,0.4861
1.0000,0.2282,0.4946
1.0000,0.2448,0.5131
1.0000,0.4206,0.6908
1.0000,0.3929,0.6649
1.0000,0.2112,0.4851
1.0000,0.3532,0.6289
1.0000,0.3646,0.6422
1.0000,0.4216,0.7011
1.0000,0.3322,0.6135
1.0000,0.2624,0.5456
1.0000,0.4213,0.7064
1.0000,0.2112,0.4981
1.0000,0.2594,0.5482
1.0000,0.4358,0.7265
1.0000,0.4331,0.7257
1.0000,0.3089,0.6033
1.0000,0.3326,0.6289
1.0000,0.3757,0.6739
1.0000,0.3352,0.6353
1.0000,0.3397,0.6418
1.0000,0.2231,0.5271
1.0000,0.3564,0.6623
1.0000,0.2714,0.5792
1.0000,0.2071,0.5169
1.0000,0.3742,0.6858
1.0000,0.2190,0.5326
1.0000,0.1977,0.5133
1.0000,0.2049,0.5224
1.0000,0.3124,0.6318
1.0000,0.4145,0.7358
1.0000,0.3170,0.6403
1.0000,0.1944,0.5196
1.0000,0.2533,0.5805
1.0000,0.2272,0.5563
1.0000,0.4017,0.7328
1.0000,0.4087,0.7418
1.0000,0.3189,0.6540
1.0000,0.2719,0.6089
1.0000,0.2724,0.6114
1.0000,0.3599,0.7008
1.0000,0.4119,0.7548
1.0000,0.3133,0.6582
1.0000,0.3716,0.7185
1.0000,0.2095,0.5583
1.0000,0.3551,0.7060
1.0000,0.3635,0.7163
1.0000,0.4110,0.7659
1.0000,0.2884,0.6453
1.0000,0.3088,0.6677
1.0000,0.4095,0.7703
1.0000,0.3472,0.7101
1.0000,0.3897,0.7546
1.0000,0.1764,0.5434
1.0000,0.3028,0.6717
1.0000,0.2488,0.6197
1.0000,0.2859,0.6589
1.0000,0.1813,0.5563
1.0000,0.3511,0.7282
1.0000,0.3699,0.7490
1.0000,0.3236,0.7048
1.0000,0.3954,0.7786
1.0000,0.2376,0.6229
1.0000,0.3260,0.7133
1.0000,0.1837,0.5731
1.0000,0.2134,0.6048
1.0000,0.3690,0.7625
1.0000,0.3603,0.7559
1.0000,0.3749,0.7725
1.0000,0.3758,0.7755
1.0000,0.3866,0.7883
1.0000,0.3104,0.7143
1.0000,0.3788,0.7847
1.0000,0.3111,0.7191
1.0000,0.3167,0.7267
1.0000,0.2319,0.6441
1.0000,0.3468,0.7611
1.0000,0.3229,0.7392
1.0000,0.2132,0.6317
1.0000,0.3926,0.8132
1.0000,0.2212,0.6439
1.0000,0.2219,0.6467
1.0000,0.3961,0.8229
1.0000,0.1833,0.6122
1.0000,0.1646,0.5957
1.0000,0.3774,0.8106
1.0000,0.3549,0.7902
1.0000,0.2777,0.7152
1.0000,0.1495,0.5891
1.0000,0.3667,0.8084
1.0000,0.3008,0.7446
1.0000,0.3432,0.7891
1.0000,0.3538,0.8020
1.0000,0.2492,0.6995
1.0000,0.3092,0.7616
1.0000,0.2964,0.7509
1.0000,0.3750,0.8317
1.0000,0.3200,0.7788
1.0000,0.1602,0.6212
1.0000,0.2167,0.6799
1.0000,0.3022,0.7676
1.0000,0.3558,0.8233
1.0000,0.2025,0.6722
1.0000,0.3041,0.7760
1.0000,0.3874,0.8614
1.0000,0.2433,0.7195
1.0000,0.1529,0.6313
1.0000,0.1429,0.6234
1.0000,0.3756,0.8583
1.0000,0.2160,0.7009
1.0000,0.1977,0.6848
1.0000,0.3195,0.8088
1.0000,0.1363,0.6278
1.0000,0.3048,0.7985
1.0000,0.2038,0.6997
1.0000,0.1802,0.6784
1.0000,0.3564,0.8567
1.0000,0.3442,0.8467
1.0000,0.2815,0.7862
1.0000,0.1365,0.6435
1.0000,0.2967,0.8059
1.0000,0.2801,0.7915
1.0000,0.3719,0.8855
1.0000,0.1280,0.6438
1.0000,0.1700,0.6881
1.0000,0.1373,0.6576
1.0000,0.3272,0.8497
1.0000,0.2950,0.8197
1.0000,0.3572,0.8842
1.0000,0.1328,0.6621
1.0000,0.1444,0.6759
1.0000,0.3014,0.8352
1.0000,0.1261,0.6621
1.0000,0.3370,0.8753
1.0000,0.1999,0.7404
1.0000,0.3342,0.8770
1.0000,0.2449,0.7900
1.0000,0.1493,0.6966
1.0000,0.3225,0.8721
1.0000,0.1551,0.7070
1.0000,0.2509,0.8050
1.0000,0.1540,0.7104
1.0000,0.2285,0.7872
1.0000,0.3230,0.8840
1.0000,0.2346,0.7978
1.0000,0.2935,0.8590
1.0000,0.2422,0.8100
1.0000,0.1783,0.7484
1.0000,0.2039,0.7763
1.0000,0.2242,0.7989
1.0000,0.1427,0.7196
1.0000,0.0958,0.6751
1.0000,0.1018,0.6834
1.0000,0.1713,0.7552
1.0000,0.2455,0.8317
1.0000,0.1461,0.7345
1.0000,0.1501,0.7409
1.0000,0.2948,0.8880
1.0000,0.3204,0.9159
1.0000,0.1402,0.7379
1.0000,0.2530,0.8531
1.0000,0.2713,0.8737
1.0000,0.2701,0.8748
1.0000,0.3213,0.9283
1.0000,0.1204,0.7298
1.0000,0.3013,0.9130
1.0000,0.2731,0.8871
1.0000,0.2503,0.8666
1.0000,0.2500,0.8687
1.0000,0.2046,0.8257
1.0000,0.0941,0.7175
1.0000,0.1891,0.8149
1.0000,0.1052,0.7333
1.0000,0.0761,0.7065
1.0000,0.2185,0.8513
1.0000,0.2598,0.8950
1.0000,0.2565,0.8940
1.0000,0.1075,0.7473
1.0000,0.0730,0.7153
1.0000,0.2049,0.8495
1.0000,0.2756,0.9225
1.0000,0.2239,0.8733
1.0000,0.2595,0.9112
1.0000,0.2583,0.9124
1.0000,0.2890,0.9455
1.0000,0.1640,0.8228
1.0000,0.1897,0.8509
1.0000,0.2016,0.8651
1.0000,0.2627,0.9287
1.0000,0.2864,0.9548
1.0000,0.2737,0.9444
1.0000,0.1808,0.8539
1.0000,0.1668,0.8423
1.0000,0.0723,0.7502
1.0000,0.2256,0.9059
1.0000,0.2354,0.9181
1.0000,0.1581,0.8432
1.0000,0.2915,0.9790
1.0000,0.0853,0.7752
1.0000,0.0874,0.7797
1.0000,0.1176,0.8123
1.0000,0.2050,0.9021
1.0000,0.1768,0.8763
1.0000,0.2509,0.9528
1.0000,0.0650,0.7694
1.0000,0.0371,0.7439
1.0000,0.1494,0.8586
1.0000,0.0858,0.7974
1.0000,0.1848,0.8988
1.0000,0.0450,0.7615
1.0000,0.2471,0.9660
1.0000,0.0515,0.7728
1.0000,0.2435,0.9672
1.0000,0.2137,0.9398
1.0000,0.0361,0.7647
1.0000,0.2130,0.9441
1.0000,0.1580,0.8914
1.0000,0.1227,0.8586
1.0000,0.2730,1.0113
1.0000,0.2696,1.0104
1.0000,0.0873,0.8306
1.0000,0.1963,0.9420
1.0000,0.2501,0.9982
1.0000,0.0279,0.7785
1.0000,0.0358,0.7888
1.0000,0.0461,0.8016
1.0000,0.0933,0.8512
1.0000,0.0205,0.7809
1.0000,0.2588,1.0217
1.0000,0.1695,0.9349
1.0000,0.1157,0.8835
1.0000,0.0083,0.7785
1.0000,0.2087,0.9814
1.0000,0.0633,0.8384
1.0000,0.0253,0.8030
1.0000,0.0956,0.8757
1.0000,0.0742,0.8568
1.0000,0.2140,0.9991
1.0000,0.1776,0.9651
1.0000,0.2416,1.0316
1.0000,0.2165,1.0089
1.0000,-0.0081,0.7869
1.0000,0.1333,0.9307
1.0000,0.2195,1.0195
1.0000,0.0994,0.9019
1.0000,-0.0010,0.8039
1.0000,0.1611,0.9685
1.0000,0.0938,0.9037
1.0000,0.1498,0.9622
1.0000,0.1280,0.9429
1.0000,0.0866,0.9039
1.0000,0.1302,0.9500
1.0000,-0.0240,0.7983
1.0000,0.2196,1.0444
1.0000,0.2052,1.0325
1.0000,-0.0027,0.8271
1.0000,0.1458,0.9781
1.0000,0.0513,0.8861
1.0000,0.0701,0.9075
1.0000,0.1979,1.0378
1.0000,-0.0197,0.8227
1.0000,0.0155,0.8603
1.0000,0.0730,0.9203
1.0000,0.0721,0.9220
1.0000,0.1789,1.0313
1.0000,0.0661,0.9210
1.0000,0.0753,0.9327
1.0000,0.1340,0.9939
1.0000,-0.0115,0.8509
1.0000,0.1142,0.9792
1.0000,0.0836,0.9511
1.0000,0.0404,0.9104
1.0000,-0.0481,0.8244
1.0000,0.0105,0.8856
1.0000,0.1871,1.0647
1.0000,0.1490,1.0291
1.0000,0.1589,1.0415
1.0000,0.1754,1.0605
1.0000,0.0387,0.9264
1.0000,0.1913,1.0816
1.0000,-0.0504,0.8424
1.0000,0.1558,1.0511
1.0000,0.1729,1.0707
1.0000,0.1372,1.0376
1.0000,-0.0259,0.8770
1.0000,0.1811,1.0865
1.0000,0.1173,1.0253
1.0000,-0.0666,0.8439
1.0000,-0.0669,0.8461
1.0000,0.1047,1.0203
1.0000,-0.0002,0.9180
1.0000,0.0815,1.0022
1.0000,0.0115,0.9347
1.0000,0.0413,0.9671
1.0000,-0.0823,0.8460
1.0000,0.1534,1.0843
1.0000,-0.0420,0.8914
1.0000,-0.0877,0.8483
1.0000,-0.0256,0.9129
1.0000,0.0223,0.9633
1.0000,0.0791,1.0227
1.0000,0.1513,1.0974
1.0000,0.0350,0.9837
1.0000,0.0671,1.0184
1.0000,0.0437,0.9975
1.0000,0.1208,1.0772
1.0000,0.1235,1.0825
1.0000,-0.0449,0.9166
1.0000,0.1275,1.0916
1.0000,0.0603,1.0269
1.0000,0.0731,1.0423
1.0000,0.0246,0.9964
1.0000,-0.0797,0.8946
1.0000,-0.0328,0.9441
1.0000,0.1392,1.1187
1.0000,0.0433,1.0253
1.0000,-0.0799,0.9047
1.0000,0.1156,1.1027
1.0000,0.0469,1.0366
1.0000,0.1021,1.0944
1.0000,-0.0657,0.9291
1.0000,0.1250,1.1225
1.0000,0.0630,1.0630
2.0000,-0.0759,-0.0749
2.0000,-0.1017,-0.0997
2.0000,0.0581,0.0611
2.0000,0.1041,0.1081
2.0000,0.0809,0.0859
2.0000,0.0496,0.0557
2.0000,-0.0546,-0.0475
2.0000,-0.0837,-0.0756
2.0000,0.1207,0.1298
2.0000,-0.0897,-0.0796
2.0000,0.1249,0.1361
2.0000,0.0214,0.0336
2.0000,0.0004,0.0136
2.0000,-0.1157,-0.1014
2.0000,-0.0531,-0.0378
2.0000,-0.0939,-0.0775
2.0000,0.1176,0.1350
2.0000,0.0034,0.0219
2.0000,0.0212,0.0408
2.0000,0.0140,0.0346
2.0000,0.0671,0.0888
2.0000,0.0338,0.0565
2.0000,-0.0613,-0.0375
2.0000,0.0132,0.0380
2.0000,-0.0338,-0.0079
2.0000,-0.0496,-0.0226
2.0000,0.0866,0.1147
2.0000,-0.0228,0.0064
2.0000,-0.0238,0.0065
2.0000,-0.0549,-0.0235
2.0000,0.0380,0.0705
2.0000,-0.0669,-0.0334
2.0000,0.0275,0.0621
2.0000,-0.0025,0.0333
2.0000,-0.0964,-0.0595
2.0000,0.0952,0.1331
2.0000,-0.1200,-0.0809
2.0000,0.0367,0.0769
2.0000,0.1098,0.1511
2.0000,-0.1052,-0.0628
2.0000,-0.0945,-0.0510
2.0000,0.0676,0.1123
2.0000,0.0259,0.0717
2.0000,0.0099,0.0568
2.0000,-0.0971,-0.0490
2.0000,-0.1271,-0.0779
2.0000,-0.0993,-0.0489
2.0000,0.1149,0.1664
2.0000,0.0514,0.1041
2.0000,-0.1296,-0.0758
2.0000,-0.1197,-0.0648
2.0000,-0.0059,0.0502
2.0000,-0.0545,0.0027
2.0000,0.0617,0.1201
2.0000,0.0529,0.1125
2.0000,-0.0619,-0.0012
2.0000,-0.0251,0.0367
2.0000,0.0049,0.0680
2.0000,-0.0416,0.0226
2.0000,-0.0123,0.0531
2.0000,0.0904,0.1569
2.0000,-0.0564,0.0113
2.0000,0.0788,0.1477
2.0000,-0.0613,0.0088
2.0000,-0.0817,-0.0105
2.0000,-0.0243,0.0482
2.0000,0.0576,0.1313
2.0000,0.0269,0.1018
2.0000,0.0902,0.1663
2.0000,0.0113,0.0886
2.0000,-0.0693,0.0091
2.0000,0.0710,0.1507
2.0000,0.0604,0.1413
2.0000,0.0308,0.1129
2.0000,-0.1172,-0.0339
2.0000,0.1098,0.1943
2.0000,-0.1044,-0.0187
2.0000,-0.0591,0.0278
2.0000,0.0528,0.1410
2.0000,0.0774,0.1668
2.0000,0.0073,0.0980
2.0000,0.0672,0.1590
2.0000,-0.0362,0.0569
2.0000,-0.0939,0.0004
2.0000,-0.0275,0.0681
2.0000,-0.0184,0.0784
2.0000,-0.0859,0.0122
2.0000,0.0707,0.1700
2.0000,0.0654,0.1660
2.0000,0.0013,0.1031
2.0000,-0.1156,-0.0126
2.0000,-0.0624,0.0419
2.0000,0.1057,0.2112
2.0000,-0.0873,0.0195
2.0000,-0.1144,-0.0063
2.0000,-0.1068,0.0025
2.0000,-0.0635,0.0471
2.0000,-0.1270,-0.0151
2.0000,-0.1390,-0.0258
2.0000,-0.0880,0.0264
2.0000,0.0747,0.1904
2.0000,-0.0119,0.1051
2.0000,-0.0555,0.0628
2.0000,-0.0653,0.0543
2.0000,-0.0418,0.0790
2.0000,0.0007,0.1229
2.0000,0.0485,0.1719
2.0000,-0.1066,0.0181
2.0000,0.0106,0.1365
2.0000,0.0437,0.1710
2.0000,-0.1018,0.0268
2.0000,0.0463,0.1761
2.0000,-0.1453,-0.0142
2.0000,-0.1270,0.0055
2.0000,0.0745,0.2083
2.0000,-0.1031,0.0320
2.0000,0.0221,0.1585
2.0000,-0.0700,0.0678
2.0000,0.0599,0.1990
2.0000,-0.1384,0.0020
2.0000,-0.0446,0.0971
2.0000,-0.1157,0.0273
2.0000,-0.1367,0.0077
2.0000,-0.1192,0.0265
2.0000,-0.0183,0.1287
2.0000,-0.1233,0.0250
2.0000,0.0361,0.1857
2.0000,-0.1484,0.0026
2.0000,-0.0671,0.0852
2.0000,-0.0493,0.1043
2.0000,-0.0880,0.0670
2.0000,0.0827,0.2391
2.0000,-0.0714,0.0863
2.0000,-0.1384,0.0206
2.0000,-0.1163,0.0441
2.0000,0.0805,0.2422
2.0000,-0.1499,0.0132
2.0000,-0.0099,0.1545
2.0000,-0.0671,0.0988
2.0000,-0.0189,0.1483
2.0000,0.0826,0.2512
2.0000,-0.1306,0.0393
2.0000,-0.0196,0.1517
2.0000,-0.0741,0.0986
2.0000,-0.1271,0.0469
2.0000,-0.0631,0.1123
2.0000,-0.0989,0.0778
2.0000,0.0742,0.2523
2.0000,0.0535,0.2330
2.0000,-0.1216,0.0593
2.0000,-0.0709,0.1113
2.0000,0.0429,0.2265
2.0000,-0.0944,0.0906
2.0000,-0.0278,0.1586
2.0000,-0.1528,0.0350
2.0000,-0.1462,0.0430
2.0000,0.0319,0.2225
2.0000,-0.0883,0.1037
2.0000,0.0688,0.2622
2.0000,-0.0944,0.1004
2.0000,0.0425,0.2387
2.0000,0.0197,0.2172
2.0000,-0.1247,0.0742
2.0000,0.0689,0.2692
2.0000,-0.1435,0.0582
2.0000,0.0012,0.2044
2.0000,-0.0716,0.1330
2.0000,0.0180,0.2240
2.0000,-0.1598,0.0476
2.0000,-0.1490,0.0599
2.0000,-0.0639,0.1463
2.0000,0.0598,0.2714
2.0000,0.0690,0.2820
2.0000,0.0330,0.2475
2.0000,0.0677,0.2836
2.0000,0.0317,0.2491
2.0000,0.0453,0.2641
2.0000,-0.0726,0.1476
2.0000,-0.1377,0.0839
2.0000,0.0591,0.2822
2.0000,-0.0281,0.1964
2.0000,-0.0923,0.1337
2.0000,-0.0123,0.2150
2.0000,0.0220,0.2508
2.0000,-0.0412,0.1891
2.0000,-0.0052,0.2265
2.0000,-0.0081,0.2250
2.0000,-0.1257,0.1089
2.0000,0.0690,0.3051
2.0000,-0.1347,0.1028
2.0000,0.0365,0.2755
2.0000,-0.1043,0.1361
2.0000,0.0544,0.2962
2.0000,-0.1841,0.0591
2.0000,-0.0003,0.2444
2.0000,-0.0203,0.2259
2.0000,-0.0168,0.2309
2.0000,-0.1831,0.0660
2.0000,-0.1672,0.0833
2.0000,-0.1466,0.1054
2.0000,-0.0794,0.1740
2.0000,-0.0755,0.1795
2.0000,-0.0733,0.1831
2.0000,0.0574,0.3152
2.0000,-0.1121,0.1473
2.0000,-0.0083,0.2525
2.0000,-0.0708,0.1915
2.0000,-0.1104,0.1533
2.0000,-0.1721,0.0932
2.0000,-0.0210,0.2457
2.0000,-0.0359,0.2322
2.0000,-0.1163,0.1533
2.0000,-0.0131,0.2580
2.0000,-0.0766,0.1960
2.0000,-0.0450,0.2291
2.0000,-0.0440,0.2316
2.0000,-0.1252,0.1518
2.0000,-0.0881,0.1904
2.0000,0.0451,0.3252
2.0000,-0.1934,0.0881
2.0000,-0.0438,0.2392
2.0000,0.0184,0.3028
2.0000,0.0142,0.3002
2.0000,-0.0178,0.2697
2.0000,-0.0673,0.2217
2.0000,-0.1497,0.1408
2.0000,-0.0066,0.2853
2.0000,-0.0115,0.2820
2.0000,-0.0166,0.2784
2.0000,0.0275,0.3240
2.0000,-0.1128,0.1851
2.0000,-0.1180,0.1815
2.0000,-0.0320,0.2690
2.0000,-0.1118,0.1906
2.0000,-0.2029,0.1011
2.0000,0.0008,0.3063
2.0000,-0.1260,0.1810
2.0000,0.0246,0.3330
2.0000,-0.1989,0.1111
2.0000,-0.0454,0.2661
2.0000,-0.1845,0.1285
2.0000,-0.1667,0.1478
2.0000,-0.1211,0.1950
2.0000,0.0110,0.3286
2.0000,-0.1284,0.1906
2.0000,-0.1610,0.1595
2.0000,-0.0885,0.2336
2.0000,0.0159,0.3395
2.0000,0.0141,0.3393
2.0000,-0.1011,0.2256
2.0000,-0.1347,0.1935
2.0000,-0.1097,0.2200
2.0000,-0.0332,0.2980
2.0000,-0.1362,0.1965
2.0000,-0.0292,0.3051
2.0000,-0.1969,0.1388
2.0000,-0.1118,0.2255
2.0000,-0.0668,0.2720
2.0000,-0.1491,0.1913
2.0000,-0.0382,0.3037
2.0000,-0.0017,0.3417
2.0000,-0.0974,0.2476
2.0000,-0.0172,0.3293
2.0000,-0.1087,0.2393
2.0000,-0.1768,0.1727
2.0000,-0.0766,0.2745
2.0000,-0.0199,0.3327
2.0000,-0.1942,0.1599
2.0000,-0.1508,0.2049
2.0000,-0.2210,0.1362
2.0000,-0.0066,0.3522
2.0000,-0.0166,0.3436
2.0000,0.0133,0.3751
2.0000,-0.2129,0.1504
2.0000,-0.1817,0.1832
2.0000,-0.1783,0.1881
2.0000,-0.1425,0.2254
2.0000,-0.1757,0.1938
2.0000,-0.2008,0.1702
2.0000,-0.2441,0.1284
2.0000,-0.2314,0.1427
2.0000,-0.1811,0.1945
2.0000,-0.2289,0.1483
2.0000,-0.0031,0.3757
2.0000,-0.1660,0.2142
2.0000,-0.2061,0.1757
2.0000,-0.0869,0.2965
2.0000,-0.1992,0.1858
2.0000,-0.1278,0.2586
2.0000,-0.0376,0.3505
2.0000,-0.1559,0.2337
2.0000,-0.2538,0.1373
2.0000,-0.0803,0.3124
2.0000,-0.0464,0.3478
2.0000,-0.0299,0.3658
2.0000,-0.2485,0.1488
2.0000,-0.2584,0.1404
2.0000,-0.2008,0.1996
2.0000,-0.2035,0.1985
2.0000,-0.2112,0.1923
2.0000,-0.0181,0.3869
2.0000,-0.1728,0.2338
2.0000,-0.1674,0.2408
2.0000,-0.0913,0.3184
2.0000,-0.1735,0.2377
2.0000,-0.2556,0.1572
2.0000,-0.1146,0.2998
2.0000,-0.0727,0.3432
2.0000,-0.0261,0.3914
2.0000,-0.0766,0.3424
2.0000,-0.1104,0.3101
2.0000,-0.2426,0.1795
2.0000,-0.2399,0.1838
2.0000,-0.1165,0.3088
2.0000,-0.0856,0.3412
2.0000,-0.2147,0.2136
2.0000,-0.2372,0.1927
2.0000,-0.0809,0.3506
2.0000,-0.2712,0.1618
2.0000,-0.2067,0.2279
2.0000,-0.0350,0.4012
2.0000,-0.1465,0.2912
2.0000,-0.2397,0.1996
2.0000,-0.0893,0.3515
2.0000,-0.1768,0.2656
2.0000,-0.1581,0.2858
2.0000,-0.2775,0.1680
2.0000,-0.1242,0.3228
2.0000,-0.2862,0.1623
2.0000,-0.1811,0.2691
2.0000,-0.0663,0.3854
2.0000,-0.0924,0.3608
2.0000,-0.2629,0.1919
2.0000,-0.2334,0.2230
2.0000,-0.0772,0.3807
2.0000,-0.0667,0.3928
2.0000,-0.2952,0.1659
2.0000,-0.2038,0.2589
2.0000,-0.2365,0.2277
2.0000,-0.0783,0.3875
2.0000,-0.0816,0.3857
2.0000,-0.1839,0.2849
2.0000,-0.1275,0.3429
2.0000,-0.3040,0.1680
2.0000,-0.1303,0.3432
2.0000,-0.1823,0.2927
2.0000,-0.2849,0.1917
2.0000,-0.2703,0.2079
2.0000,-0.2414,0.2384
2.0000,-0.0790,0.4023
2.0000,-0.0650,0.4179
2.0000,-0.1001,0.3843
2.0000,-0.2092,0.2768
2.0000,-0.1451,0.3425
2.0000,-0.1831,0.3060
2.0000,-0.1073,0.3834
2.0000,-0.1450,0.3472
2.0000,-0.2374,0.2564
2.0000,-0.2261,0.2693
2.0000,-0.2947,0.2022
2.0000,-0.2147,0.2837
2.0000,-0.1671,0.3328
2.0000,-0.0890,0.4126
2.0000,-0.1890,0.3141
2.0000,-0.0756,0.4290
2.0000,-0.1340,0.3721
2.0000,-0.2276,0.2801
2.0000,-0.1125,0.3968
2.0000,-0.2905,0.2203
2.0000,-0.1045,0.4079
2.0000,-0.2502,0.2637
2.0000,-0.1567,0.3588
2.0000,-0.3148,0.2023
2.0000,-0.1379,0.3807
2.0000,-0.2166,0.3035
2.0000,-0.2779,0.2438
2.0000,-0.1216,0.4016
2.0000,-0.1457,0.3791
2.0000,-0.3374,0.1889
2.0000,-0.1206,0.4072
2.0000,-0.2183,0.3112
2.0000,-0.3305,0.2005
2.0000,-0.3381,0.1945
2.0000,-0.0986,0.4354
2.0000,-0.1382,0.3974
2.0000,-0.1763,0.3608
2.0000,-0.2080,0.3307
2.0000,-0.0984,0.4418
2.0000,-0.2468,0.2950
2.0000,-0.1272,0.4161
2.0000,-0.1746,0.3703
2.0000,-0.2391,0.3073
2.0000,-0.2625,0.2854
2.0000,-0.1317,0.4178
2.0000,-0.2328,0.3182
2.0000,-0.1441,0.4085
2.0000,-0.2642,0.2899
2.0000,-0.1285,0.4271
2.0000,-0.1075,0.4497
2.0000,-0.3609,0.1978
2.0000,-0.1529,0.4073
2.0000,-0.3065,0.2553
2.0000,-0.1357,0.4276
2.0000,-0.1310,0.4339
2.0000,-0.3583,0.2081
2.0000,-0.2533,0.3146
2.0000,-0.2182,0.3513
2.0000,-0.2298,0.3411
2.0000,-0.1348,0.4377
2.0000,-0.1268,0.4473
2.0000,-0.3239,0.2517
2.0000,-0.2030,0.3740
2.0000,-0.1551,0.4235
2.0000,-0.1925,0.3876
2.0000,-0.2779,0.3038
2.0000,-0.1648,0.4184
2.0000,-0.2266,0.3581
2.0000,-0.2177,0.3686
2.0000,-0.3803,0.2075
2.0000,-0.1643,0.4250
2.0000,-0.3702,0.2206
2.0000,-0.3261,0.2663
2.0000,-0.2858,0.3080
2.0000,-0.3077,0.2877
2.0000,-0.2926,0.3043
2.0000,-0.2863,0.3121
2.0000,-0.2642,0.3357
2.0000,-0.3294,0.2720
2.0000,-0.2482,0.3548
2.0000,-0.1825,0.4220
2.0000,-0.2507,0.3553
2.0000,-0.3096,0.2979
2.0000,-0.3269,0.2820
2.0000,-0.1641,0.4464
2.0000,-0.3606,0.2514
2.0000,-0.2341,0.3794
2.0000,-0.2930,0.3220
2.0000,-0.3651,0.2513
2.0000,-0.1994,0.4186
2.0000,-0.3954,0.2241
2.0000,-0.2634,0.3576
2.0000,-0.1666,0.4559
2.0000,-0.3915,0.2325
2.0000,-0.1842,0.4412
2.0000,-0.3004,0.3266
2.0000,-0.4122,0.2162
2.0000,-0.1837,0.4463
2.0000,-0.3740,0.2575
2.0000,-0.3112,0.3218
2.0000,-0.3768,0.2576
2.0000,-0.4027,0.2333
2.0000,-0.3400,0.2974
2.0000,-0.2655,0.3734
2.0000,-0.2008,0.4396
2.0000,-0.1752,0.4666
2.0000,-0.3180,0.3254
2.0000,-0.2041,0.4407
2.0000,-0.4141,0.2322
2.0000,-0.3254,0.3224
2.0000,-0.3515,0.2978
2.0000,-0.2657,0.3850
2.0000,-0.3061,0.3461
2.0000,-0.2090,0.4447
2.0000,-0.3093,0.3458
2.0000,-0.3865,0.2702
2.0000,-0.3738,0.2843
2.0000,-0.2313,0.4283
2.0000,-0.2962,0.3648
2.0000,-0.3598,0.3027
2.0000,-0.3476,0.3163
2.0000,-0.4234,0.2420
2.0000,-0.3595,0.3074
2.0000,-0.4338,0.2346
2.0000,-0.3403,0.3295
2.0000,-0.3153,0.3559
2.0000,-0.3999,0.2728
2.0000,-0.2054,0.4687
2.0000,-0.2407,0.4349
2.0000,-0.2385,0.4386
2.0000,-0.4357,0.2428
2.0000,-0.2713,0.4086
2.0000,-0.3386,0.3428
2.0000,-0.3112,0.3716
2.0000,-0.3215,0.3628
2.0000,-0.3412,0.3445
2.0000,-0.4277,0.2595
2.0000,-0.2931,0.3955
2.0000,-0.4010,0.2890
2.0000,-0.2452,0.4462
2.0000,-0.4339,0.2589
2.0000,-0.3139,0.3804
2.0000,-0.4096,0.2862
2.0000,-0.2300,0.4672
2.0000,-0.4043,0.2943
2.0000,-0.4237,0.2763
2.0000,-0.4571,0.2444
2.0000,-0.4660,0.2369
2.0000,-0.3591,0.3452
2.0000,-0.4227,0.2830
2.0000,-0.4319,0.2752
2.0000,-0.4587,0.2498
2.0000,-0.3388,0.3711
2.0000,-0.3731,0.3383
2.0000,-0.4579,0.2548
2.0000,-0.3483,0.3659
2.0000,-0.2536,0.4620
2.0000,-0.4047,0.3123
2.0000,-0.4740,0.2444
2.0000,-0.4758,0.2439
2.0000,-0.4785,0.2427
2.0000,-0.4897,0.2328
2.0000,-0.3387,0.3852
2.0000,-0.3680,0.3574
2.0000,-0.3100,0.4167
2.0000,-0.2496,0.4785
2.0000,-0.3288,0.4007
2.0000,-0.2966,0.4343
2.0000,-0.4031,0.3291
2.0000,-0.4388,0.2948
2.0000,-0.2616,0.4735
2.0000,-0.3717,0.3647
2.0000,-0.4641,0.2737
2.0000,-0.4283,0.3108
2.0000,-0.4143,0.3263
2.0000,-0.4893,0.2526
2.0000,-0.3028,0.4404
2.0000,-0.4611,0.2835
2.0000,-0.4474,0.2986
2.0000,-0.5042,0.2431
2.0000,-0.4212,0.3275
2.0000,-0.5006,0.2495
2.0000,-0.3551,0.3963
2.0000,-0.3348,0.4179
2.0000,-0.2751,0.4791
2.0000,-0.3317,0.4237
2.0000,-0.4664,0.2904
2.0000,-0.5213,0.2368
2.0000,-0.4005,0.3590
2.0000,-0.4455,0.3154
2.0000,-0.3769,0.3853
2.0000,-0.3949,0.3686
2.0000,-0.4938,0.2710
2.0000,-0.4318,0.3344
2.0000,-0.4594,0.3081
2.0000,-0.4355,0.3334
2.0000,-0.2865,0.4837
2.0000,-0.4975,0.2740
2.0000,-0.4453,0.3274
2.0000,-0.3729,0.4013
2.0000,-0.2945,0.4809
2.0000,-0.3170,0.4598
2.0000,-0.3864,0.3917
2.0000,-0.4273,0.3520
2.0000,-0.3629,0.4178
2.0000,-0.3233,0.4586
2.0000,-0.3573,0.4260
2.0000,-0.4055,0.3790
2.0000,-0.4064,0.3794
2.0000,-0.3083,0.4789
2.0000,-0.4662,0.3223
2.0000,-0.4159,0.3738
2.0000,-0.4583,0.3327
2.0000,-0.4625,0.3298
2.0000,-0.4284,0.3652
2.0000,-0.3750,0.4198
2.0000,-0.5379,0.2583
2.0000,-0.3948,0.4026
2.0000,-0.3739,0.4248
2.0000,-0.3661,0.4338
2.0000,-0.5158,0.2855
2.0000,-0.4115,0.3910
2.0000,-0.5128,0.2910
2.0000,-0.3610,0.4440
2.0000,-0.4742,0.3321
2.0000,-0.5214,0.2861
2.0000,-0.4535,0.3553
2.0000,-0.4582,0.3518
2.0000,-0.4391,0.3722
2.0000,-0.3843,0.4283
2.0000,-0.5559,0.2579
2.0000,-0.5707,0.2443
2.0000,-0.4292,0.3871
2.0000,-0.5703,0.2472
2.0000,-0.4261,0.3926
2.0000,-0.3582,0.4618
2.0000,-0.5660,0.2552
2.0000,-0.4363,0.3861
2.0000,-0.3932,0.4304
2.0000,-0.4712,0.3536
2.0000,-0.5420,0.2841
2.0000,-0.5408,0.2865
2.0000,-0.4337,0.3948
2.0000,-0.4996,0.3301
2.0000,-0.3734,0.4575
2.0000,-0.5621,0.2700
2.0000,-0.4989,0.3344
2.0000,-0.5790,0.2555
2.0000,-0.4752,0.3605
2.0000,-0.3745,0.4624
2.0000,-0.3668,0.4713
2.0000,-0.5055,0.3337
2.0000,-0.4461,0.3944
2.0000,-0.4615,0.3802
2.0000,-0.6086,0.2343
2.0000,-0.3711,0.4729
2.0000,-0.5300,0.3152
2.0000,-0.3982,0.4481
2.0000,-0.5171,0.3304
2.0000,-0.5655,0.2831
2.0000,-0.4469,0.4030
2.0000,-0.4048,0.4462
2.0000,-0.4992,0.3529
2.0000,-0.6123,0.2410
2.0000,-0.5092,0.3453
2.0000,-0.5917,0.2639
2.0000,-0.5073,0.3494
2.0000,-0.4072,0.4506
2.0000,-0.4863,0.3727
2.0000,-0.4581,0.4020
2.0000,-0.4639,0.3974
2.0000,-0.4010,0.4614
2.0000,-0.5823,0.2812
2.0000,-0.5832,0.2814
2.0000,-0.4121,0.4537
2.0000,-0.6254,0.2415
2.0000,-0.5117,0.3563
2.0000,-0.5581,0.3110
2.0000,-0.5248,0.3455
2.0000,-0.4597,0.4117
2.0000,-0.4770,0.3955
2.0000,-0.5443,0.3293
2.0000,-0.5393,0.3354
2.0000,-0.5460,0.3297
2.0000,-0.5822,0.2946
2.0000,-0.5145,0.3634
2.0000,-0.4847,0.3943
2.0000,-0.6450,0.2350
2.0000,-0.4271,0.4541
2.0000,-0.5465,0.3357
2.0000,-0.6001,0.2832
2.0000,-0.5293,0.3550
2.0000,-0.4892,0.3963
2.0000,-0.5627,0.3237
2.0000,-0.5465,0.3410
2.0000,-0.5757,0.3129
2.0000,-0.4823,0.4073
2.0000,-0.5342,0.3565
2.0000,-0.6597,0.2320
2.0000,-0.6475,0.2453
2.0000,-0.5996,0.2943
2.0000,-0.6155,0.2793
2.0000,-0.5450,0.3509
2.0000,-0.6564,0.2405
2.0000,-0.6712,0.2267
2.0000,-0.6038,0.2951
2.0000,-0.4657,0.4344
2.0000,-0.6281,0.2729
2.0000,-0.6143,0.2877
2.0000,-0.5976,0.3054
2.0000,-0.4968,0.4073
2.0000,-0.6546,0.2504
2.0000,-0.6129,0.2932
2.0000,-0.5466,0.3605
2.0000,-0.5095,0.3986
2.0000,-0.5427,0.3663
2.0000,-0.5438,0.3663
2.0000,-0.4623,0.4487
2.0000,-0.6566,0.2554
2.0000,-0.5307,0.3823
2.0000,-0.6429,0.2710
2.0000,-0.6619,0.2530
2.0000,-0.6097,0.3062
2.0000,-0.5758,0.3410
2.0000,-0.6264,0.2914
2.0000,-0.6939,0.2249
2.0000,-0.5255,0.3942
2.0000,-0.6923,0.2284
2.0000,-0.5014,0.4202
2.0000,-0.7151,0.2074
2.0000,-0.5360,0.3875
2.0000,-0.6300,0.2944
2.0000,-0.6918,0.2336
2.0000,-0.5408,0.3855
2.0000,-0.7213,0.2059
2.0000,-0.4910,0.4371
2.0000,-0.7019,0.2272
2.0000,-0.5822,0.3478
2.0000,-0.4861,0.4447
2.0000,-0.6142,0.3175
2.0000,-0.7362,0.1965
2.0000,-0.5453,0.3883
2.0000,-0.6110,0.3234
2.0000,-0.6521,0.2832
2.0000,-0.5829,0.3534
2.0000,-0.7362,0.2009
2.0000,-0.4967,0.4413
2.0000,-0.7401,0.1988
2.0000,-0.6950,0.2447
2.0000,-0.4962,0.4444
2.0000,-0.7104,0.2311
2.0000,-0.5242,0.4181
2.0000,-0.5000,0.4432
2.0000,-0.5755,0.3685
2.0000,-0.6135,0.3314
2.0000,-0.6996,0.2462
2.0000,-0.6030,0.3436
2.0000,-0.6341,0.3133
2.0000,-0.7285,0.2197
2.0000,-0.6480,0.3011
2.0000,-0.6352,0.3147
2.0000,-0.6472,0.3036
2.0000,-0.5779,0.3737
2.0000,-0.6055,0.3470
2.0000,-0.5487,0.4045
2.0000,-0.5637,0.3904
2.0000,-0.6796,0.2752
2.0000,-0.7702,0.1855
2.0000,-0.6685,0.2880
2.0000,-0.5694,0.3878
2.0000,-0.7129,0.2451
2.0000,-0.6027,0.3562
2.0000,-0.6308,0.3288
2.0000,-0.6672,0.2932
2.0000,-0.7657,0.1954
2.0000,-0.6583,0.3037
2.0000,-0.6519,0.3108
2.0000,-0.5973,0.3662
2.0000,-0.7800,0.1842
2.0000,-0.5473,0.4176
2.0000,-0.7781,0.1876
2.0000,-0.6453,0.3212
2.0000,-0.5711,0.3961
2.0000,-0.5681,0.3998
2.0000,-0.6187,0.3500
2.0000,-0.7186,0.2508
2.0000,-0.5586,0.4116
2.0000,-0.5585,0.4124
2.0000,-0.5786,0.3930
2.0000,-0.7268,0.2455
2.0000,-0.7096,0.2634
2.0000,-0.6940,0.2798
2.0000,-0.6462,0.3282
2.0000,-0.5772,0.3979
2.0000,-0.6882,0.2877
2.0000,-0.6334,0.3431
2.0000,-0.7778,0.1994
2.0000,-0.7116,0.2663
2.0000,-0.6910,0.2876
2.0000,-0.6994,0.2798
2.0000,-0.5923,0.3876
2.0000,-0.6256,0.3550
2.0000,-0.7577,0.2235
2.0000,-0.8076,0.1743
2.0000,-0.8085,0.1741
2.0000,-0.6469,0.3363
2.0000,-0.8015,0.1824
2.0000,-0.6676,0.3169
2.0000,-0.5810,0.4041
2.0000,-0.5941,0.3917
2.0000,-0.6220,0.3644
2.0000,-0.5915,0.3955
2.0000,-0.5825,0.4051
2.0000,-0.5887,0.3996
2.0000,-0.6841,0.3048
2.0000,-0.5917,0.3978
2.0000,-0.7658,0.2243
2.0000,-0.6761,0.3146
2.0000,-0.8168,0.1745
2.0000,-0.7739,0.2179
2.0000,-0.8035,0.1890
2.0000,-0.6760,0.3170
2.0000,-0.6969,0.2968
2.0000,-0.8397,0.1545
2.0000,-0.8274,0.1674
2.0000,-0.7017,0.2936
2.0000,-0.8284,0.1675
2.0000,-0.6124,0.3840
2.0000,-0.7951,0.2019
2.0000,-0.7908,0.2068
2.0000,-0.8551,0.1430
2.0000,-0.8133,0.1853
2.0000,-0.6134,0.3857
2.0000,-0.7220,0.2777
2.0000,-0.7717,0.2285
2.0000,-0.8100,0.1907
2.0000,-0.6529,0.3484
2.0000,-0.6802,0.3216
2.0000,-0.7041,0.2982
2.0000,-0.6952,0.3076
2.0000,-0.6447,0.3586
2.0000,-0.8455,0.1583
2.0000,-0.7364,0.2678
2.0000,-0.8369,0.1679
2.0000,-0.8310,0.1742
2.0000,-0.7246,0.2811
2.0000,-0.7596,0.2466
2.0000,-0.7323,0.2743
2.0000,-0.6597,0.3474
2.0000,-0.7382,0.2694
2.0000,-0.7642,0.2438
2.0000,-0.6920,0.3165
2.0000,-0.6877,0.3213
2.0000,-0.8652,0.1442
2.0000,-0.6998,0.3100
2.0000,-0.7462,0.2640
2.0000,-0.6821,0.3286
2.0000,-0.8946,0.1165
2.0000,-0.7304,0.2812
2.0000,-0.7795,0.2324
2.0000,-0.7896,0.2228
2.0000,-0.8188,0.1939
2.0000,-0.7287,0.2844
2.0000,-0.7592,0.2544
2.0000,-0.7332,0.2808
2.0000,-0.8565,0.1579
2.0000,-0.8549,0.1599
2.0000,-0.6905,0.3246
2.0000,-0.6914,0.3241
2.0000,-0.7400,0.2759
2.0000,-0.7615,0.2547
2.0000,-0.9095,0.1071
2.0000,-0.8258,0.1912
2.0000,-0.8543,0.1630
2.0000,-0.6756,0.3421
2.0000,-0.7231,0.2948
2.0000,-0.6928,0.3255
2.0000,-0.7668,0.2518
2.0000,-0.8836,0.1353
2.0000,-0.7246,0.2947
2.0000,-0.8917,0.1279
2.0000,-0.8089,0.2110
2.0000,-0.8453,0.1750
2.0000,-0.9252,0.0953
2.0000,-0.8607,0.1602
2.0000,-0.7738,0.2473
2.0000,-0.7903,0.2311
2.0000,-0.9253,0.0964
2.0000,-0.8488,0.1731
2.0000,-0.8954,0.1268
2.0000,-0.8913,0.1312
2.0000,-0.8547,0.1680
2.0000,-0.9190,0.1041
2.0000,-0.9135,0.1098
2.0000,-0.9242,0.0993
2.0000,-0.8470,0.1768
2.0000,-0.6996,0.3244
2.0000,-0.7817,0.2425
2.0000,-0.7729,0.2516
2.0000,-0.7122,0.3126
2.0000,-0.7855,0.2394
2.0000,-0.9206,0.1046
2.0000,-0.8820,0.1434
2.0000,-0.7095,0.3161
2.0000,-0.7804,0.2454
2.0000,-0.9541,0.0719
2.0000,-0.8186,0.2076
2.0000,-0.7256,0.3008
2.0000,-0.8399,0.1867
2.0000,-0.8672,0.1595
2.0000,-0.8668,0.1601
2.0000,-0.7509,0.2762
2.0000,-0.8319,0.1953
2.0000,-0.8388,0.1886
2.0000,-0.7925,0.2351
2.0000,-0.8684,0.1593
2.0000,-0.7210,0.3068
2.0000,-0.7999,0.2281
2.0000,-0.8585,0.1696
2.0000,-0.8538,0.1745
2.0000,-0.9426,0.0857
2.0000,-0.9222,0.1062
2.0000,-0.9135,0.1151
2.0000,-0.9225,0.1062
2.0000,-0.7640,0.2648
2.0000,-0.7771,0.2518
2.0000,-0.9303,0.0987
2.0000,-0.8131,0.2160
2.0000,-0.7401,0.2890
2.0000,-0.8131,0.2161
2.0000,-0.9670,0.0623
2.0000,-0.7742,0.2552
2.0000,-0.9820,0.0474
2.0000,-0.8388,0.1907
2.0000,-0.8715,0.1581
2.0000,-0.7624,0.2672
2.0000,-0.7940,0.2356
2.0000,-0.9701,0.0596
2.0000,-0.7991,0.2306
2.0000,-0.7634,0.2664
2.0000,-0.7729,0.2569
2.0000,-0.7645,0.2653
2.0000,-0.9091,0.1207
2.0000,-0.9840,0.0458
2.0000,-0.8713,0.1585
2.0000,-0.7982,0.2316
2.0000,-0.9720,0.0578
2.0000,-0.9258,0.1039
2.0000,-0.8064,0.2233
2.0000,-0.9501,0.0796
2.0000,-1.0141,0.0156
2.0000,-0.9948,0.0349
2.0000,-0.8015,0.2281
2.0000,-0.9960,0.0336
2.0000,-0.9726,0.0569
2.0000,-0.9868,0.0427
2.0000,-0.9387,0.0908
2.0000,-0.8485,0.1808
2.0000,-0.9676,0.0617
2.0000,-0.8110,0.2182
2.0000,-0.9413,0.0878
2.0000,-0.8062,0.2228
2.0000,-0.8963,0.1326
2.0000,-0.8714,0.1575
2.0000,-0.8796,0.1492
2.0000,-0.9711,0.0575
2.0000,-0.8567,0.1719
2.0000,-0.9851,0.0434
2.0000,-0.8114,0.2169
2.0000,-0.9176,0.1106
2.0000,-0.8441,0.1839
2.0000,-0.9448,0.0831
2.0000,-0.8753,0.1524
2.0000,-0.8277,0.1999
2.0000,-1.0378,-0.0103
2.0000,-0.9875,0.0398
2.0000,-0.9030,0.1242
2.0000,-0.8567,0.1703
2.0000,-0.9514,0.0754
2.0000,-0.9570,0.0696
2.0000,-1.0020,0.0244
2.0000,-0.9042,0.1220
2.0000,-0.8586,0.1675
2.0000,-0.9086,0.1172
2.0000,-0.8607,0.1649
2.0000,-1.0108,0.0146
2.0000,-0.8421,0.1831
2.0000,-1.0343,-0.0093
2.0000,-0.9975,0.0273
2.0000,-1.0433,-0.0188
2.0000,-0.8593,0.1650
2.0000,-0.8704,0.1537
2.0000,-0.9932,0.0306
2.0000,-0.9278,0.0957
2.0000,-1.0576,-0.0343
2.0000,-1.0487,-0.0257
2.0000,-0.8387,0.1840
2.0000,-1.0056,0.0169
2.0000,-0.9382,0.0840
2.0000,-0.9553,0.0666
2.0000,-1.0386,-0.0170
2.0000,-1.0118,0.0095
2.0000,-0.9943,0.0268
2.0000,-0.9184,0.1023
2.0000,-0.9525,0.0679
2.0000,-1.0304,-0.0103
2.0000,-1.0583,-0.0386
2.0000,-0.9784,0.0410
2.0000,-1.0715,-0.0524
2.0000,-1.0254,-0.0067
2.0000,-1.0819,-0.0636
2.0000,-0.8969,0.1211
2.0000,-0.9388,0.0788
2.0000,-1.0172,0.0001
2.0000,-0.8543,0.1627
2.0000,-0.9729,0.0437
2.0000,-0.9799,0.0362
2.0000,-1.0883,-0.0725
2.0000,-0.8446,0.1709
2.0000,-1.0076,0.0074
2.0000,-0.9975,0.0171
2.0000,-0.8848,0.1294
2.0000,-0.8613,0.1525
2.0000,-0.9386,0.0748
2.0000,-0.9291,0.0838
2.0000,-0.9162,0.0963
2.0000,-0.8791,0.1330
2.0000,-0.9904,0.0212
2.0000,-1.0356,-0.0244
2.0000,-1.1027,-0.0919
2.0000,-0.9990,0.0113
2.0000,-1.0260,-0.0161
2.0000,-0.9807,0.0287
2.0000,-1.0931,-0.0842
2.0000,-0.8645,0.1439
2.0000,-0.9335,0.0744
2.0000,-0.9295,0.0779
2.0000,-1.0850,-0.0780
2.0000,-0.9489,0.0576
2.0000,-1.0083,-0.0024
2.0000,-0.9689,0.0365
2.0000,-0.9464,0.0585
2.0000,-1.1028,-0.0984
2.0000,-1.0062,-0.0024
2.0000,-1.0742,-0.0709
2.0000,-0.8900,0.1128
2.0000,-1.0963,-0.0941
2.0000,-1.1015,-0.0998
2.0000,-1.0571,-0.0559
2.0000,-1.0778,-0.0772
2.0000,-0.8929,0.1071
3.0000,-0.0996,-0.0986
3.0000,-0.0033,-0.0014
3.0000,-0.0501,-0.0471
3.0000,0.0625,0.0665
3.0000,0.0915,0.0965
3.0000,-0.1183,-0.1123
3.0000,-0.0952,-0.0883
3.0000,0.0923,0.1002
3.0000,-0.0465,-0.0376
3.0000,0.0897,0.0996
3.0000,-0.0586,-0.0478
3.0000,0.0424,0.0541
3.0000,0.0948,0.1076
3.0000,-0.0786,-0.0649
3.0000,-0.0542,-0.0396
3.0000,-0.0370,-0.0214
3.0000,0.1080,0.1246
3.0000,0.0176,0.0351
3.0000,-0.0732,-0.0548
3.0000,-0.0875,-0.0682
3.0000,-0.0360,-0.0157
3.0000,0.0924,0.1137
3.0000,-0.1362,-0.1140
3.0000,0.0036,0.0267
3.0000,-0.0720,-0.0480
3.0000,-0.0827,-0.0577
3.0000,0.0747,0.1005
3.0000,-0.0171,0.0097
3.0000,-0.1111,-0.0835
3.0000,-0.1439,-0.1153
3.0000,-0.0656,-0.0361
3.0000,-0.1452,-0.1148
3.0000,-0.0710,-0.0397
3.0000,-0.0698,-0.0377
3.0000,-0.0312,0.0018
3.0000,-0.1632,-0.1293
3.0000,-0.0667,-0.0319
3.0000,-0.1086,-0.0730
3.0000,0.0352,0.0718
3.0000,-0.0134,0.0240
3.0000,-0.1482,-0.1100
3.0000,-0.1566,-0.1175
3.0000,-0.0454,-0.0054
3.0000,-0.1054,-0.0646
3.0000,0.0348,0.0765
3.0000,-0.0238,0.0187
3.0000,0.0235,0.0669
3.0000,-0.1056,-0.0614
3.0000,0.0763,0.1214
3.0000,-0.0844,-0.0385
3.0000,-0.0793,-0.0325
3.0000,-0.1508,-0.1032
3.0000,0.0420,0.0904
3.0000,0.0588,0.1080
3.0000,-0.1543,-0.1042
3.0000,-0.1135,-0.0626
3.0000,-0.1354,-0.0837
3.0000,-0.0333,0.0192
3.0000,0.0140,0.0673
3.0000,-0.1642,-0.1101
3.0000,-0.0019,0.0530
3.0000,-0.1111,-0.0555
3.0000,-0.1843,-0.1278
3.0000,-0.1175,-0.0603
3.0000,-0.0669,-0.0088
3.0000,-0.0596,-0.0008
3.0000,-0.1673,-0.1077
3.0000,-0.1783,-0.1179
3.0000,-0.0568,0.0043
3.0000,-0.1035,-0.0416
3.0000,-0.0996,-0.0370
3.0000,-0.1931,-0.1297
3.0000,-0.0078,0.0563
3.0000,-0.0564,0.0085
3.0000,-0.0650,0.0007
3.0000,0.0249,0.0913
3.0000,-0.1512,-0.0840
3.0000,-0.1245,-0.0566
3.0000,-0.1235,-0.0549
3.0000,0.0127,0.0820
3.0000,-0.1338,-0.0637
3.0000,-0.0623,0.0085
3.0000,-0.0790,-0.0075
3.0000,-0.0531,0.0191
3.0000,-0.1330,-0.0601
3.0000,-0.2044,-0.1308
3.0000,-0.0765,-0.0022
3.0000,-0.1424,-0.0674
3.0000,-0.0416,0.0341
3.0000,-0.1237,-0.0473
3.0000,-0.1099,-0.0328
3.0000,-0.0729,0.0049
3.0000,-0.0738,0.0047
3.0000,-0.1144,-0.0353
3.0000,-0.0592,0.0206
3.0000,0.0198,0.1003
3.0000,0.0131,0.0943
3.0000,-0.2163,-0.1345
3.0000,-0.0500,0.0325
3.0000,-0.1745,-0.0914
3.0000,-0.0179,0.0659
3.0000,-0.0939,-0.0095
3.0000,-0.1437,-0.0586
3.0000,-0.0362,0.0495
3.0000,-0.1585,-0.0721
3.0000,-0.2066,-0.1196
3.0000,-0.1082,-0.0206
3.0000,-0.1536,-0.0654
3.0000,0.0136,0.1025
3.0000,-0.2101,-0.1206
3.0000,-0.0342,0.0559
3.0000,-0.0547,0.0360
3.0000,-0.0504,0.0409
3.0000,-0.1062,-0.0143
3.0000,-0.2203,-0.1279
3.0000,-0.1434,-0.0504
3.0000,-0.0647,0.0290
3.0000,-0.0084,0.0859
3.0000,-0.1882,-0.0934
3.0000,-0.1201,-0.0247
3.0000,-0.0739,0.0221
3.0000,-0.1816,-0.0851
3.0000,-0.2329,-0.1358
3.0000,-0.1409,-0.0432
3.0000,-0.0937,0.0045
3.0000,-0.0983,0.0004
3.0000,-0.2276,-0.1283
3.0000,-0.2289,-0.1291
3.0000,-0.1720,-0.0716
3.0000,-0.1364,-0.0355
3.0000,-0.2060,-0.1045
3.0000,-0.1510,-0.0490
3.0000,-0.0182,0.0843
3.0000,-0.0881,0.0149
3.0000,-0.1713,-0.0678
3.0000,-0.0653,0.0388
3.0000,-0.2366,-0.1321
3.0000,-0.1709,-0.0658
3.0000,-0.1441,-0.0385
3.0000,-0.1173,-0.0112
3.0000,-0.1687,-0.0621
3.0000,-0.2654,-0.1583
3.0000,-0.2635,-0.1560
3.0000,-0.2167,-0.1087
3.0000,-0.0830,0.0255
3.0000,-0.1801,-0.0711
3.0000,-0.0217,0.0878
3.0000,-0.0290,0.0809
3.0000,-0.0574,0.0530
3.0000,-0.1520,-0.0411
3.0000,-0.0342,0.0771
3.0000,-0.1556,-0.0438
3.0000,-0.0827,0.0295
3.0000,-0.1821,-0.0695
3.0000,-0.1655,-0.0524
3.0000,-0.0583,0.0552
3.0000,-0.1132,0.0007
3.0000,-0.0416,0.0728
3.0000,-0.0769,0.0379
3.0000,-0.0742,0.0410
3.0000,-0.0479,0.0677
3.0000,-0.1243,-0.0083
3.0000,-0.1438,-0.0274
3.0000,-0.2453,-0.1285
3.0000,-0.0512,0.0660
3.0000,-0.2164,-0.0988
3.0000,-0.2392,-0.1213
3.0000,-0.2769,-0.1585
3.0000,-0.0870,0.0318
3.0000,-0.1661,-0.0470
3.0000,-0.0765,0.0430
3.0000,-0.1795,-0.0596
3.0000,-0.2838,-0.1636
3.0000,-0.1758,-0.0552
3.0000,-0.1891,-0.0681
3.0000,-0.2609,-0.1396
3.0000,-0.2486,-0.1270
3.0000,-0.1427,-0.0207
3.0000,-0.1573,-0.0350
3.0000,-0.2242,-0.1015
3.0000,-0.1184,0.0045
3.0000,-0.1782,-0.0549
3.0000,-0.2831,-0.1595
3.0000,-0.1882,-0.0643
3.0000,-0.2337,-0.1095
3.0000,-0.0852,0.0393
3.0000,-0.0624,0.0625
3.0000,-0.2462,-0.1211
3.0000,-0.1821,-0.0567
3.0000,-0.1216,0.0041
3.0000,-0.2129,-0.0869
3.0000,-0.0904,0.0359
3.0000,-0.1187,0.0079
3.0000,-0.2418,-0.1150
3.0000,-0.3099,-0.1828
3.0000,-0.1713,-0.0439
3.0000,-0.1680,-0.0404
3.0000,-0.2679,-0.1400
3.0000,-0.1634,-0.0352
3.0000,-0.1633,-0.0349
3.0000,-0.2723,-0.1436
3.0000,-0.1416,-0.0127
3.0000,-0.3056,-0.1765
3.0000,-0.2390,-0.1097
3.0000,-0.1437,-0.0141
3.0000,-0.0775,0.0523
3.0000,-0.1924,-0.0624
3.0000,-0.1387,-0.0085
3.0000,-0.3021,-0.1717
3.0000,-0.1108,0.0199
3.0000,-0.2489,-0.1181
3.0000,-0.1393,-0.0083
3.0000,-0.0937,0.0376
3.0000,-0.2523,-0.1208
3.0000,-0.2468,-0.1152
3.0000,-0.1647,-0.0329
3.0000,-0.2577,-0.1258
3.0000,-0.1703,-0.0381
3.0000,-0.2896,-0.1572
3.0000,-0.2654,-0.1329
3.0000,-0.2204,-0.0878
3.0000,-0.2459,-0.1131
3.0000,-0.3047,-0.1718
3.0000,-0.2734,-0.1403
3.0000,-0.1977,-0.0645
3.0000,-0.1374,-0.0041
3.0000,-0.3237,-0.1902
3.0000,-0.2065,-0.0729
3.0000,-0.1682,-0.0344
3.0000,-0.1205,0.0134
3.0000,-0.2953,-0.1613
3.0000,-0.2950,-0.1609
3.0000,-0.0978,0.0363
3.0000,-0.2600,-0.1257
3.0000,-0.1459,-0.0115
3.0000,-0.2285,-0.0940
3.0000,-0.2244,-0.0899
3.0000,-0.3030,-0.1683
3.0000,-0.2856,-0.1509
3.0000,-0.2125,-0.0777
3.0000,-0.1533,-0.0185
3.0000,-0.2836,-0.1487
3.0000,-0.1318,0.0032
3.0000,-0.2395,-0.1045
3.0000,-0.1454,-0.0103
3.0000,-0.2666,-0.1314
3.0000,-0.1113,0.0239
3.0000,-0.1503,-0.0150
3.0000,-0.3134,-0.1781
3.0000,-0.1882,-0.0529
3.0000,-0.2889,-0.1536
3.0000,-0.1492,-0.0138
3.0000,-0.1222,0.0131
3.0000,-0.3392,-0.2038
3.0000,-0.1959,-0.0606
3.0000,-0.2323,-0.0969
3.0000,-0.2623,-0.1269
3.0000,-0.3165,-0.1811
3.0000,-0.2404,-0.1050
3.0000,-0.3060,-0.1706
3.0000,-0.2691,-0.1338
3.0000,-0.3568,-0.2215
3.0000,-0.2989,-0.1636
3.0000,-0.3575,-0.2222
3.0000,-0.2952,-0.1600
3.0000,-0.2800,-0.1449
3.0000,-0.3594,-0.2243
3.0000,-0.2192,-0.0841
3.0000,-0.3275,-0.1925
3.0000,-0.3601,-0.2252
3.0000,-0.3365,-0.2016
3.0000,-0.1626,-0.0277
3.0000,-0.2656,-0.1308
3.0000,-0.3070,-0.1723
3.0000,-0.1863,-0.0517
3.0000,-0.2959,-0.1614
3.0000,-0.3555,-0.2211
3.0000,-0.2847,-0.1504
3.0000,-0.2447,-0.1104
3.0000,-0.3084,-0.1743
3.0000,-0.2323,-0.0982
3.0000,-0.3503,-0.2164
3.0000,-0.3063,-0.1725
3.0000,-0.2364,-0.1027
3.0000,-0.2424,-0.1088
3.0000,-0.3023,-0.1688
3.0000,-0.1806,-0.0473
3.0000,-0.1553,-0.0221
3.0000,-0.2849,-0.1519
3.0000,-0.2484,-0.1155
3.0000,-0.3338,-0.2011
3.0000,-0.2622,-0.1297
3.0000,-0.2706,-0.1383
3.0000,-0.2379,-0.1057
3.0000,-0.2590,-0.1269
3.0000,-0.3598,-0.2279
3.0000,-0.1704,-0.0387
3.0000,-0.3309,-0.1994
3.0000,-0.1911,-0.0598
3.0000,-0.2471,-0.1160
3.0000,-0.2431,-0.1122
3.0000,-0.3396,-0.2089
3.0000,-0.3540,-0.2235
3.0000,-0.2965,-0.1662
3.0000,-0.1642,-0.0341
3.0000,-0.2606,-0.1307
3.0000,-0.3424,-0.2127
3.0000,-0.1737,-0.0443
3.0000,-0.3738,-0.2447
3.0000,-0.2303,-0.1014
3.0000,-0.2540,-0.1253
3.0000,-0.2272,-0.0988
3.0000,-0.1797,-0.0516
3.0000,-0.3591,-0.2312
3.0000,-0.2051,-0.0775
3.0000,-0.1531,-0.0257
3.0000,-0.2540,-0.1269
3.0000,-0.2146,-0.0878
3.0000,-0.2087,-0.0821
3.0000,-0.2515,-0.1253
3.0000,-0.3443,-0.2183
3.0000,-0.3177,-0.1920
3.0000,-0.3100,-0.1846
3.0000,-0.2603,-0.1353
3.0000,-0.1828,-0.0580
3.0000,-0.1758,-0.0513
3.0000,-0.2462,-0.1220
3.0000,-0.2387,-0.1149
3.0000,-0.1643,-0.0408
3.0000,-0.3373,-0.2141
3.0000,-0.3691,-0.2463
3.0000,-0.3645,-0.2420
3.0000,-0.2584,-0.1363
3.0000,-0.4005,-0.2787
3.0000,-0.1925,-0.0711
3.0000,-0.3438,-0.2228
3.0000,-0.4174,-0.2967
3.0000,-0.3676,-0.2473
3.0000,-0.1714,-0.0514
3.0000,-0.3189,-0.1994
3.0000,-0.3181,-0.1989
3.0000,-0.4142,-0.2954
3.0000,-0.2416,-0.1232
3.0000,-0.1951,-0.0771
3.0000,-0.1957,-0.0781
3.0000,-0.3099,-0.1927
3.0000,-0.1938,-0.0770
3.0000,-0.2875,-0.1711
3.0000,-0.4112,-0.2953
3.0000,-0.2790,-0.1634
3.0000,-0.2121,-0.0970
3.0000,-0.2238,-0.1091
3.0000,-0.4073,-0.2930
3.0000,-0.3299,-0.2161
3.0000,-0.2235,-0.1101
3.0000,-0.4265,-0.3136
3.0000,-0.4264,-0.3139
3.0000,-0.3305,-0.2185
3.0000,-0.3255,-0.2140
3.0000,-0.3251,-0.2140
3.0000,-0.3069,-0.1963
3.0000,-0.3742,-0.2641
3.0000,-0.2372,-0.1275
3.0000,-0.3792,-0.2700
3.0000,-0.3481,-0.2395
3.0000,-0.3117,-0.2036
3.0000,-0.3130,-0.2054
3.0000,-0.4272,-0.3201
3.0000,-0.2028,-0.0962
3.0000,-0.2838,-0.1777
3.0000,-0.1868,-0.0812
3.0000,-0.2463,-0.1413
3.0000,-0.1876,-0.0830
3.0000,-0.2181,-0.1141
3.0000,-0.3527,-0.2493
3.0000,-0.3044,-0.2015
3.0000,-0.2503,-0.1479
3.0000,-0.4047,-0.3029
3.0000,-0.4188,-0.3175
3.0000,-0.3339,-0.2332
3.0000,-0.2236,-0.1235
3.0000,-0.3235,-0.2239
3.0000,-0.4012,-0.3022
3.0000,-0.1989,-0.1005
3.0000,-0.4378,-0.3399
3.0000,-0.4091,-0.3119
3.0000,-0.3674,-0.2707
3.0000,-0.4185,-0.3225
3.0000,-0.4250,-0.3296
3.0000,-0.3654,-0.2706
3.0000,-0.3311,-0.2369
3.0000,-0.4093,-0.3157
3.0000,-0.2977,-0.2048
3.0000,-0.2291,-0.1368
3.0000,-0.3148,-0.2231
3.0000,-0.1957,-0.1047
3.0000,-0.3139,-0.2235
3.0000,-0.2804,-0.1906
3.0000,-0.3360,-0.2469
3.0000,-0.2570,-0.1685
3.0000,-0.2746,-0.1867
3.0000,-0.3895,-0.3023
3.0000,-0.4214,-0.3349
3.0000,-0.2606,-0.1748
3.0000,-0.2205,-0.1353
3.0000,-0.3808,-0.2964
3.0000,-0.3213,-0.2375
3.0000,-0.3917,-0.3086
3.0000,-0.2610,-0.1786
3.0000,-0.2472,-0.1655
3.0000,-0.2543,-0.1733
3.0000,-0.4261,-0.3458
3.0000,-0.3899,-0.3103
3.0000,-0.2324,-0.1535
3.0000,-0.4216,-0.3435
3.0000,-0.2286,-0.1512
3.0000,-0.2694,-0.1927
3.0000,-0.2997,-0.2238
3.0000,-0.2959,-0.2207
3.0000,-0.2281,-0.1536
3.0000,-0.4303,-0.3566
3.0000,-0.3662,-0.2932
3.0000,-0.3910,-0.3188
3.0000,-0.2693,-0.1979
3.0000,-0.4097,-0.3391
3.0000,-0.4058,-0.3359
3.0000,-0.2529,-0.1838
3.0000,-0.4260,-0.3577
3.0000,-0.3528,-0.2853
3.0000,-0.3430,-0.2763
3.0000,-0.4491,-0.3832
3.0000,-0.3214,-0.2563
3.0000,-0.3489,-0.2846
3.0000,-0.2323,-0.1688
3.0000,-0.4360,-0.3733
3.0000,-0.4157,-0.3539
3.0000,-0.4630,-0.4019
3.0000,-0.4068,-0.3466
3.0000,-0.2677,-0.2083
3.0000,-0.3799,-0.3213
3.0000,-0.3842,-0.3265
3.0000,-0.3061,-0.2492
3.0000,-0.3294,-0.2734
3.0000,-0.3778,-0.3226
3.0000,-0.2935,-0.2392
3.0000,-0.2998,-0.2463
3.0000,-0.2602,-0.2077
3.0000,-0.4257,-0.3740
3.0000,-0.3047,-0.2539
3.0000,-0.3866,-0.3367
3.0000,-0.3087,-0.2596
3.0000,-0.4380,-0.3898
3.0000,-0.4701,-0.4228
3.0000,-0.2423,-0.1960
3.0000,-0.4360,-0.3905
3.0000,-0.3199,-0.2754
3.0000,-0.3892,-0.3456
3.0000,-0.4664,-0.4237
3.0000,-0.4086,-0.3669
3.0000,-0.3282,-0.2874
3.0000,-0.3053,-0.2654
3.0000,-0.2667,-0.2278
3.0000,-0.3229,-0.2849
3.0000,-0.4083,-0.3712
3.0000,-0.2925,-0.2563
3.0000,-0.3222,-0.2870
3.0000,-0.2312,-0.1970
3.0000,-0.2977,-0.2645
3.0000,-0.2388,-0.2065
3.0000,-0.3043,-0.2730
3.0000,-0.2867,-0.2564
3.0000,-0.3816,-0.3522
3.0000,-0.4268,-0.3984
3.0000,-0.4159,-0.3885
3.0000,-0.2611,-0.2347
3.0000,-0.3095,-0.2841
3.0000,-0.2855,-0.2611
3.0000,-0.3839,-0.3605
3.0000,-0.2904,-0.2680
3.0000,-0.2457,-0.2244
3.0000,-0.4419,-0.4216
3.0000,-0.4274,-0.4081
3.0000,-0.3625,-0.3443
3.0000,-0.3306,-0.3134
3.0000,-0.4530,-0.4369
3.0000,-0.4213,-0.4061
3.0000,-0.2255,-0.2114
3.0000,-0.2893,-0.2762
3.0000,-0.4521,-0.4401
3.0000,-0.2856,-0.2747
3.0000,-0.4269,-0.4171
3.0000,-0.3625,-0.3538
3.0000,-0.3594,-0.3517
3.0000,-0.3154,-0.3088
3.0000,-0.4017,-0.3962
3.0000,-0.3500,-0.3456
3.0000,-0.2616,-0.2583
3.0000,-0.2857,-0.2835
3.0000,-0.2364,-0.2353
3.0000,-0.3234,-0.3234
3.0000,-0.2340,-0.2351
3.0000,-0.4264,-0.4286
3.0000,-0.4171,-0.4205
3.0000,-0.4230,-0.4275
3.0000,-0.2624,-0.2680
3.0000,-0.4225,-0.4293
3.0000,-0.3758,-0.3836
3.0000,-0.2890,-0.2980
3.0000,-0.4110,-0.4212
3.0000,-0.3527,-0.3640
3.0000,-0.3957,-0.4082
3.0000,-0.3925,-0.4062
3.0000,-0.4704,-0.4852
3.0000,-0.2878,-0.3038
3.0000,-0.4634,-0.4806
3.0000,-0.2811,-0.2995
3.0000,-0.2776,-0.2971
3.0000,-0.2601,-0.2808
3.0000,-0.4694,-0.4913
3.0000,-0.4612,-0.4843
3.0000,-0.3672,-0.3915
3.0000,-0.3344,-0.3599
3.0000,-0.2969,-0.3236
3.0000,-0.4265,-0.4545
3.0000,-0.3479,-0.3771
3.0000,-0.3596,-0.3900
3.0000,-0.2396,-0.2712
3.0000,-0.4827,-0.5156
3.0000,-0.3407,-0.3747
3.0000,-0.3690,-0.4043
3.0000,-0.3041,-0.3407
3.0000,-0.3117,-0.3495
3.0000,-0.4481,-0.4872
3.0000,-0.4584,-0.4987
3.0000,-0.2410,-0.2825
3.0000,-0.4131,-0.4559
3.0000,-0.3480,-0.3921
3.0000,-0.2485,-0.2938
3.0000,-0.4465,-0.4931
3.0000,-0.3355,-0.3835
3.0000,-0.2855,-0.3347
3.0000,-0.3551,-0.4056
3.0000,-0.3309,-0.3827
3.0000,-0.3793,-0.4324
3.0000,-0.2487,-0.3032
3.0000,-0.2758,-0.3315
3.0000,-0.2749,-0.3320
3.0000,-0.4454,-0.5038
3.0000,-0.2995,-0.3592
3.0000,-0.3255,-0.3866
3.0000,-0.4784,-0.5407
3.0000,-0.2383,-0.3020
3.0000,-0.4415,-0.5065
3.0000,-0.4184,-0.4848
3.0000,-0.2614,-0.3291
3.0000,-0.3375,-0.4066
3.0000,-0.3264,-0.3968
3.0000,-0.4513,-0.5231
3.0000,-0.2637,-0.3369
3.0000,-0.3274,-0.4020
3.0000,-0.4654,-0.5413
3.0000,-0.3925,-0.4698
3.0000,-0.2682,-0.3469
3.0000,-0.3854,-0.4654
3.0000,-0.2885,-0.3699
3.0000,-0.4098,-0.4926
3.0000,-0.3751,-0.4593
3.0000,-0.4182,-0.5038
3.0000,-0.2455,-0.3325
3.0000,-0.2859,-0.3744
3.0000,-0.3588,-0.4487
3.0000,-0.2633,-0.3546
3.0000,-0.4123,-0.5050
3.0000,-0.4124,-0.5066
3.0000,-0.4444,-0.5400
3.0000,-0.3061,-0.4031
3.0000,-0.3514,-0.4498
3.0000,-0.3911,-0.4910
3.0000,-0.2384,-0.3398
3.0000,-0.2462,-0.3490
3.0000,-0.3410,-0.4452
3.0000,-0.3691,-0.4748
3.0000,-0.4754,-0.5826
3.0000,-0.4431,-0.5518
3.0000,-0.3818,-0.4919
3.0000,-0.3086,-0.4202
3.0000,-0.2298,-0.3429
3.0000,-0.2402,-0.3548
3.0000,-0.3074,-0.4234
3.0000,-0.2818,-0.3994
3.0000,-0.4366,-0.5557
3.0000,-0.4073,-0.5279
3.0000,-0.3542,-0.4763
3.0000,-0.3245,-0.4481
3.0000,-0.2670,-0.3921
3.0000,-0.4205,-0.5471
3.0000,-0.4279,-0.5561
3.0000,-0.4148,-0.5445
3.0000,-0.3989,-0.5301
3.0000,-0.3855,-0.5182
3.0000,-0.3721,-0.5064
3.0000,-0.4626,-0.5985
3.0000,-0.3902,-0.5276
3.0000,-0.3190,-0.4579
3.0000,-0.2584,-0.3988
3.0000,-0.3141,-0.4561
3.0000,-0.4508,-0.5944
3.0000,-0.4501,-0.5952
3.0000,-0.4002,-0.5469
3.0000,-0.4180,-0.5663
3.0000,-0.3187,-0.4686
3.0000,-0.4214,-0.5728
3.0000,-0.2646,-0.4177
3.0000,-0.3960,-0.5507
3.0000,-0.3136,-0.4699
3.0000,-0.4368,-0.5947
3.0000,-0.4643,-0.6238
3.0000,-0.4158,-0.5769
3.0000,-0.4146,-0.5772
3.0000,-0.2747,-0.4390
3.0000,-0.4658,-0.6317
3.0000,-0.2914,-0.4590
3.0000,-0.3627,-0.5318
3.0000,-0.2447,-0.4155
3.0000,-0.3140,-0.4865
3.0000,-0.2960,-0.4701
3.0000,-0.3198,-0.4955
3.0000,-0.2371,-0.4145
3.0000,-0.3510,-0.5300
3.0000,-0.4323,-0.6130
3.0000,-0.3713,-0.5536
3.0000,-0.2186,-0.4026
3.0000,-0.3596,-0.5453
3.0000,-0.2707,-0.4581
3.0000,-0.4096,-0.5986
3.0000,-0.2968,-0.4875
3.0000,-0.2500,-0.4423
3.0000,-0.3728,-0.5669
3.0000,-0.3348,-0.5305
3.0000,-0.3596,-0.5570
3.0000,-0.3499,-0.5490
3.0000,-0.3634,-0.5642
3.0000,-0.3974,-0.6000
3.0000,-0.2455,-0.4498
3.0000,-0.4680,-0.6740
3.0000,-0.4061,-0.6137
3.0000,-0.2810,-0.4904
3.0000,-0.2903,-0.5014
3.0000,-0.3432,-0.5560
3.0000,-0.4600,-0.6745
3.0000,-0.2347,-0.4510
3.0000,-0.2824,-0.5005
3.0000,-0.2467,-0.4665
3.0000,-0.2585,-0.4800
3.0000,-0.4187,-0.6421
3.0000,-0.3908,-0.6159
3.0000,-0.2581,-0.4849
3.0000,-0.4381,-0.6667
3.0000,-0.2250,-0.4554
3.0000,-0.2413,-0.4735
3.0000,-0.4587,-0.6926
3.0000,-0.3321,-0.5678
3.0000,-0.3161,-0.5536
3.0000,-0.3695,-0.6088
3.0000,-0.3752,-0.6162
3.0000,-0.3592,-0.6020
3.0000,-0.2754,-0.5200
3.0000,-0.4238,-0.6702
3.0000,-0.3838,-0.6320
3.0000,-0.2917,-0.5418
3.0000,-0.3542,-0.6060
3.0000,-0.4135,-0.6672
3.0000,-0.2977,-0.5532
3.0000,-0.3652,-0.6225
3.0000,-0.2808,-0.5400
3.0000,-0.2865,-0.5475
3.0000,-0.3041,-0.5669
3.0000,-0.4356,-0.7002
3.0000,-0.3120,-0.5784
3.0000,-0.2085,-0.4768
3.0000,-0.2032,-0.4733
3.0000,-0.4149,-0.6869
3.0000,-0.3446,-0.6184
3.0000,-0.3647,-0.6404
3.0000,-0.3891,-0.6667
3.0000,-0.2236,-0.5030
3.0000,-0.2163,-0.4976
3.0000,-0.2897,-0.5728
3.0000,-0.2017,-0.4868
3.0000,-0.2802,-0.5671
3.0000,-0.2914,-0.5802
3.0000,-0.3703,-0.6610
3.0000,-0.2973,-0.5899
3.0000,-0.4377,-0.7322
3.0000,-0.3611,-0.6575
3.0000,-0.4204,-0.7187
3.0000,-0.2570,-0.5572
3.0000,-0.3922,-0.6943
3.0000,-0.2984,-0.6024
3.0000,-0.2566,-0.5625
3.0000,-0.4042,-0.7120
3.0000,-0.3297,-0.6395
3.0000,-0.4330,-0.7446
3.0000,-0.2289,-0.5425
3.0000,-0.1917,-0.5073
3.0000,-0.3468,-0.6643
3.0000,-0.3264,-0.6458
3.0000,-0.4108,-0.7322
3.0000,-0.4401,-0.7634
3.0000,-0.2276,-0.5528
3.0000,-0.2076,-0.5348
3.0000,-0.2807,-0.6099
3.0000,-0.1876,-0.5187
3.0000,-0.4086,-0.7417
3.0000,-0.2244,-0.5595
3.0000,-0.2451,-0.5821
3.0000,-0.3255,-0.6644
3.0000,-0.3304,-0.6713
3.0000,-0.4328,-0.7757
3.0000,-0.2433,-0.5882
3.0000,-0.4318,-0.7787
3.0000,-0.2252,-0.5741
3.0000,-0.1889,-0.5398
3.0000,-0.2517,-0.6046
3.0000,-0.2408,-0.5957
3.0000,-0.3777,-0.7346
3.0000,-0.4263,-0.7852
3.0000,-0.1774,-0.5383
3.0000,-0.2445,-0.6074
3.0000,-0.3619,-0.7268
3.0000,-0.3906,-0.7576
3.0000,-0.1920,-0.5610
3.0000,-0.2913,-0.6623
3.0000,-0.2498,-0.6228
3.0000,-0.2601,-0.6351
3.0000,-0.2515,-0.6286
3.0000,-0.3621,-0.7412
3.0000,-0.2071,-0.5882
3.0000,-0.3515,-0.7347
3.0000,-0.2845,-0.6697
3.0000,-0.2287,-0.6160
3.0000,-0.3207,-0.7101
3.0000,-0.2439,-0.6353
3.0000,-0.4108,-0.8043
3.0000,-0.3249,-0.7204
3.0000,-0.3155,-0.7131
3.0000,-0.2143,-0.6140
3.0000,-0.3355,-0.7372
3.0000,-0.2523,-0.6562
3.0000,-0.3651,-0.7710
3.0000,-0.1672,-0.5752
3.0000,-0.1882,-0.5982
3.0000,-0.3379,-0.7501
3.0000,-0.3153,-0.7296
3.0000,-0.2847,-0.7010
3.0000,-0.3569,-0.7753
3.0000,-0.3098,-0.7303
3.0000,-0.2527,-0.6753
3.0000,-0.2447,-0.6695
3.0000,-0.2776,-0.7044
3.0000,-0.2220,-0.6510
3.0000,-0.3922,-0.8233
3.0000,-0.2022,-0.6354
3.0000,-0.1501,-0.5855
3.0000,-0.1688,-0.6062
3.0000,-0.3824,-0.8220
3.0000,-0.2995,-0.7412
3.0000,-0.1732,-0.6170
3.0000,-0.3056,-0.7516
3.0000,-0.1521,-0.6002
3.0000,-0.2565,-0.7067
3.0000,-0.3794,-0.8318
3.0000,-0.3035,-0.7580
3.0000,-0.3303,-0.7870
3.0000,-0.3162,-0.7751
3.0000,-0.2738,-0.7348
3.0000,-0.2424,-0.7056
3.0000,-0.3587,-0.8241
3.0000,-0.1704,-0.6379
3.0000,-0.2057,-0.6753
3.0000,-0.3534,-0.8252
3.0000,-0.3796,-0.8536
3.0000,-0.2997,-0.7759
3.0000,-0.3659,-0.8442
3.0000,-0.1974,-0.6779
3.0000,-0.1345,-0.6173
3.0000,-0.1727,-0.6577
3.0000,-0.1836,-0.6708
3.0000,-0.2367,-0.7261
3.0000,-0.3730,-0.8645
3.0000,-0.1298,-0.6235
3.0000,-0.2034,-0.6993
3.0000,-0.3611,-0.8592
3.0000,-0.1815,-0.6818
3.0000,-0.3502,-0.8527
3.0000,-0.1267,-0.6314
3.0000,-0.2749,-0.7819
3.0000,-0.2563,-0.7655
3.0000,-0.2360,-0.7474
3.0000,-0.2781,-0.7918
3.0000,-0.2483,-0.7642
3.0000,-0.2920,-0.8101
3.0000,-0.3285,-0.8488
3.0000,-0.1708,-0.6934
3.0000,-0.1742,-0.6990
3.0000,-0.2540,-0.7810
3.0000,-0.2683,-0.7976
3.0000,-0.1266,-0.6581
3.0000,-0.2982,-0.8319
3.0000,-0.2970,-0.8330
3.0000,-0.2284,-0.7667
3.0000,-0.1537,-0.6943
3.0000,-0.1675,-0.7103
3.0000,-0.3454,-0.8904
3.0000,-0.2154,-0.7627
3.0000,-0.1488,-0.6984
3.0000,-0.3196,-0.8715
3.0000,-0.2273,-0.7814
3.0000,-0.1395,-0.6959
3.0000,-0.2028,-0.7615
3.0000,-0.2498,-0.8108
3.0000,-0.1740,-0.7372
3.0000,-0.1937,-0.7592
3.0000,-0.1827,-0.7505
3.0000,-0.1859,-0.7559
3.0000,-0.3118,-0.8842
3.0000,-0.3340,-0.9086
3.0000,-0.2136,-0.7905
3.0000,-0.0976,-0.6768
3.0000,-0.1457,-0.7273
3.0000,-0.0969,-0.6808
3.0000,-0.2521,-0.8382
3.0000,-0.2251,-0.8136
3.0000,-0.2648,-0.8556
3.0000,-0.1125,-0.7057
3.0000,-0.1409,-0.7363
3.0000,-0.1555,-0.7533
3.0000,-0.2209,-0.8209
3.0000,-0.1495,-0.7518
3.0000,-0.2237,-0.8284
3.0000,-0.2132,-0.8202
3.0000,-0.0947,-0.7040
3.0000,-0.2005,-0.8122
3.0000,-0.2390,-0.8530
3.0000,-0.1775,-0.7939
3.0000,-0.1406,-0.7593
3.0000,-0.3210,-0.9420
3.0000,-0.2885,-0.9119
3.0000,-0.1974,-0.8232
3.0000,-0.0824,-0.7105
3.0000,-0.2364,-0.8668
3.0000,-0.1043,-0.7370
3.0000,-0.2947,-0.9298
3.0000,-0.0863,-0.7238
3.0000,-0.1677,-0.8076
3.0000,-0.2003,-0.8425
3.0000,-0.2650,-0.9096
3.0000,-0.3088,-0.9558
3.0000,-0.0847,-0.7341
3.0000,-0.1908,-0.8425
3.0000,-0.1779,-0.8320
3.0000,-0.1768,-0.8332
3.0000,-0.2061,-0.8649
3.0000,-0.2225,-0.8837
3.0000,-0.1807,-0.8442
3.0000,-0.1876,-0.8536
3.0000,-0.2922,-0.9606
3.0000,-0.1192,-0.7899
3.0000,-0.2615,-0.9346
3.0000,-0.2687,-0.9442
3.0000,-0.1227,-0.8006
3.0000,-0.2483,-0.9286
3.0000,-0.0640,-0.7467
3.0000,-0.1126,-0.7976
3.0000,-0.0694,-0.7569
3.0000,-0.0847,-0.7746
3.0000,-0.2276,-0.9199
3.0000,-0.0829,-0.7776
3.0000,-0.2503,-0.9474
3.0000,-0.1533,-0.8529
3.0000,-0.1094,-0.8113
3.0000,-0.0534,-0.7577
3.0000,-0.0988,-0.8056
3.0000,-0.2614,-0.9706
3.0000,-0.0942,-0.8058
3.0000,-0.0700,-0.7840
3.0000,-0.0313,-0.7477
3.0000,-0.1346,-0.8535
3.0000,-0.2370,-0.9583
3.0000,-0.1787,-0.9025
3.0000,-0.1040,-0.8302
3.0000,-0.0477,-0.7763
3.0000,-0.0950,-0.8260
3.0000,-0.2202,-0.9537
3.0000,-0.2685,-1.0044
3.0000,-0.2575,-0.9958
3.0000,-0.1541,-0.8949
3.0000,-0.1233,-0.8665
3.0000,-0.1113,-0.8569
3.0000,-0.1477,-0.8959
3.0000,-0.2371,-0.9876
3.0000,-0.1515,-0.9046
3.0000,-0.0141,-0.7696
3.0000,-0.1001,-0.8580
3.0000,-0.2161,-0.9765
3.0000,-0.1927,-0.9555
3.0000,-0.0584,-0.8237
3.0000,-0.0659,-0.8337
3.0000,-0.1190,-0.8893
3.0000,-0.0759,-0.8486
3.0000,-0.1994,-0.9746
3.0000,-0.0145,-0.7922
3.0000,-0.0527,-0.8328
3.0000,-0.0008,-0.7834
3.0000,-0.1908,-0.9759
3.0000,-0.0817,-0.8692
3.0000,-0.2100,-1.0000
3.0000,-0.2385,-1.0310
3.0000,-0.1621,-0.9570
3.0000,-0.0108,-0.8082
3.0000,-0.2368,-1.0368
3.0000,-0.1506,-0.9530
3.0000,-0.0415,-0.8464
3.0000,-0.0794,-0.8868
3.0000,-0.1740,-0.9838
3.0000,-0.2192,-1.0316
3.0000,-0.1893,-1.0041
3.0000,-0.1899,-1.0072
3.0000,-0.1528,-0.9726
3.0000,-0.1592,-0.9815
3.0000,-0.0811,-0.9060
3.0000,-0.1925,-1.0198
3.0000,-0.0049,-0.8348
3.0000,-0.0814,-0.9137
3.0000,-0.0496,-0.8844
3.0000,-0.1584,-0.9958
3.0000,-0.0196,-0.8595
3.0000,-0.1765,-1.0189
3.0000,-0.0921,-0.9370
3.0000,-0.1770,-1.0243
3.0000,-0.0360,-0.8859
3.0000,-0.1942,-1.0466
3.0000,-0.0962,-0.9511
3.0000,-0.0010,-0.8584
3.0000,-0.1621,-1.0220
3.0000,-0.1056,-0.9680
3.0000,-0.0468,-0.9117
3.0000,-0.0055,-0.8730
3.0000,-0.1675,-1.0376
3.0000,-0.0731,-0.9457
3.0000,0.0165,-0.8586
3.0000,-0.0254,-0.9030
3.0000,-0.1696,-1.0497
3.0000,-0.0052,-0.8879
3.0000,-0.1685,-1.0536
3.0000,0.0035,-0.8842
3.0000,0.0327,-0.8575
3.0000,-0.0359,-0.9286
3.0000,-0.1321,-1.0274
3.0000,-0.0664,-0.9643
3.0000,-0.0367,-0.9370
3.0000,-0.0247,-0.9276
3.0000,-0.1223,-1.0278
3.0000,-0.1322,-1.0402
3.0000,-0.1429,-1.0534
3.0000,-0.0881,-1.0012
3.0000,-0.1574,-1.0730
3.0000,-0.0994,-1.0175
3.0000,0.0276,-0.8931
3.0000,-0.1087,-1.0319
3.0000,-0.1033,-1.0291
3.0000,-0.0476,-0.9759
3.0000,-0.0245,-0.9554
3.0000,-0.1228,-1.0562
3.0000,-0.0169,-0.9529
3.0000,-0.0431,-0.9816
3.0000,-0.0014,-0.9425
3.0000,0.0698,-0.8738
3.0000,0.0049,-0.9412
3.0000,0.0136,-0.9351
3.0000,-0.1201,-1.0714
3.0000,-0.0271,-0.9809
3.0000,0.0291,-0.9273
3.0000,0.0417,-0.9173
3.0000,-0.0165,-0.9781
3.0000,-0.0604,-1.0245
3.0000,-0.0582,-1.0249
3.0000,-0.1190,-1.0882
3.0000,-0.0015,-0.9733
3.0000,-0.0097,-0.9840
3.0000,-0.0088,-0.9857
3.0000,-0.0683,-1.0477
3.0000,0.0744,-0.9076
3.0000,-0.0137,-0.9983
3.0000,0.0910,-0.8962
3.0000,0.0230,-0.9668
3.0000,0.0241,-0.9682
3.0000,-0.0200,-1.0148
3.0000,0.0476,-0.9498
3.0000,0.0504,-0.9496
4.0000,0.0141,0.0131
4.0000,-0.0238,-0.0258
4.0000,0.0108,0.0078
4.0000,-0.0579,-0.0619
4.0000,0.0297,0.0247
4.0000,0.1137,0.1077
4.0000,-0.1231,-0.1302
4.0000,0.0838,0.0757
4.0000,0.0854,0.0763
4.0000,0.0516,0.0414
4.0000,-0.0655,-0.0766
4.0000,-0.0293,-0.0415
4.0000,0.0249,0.0116
4.0000,0.0034,-0.0109
4.0000,-0.1218,-0.1371
4.0000,-0.0421,-0.0585
4.0000,0.0728,0.0553
4.0000,0.0540,0.0355
4.0000,0.0596,0.0401
4.0000,-0.0612,-0.0818
4.0000,-0.0265,-0.0482
4.0000,0.0038,-0.0190
4.0000,-0.0638,-0.0877
4.0000,0.0899,0.0650
4.0000,-0.0237,-0.0497
4.0000,0.1117,0.0846
4.0000,-0.0309,-0.0590
4.0000,-0.0245,-0.0537
4.0000,-0.1092,-0.1395
4.0000,0.1188,0.0875
4.0000,-0.0988,-0.1313
4.0000,-0.0377,-0.0713
4.0000,-0.0286,-0.0633
4.0000,-0.0982,-0.1339
4.0000,0.0995,0.0627
4.0000,0.0601,0.0221
4.0000,-0.1202,-0.1593
4.0000,0.0097,-0.0305
4.0000,-0.0982,-0.1395
4.0000,0.0447,0.0023
4.0000,0.0570,0.0135
4.0000,-0.0383,-0.0829
4.0000,-0.0303,-0.0761
4.0000,0.1082,0.0613
4.0000,0.0828,0.0348
4.0000,0.1008,0.0516
4.0000,-0.0805,-0.1308
4.0000,0.1154,0.0639
4.0000,-0.0887,-0.1413
4.0000,0.0862,0.0325
4.0000,0.0980,0.0431
4.0000,0.0689,0.0128
4.0000,-0.0077,-0.0650
4.0000,0.0301,-0.0283
4.0000,0.0662,0.0067
4.0000,0.0902,0.0295
4.0000,-0.0471,-0.1090
4.0000,0.1172,0.0542
4.0000,-0.0324,-0.0966
4.0000,0.0504,-0.0150
4.0000,-0.0290,-0.0956
4.0000,-0.0268,-0.0945
4.0000,0.0721,0.0032
4.0000,-0.0695,-0.1396
4.0000,-0.0526,-0.1239
4.0000,-0.0101,-0.0826
4.0000,0.0985,0.0248
4.0000,0.0337,-0.0412
4.0000,0.1217,0.0456
4.0000,-0.0033,-0.0806
4.0000,0.0619,-0.0166
4.0000,-0.0015,-0.0812
4.0000,-0.0595,-0.1404
4.0000,0.0716,-0.0105
4.0000,-0.0879,-0.1712
4.0000,-0.0405,-0.1250
4.0000,-0.0118,-0.0975
4.0000,0.0109,-0.0760
4.0000,0.1028,0.0146
4.0000,0.0230,-0.0664
4.0000,-0.1004,-0.1911
4.0000,-0.0022,-0.0940
4.0000,-0.0943,-0.1873
4.0000,0.1021,0.0078
4.0000,-0.0861,-0.1816
4.0000,-0.0765,-0.1733
4.0000,-0.0859,-0.1839
4.0000,0.1022,0.0029
4.0000,0.1122,0.0117
4.0000,0.0254,-0.0764
4.0000,-0.0348,-0.1379
4.0000,0.0784,-0.0259
4.0000,-0.0541,-0.1597
4.0000,0.1290,0.0222
4.0000,0.0238,-0.0842
4.0000,-0.0190,-0.1284
4.0000,0.0006,-0.1100
4.0000,-0.0552,-0.1671
4.0000,0.0952,-0.0179
4.0000,-0.0717,-0.1861
4.0000,-0.0252,-0.1408
4.0000,0.1159,-0.0010
4.0000,-0.1038,-0.2221
4.0000,0.0434,-0.0761
4.0000,0.1270,0.0062
4.0000,-0.0009,-0.1230
4.0000,-0.0176,-0.1410
4.0000,0.0019,-0.1228
4.0000,-0.0117,-0.1376
4.0000,0.0299,-0.0973
4.0000,0.1207,-0.0079
4.0000,0.0292,-0.1007
4.0000,0.1471,0.0159
4.0000,0.0213,-0.1112
4.0000,0.0894,-0.0444
4.0000,0.0784,-0.0567
4.0000,0.0117,-0.1247
4.0000,-0.0152,-0.1529
4.0000,-0.0585,-0.1975
4.0000,-0.0275,-0.1679
4.0000,0.0160,-0.1257
4.0000,-0.0852,-0.2283
4.0000,0.0538,-0.0906
4.0000,0.0637,-0.0820
4.0000,0.0395,-0.1075
4.0000,-0.0088,-0.1571
4.0000,0.0757,-0.0740
4.0000,-0.0222,-0.1732
4.0000,0.1465,-0.0058
4.0000,0.0630,-0.0907
4.0000,-0.0825,-0.2375
4.0000,0.1228,-0.0336
4.0000,0.1020,-0.0557
4.0000,0.1046,-0.0545
4.0000,0.1293,-0.0311
4.0000,0.1413,-0.0204
4.0000,0.0476,-0.1155
4.0000,0.1411,-0.0233
4.0000,-0.0056,-0.1714
4.0000,-0.0421,-0.2092
4.0000,0.1110,-0.0575
4.0000,-0.0413,-0.2112
4.0000,-0.0702,-0.2415
4.0000,0.1350,-0.0376
4.0000,-0.0940,-0.2680
4.0000,-0.0274,-0.2028
4.0000,0.1085,-0.0682
4.0000,0.0039,-0.1742
4.0000,0.0041,-0.1754
4.0000,0.1004,-0.0804
4.0000,-0.0439,-0.2261
4.0000,0.0705,-0.1132
4.0000,0.1187,-0.0663
4.0000,-0.0158,-0.2022
4.0000,0.0671,-0.1207
4.0000,0.0493,-0.1399
4.0000,0.0868,-0.1038
4.0000,-0.0577,-0.2497
4.0000,0.1064,-0.0870
4.0000,-0.0760,-0.2707
4.0000,0.0835,-0.1127
4.0000,0.0179,-0.1796
4.0000,0.1560,-0.0429
4.0000,-0.0654,-0.2657
4.0000,0.1096,-0.0922
4.0000,-0.0791,-0.2823
4.0000,0.0210,-0.1836
4.0000,-0.0016,-0.2076
4.0000,0.0982,-0.1092
4.0000,-0.0501,-0.2589
4.0000,0.0868,-0.1235
4.0000,0.1450,-0.0666
4.0000,0.0875,-0.1256
4.0000,0.1215,-0.0930
4.0000,0.0834,-0.1325
4.0000,0.0399,-0.1774
4.0000,0.1394,-0.0794
4.0000,-0.0723,-0.2926
4.0000,0.0864,-0.1352
4.0000,0.0414,-0.1817
4.0000,-0.0693,-0.2938
4.0000,0.0239,-0.2021
4.0000,0.0536,-0.1738
4.0000,0.0227,-0.2061
4.0000,0.0377,-0.1926
4.0000,0.1668,-0.0649
4.0000,0.0847,-0.1484
4.0000,-0.0330,-0.2676
4.0000,-0.0479,-0.2839
4.0000,-0.0491,-0.2866
4.0000,-0.0158,-0.2547
4.0000,0.0315,-0.2089
4.0000,0.0412,-0.2006
4.0000,-0.0065,-0.2498
4.0000,-0.0434,-0.2881
4.0000,0.0531,-0.1931
4.0000,0.1868,-0.0608
4.0000,0.0741,-0.1750
4.0000,0.1609,-0.0896
4.0000,0.0505,-0.2016
4.0000,0.0726,-0.1809
4.0000,-0.0269,-0.2818
4.0000,0.0129,-0.2435
4.0000,0.0782,-0.1796
4.0000,0.0991,-0.1603
4.0000,0.0472,-0.2136
4.0000,0.0840,-0.1782
4.0000,-0.0097,-0.2734
4.0000,-0.0405,-0.3057
4.0000,-0.0047,-0.2714
4.0000,0.1349,-0.1333
4.0000,-0.0040,-0.2737
4.0000,-0.0244,-0.2956
4.0000,0.1315,-0.1411
4.0000,-0.0541,-0.3282
4.0000,0.1405,-0.1351
4.0000,0.0466,-0.2305
4.0000,-0.0331,-0.3117
4.0000,0.1519,-0.1281
4.0000,-0.0461,-0.3276
4.0000,0.1082,-0.1748
4.0000,0.0603,-0.2242
4.0000,0.1179,-0.1681
4.0000,0.1131,-0.1744
4.0000,-0.0004,-0.2894
4.0000,0.0423,-0.2482
4.0000,0.0595,-0.2325
4.0000,0.0045,-0.2889
4.0000,-0.0069,-0.3018
4.0000,0.1965,-0.1000
4.0000,0.0712,-0.2268
4.0000,0.1966,-0.1029
4.0000,-0.0109,-0.3118
4.0000,0.0950,-0.2075
4.0000,-0.0151,-0.3191
4.0000,-0.0198,-0.3253
4.0000,0.2049,-0.1021
4.0000,0.1899,-0.1186
4.0000,0.1952,-0.1148
4.0000,0.2097,-0.1018
4.0000,0.0732,-0.2398
4.0000,0.0252,-0.2893
4.0000,0.1928,-0.1232
4.0000,0.2026,-0.1149
4.0000,-0.0057,-0.3247
4.0000,0.1384,-0.1822
4.0000,0.0242,-0.2979
4.0000,0.2084,-0.1152
4.0000,0.1312,-0.1939
4.0000,-0.0002,-0.3269
4.0000,0.1659,-0.1622
4.0000,0.0004,-0.3293
4.0000,0.1130,-0.2182
4.0000,0.1396,-0.1931
4.0000,0.0131,-0.3212
4.0000,0.0980,-0.2378
4.0000,0.1513,-0.1860
4.0000,0.1827,-0.1561
4.0000,0.0095,-0.3309
4.0000,0.1855,-0.1564
4.0000,0.1502,-0.1932
4.0000,0.1343,-0.2107
4.0000,0.1163,-0.2302
4.0000,-0.0078,-0.3558
4.0000,0.1548,-0.1948
4.0000,0.0447,-0.3063
4.0000,-0.0028,-0.3554
4.0000,0.1412,-0.2129
4.0000,0.0105,-0.3452
4.0000,0.0924,-0.2648
4.0000,0.1100,-0.2488
4.0000,0.2067,-0.1536
4.0000,0.1050,-0.2568
4.0000,0.0088,-0.3545
4.0000,0.1429,-0.2219
4.0000,0.2141,-0.1524
4.0000,0.1664,-0.2016
4.0000,0.0923,-0.2772
4.0000,0.1714,-0.1997
4.0000,0.0836,-0.2889
4.0000,0.0583,-0.3158
4.0000,0.1420,-0.2336
4.0000,0.1336,-0.2436
4.0000,0.1785,-0.2002
4.0000,0.1870,-0.1933
4.0000,0.1035,-0.2783
4.0000,0.0344,-0.3490
4.0000,0.0865,-0.2984
4.0000,0.0856,-0.3008
4.0000,0.2373,-0.1507
4.0000,0.1986,-0.1909
4.0000,0.1014,-0.2897
4.0000,0.1379,-0.2548
4.0000,0.0305,-0.3637
4.0000,0.0125,-0.3832
4.0000,0.2468,-0.1505
4.0000,0.2522,-0.1467
4.0000,0.0155,-0.3849
4.0000,0.0740,-0.3279
4.0000,0.0538,-0.3497
4.0000,0.1568,-0.2483
4.0000,0.0126,-0.3940
4.0000,0.2155,-0.1927
4.0000,0.1129,-0.2968
4.0000,0.0371,-0.3742
4.0000,0.2438,-0.1690
4.0000,0.0908,-0.3236
4.0000,0.0404,-0.3755
4.0000,0.1834,-0.2341
4.0000,0.1526,-0.2664
4.0000,0.1157,-0.3049
4.0000,0.0641,-0.3580
4.0000,0.0775,-0.3462
4.0000,0.1634,-0.2618
4.0000,0.0587,-0.3681
4.0000,0.2776,-0.1508
4.0000,0.1235,-0.3064
4.0000,0.0462,-0.3853
4.0000,0.2644,-0.1686
4.0000,0.1094,-0.3252
4.0000,0.2464,-0.1897
4.0000,0.1209,-0.3168
4.0000,0.1565,-0.2828
4.0000,0.2270,-0.2138
4.0000,0.1764,-0.2660
4.0000,0.2375,-0.2064
4.0000,0.1593,-0.2862
4.0000,0.1526,-0.2944
4.0000,0.1453,-0.3033
4.0000,0.2809,-0.1692
4.0000,0.2388,-0.2129
4.0000,0.0607,-0.3926
4.0000,0.2834,-0.1715
4.0000,0.2041,-0.2523
4.0000,0.1439,-0.3141
4.0000,0.1478,-0.3117
4.0000,0.1912,-0.2698
4.0000,0.2312,-0.2314
4.0000,0.2693,-0.1948
4.0000,0.1417,-0.3241
4.0000,0.2434,-0.2239
4.0000,0.0997,-0.3691
4.0000,0.1529,-0.3175
4.0000,0.0501,-0.4218
4.0000,0.2719,-0.2016
4.0000,0.1330,-0.3421
4.0000,0.1486,-0.3281
4.0000,0.1061,-0.3721
4.0000,0.2788,-0.2010
4.0000,0.2096,-0.2717
4.0000,0.0873,-0.3956
4.0000,0.2917,-0.1927
4.0000,0.1405,-0.3454
4.0000,0.0825,-0.4050
4.0000,0.1530,-0.3361
4.0000,0.2819,-0.2087
4.0000,0.0750,-0.4171
4.0000,0.2271,-0.2666
4.0000,0.2005,-0.2948
4.0000,0.2854,-0.2114
4.0000,0.2032,-0.2952
4.0000,0.1221,-0.3778
4.0000,0.1181,-0.3834
4.0000,0.3159,-0.1871
4.0000,0.2233,-0.2814
4.0000,0.1658,-0.3403
4.0000,0.2859,-0.2218
4.0000,0.2380,-0.2713
4.0000,0.2290,-0.2819
4.0000,0.1872,-0.3252
4.0000,0.2933,-0.2207
4.0000,0.2444,-0.2711
4.0000,0.1066,-0.4104
4.0000,0.2499,-0.2687
4.0000,0.1056,-0.4146
4.0000,0.2882,-0.2335
4.0000,0.2652,-0.2580
4.0000,0.1346,-0.3902
4.0000,0.2608,-0.2655
4.0000,0.1829,-0.3449
4.0000,0.2632,-0.2662
4.0000,0.2690,-0.2619
4.0000,0.1216,-0.4109
4.0000,0.1408,-0.3932
4.0000,0.1315,-0.4041
4.0000,0.2336,-0.3035
4.0000,0.2783,-0.2604
4.0000,0.1252,-0.4151
4.0000,0.1454,-0.3964
4.0000,0.1847,-0.3587
4.0000,0.2166,-0.3283
4.0000,0.2239,-0.3225
4.0000,0.1064,-0.4416
4.0000,0.3158,-0.2337
4.0000,0.2981,-0.2530
4.0000,0.2800,-0.2726
4.0000,0.2911,-0.2630
4.0000,0.1724,-0.3832
4.0000,0.1774,-0.3798
4.0000,0.1120,-0.4467
4.0000,0.2669,-0.2933
4.0000,0.2470,-0.3147
4.0000,0.2465,-0.3168
4.0000,0.3165,-0.2484
4.0000,0.2454,-0.3210
4.0000,0.2124,-0.3556
4.0000,0.3530,-0.2164
4.0000,0.2448,-0.3262
4.0000,0.1357,-0.4368
4.0000,0.2975,-0.2766
4.0000,0.2589,-0.3167
4.0000,0.2769,-0.3002
4.0000,0.3257,-0.2530
4.0000,0.1778,-0.4024
4.0000,0.1540,-0.4277
4.0000,0.3326,-0.2506
4.0000,0.3710,-0.2137
4.0000,0.3425,-0.2437
4.0000,0.3233,-0.2644
4.0000,0.2165,-0.3728
4.0000,0.2501,-0.3407
4.0000,0.1642,-0.4281
4.0000,0.2695,-0.3243
4.0000,0.3038,-0.2916
4.0000,0.3392,-0.2576
4.0000,0.2887,-0.3097
4.0000,0.1809,-0.4190
4.0000,0.1508,-0.4507
4.0000,0.2360,-0.3669
4.0000,0.1625,-0.4419
4.0000,0.3622,-0.2437
4.0000,0.3909,-0.2166
4.0000,0.1981,-0.4109
4.0000,0.2727,-0.3377
4.0000,0.3273,-0.2847
4.0000,0.2462,-0.3673
4.0000,0.1569,-0.4581
4.0000,0.3787,-0.2378
4.0000,0.1682,-0.4498
4.0000,0.3306,-0.2889
4.0000,0.3007,-0.3203
4.0000,0.1990,-0.4235
4.0000,0.3523,-0.2717
4.0000,0.4045,-0.2210
4.0000,0.2648,-0.3622
4.0000,0.3345,-0.2940
4.0000,0.3155,-0.3144
4.0000,0.2793,-0.3521
4.0000,0.1890,-0.4440
4.0000,0.1737,-0.4607
4.0000,0.3825,-0.2535
4.0000,0.3065,-0.3309
4.0000,0.3345,-0.3044
4.0000,0.3777,-0.2626
4.0000,0.3471,-0.2948
4.0000,0.1861,-0.4572
4.0000,0.2749,-0.3700
4.0000,0.2729,-0.3734
4.0000,0.2439,-0.4038
4.0000,0.2657,-0.3835
4.0000,0.1923,-0.4584
4.0000,0.4164,-0.2358
4.0000,0.3346,-0.3191
4.0000,0.2385,-0.4166
4.0000,0.2395,-0.4171
4.0000,0.3284,-0.3296
4.0000,0.3315,-0.3280
4.0000,0.2544,-0.4067
4.0000,0.4060,-0.2565
4.0000,0.3765,-0.2874
4.0000,0.4436,-0.2218
4.0000,0.3467,-0.3202
4.0000,0.4004,-0.2680
4.0000,0.4180,-0.2518
4.0000,0.2092,-0.4620
4.0000,0.4365,-0.2362
4.0000,0.4448,-0.2293
4.0000,0.2385,-0.4371
4.0000,0.2963,-0.3808
4.0000,0.2810,-0.3975
4.0000,0.4080,-0.2719
4.0000,0.2539,-0.4275
4.0000,0.3700,-0.3128
4.0000,0.3955,-0.2887
4.0000,0.4471,-0.2386
4.0000,0.4004,-0.2867
4.0000,0.3388,-0.3498
4.0000,0.4439,-0.2462
4.0000,0.2724,-0.4191
4.0000,0.2823,-0.4106
4.0000,0.3861,-0.3082
4.0000,0.3438,-0.3519
4.0000,0.3214,-0.3757
4.0000,0.4108,-0.2878
4.0000,0.3320,-0.3681
4.0000,0.3901,-0.3113
4.0000,0.3857,-0.3171
4.0000,0.2708,-0.4334
4.0000,0.3079,-0.3978
4.0000,0.4478,-0.2593
4.0000,0.3675,-0.3410
4.0000,0.2728,-0.4371
4.0000,0.2730,-0.4384
4.0000,0.3923,-0.3204
4.0000,0.2780,-0.4362
4.0000,0.3024,-0.4132
4.0000,0.2731,-0.4439
4.0000,0.3321,-0.3863
4.0000,0.4557,-0.2640
4.0000,0.3052,-0.4159
4.0000,0.3265,-0.3961
4.0000,0.2541,-0.4698
4.0000,0.3870,-0.3384
4.0000,0.4025,-0.3242
4.0000,0.4162,-0.3119
4.0000,0.3766,-0.3529
4.0000,0.2710,-0.4598
4.0000,0.3808,-0.3515
4.0000,0.2543,-0.4794
4.0000,0.3130,-0.4221
4.0000,0.4753,-0.2611
4.0000,0.3768,-0.3610
4.0000,0.3973,-0.3419
4.0000,0.3135,-0.4270
4.0000,0.3343,-0.4076
4.0000,0.3573,-0.3859
4.0000,0.4047,-0.3399
4.0000,0.3954,-0.3506
4.0000,0.2642,-0.4832
4.0000,0.3162,-0.4325
4.0000,0.3484,-0.4016
4.0000,0.4721,-0.2793
4.0000,0.5229,-0.2299
4.0000,0.4918,-0.2623
4.0000,0.3123,-0.4432
4.0000,0.4436,-0.3133
4.0000,0.4727,-0.2855
4.0000,0.5115,-0.2480
4.0000,0.3240,-0.4368
4.0000,0.3798,-0.3824
4.0000,0.3856,-0.3779
4.0000,0.4883,-0.2766
4.0000,0.4512,-0.3149
4.0000,0.4181,-0.3493
4.0000,0.4387,-0.3301
4.0000,0.4167,-0.3534
4.0000,0.3924,-0.3790
4.0000,0.3878,-0.3850
4.0000,0.5102,-0.2639
4.0000,0.4153,-0.3601
4.0000,0.5044,-0.2723
4.0000,0.2981,-0.4800
4.0000,0.4918,-0.2875
4.0000,0.4683,-0.3124
4.0000,0.3204,-0.4615
4.0000,0.5382,-0.2450
4.0000,0.3508,-0.4338
4.0000,0.4815,-0.3044
4.0000,0.3364,-0.4507
4.0000,0.4060,-0.3824
4.0000,0.3675,-0.4222
4.0000,0.5238,-0.2672
4.0000,0.5440,-0.2483
4.0000,0.3513,-0.4423
4.0000,0.4216,-0.3732
4.0000,0.3210,-0.4751
4.0000,0.3804,-0.4170
4.0000,0.3572,-0.4415
4.0000,0.4203,-0.3797
4.0000,0.3689,-0.4323
4.0000,0.5411,-0.2614
4.0000,0.4964,-0.3074
4.0000,0.4260,-0.3790
4.0000,0.4734,-0.3329
4.0000,0.3580,-0.4495
4.0000,0.5391,-0.2697
4.0000,0.4040,-0.4060
4.0000,0.3776,-0.4337
4.0000,0.4953,-0.3172
4.0000,0.5459,-0.2679
4.0000,0.4578,-0.3572
4.0000,0.4584,-0.3579
4.0000,0.5376,-0.2799
4.0000,0.5426,-0.2761
4.0000,0.4341,-0.3859
4.0000,0.3824,-0.4388
4.0000,0.5462,-0.2762
4.0000,0.4469,-0.3768
4.0000,0.3661,-0.4587
4.0000,0.4553,-0.3707
4.0000,0.5516,-0.2757
4.0000,0.4681,-0.3604
4.0000,0.5781,-0.2516
4.0000,0.4713,-0.3596
4.0000,0.4364,-0.3957
4.0000,0.5117,-0.3216
4.0000,0.4341,-0.4004
4.0000,0.4471,-0.3886
4.0000,0.4070,-0.4299
4.0000,0.4929,-0.3451
4.0000,0.4730,-0.3663
4.0000,0.4521,-0.3883
4.0000,0.4385,-0.4032
4.0000,0.5649,-0.2779
4.0000,0.4426,-0.4014
4.0000,0.4878,-0.3574
4.0000,0.5624,-0.2839
4.0000,0.4538,-0.3937
4.0000,0.5966,-0.2520
4.0000,0.3884,-0.4614
4.0000,0.5057,-0.3453
4.0000,0.4262,-0.4260
4.0000,0.3997,-0.4536
4.0000,0.6064,-0.2480
4.0000,0.5341,-0.3215
4.0000,0.4904,-0.3663
4.0000,0.5597,-0.2981
4.0000,0.5628,-0.2962
4.0000,0.4846,-0.3756
4.0000,0.6127,-0.2486
4.0000,0.5236,-0.3389
4.0000,0.5381,-0.3254
4.0000,0.4927,-0.3720
4.0000,0.5771,-0.2887
4.0000,0.4511,-0.4158
4.0000,0.5973,-0.2707
4.0000,0.6307,-0.2385
4.0000,0.4406,-0.4296
4.0000,0.4608,-0.4106
4.0000,0.4130,-0.4595
4.0000,0.6379,-0.2357
4.0000,0.5939,-0.2808
4.0000,0.5282,-0.3476
4.0000,0.4176,-0.4592
4.0000,0.5877,-0.2902
4.0000,0.5139,-0.3651
4.0000,0.5892,-0.2909
4.0000,0.5256,-0.3555
4.0000,0.4278,-0.4544
4.0000,0.4561,-0.4272
4.0000,0.5120,-0.3724
4.0000,0.6324,-0.2530
4.0000,0.4913,-0.3952
4.0000,0.6137,-0.2739
4.0000,0.6402,-0.2484
4.0000,0.5789,-0.3107
4.0000,0.6246,-0.2661
4.0000,0.5098,-0.3820
4.0000,0.5289,-0.3639
4.0000,0.5639,-0.3300
4.0000,0.4458,-0.4490
4.0000,0.6529,-0.2430
4.0000,0.4960,-0.4009
4.0000,0.4449,-0.4531
4.0000,0.6223,-0.2767
4.0000,0.6142,-0.2858
4.0000,0.5729,-0.3281
4.0000,0.6043,-0.2977
4.0000,0.5586,-0.3445
4.0000,0.6475,-0.2566
4.0000,0.5136,-0.3915
4.0000,0.6481,-0.2580
4.0000,0.6231,-0.2839
4.0000,0.5035,-0.4045
4.0000,0.5951,-0.3139
4.0000,0.6906,-0.2195
4.0000,0.4996,-0.4114
4.0000,0.5053,-0.4067
4.0000,0.4734,-0.4396
4.0000,0.6098,-0.3041
4.0000,0.6939,-0.2210
4.0000,0.5496,-0.3663
4.0000,0.5731,-0.3437
4.0000,0.6708,-0.2470
4.0000,0.5560,-0.3628
4.0000,0.4755,-0.4442
4.0000,0.5180,-0.4026
4.0000,0.7030,-0.2186
4.0000,0.4994,-0.4232
4.0000,0.6961,-0.2274
4.0000,0.5439,-0.3805
4.0000,0.6646,-0.2608
4.0000,0.6399,-0.2864
4.0000,0.6481,-0.2791
4.0000,0.5525,-0.3756
4.0000,0.5165,-0.4125
4.0000,0.6149,-0.3151
4.0000,0.6376,-0.2932
4.0000,0.6114,-0.3204
4.0000,0.6208,-0.3119
4.0000,0.6688,-0.2648
4.0000,0.5671,-0.3674
4.0000,0.7113,-0.2240
4.0000,0.5589,-0.3773
4.0000,0.5780,-0.3591
4.0000,0.5597,-0.3783
4.0000,0.6699,-0.2689
4.0000,0.7418,-0.1979
4.0000,0.6860,-0.2546
4.0000,0.6583,-0.2832
4.0000,0.5730,-0.3694
4.0000,0.6530,-0.2902
4.0000,0.7226,-0.2215
4.0000,0.7513,-0.1937
4.0000,0.6398,-0.3060
4.0000,0.5314,-0.4152
4.0000,0.5265,-0.4209
4.0000,0.6797,-0.2686
4.0000,0.5390,-0.4101
4.0000,0.6504,-0.2996
4.0000,0.6041,-0.3467
4.0000,0.6525,-0.2991
4.0000,0.7269,-0.2255
4.0000,0.7002,-0.2531
4.0000,0.5792,-0.3749
4.0000,0.6846,-0.2702
4.0000,0.7498,-0.2058
4.0000,0.7279,-0.2285
4.0000,0.7224,-0.2349
4.0000,0.7672,-0.1908
4.0000,0.6377,-0.3211
4.0000,0.6929,-0.2667
4.0000,0.6304,-0.3300
4.0000,0.5763,-0.3849
4.0000,0.7360,-0.2259
4.0000,0.7698,-0.1929
4.0000,0.7757,-0.1878
4.0000,0.7616,-0.2026
4.0000,0.6345,-0.3304
4.0000,0.5958,-0.3700
4.0000,0.7218,-0.2447
4.0000,0.7598,-0.2074
4.0000,0.7420,-0.2259
4.0000,0.5629,-0.4058
4.0000,0.7022,-0.2672
4.0000,0.7020,-0.2681
4.0000,0.6236,-0.3472
4.0000,0.5682,-0.4034
4.0000,0.7968,-0.1755
4.0000,0.7577,-0.2153
4.0000,0.7369,-0.2368
4.0000,0.6454,-0.3291
4.0000,0.5734,-0.4018
4.0000,0.5961,-0.3798
4.0000,0.5704,-0.4061
4.0000,0.5620,-0.4152
4.0000,0.8132,-0.1647
4.0000,0.8064,-0.1721
4.0000,0.6699,-0.3093
4.0000,0.6141,-0.3658
4.0000,0.6909,-0.2897
4.0000,0.7775,-0.2038
4.0000,0.5794,-0.4025
4.0000,0.6965,-0.2860
4.0000,0.8185,-0.1647
4.0000,0.5756,-0.4083
4.0000,0.7224,-0.2621
4.0000,0.6374,-0.3477
4.0000,0.6050,-0.3808
4.0000,0.6157,-0.3707
4.0000,0.6188,-0.3682
4.0000,0.6189,-0.3687
4.0000,0.7686,-0.2197
4.0000,0.7377,-0.2512
4.0000,0.7672,-0.2223
4.0000,0.7104,-0.2796
4.0000,0.7716,-0.2191
4.0000,0.7905,-0.2008
4.0000,0.7881,-0.2038
4.0000,0.6310,-0.3614
4.0000,0.7931,-0.1999
4.0000,0.7437,-0.2500
4.0000,0.6319,-0.3623
4.0000,0.6738,-0.3210
4.0000,0.6687,-0.3266
4.0000,0.7059,-0.2900
4.0000,0.7257,-0.2708
4.0000,0.7228,-0.2742
4.0000,0.7109,-0.2867
4.0000,0.7913,-0.2068
4.0000,0.6965,-0.3021
4.0000,0.7869,-0.2123
4.0000,0.6585,-0.3412
4.0000,0.6212,-0.3791
4.0000,0.7690,-0.2317
4.0000,0.7748,-0.2265
4.0000,0.7687,-0.2331
4.0000,0.6386,-0.3637
4.0000,0.7113,-0.2915
4.0000,0.7640,-0.2393
4.0000,0.6798,-0.3240
4.0000,0.7668,-0.2375
4.0000,0.6951,-0.3097
4.0000,0.7366,-0.2686
4.0000,0.8012,-0.2046
4.0000,0.7225,-0.2837
4.0000,0.7226,-0.2841
4.0000,0.6495,-0.3576
4.0000,0.8757,-0.1319
4.0000,0.7950,-0.2130
4.0000,0.7590,-0.2495
4.0000,0.6597,-0.3493
4.0000,0.7528,-0.2566
4.0000,0.8169,-0.1929
4.0000,0.6965,-0.3138
4.0000,0.8053,-0.2054
4.0000,0.7972,-0.2139
4.0000,0.7917,-0.2198
4.0000,0.7713,-0.2407
4.0000,0.7505,-0.2619
4.0000,0.7408,-0.2719
4.0000,0.8571,-0.1561
4.0000,0.8448,-0.1688
4.0000,0.8227,-0.1913
4.0000,0.6712,-0.3431
4.0000,0.6738,-0.3409
4.0000,0.6572,-0.3579
4.0000,0.9111,-0.1043
4.0000,0.7581,-0.2578
4.0000,0.8276,-0.1887
4.0000,0.8381,-0.1785
4.0000,0.6633,-0.3536
4.0000,0.7473,-0.2700
4.0000,0.8463,-0.1713
4.0000,0.7660,-0.2519
4.0000,0.8339,-0.1844
4.0000,0.6923,-0.3263
4.0000,0.7052,-0.3138
4.0000,0.7277,-0.2916
4.0000,0.7727,-0.2469
4.0000,0.6913,-0.3286
4.0000,0.7387,-0.2815
4.0000,0.7251,-0.2954
4.0000,0.7485,-0.2723
4.0000,0.7060,-0.3151
4.0000,0.7093,-0.3121
4.0000,0.6916,-0.3301
4.0000,0.7242,-0.2977
4.0000,0.8722,-0.1500
4.0000,0.8060,-0.2165
4.0000,0.7070,-0.3158
4.0000,0.7225,-0.3005
4.0000,0.7206,-0.3027
4.0000,0.8811,-0.1425
4.0000,0.7633,-0.2605
4.0000,0.7957,-0.2283
4.0000,0.8175,-0.2068
4.0000,0.7998,-0.2247
4.0000,0.9151,-0.1096
4.0000,0.9220,-0.1030
4.0000,0.8062,-0.2189
4.0000,0.8844,-0.1409
4.0000,0.9542,-0.0714
4.0000,0.8095,-0.2162
4.0000,0.8571,-0.1689
4.0000,0.8948,-0.1314
4.0000,0.7901,-0.2362
4.0000,0.9280,-0.0985
4.0000,0.9176,-0.1092
4.0000,0.9289,-0.0980
4.0000,0.7876,-0.2394
4.0000,0.8424,-0.1849
4.0000,0.7292,-0.2982
4.0000,0.8133,-0.2142
4.0000,0.9442,-0.0834
4.0000,0.9149,-0.1129
4.0000,0.7903,-0.2377
4.0000,0.7825,-0.2456
4.0000,0.7376,-0.2907
4.0000,0.7597,-0.2687
4.0000,0.8733,-0.1552
4.0000,0.7652,-0.2634
4.0000,0.9623,-0.0664
4.0000,0.9462,-0.0826
4.0000,0.8332,-0.1957
4.0000,0.9006,-0.1284
4.0000,0.9329,-0.0961
4.0000,0.7541,-0.2751
4.0000,0.9163,-0.1129
4.0000,0.8205,-0.2088
4.0000,0.8967,-0.1327
4.0000,0.8375,-0.1919
4.0000,0.8232,-0.2063
4.0000,0.7819,-0.2476
4.0000,0.9107,-0.1189
4.0000,0.8674,-0.1623
4.0000,0.9743,-0.0553
4.0000,0.8984,-0.1313
4.0000,0.9200,-0.1098
4.0000,0.8154,-0.2144
4.0000,0.8991,-0.1307
4.0000,0.8779,-0.1519
4.0000,0.7751,-0.2547
4.0000,0.8290,-0.2008
4.0000,0.8899,-0.1399
4.0000,0.8932,-0.1366
4.0000,0.8074,-0.2224
4.0000,0.9626,-0.0672
4.0000,0.8952,-0.1345
4.0000,0.8443,-0.1855
4.0000,0.8187,-0.2110
4.0000,0.9887,-0.0409
4.0000,0.7781,-0.2515
4.0000,0.8432,-0.1863
4.0000,1.0159,-0.0136
4.0000,0.9388,-0.0906
4.0000,0.9674,-0.0620
4.0000,0.8535,-0.1758
4.0000,0.8541,-0.1751
4.0000,0.8478,-0.1814
4.0000,0.8223,-0.2068
4.0000,0.8551,-0.1739
4.0000,0.8581,-0.1708
4.0000,1.0164,-0.0124
4.0000,0.7958,-0.2328
4.0000,0.9997,-0.0288
4.0000,0.8601,-0.1683
4.0000,1.0343,0.0059
4.0000,0.9917,-0.0364
4.0000,0.7939,-0.2341
4.0000,0.9350,-0.0930
4.0000,0.9521,-0.0756
4.0000,1.0329,0.0053
4.0000,1.0242,-0.0033
4.0000,0.9977,-0.0296
4.0000,0.9671,-0.0601
4.0000,1.0440,0.0170
4.0000,1.0282,0.0014
4.0000,0.8846,-0.1420
4.0000,1.0353,0.0089
4.0000,0.8661,-0.1602
4.0000,0.8494,-0.1766
4.0000,0.9008,-0.1251
4.0000,0.9106,-0.1150
4.0000,0.8945,-0.1309
4.0000,0.8303,-0.1949
4.0000,0.9636,-0.0614
4.0000,0.8231,-0.2017
4.0000,0.9674,-0.0571
4.0000,0.9989,-0.0254
4.0000,0.9627,-0.0614
4.0000,0.8482,-0.1756
4.0000,0.8411,-0.1825
4.0000,0.8910,-0.1323
4.0000,0.8325,-0.1905
4.0000,1.0553,0.0325
4.0000,1.0529,0.0305
4.0000,0.9521,-0.0701
4.0000,1.0661,0.0442
4.0000,0.8799,-0.1417
4.0000,1.0014,-0.0199
4.0000,0.8423,-0.1787
4.0000,1.0487,0.0280
4.0000,0.9421,-0.0783
4.0000,0.9049,-0.1152
4.0000,0.8922,-0.1275
4.0000,0.9421,-0.0773
4.0000,1.0596,0.0405
4.0000,0.8370,-0.1818
4.0000,0.9265,-0.0918
4.0000,0.9405,-0.0775
4.0000,0.8733,-0.1443
4.0000,0.9415,-0.0759
4.0000,1.0615,0.0445
4.0000,0.9116,-0.1050
4.0000,1.0904,0.0742
4.0000,0.9544,-0.0614
4.0000,0.8943,-0.1211
4.0000,0.9291,-0.0859
4.0000,0.9009,-0.1137
4.0000,1.0620,0.0478
4.0000,1.0158,0.0020
4.0000,0.8699,-0.1435
4.0000,1.0110,-0.0019
4.0000,0.9190,-0.0935
4.0000,0.8590,-0.1531
4.0000,0.8883,-0.1233
4.0000,1.0047,-0.0065
4.0000,0.8995,-0.1112
4.0000,1.0249,0.0146
4.0000,0.8964,-0.1134
4.0000,0.8934,-0.1160
4.0000,0.9769,-0.0320
4.0000,0.9467,-0.0617
4.0000,0.9935,-0.0144
4.0000,0.8662,-0.1412
4.0000,0.8923,-0.1146
4.0000,0.9147,-0.0918
4.0000,1.0539,0.0480
4.0000,1.0223,0.0169
4.0000,0.9395,-0.0655
4.0000,0.9939,-0.0105
4.0000,1.0327,0.0288
4.0000,1.0462,0.0429
4.0000,1.0906,0.0878
4.0000,1.0763,0.0741
4.0000,1.0892,0.0875
4.0000,0.9560,-0.0452
4.0000,1.0818,0.0812
4.0000,1.0158,0.0158
