1.0000,-0.0715,-0.0749
1.0000,-0.0416,-0.0482
1.0000,-0.0502,-0.0601
1.0000,-0.0188,-0.0320
1.0000,0.0956,0.0792
1.0000,0.0694,0.0497
1.0000,-0.0348,-0.0577
1.0000,0.0487,0.0226
1.0000,-0.0789,-0.1082
1.0000,0.0862,0.0537
1.0000,-0.0658,-0.1014
1.0000,0.0699,0.0312
1.0000,0.0586,0.0168
1.0000,0.1561,0.1112
1.0000,0.0294,-0.0186
1.0000,0.1491,0.0980
1.0000,-0.0361,-0.0902
1.0000,-0.0390,-0.0961
1.0000,-0.0575,-0.1176
1.0000,0.1874,0.1243
1.0000,-0.0045,-0.0706
1.0000,0.1264,0.0574
1.0000,0.1810,0.1091
1.0000,-0.0453,-0.1201
1.0000,0.0330,-0.0447
1.0000,0.0998,0.0192
1.0000,0.1346,0.0512
1.0000,0.1522,0.0660
1.0000,0.1000,0.0110
1.0000,0.1313,0.0394
1.0000,0.0281,-0.0665
1.0000,0.0357,-0.0617
1.0000,0.0251,-0.0750
1.0000,0.0799,-0.0229
1.0000,0.0518,-0.0537
1.0000,0.0104,-0.0978
1.0000,0.1717,0.0609
1.0000,0.1293,0.0158
1.0000,0.2017,0.0856
1.0000,0.0591,-0.0596
1.0000,0.0405,-0.0807
1.0000,0.1248,0.0011
1.0000,0.0629,-0.0634
1.0000,0.0723,-0.0565
1.0000,0.0653,-0.0660
1.0000,0.1364,0.0026
1.0000,0.0687,-0.0675
1.0000,0.2724,0.1338
1.0000,0.2168,0.0757
1.0000,0.2427,0.0992
1.0000,0.2343,0.0884
1.0000,0.2306,0.0824
1.0000,0.1856,0.0351
1.0000,0.1357,-0.0172
1.0000,0.0924,-0.0627
1.0000,0.1082,-0.0492
1.0000,0.0795,-0.0801
1.0000,0.0662,-0.0957
1.0000,0.0882,-0.0759
1.0000,0.0723,-0.0939
1.0000,0.1635,-0.0049
1.0000,0.1924,0.0218
1.0000,0.2318,0.0591
1.0000,0.2445,0.0698
1.0000,0.2053,0.0285
1.0000,0.1308,-0.0481
1.0000,0.2055,0.0246
1.0000,0.2083,0.0253
1.0000,0.2948,0.1098
1.0000,0.2987,0.1118
1.0000,0.3105,0.1216
1.0000,0.1537,-0.0371
1.0000,0.1811,-0.0116
1.0000,0.2771,0.0825
1.0000,0.3393,0.1428
1.0000,0.2148,0.0166
1.0000,0.3166,0.1165
1.0000,0.3241,0.1223
1.0000,0.2769,0.0732
1.0000,0.2608,0.0554
1.0000,0.1890,-0.0181
1.0000,0.2372,0.0283
1.0000,0.3227,0.1122
1.0000,0.2900,0.0779
1.0000,0.3955,0.1816
1.0000,0.2762,0.0607
1.0000,0.2766,0.0595
1.0000,0.1785,-0.0401
1.0000,0.2822,0.0621
1.0000,0.4056,0.1839
1.0000,0.3350,0.1119
1.0000,0.3787,0.1540
1.0000,0.2021,-0.0240
1.0000,0.3026,0.0750
1.0000,0.4258,0.1969
1.0000,0.3797,0.1493
1.0000,0.2225,-0.0092
1.0000,0.3029,0.0698
1.0000,0.3738,0.1394
1.0000,0.2893,0.0536
1.0000,0.3424,0.1055
1.0000,0.4176,0.1794
1.0000,0.3339,0.0944
1.0000,0.2276,-0.0131
1.0000,0.3598,0.1180
1.0000,0.4143,0.1713
1.0000,0.3589,0.1147
1.0000,0.3356,0.0903
1.0000,0.3246,0.0782
1.0000,0.4587,0.2113
1.0000,0.4649,0.2164
1.0000,0.4657,0.2162
1.0000,0.3992,0.1487
1.0000,0.4723,0.2208
1.0000,0.4318,0.1794
1.0000,0.2427,-0.0106
1.0000,0.4498,0.1956
1.0000,0.3793,0.1242
1.0000,0.4783,0.2224
1.0000,0.4045,0.1477
1.0000,0.4741,0.2165
1.0000,0.2711,0.0127
1.0000,0.4653,0.2061
1.0000,0.3960,0.1361
1.0000,0.2689,0.0083
1.0000,0.4490,0.1877
1.0000,0.3814,0.1194
1.0000,0.3854,0.1228
1.0000,0.3469,0.0837
1.0000,0.4058,0.1420
1.0000,0.3785,0.1141
1.0000,0.5154,0.2504
1.0000,0.3580,0.0925
1.0000,0.3211,0.0552
1.0000,0.5187,0.2523
1.0000,0.3907,0.1238
1.0000,0.5285,0.2612
1.0000,0.3666,0.0989
1.0000,0.4519,0.1839
1.0000,0.5540,0.2856
1.0000,0.5496,0.2808
1.0000,0.3353,0.0662
1.0000,0.5702,0.3009
1.0000,0.4580,0.1884
1.0000,0.4524,0.1826
1.0000,0.5385,0.2684
1.0000,0.3813,0.1111
1.0000,0.5301,0.2598
1.0000,0.4884,0.2179
1.0000,0.5328,0.2622
1.0000,0.3720,0.1014
1.0000,0.4673,0.1965
1.0000,0.4480,0.1772
1.0000,0.5025,0.2317
1.0000,0.5785,0.3078
1.0000,0.3752,0.1045
1.0000,0.4470,0.1763
1.0000,0.4987,0.2282
1.0000,0.4316,0.1612
1.0000,0.3638,0.0935
1.0000,0.3775,0.1074
1.0000,0.6084,0.3385
1.0000,0.5333,0.2636
1.0000,0.3989,0.1294
1.0000,0.5047,0.2354
1.0000,0.4469,0.1780
1.0000,0.4208,0.1522
1.0000,0.5752,0.3069
1.0000,0.3898,0.1219
1.0000,0.4690,0.2015
1.0000,0.5025,0.2354
1.0000,0.5116,0.2450
1.0000,0.5993,0.3331
1.0000,0.6280,0.3623
1.0000,0.4896,0.2245
1.0000,0.4745,0.2099
1.0000,0.5857,0.3216
1.0000,0.4171,0.1536
1.0000,0.4800,0.2171
1.0000,0.6524,0.3902
1.0000,0.6635,0.4020
1.0000,0.6260,0.3651
1.0000,0.6589,0.3988
1.0000,0.6649,0.4055
1.0000,0.4886,0.2300
1.0000,0.4282,0.1704
1.0000,0.6342,0.3772
1.0000,0.6286,0.3725
1.0000,0.5879,0.3326
1.0000,0.4413,0.1869
1.0000,0.6759,0.4224
1.0000,0.6813,0.4287
1.0000,0.6416,0.3901
1.0000,0.5296,0.2791
1.0000,0.5812,0.3317
1.0000,0.6474,0.3990
1.0000,0.4580,0.2106
1.0000,0.5758,0.3295
1.0000,0.6358,0.3906
1.0000,0.6399,0.3958
1.0000,0.6073,0.3645
1.0000,0.5695,0.3279
1.0000,0.5801,0.3397
1.0000,0.5469,0.3078
1.0000,0.6946,0.4568
1.0000,0.6242,0.3877
1.0000,0.7017,0.4664
1.0000,0.5277,0.2938
1.0000,0.5614,0.3289
1.0000,0.5619,0.3308
1.0000,0.6407,0.4110
1.0000,0.6406,0.4124
1.0000,0.7233,0.4966
1.0000,0.5588,0.3336
1.0000,0.5473,0.3237
1.0000,0.6022,0.3801
1.0000,0.4918,0.2713
1.0000,0.5505,0.3316
1.0000,0.7310,0.5137
1.0000,0.6849,0.4693
1.0000,0.5620,0.3480
1.0000,0.5861,0.3739
1.0000,0.7355,0.5250
1.0000,0.5550,0.3462
1.0000,0.7305,0.5236
1.0000,0.5284,0.3233
1.0000,0.5279,0.3247
1.0000,0.5051,0.3037
1.0000,0.7443,0.5448
1.0000,0.5204,0.3228
1.0000,0.6416,0.4460
1.0000,0.5904,0.3967
1.0000,0.5190,0.3273
1.0000,0.7375,0.5479
1.0000,0.5933,0.4057
1.0000,0.7080,0.5225
1.0000,0.7535,0.5701
1.0000,0.6071,0.4258
1.0000,0.6647,0.4856
1.0000,0.6816,0.5046
1.0000,0.7411,0.5663
1.0000,0.7138,0.5413
1.0000,0.5423,0.3720
1.0000,0.5774,0.4094
1.0000,0.6601,0.4944
1.0000,0.7750,0.6116
1.0000,0.5864,0.4254
1.0000,0.7809,0.6222
1.0000,0.7444,0.5881
1.0000,0.6575,0.5036
1.0000,0.6775,0.5261
1.0000,0.6899,0.5410
1.0000,0.7177,0.5713
1.0000,0.7468,0.6030
1.0000,0.6020,0.4607
1.0000,0.7742,0.6355
1.0000,0.5532,0.4171
1.0000,0.6877,0.5542
1.0000,0.5964,0.4656
1.0000,0.6852,0.5571
1.0000,0.6178,0.4924
1.0000,0.7918,0.6692
1.0000,0.6540,0.5341
1.0000,0.5793,0.4622
1.0000,0.7627,0.6484
1.0000,0.6669,0.5554
1.0000,0.7006,0.5920
1.0000,0.5919,0.4862
1.0000,0.6332,0.5304
1.0000,0.7090,0.6091
1.0000,0.5912,0.4943
1.0000,0.6682,0.5743
1.0000,0.7943,0.7034
1.0000,0.7637,0.6759
1.0000,0.6977,0.6129
1.0000,0.8121,0.7304
1.0000,0.6186,0.5401
1.0000,0.6904,0.6150
1.0000,0.7954,0.7231
1.0000,0.5695,0.5005
1.0000,0.6103,0.5445
1.0000,0.8056,0.7430
1.0000,0.5744,0.5150
1.0000,0.7593,0.7033
1.0000,0.7312,0.6784
1.0000,0.6023,0.5529
1.0000,0.6523,0.6063
1.0000,0.7126,0.6700
1.0000,0.6318,0.5926
1.0000,0.6513,0.6155
1.0000,0.7266,0.6943
1.0000,0.8119,0.7831
1.0000,0.6947,0.6694
1.0000,0.7361,0.7143
1.0000,0.7445,0.7263
1.0000,0.7997,0.7851
1.0000,0.6387,0.6277
1.0000,0.6354,0.6280
1.0000,0.6124,0.6087
1.0000,0.7722,0.7722
2.0000,-0.1153,-0.1120
2.0000,0.0833,0.0900
2.0000,-0.1061,-0.0961
2.0000,0.0920,0.1055
2.0000,-0.0670,-0.0502
2.0000,-0.0290,-0.0087
2.0000,0.0264,0.0502
2.0000,-0.0028,0.0245
2.0000,0.0978,0.1285
2.0000,-0.0848,-0.0506
2.0000,0.0716,0.1093
2.0000,0.1127,0.1539
2.0000,-0.0156,0.0292
2.0000,-0.0138,0.0345
2.0000,-0.1127,-0.0608
2.0000,0.0676,0.1231
2.0000,-0.0828,-0.0236
2.0000,0.1161,0.1789
2.0000,-0.0134,0.0530
2.0000,0.0961,0.1662
2.0000,0.0200,0.0938
2.0000,-0.0305,0.0469
2.0000,-0.0864,-0.0052
2.0000,0.0076,0.0924
2.0000,-0.1319,-0.0433
2.0000,0.0965,0.1888
2.0000,0.0642,0.1603
2.0000,-0.0681,0.0318
2.0000,-0.1020,0.0018
2.0000,0.0396,0.1471
2.0000,0.1076,0.2190
2.0000,0.0612,0.1764
2.0000,0.0847,0.2038
2.0000,0.0543,0.1773
2.0000,0.0045,0.1313
2.0000,-0.0937,0.0370
2.0000,0.0097,0.1444
2.0000,0.0854,0.2240
2.0000,-0.0968,0.0458
2.0000,-0.0740,0.0725
2.0000,-0.0422,0.1084
2.0000,-0.0218,0.1328
2.0000,-0.0356,0.1229
2.0000,-0.1015,0.0610
2.0000,-0.0457,0.1209
2.0000,0.0838,0.2545
2.0000,0.1068,0.2815
2.0000,-0.1082,0.0706
2.0000,-0.0211,0.1618
2.0000,0.0507,0.2377
2.0000,-0.1093,0.0818
2.0000,0.1021,0.2974
2.0000,0.0496,0.2490
2.0000,0.0948,0.2984
2.0000,0.0433,0.2510
2.0000,-0.1000,0.1120
2.0000,0.0502,0.2663
2.0000,-0.1531,0.0673
2.0000,0.0914,0.3160
2.0000,0.0360,0.2649
2.0000,-0.1546,0.0785
2.0000,0.0120,0.2493
2.0000,0.0639,0.3056
2.0000,-0.0733,0.1727
2.0000,-0.0994,0.1509
2.0000,-0.1035,0.1511
2.0000,-0.0349,0.2239
2.0000,-0.1157,0.1475
2.0000,-0.0297,0.2379
2.0000,-0.0286,0.2434
2.0000,-0.1681,0.1082
2.0000,-0.0655,0.2152
2.0000,-0.1487,0.1364
2.0000,-0.0491,0.2404
2.0000,-0.0803,0.2136
2.0000,-0.1626,0.1358
2.0000,-0.0899,0.2129
2.0000,-0.1521,0.1552
2.0000,0.0731,0.3849
2.0000,0.0628,0.3791
2.0000,-0.0870,0.2338
2.0000,-0.1534,0.1719
2.0000,-0.0956,0.2342
2.0000,-0.0274,0.3069
2.0000,-0.1766,0.1623
2.0000,-0.1452,0.1983
2.0000,-0.0902,0.2578
2.0000,-0.1401,0.2125
2.0000,-0.0539,0.3033
2.0000,-0.0323,0.3295
2.0000,-0.0146,0.3517
2.0000,0.0115,0.3824
2.0000,0.0434,0.4190
2.0000,-0.0913,0.2890
2.0000,-0.1921,0.1927
2.0000,-0.1296,0.2599
2.0000,-0.1853,0.2089
2.0000,-0.1642,0.2347
2.0000,0.0240,0.4276
2.0000,0.0124,0.4206
2.0000,-0.1958,0.2171
2.0000,-0.0105,0.4072
2.0000,-0.0365,0.3859
2.0000,-0.0447,0.3824
2.0000,-0.0806,0.3513
2.0000,0.0094,0.4460
2.0000,-0.1352,0.3062
2.0000,-0.1907,0.2555
2.0000,-0.1411,0.3098
2.0000,-0.0313,0.4244
2.0000,-0.0548,0.4057
2.0000,-0.0962,0.3691
2.0000,-0.1160,0.3541
2.0000,-0.2036,0.2713
2.0000,-0.1169,0.3628
2.0000,-0.1403,0.3443
2.0000,-0.0114,0.4781
2.0000,-0.0684,0.4259
2.0000,-0.2038,0.2953
2.0000,-0.0364,0.4677
2.0000,-0.2365,0.2725
2.0000,-0.0246,0.4892
2.0000,-0.2515,0.2672
2.0000,-0.0354,0.4882
2.0000,-0.0193,0.5092
2.0000,-0.0762,0.4572
2.0000,-0.1770,0.3613
2.0000,-0.1738,0.3694
2.0000,-0.1887,0.3595
2.0000,-0.1062,0.4469
2.0000,-0.2430,0.3151
2.0000,-0.1002,0.4628
2.0000,-0.2580,0.3100
2.0000,-0.0651,0.5079
2.0000,-0.1855,0.3924
2.0000,-0.1438,0.4391
2.0000,-0.2322,0.3557
2.0000,-0.1379,0.4550
2.0000,-0.1803,0.4176
2.0000,-0.0849,0.5180
2.0000,-0.1877,0.4202
2.0000,-0.2868,0.3261
2.0000,-0.1640,0.4539
2.0000,-0.1506,0.4724
2.0000,-0.1125,0.5156
2.0000,-0.2433,0.3897
2.0000,-0.1187,0.5194
2.0000,-0.2197,0.4235
2.0000,-0.1657,0.4825
2.0000,-0.1969,0.4564
2.0000,-0.1925,0.4659
2.0000,-0.2870,0.3765
2.0000,-0.1331,0.5354
2.0000,-0.1907,0.4828
2.0000,-0.2736,0.4051
2.0000,-0.1246,0.5592
2.0000,-0.1217,0.5672
2.0000,-0.1104,0.5835
2.0000,-0.2308,0.4683
2.0000,-0.2515,0.4526
2.0000,-0.2798,0.4295
2.0000,-0.1333,0.5811
2.0000,-0.1433,0.5761
2.0000,-0.3279,0.3967
2.0000,-0.2477,0.4820
2.0000,-0.2063,0.5286
2.0000,-0.2250,0.5150
2.0000,-0.2159,0.5292
2.0000,-0.1209,0.6294
2.0000,-0.3251,0.4304
2.0000,-0.2694,0.4912
2.0000,-0.2653,0.5004
2.0000,-0.1838,0.5871
2.0000,-0.2042,0.5718
2.0000,-0.2642,0.5170
2.0000,-0.3121,0.4742
2.0000,-0.3557,0.4358
2.0000,-0.3894,0.4073
2.0000,-0.1637,0.6382
2.0000,-0.3459,0.4611
2.0000,-0.3225,0.4897
2.0000,-0.2141,0.6032
2.0000,-0.3055,0.5170
2.0000,-0.2313,0.5963
2.0000,-0.3051,0.5277
2.0000,-0.2387,0.5994
2.0000,-0.4127,0.4306
2.0000,-0.3893,0.4591
2.0000,-0.2522,0.6014
2.0000,-0.3128,0.5460
2.0000,-0.3656,0.4984
2.0000,-0.2753,0.5939
2.0000,-0.4001,0.4743
2.0000,-0.4063,0.4733
2.0000,-0.4084,0.4763
2.0000,-0.2023,0.6876
2.0000,-0.3005,0.5946
2.0000,-0.3371,0.5632
2.0000,-0.4551,0.4504
2.0000,-0.4206,0.4900
2.0000,-0.2322,0.6837
2.0000,-0.2141,0.7070
2.0000,-0.4406,0.4856
2.0000,-0.2984,0.6330
2.0000,-0.4444,0.4922
2.0000,-0.2702,0.6716
2.0000,-0.3531,0.5939
2.0000,-0.2761,0.6761
2.0000,-0.2683,0.6891
2.0000,-0.2485,0.7141
2.0000,-0.2998,0.6680
2.0000,-0.3739,0.5991
2.0000,-0.4450,0.5331
2.0000,-0.4298,0.5535
2.0000,-0.2942,0.6943
2.0000,-0.5032,0.4905
2.0000,-0.4256,0.5733
2.0000,-0.3302,0.6738
2.0000,-0.4697,0.5395
2.0000,-0.3079,0.7065
2.0000,-0.3158,0.7038
2.0000,-0.3267,0.6980
2.0000,-0.3840,0.6459
2.0000,-0.3654,0.6697
2.0000,-0.3793,0.6610
2.0000,-0.3967,0.6488
2.0000,-0.4929,0.5577
2.0000,-0.4865,0.5692
2.0000,-0.4139,0.6470
2.0000,-0.4282,0.6379
2.0000,-0.3436,0.7277
2.0000,-0.5018,0.5746
2.0000,-0.3812,0.7003
2.0000,-0.5164,0.5703
2.0000,-0.4754,0.6164
2.0000,-0.3860,0.7110
2.0000,-0.3392,0.7628
2.0000,-0.5776,0.5296
2.0000,-0.5156,0.5968
2.0000,-0.3953,0.7222
2.0000,-0.3625,0.7601
2.0000,-0.6024,0.5253
2.0000,-0.4363,0.6965
2.0000,-0.4873,0.6506
2.0000,-0.3983,0.7446
2.0000,-0.3794,0.7687
2.0000,-0.5676,0.5856
2.0000,-0.4372,0.7210
2.0000,-0.5692,0.5942
2.0000,-0.4906,0.6778
2.0000,-0.5740,0.5995
2.0000,-0.4874,0.6912
2.0000,-0.4963,0.6873
2.0000,-0.4616,0.7271
2.0000,-0.5039,0.6899
2.0000,-0.5604,0.6384
2.0000,-0.4929,0.7109
2.0000,-0.5939,0.6150
2.0000,-0.5974,0.6166
2.0000,-0.4456,0.7733
2.0000,-0.5905,0.6334
2.0000,-0.6065,0.6224
2.0000,-0.6209,0.6131
2.0000,-0.4873,0.7516
2.0000,-0.5764,0.6675
2.0000,-0.5770,0.6719
2.0000,-0.5163,0.7376
2.0000,-0.6735,0.5854
2.0000,-0.6278,0.6361
2.0000,-0.5437,0.7252
2.0000,-0.6937,0.5801
2.0000,-0.4957,0.7831
2.0000,-0.6371,0.6466
2.0000,-0.6080,0.6806
2.0000,-0.5739,0.7197
2.0000,-0.6020,0.6965
2.0000,-0.5630,0.7404
2.0000,-0.6393,0.6691
2.0000,-0.5445,0.7687
2.0000,-0.6126,0.7055
2.0000,-0.5400,0.7830
2.0000,-0.7148,0.6131
2.0000,-0.6730,0.6598
2.0000,-0.5702,0.7674
2.0000,-0.5866,0.7558
2.0000,-0.6983,0.6491
2.0000,-0.5913,0.7608
2.0000,-0.7595,0.5975
2.0000,-0.7336,0.6282
2.0000,-0.6729,0.6937
2.0000,-0.5600,0.8114
2.0000,-0.6489,0.7273
2.0000,-0.7716,0.6094
2.0000,-0.6855,0.7002
2.0000,-0.6226,0.7680
2.0000,-0.7590,0.6363
2.0000,-0.7375,0.6625
2.0000,-0.5781,0.8266
2.0000,-0.8057,0.6037
2.0000,-0.6328,0.7815
3.0000,0.0982,0.1015
3.0000,-0.0421,-0.0355
3.0000,-0.1210,-0.1111
3.0000,-0.0480,-0.0348
3.0000,-0.0297,-0.0133
3.0000,0.0046,0.0243
3.0000,-0.0247,-0.0018
3.0000,-0.0413,-0.0152
3.0000,-0.0788,-0.0496
3.0000,0.0322,0.0647
3.0000,0.0610,0.0966
3.0000,0.0549,0.0937
3.0000,0.0085,0.0503
3.0000,0.0100,0.0549
3.0000,-0.0008,0.0472
3.0000,-0.1069,-0.0558
3.0000,0.0176,0.0717
3.0000,0.0179,0.0750
3.0000,0.0265,0.0866
3.0000,-0.0603,0.0028
3.0000,-0.0820,-0.0159
3.0000,-0.0989,-0.0299
3.0000,-0.0036,0.0683
3.0000,-0.1628,-0.0880
3.0000,-0.0678,0.0099
3.0000,-0.1613,-0.0807
3.0000,0.0302,0.1136
3.0000,-0.0783,0.0080
3.0000,-0.1113,-0.0222
3.0000,-0.0531,0.0387
3.0000,-0.1521,-0.0575
3.0000,-0.0517,0.0457
3.0000,-0.1469,-0.0468
3.0000,-0.0024,0.1005
3.0000,-0.1959,-0.0904
3.0000,-0.1433,-0.0351
3.0000,-0.0287,0.0821
3.0000,-0.1786,-0.0652
3.0000,-0.2008,-0.0847
3.0000,-0.1825,-0.0638
3.0000,-0.2072,-0.0859
3.0000,-0.1961,-0.0723
3.0000,-0.1749,-0.0486
3.0000,-0.0207,0.1081
3.0000,-0.2330,-0.1017
3.0000,-0.2087,-0.0749
3.0000,-0.2519,-0.1157
3.0000,-0.1533,-0.0146
3.0000,-0.2404,-0.0993
3.0000,-0.2078,-0.0643
3.0000,-0.2191,-0.0732
3.0000,-0.2406,-0.0924
3.0000,-0.1114,0.0391
3.0000,-0.1815,-0.0287
3.0000,-0.0616,0.0936
3.0000,-0.2493,-0.0919
3.0000,-0.1702,-0.0105
3.0000,-0.2843,-0.1225
3.0000,-0.0868,0.0772
3.0000,-0.2664,-0.1002
3.0000,-0.2123,-0.0439
3.0000,-0.2343,-0.0637
3.0000,-0.1340,0.0387
3.0000,-0.2251,-0.0503
3.0000,-0.2325,-0.0557
3.0000,-0.3221,-0.1432
3.0000,-0.1624,0.0185
3.0000,-0.2334,-0.0504
3.0000,-0.3435,-0.1586
3.0000,-0.2155,-0.0286
3.0000,-0.1796,0.0093
3.0000,-0.2732,-0.0824
3.0000,-0.3660,-0.1733
3.0000,-0.1905,0.0041
3.0000,-0.3436,-0.1471
3.0000,-0.1645,0.0338
3.0000,-0.2606,-0.0605
3.0000,-0.2432,-0.0413
3.0000,-0.2127,-0.0090
3.0000,-0.1918,0.0136
3.0000,-0.2143,-0.0072
3.0000,-0.2124,-0.0036
3.0000,-0.3127,-0.1022
3.0000,-0.1507,0.0615
3.0000,-0.3853,-0.1714
3.0000,-0.2688,-0.0533
3.0000,-0.3635,-0.1465
3.0000,-0.2723,-0.0537
3.0000,-0.2710,-0.0508
3.0000,-0.4049,-0.1832
3.0000,-0.3218,-0.0987
3.0000,-0.2538,-0.0292
3.0000,-0.3904,-0.1642
3.0000,-0.3032,-0.0756
3.0000,-0.4042,-0.1753
3.0000,-0.4258,-0.1954
3.0000,-0.2590,-0.0273
3.0000,-0.4019,-0.1689
3.0000,-0.4194,-0.1850
3.0000,-0.4477,-0.2120
3.0000,-0.3864,-0.1494
3.0000,-0.2137,0.0246
3.0000,-0.3360,-0.0965
3.0000,-0.2546,-0.0140
3.0000,-0.3387,-0.0969
3.0000,-0.2704,-0.0274
3.0000,-0.3644,-0.1202
3.0000,-0.4271,-0.1818
3.0000,-0.4021,-0.1558
3.0000,-0.3496,-0.1021
3.0000,-0.2350,0.0135
3.0000,-0.4788,-0.2293
3.0000,-0.4142,-0.1637
3.0000,-0.3542,-0.1027
3.0000,-0.2446,0.0078
3.0000,-0.4347,-0.1813
3.0000,-0.2936,-0.0394
3.0000,-0.4607,-0.2056
3.0000,-0.4948,-0.2388
3.0000,-0.2780,-0.0212
3.0000,-0.4982,-0.2406
3.0000,-0.3620,-0.1036
3.0000,-0.4466,-0.1874
3.0000,-0.5087,-0.2488
3.0000,-0.4981,-0.2374
3.0000,-0.3841,-0.1228
3.0000,-0.3512,-0.0893
3.0000,-0.3344,-0.0718
3.0000,-0.4073,-0.1440
3.0000,-0.4034,-0.1396
3.0000,-0.4607,-0.1963
3.0000,-0.4825,-0.2175
3.0000,-0.3388,-0.0734
3.0000,-0.5332,-0.2672
3.0000,-0.5078,-0.2414
3.0000,-0.3924,-0.1256
3.0000,-0.4103,-0.1430
3.0000,-0.4043,-0.1365
3.0000,-0.4319,-0.1638
3.0000,-0.5617,-0.2933
3.0000,-0.3139,-0.0451
3.0000,-0.5376,-0.2686
3.0000,-0.5101,-0.2408
3.0000,-0.3981,-0.1285
3.0000,-0.4508,-0.1809
3.0000,-0.3281,-0.0580
3.0000,-0.3328,-0.0626
3.0000,-0.5495,-0.2791
3.0000,-0.5441,-0.2736
3.0000,-0.5167,-0.2462
3.0000,-0.4051,-0.1344
3.0000,-0.3633,-0.0926
3.0000,-0.4048,-0.1341
3.0000,-0.4004,-0.1296
3.0000,-0.4791,-0.2083
3.0000,-0.4100,-0.1393
3.0000,-0.3812,-0.1105
3.0000,-0.5102,-0.2397
3.0000,-0.4482,-0.1778
3.0000,-0.3752,-0.1049
3.0000,-0.4547,-0.1846
3.0000,-0.4540,-0.1841
3.0000,-0.3847,-0.1150
3.0000,-0.5856,-0.3161
3.0000,-0.6147,-0.3455
3.0000,-0.5796,-0.3107
3.0000,-0.4322,-0.1636
3.0000,-0.4020,-0.1338
3.0000,-0.5840,-0.3161
3.0000,-0.4937,-0.2262
3.0000,-0.5820,-0.3149
3.0000,-0.6185,-0.3518
3.0000,-0.5575,-0.2913
3.0000,-0.6176,-0.3519
3.0000,-0.5476,-0.2824
3.0000,-0.5177,-0.2531
3.0000,-0.4224,-0.1583
3.0000,-0.4289,-0.1655
3.0000,-0.4874,-0.2245
3.0000,-0.5217,-0.2595
3.0000,-0.6117,-0.3501
3.0000,-0.4605,-0.1996
3.0000,-0.5944,-0.3343
3.0000,-0.4371,-0.1777
3.0000,-0.5479,-0.2892
3.0000,-0.5849,-0.3270
3.0000,-0.6496,-0.3926
3.0000,-0.5528,-0.2967
3.0000,-0.5861,-0.3308
3.0000,-0.5040,-0.2497
3.0000,-0.6651,-0.4117
3.0000,-0.6163,-0.3638
3.0000,-0.5939,-0.3423
3.0000,-0.4614,-0.2108
3.0000,-0.5211,-0.2716
3.0000,-0.6538,-0.4053
3.0000,-0.5291,-0.2817
3.0000,-0.6604,-0.4141
3.0000,-0.6365,-0.3913
3.0000,-0.6809,-0.4369
3.0000,-0.4923,-0.2495
3.0000,-0.4815,-0.2399
3.0000,-0.6135,-0.3731
3.0000,-0.6414,-0.4023
3.0000,-0.5833,-0.3454
3.0000,-0.6654,-0.4288
3.0000,-0.6410,-0.4057
3.0000,-0.4683,-0.2344
3.0000,-0.5906,-0.3581
3.0000,-0.7102,-0.4791
3.0000,-0.5544,-0.3247
3.0000,-0.6986,-0.4704
3.0000,-0.5323,-0.3056
3.0000,-0.5537,-0.3285
3.0000,-0.5457,-0.3220
3.0000,-0.5558,-0.3336
3.0000,-0.5718,-0.3513
3.0000,-0.5215,-0.3025
3.0000,-0.7319,-0.5146
3.0000,-0.6634,-0.4477
3.0000,-0.6732,-0.4592
3.0000,-0.5204,-0.3082
3.0000,-0.6514,-0.4410
3.0000,-0.6360,-0.4273
3.0000,-0.5446,-0.3377
3.0000,-0.6985,-0.4934
3.0000,-0.7026,-0.4994
3.0000,-0.5479,-0.3466
3.0000,-0.6332,-0.4337
3.0000,-0.5101,-0.3125
3.0000,-0.5239,-0.3283
3.0000,-0.6169,-0.4232
3.0000,-0.6684,-0.4767
3.0000,-0.5277,-0.3380
3.0000,-0.5699,-0.3823
3.0000,-0.7215,-0.5359
3.0000,-0.5628,-0.3793
3.0000,-0.5942,-0.4129
3.0000,-0.5919,-0.4127
3.0000,-0.7019,-0.5249
3.0000,-0.5476,-0.3728
3.0000,-0.6878,-0.5152
3.0000,-0.6354,-0.4651
3.0000,-0.5536,-0.3855
3.0000,-0.6495,-0.4838
3.0000,-0.5524,-0.3890
3.0000,-0.5901,-0.4290
3.0000,-0.7148,-0.5561
3.0000,-0.5579,-0.4016
3.0000,-0.7309,-0.5770
3.0000,-0.6179,-0.4665
3.0000,-0.7442,-0.5953
3.0000,-0.5998,-0.4534
3.0000,-0.7416,-0.5977
3.0000,-0.7215,-0.5802
3.0000,-0.5555,-0.4168
3.0000,-0.7504,-0.6143
3.0000,-0.6498,-0.5163
3.0000,-0.7491,-0.6183
3.0000,-0.7781,-0.6500
3.0000,-0.5600,-0.4346
3.0000,-0.6343,-0.5117
3.0000,-0.5891,-0.4692
3.0000,-0.5794,-0.4623
3.0000,-0.7876,-0.6733
3.0000,-0.5702,-0.4587
3.0000,-0.7228,-0.6142
3.0000,-0.6791,-0.5733
3.0000,-0.7958,-0.6930
3.0000,-0.5649,-0.4650
3.0000,-0.7830,-0.6861
3.0000,-0.6461,-0.5522
3.0000,-0.6903,-0.5994
3.0000,-0.7318,-0.6440
3.0000,-0.7010,-0.6162
3.0000,-0.6482,-0.5665
3.0000,-0.6773,-0.5987
3.0000,-0.7053,-0.6298
3.0000,-0.6889,-0.6166
3.0000,-0.7675,-0.6984
3.0000,-0.8125,-0.7467
3.0000,-0.5797,-0.5171
3.0000,-0.8030,-0.7437
3.0000,-0.7671,-0.7110
3.0000,-0.7583,-0.7056
3.0000,-0.6957,-0.6463
3.0000,-0.7546,-0.7086
3.0000,-0.7965,-0.7538
3.0000,-0.8202,-0.7810
3.0000,-0.6148,-0.5790
3.0000,-0.6486,-0.6163
3.0000,-0.6098,-0.5810
3.0000,-0.6886,-0.6633
3.0000,-0.7096,-0.6878
3.0000,-0.7549,-0.7367
3.0000,-0.5930,-0.5784
3.0000,-0.8095,-0.7985
3.0000,-0.5815,-0.5741
3.0000,-0.7187,-0.7150
3.0000,-0.7855,-0.7855
4.0000,-0.0979,-0.1012
4.0000,0.0068,0.0001
4.0000,0.0462,0.0361
4.0000,0.0209,0.0075
4.0000,0.0121,-0.0048
4.0000,-0.0499,-0.0702
4.0000,-0.1175,-0.1413
4.0000,0.0350,0.0078
4.0000,0.1027,0.0720
4.0000,0.1159,0.0817
4.0000,0.0736,0.0359
4.0000,-0.0446,-0.0858
4.0000,-0.1178,-0.1626
4.0000,0.0827,0.0344
4.0000,0.0099,-0.0420
4.0000,0.0539,-0.0016
4.0000,-0.0038,-0.0629
4.0000,0.0121,-0.0507
4.0000,-0.0474,-0.1138
4.0000,-0.0127,-0.0827
4.0000,-0.1206,-0.1943
4.0000,-0.0161,-0.0935
4.0000,-0.0150,-0.0961
4.0000,0.1072,0.0223
4.0000,-0.0689,-0.1575
4.0000,0.0906,-0.0018
4.0000,0.0452,-0.0509
4.0000,-0.0394,-0.1393
4.0000,-0.0846,-0.1884
4.0000,-0.1028,-0.2104
4.0000,-0.0489,-0.1603
4.0000,0.0654,-0.0498
4.0000,0.0628,-0.0563
4.0000,-0.0532,-0.1762
4.0000,0.0256,-0.1012
4.0000,-0.0715,-0.2023
4.0000,-0.0339,-0.1685
4.0000,0.0653,-0.0733
4.0000,0.0019,-0.1407
4.0000,0.0570,-0.0896
4.0000,0.0510,-0.0995
4.0000,0.0810,-0.0735
4.0000,-0.0896,-0.2481
4.0000,0.1285,-0.0340
4.0000,-0.0132,-0.1798
4.0000,0.0248,-0.1458
4.0000,-0.0837,-0.2584
4.0000,-0.0962,-0.2750
4.0000,0.0885,-0.0944
4.0000,0.1254,-0.0616
4.0000,-0.0676,-0.2587
4.0000,-0.0786,-0.2738
4.0000,-0.0774,-0.2768
4.0000,-0.0363,-0.2399
4.0000,0.0303,-0.1774
4.0000,-0.0904,-0.3023
4.0000,-0.0701,-0.2862
4.0000,-0.0282,-0.2486
4.0000,0.0885,-0.1360
4.0000,-0.0282,-0.2571
4.0000,-0.0406,-0.2737
4.0000,0.0919,-0.1454
4.0000,-0.0858,-0.3275
4.0000,0.0209,-0.2251
4.0000,-0.0675,-0.3177
4.0000,-0.0198,-0.2743
4.0000,0.1334,-0.1255
4.0000,0.0253,-0.2379
4.0000,0.1027,-0.1649
4.0000,-0.0167,-0.2887
4.0000,-0.0598,-0.3362
4.0000,0.1011,-0.1796
4.0000,-0.0368,-0.3219
4.0000,0.0454,-0.2441
4.0000,-0.0196,-0.3136
4.0000,0.0915,-0.2069
4.0000,0.1580,-0.1448
4.0000,0.0760,-0.2314
4.0000,-0.0154,-0.3272
4.0000,0.0295,-0.2868
4.0000,-0.0633,-0.3841
4.0000,0.0317,-0.2936
4.0000,-0.0358,-0.3656
4.0000,0.1287,-0.2056
4.0000,-0.0065,-0.3454
4.0000,-0.0228,-0.3662
4.0000,0.0588,-0.2892
4.0000,0.0531,-0.2995
4.0000,0.0229,-0.3343
4.0000,0.1110,-0.2507
4.0000,0.1668,-0.1996
4.0000,0.0359,-0.3350
4.0000,0.0861,-0.2895
4.0000,0.0266,-0.3536
4.0000,0.2051,-0.1797
4.0000,-0.0004,-0.3899
4.0000,0.0899,-0.3043
4.0000,0.2092,-0.1896
4.0000,0.0379,-0.3656
4.0000,-0.0296,-0.4379
4.0000,0.0827,-0.3303
4.0000,0.1130,-0.3047
4.0000,0.1160,-0.3064
4.0000,0.1088,-0.3183
4.0000,0.1314,-0.3005
4.0000,0.2200,-0.2166
4.0000,0.0209,-0.4205
4.0000,0.0622,-0.3839
4.0000,0.1450,-0.3059
4.0000,0.2133,-0.2424
4.0000,0.1808,-0.2797
4.0000,0.2336,-0.2317
4.0000,0.1687,-0.3014
4.0000,0.0738,-0.4011
4.0000,0.1792,-0.3005
4.0000,0.2057,-0.2789
4.0000,0.1237,-0.3657
4.0000,0.2181,-0.2762
4.0000,0.0715,-0.4276
4.0000,0.0687,-0.4353
4.0000,0.1053,-0.4036
4.0000,0.1975,-0.3163
4.0000,0.2428,-0.2759
4.0000,0.1802,-0.3434
4.0000,0.0130,-0.5155
4.0000,0.2268,-0.3066
4.0000,0.2502,-0.2881
4.0000,0.1104,-0.4328
4.0000,0.2261,-0.3221
4.0000,0.1411,-0.4120
4.0000,0.2254,-0.3326
4.0000,0.1411,-0.4220
4.0000,0.0458,-0.5222
4.0000,0.0892,-0.4838
4.0000,0.0665,-0.5115
4.0000,0.0876,-0.4953
4.0000,0.2222,-0.3657
4.0000,0.1542,-0.4387
4.0000,0.0717,-0.5262
4.0000,0.0751,-0.5278
4.0000,0.1109,-0.4971
4.0000,0.2471,-0.3659
4.0000,0.2302,-0.3878
4.0000,0.1110,-0.5120
4.0000,0.2236,-0.4045
4.0000,0.2876,-0.3454
4.0000,0.0605,-0.5776
4.0000,0.3075,-0.3356
4.0000,0.2670,-0.3813
4.0000,0.2213,-0.4319
4.0000,0.3190,-0.3393
4.0000,0.1247,-0.5387
4.0000,0.2429,-0.4256
4.0000,0.1264,-0.5471
4.0000,0.3204,-0.3582
4.0000,0.2580,-0.4258
4.0000,0.1812,-0.5077
4.0000,0.2686,-0.4253
4.0000,0.1693,-0.5298
4.0000,0.0975,-0.6066
4.0000,0.3190,-0.3902
4.0000,0.2517,-0.4626
4.0000,0.1234,-0.5961
4.0000,0.2534,-0.4712
4.0000,0.2848,-0.4449
4.0000,0.1368,-0.5980
4.0000,0.1903,-0.5497
4.0000,0.2626,-0.4826
4.0000,0.1609,-0.5894
4.0000,0.3398,-0.4157
4.0000,0.1301,-0.6305
4.0000,0.2778,-0.4879
4.0000,0.2313,-0.5395
4.0000,0.1874,-0.5886
4.0000,0.3449,-0.4363
4.0000,0.2529,-0.5335
4.0000,0.1778,-0.6137
4.0000,0.3921,-0.4045
4.0000,0.3535,-0.4484
4.0000,0.2428,-0.5642
4.0000,0.3189,-0.4933
4.0000,0.2858,-0.5316
4.0000,0.1849,-0.6376
4.0000,0.4114,-0.4163
4.0000,0.1624,-0.6705
4.0000,0.4007,-0.4373
4.0000,0.2899,-0.5534
4.0000,0.3052,-0.5432
4.0000,0.3815,-0.4721
4.0000,0.2980,-0.5608
4.0000,0.4214,-0.4426
4.0000,0.4063,-0.4628
4.0000,0.1968,-0.6775
4.0000,0.3891,-0.4905
4.0000,0.1905,-0.6942
4.0000,0.3814,-0.5085
4.0000,0.2666,-0.6285
4.0000,0.3528,-0.5475
4.0000,0.4193,-0.4862
4.0000,0.4113,-0.4994
4.0000,0.3299,-0.5859
4.0000,0.3244,-0.5966
4.0000,0.2423,-0.6840
4.0000,0.2528,-0.6787
4.0000,0.4381,-0.4985
4.0000,0.2343,-0.7076
4.0000,0.2547,-0.6924
4.0000,0.3129,-0.6393
4.0000,0.2805,-0.6769
4.0000,0.3627,-0.5999
4.0000,0.4313,-0.5365
4.0000,0.4299,-0.5430
4.0000,0.2641,-0.7141
4.0000,0.3524,-0.6309
4.0000,0.3420,-0.6466
4.0000,0.3921,-0.6016
4.0000,0.3373,-0.6616
4.0000,0.3648,-0.6393
4.0000,0.3685,-0.6408
4.0000,0.3879,-0.6265
4.0000,0.5179,-0.5017
4.0000,0.3019,-0.7229
4.0000,0.3286,-0.7013
4.0000,0.5189,-0.5162
4.0000,0.4306,-0.6096
4.0000,0.5077,-0.5378
4.0000,0.4623,-0.5883
4.0000,0.4660,-0.5898
4.0000,0.3945,-0.6665
4.0000,0.4556,-0.6105
4.0000,0.3521,-0.7191
4.0000,0.3441,-0.7322
4.0000,0.3926,-0.6889
4.0000,0.4424,-0.6442
4.0000,0.4119,-0.6799
4.0000,0.3624,-0.7345
4.0000,0.4613,-0.6407
4.0000,0.5539,-0.5533
4.0000,0.4395,-0.6728
4.0000,0.4597,-0.6578
4.0000,0.4060,-0.7166
4.0000,0.5109,-0.6168
4.0000,0.5727,-0.5601
4.0000,0.5436,-0.5943
4.0000,0.3969,-0.7461
4.0000,0.5053,-0.6428
4.0000,0.5577,-0.5955
4.0000,0.4677,-0.6905
4.0000,0.5687,-0.5946
4.0000,0.5835,-0.5849
4.0000,0.4112,-0.7623
4.0000,0.4260,-0.7526
4.0000,0.4532,-0.7304
4.0000,0.5727,-0.6160
4.0000,0.5749,-0.6189
4.0000,0.5870,-0.6118
4.0000,0.6260,-0.5779
4.0000,0.6532,-0.5556
4.0000,0.6078,-0.6061
4.0000,0.6286,-0.5903
4.0000,0.5590,-0.6649
4.0000,0.5066,-0.7224
4.0000,0.5940,-0.6399
4.0000,0.5009,-0.7380
4.0000,0.6465,-0.5975
4.0000,0.5998,-0.6492
4.0000,0.5720,-0.6819
4.0000,0.4705,-0.7884
4.0000,0.6511,-0.6128
4.0000,0.6650,-0.6039
4.0000,0.4931,-0.7808
4.0000,0.6161,-0.6627
4.0000,0.4787,-0.8051
4.0000,0.4755,-0.8131
4.0000,0.4871,-0.8065
4.0000,0.6743,-0.6242
4.0000,0.5356,-0.7679
4.0000,0.6252,-0.6831
4.0000,0.6894,-0.6239
4.0000,0.5703,-0.7478
4.0000,0.5334,-0.7896
4.0000,0.5212,-0.8067
4.0000,0.5893,-0.7435
4.0000,0.7098,-0.6278
4.0000,0.7197,-0.6227
4.0000,0.5440,-0.8034
4.0000,0.6212,-0.7310
4.0000,0.5334,-0.8236
4.0000,0.7048,-0.6570
4.0000,0.6726,-0.6940
4.0000,0.5564,-0.8150
4.0000,0.6497,-0.7265
4.0000,0.5627,-0.8183
4.0000,0.5628,-0.8229
4.0000,0.7312,-0.6593
4.0000,0.7548,-0.6404
4.0000,0.7234,-0.6766
4.0000,0.8084,-0.5963
4.0000,0.7363,-0.6732
4.0000,0.7516,-0.6626
