1.0000,-0.0052,-0.0085
1.0000,-0.0071,-0.0135
1.0000,0.0196,0.0103
1.0000,0.0132,0.0011
1.0000,0.0215,0.0067
1.0000,0.0211,0.0038
1.0000,0.0282,0.0086
1.0000,0.0362,0.0144
1.0000,0.0419,0.0180
1.0000,0.0231,-0.0025
1.0000,0.0381,0.0108
1.0000,0.0423,0.0135
1.0000,0.0283,-0.0018
1.0000,0.0565,0.0253
1.0000,0.0351,0.0030
1.0000,0.0655,0.0327
1.0000,0.0638,0.0304
1.0000,0.0619,0.0282
1.0000,0.0604,0.0265
1.0000,0.0569,0.0232
1.0000,0.0611,0.0275
1.0000,0.0655,0.0324
1.0000,0.0740,0.0416
1.0000,0.0580,0.0264
1.0000,0.0707,0.0402
1.0000,0.0723,0.0431
1.0000,0.0776,0.0498
1.0000,0.0696,0.0435
1.0000,0.0873,0.0631
1.0000,0.0865,0.0644
1.0000,0.0956,0.0758
1.0000,0.0903,0.0730
1.0000,0.0895,0.0748
1.0000,0.0887,0.0769
1.0000,0.0731,0.0644
1.0000,0.0988,0.0935
1.0000,0.0845,0.0827
1.0000,0.0828,0.0847
1.0000,0.0857,0.0915
1.0000,0.0992,0.1090
1.0000,0.0741,0.0882
1.0000,0.0832,0.1018
1.0000,0.0769,0.1002
1.0000,0.0998,0.1280
1.0000,0.0995,0.1327
1.0000,0.0794,0.1178
1.0000,0.0989,0.1427
1.0000,0.0842,0.1335
1.0000,0.0882,0.1433
1.0000,0.0895,0.1505
1.0000,0.0694,0.1365
1.0000,0.0659,0.1392
1.0000,0.0928,0.1725
1.0000,0.0668,0.1530
1.0000,0.0660,0.1589
1.0000,0.0746,0.1743
1.0000,0.0772,0.1839
1.0000,0.0572,0.1710
1.0000,0.0499,0.1710
1.0000,0.0607,0.1891
1.0000,0.0698,0.2056
1.0000,0.0616,0.2051
1.0000,0.0472,0.1984
1.0000,0.0536,0.2126
1.0000,0.0336,0.2004
1.0000,0.0309,0.2058
1.0000,0.0329,0.2158
1.0000,0.0303,0.2214
1.0000,0.0333,0.2326
1.0000,0.0269,0.2345
1.0000,0.0177,0.2337
1.0000,0.0295,0.2540
1.0000,0.0065,0.2394
1.0000,0.0171,0.2585
1.0000,0.0106,0.2606
1.0000,-0.0018,0.2568
1.0000,-0.0211,0.2461
1.0000,-0.0036,0.2723
1.0000,-0.0295,0.2549
1.0000,-0.0365,0.2566
1.0000,-0.0326,0.2692
1.0000,-0.0396,0.2708
1.0000,-0.0399,0.2791
1.0000,-0.0671,0.2605
1.0000,-0.0592,0.2768
1.0000,-0.0722,0.2723
1.0000,-0.0713,0.2817
1.0000,-0.0880,0.2734
1.0000,-0.0926,0.2771
1.0000,-0.1057,0.2723
1.0000,-0.1001,0.2861
1.0000,-0.1037,0.2906
1.0000,-0.1141,0.2883
1.0000,-0.1265,0.2837
1.0000,-0.1389,0.2792
1.0000,-0.1438,0.2820
1.0000,-0.1431,0.2902
1.0000,-0.1646,0.2763
1.0000,-0.1470,0.3012
1.0000,-0.1744,0.2809
1.0000,-0.1850,0.2774
1.0000,-0.1705,0.2987
1.0000,-0.2050,0.2710
1.0000,-0.1983,0.2842
1.0000,-0.2156,0.2732
1.0000,-0.1984,0.2967
1.0000,-0.2116,0.2894
1.0000,-0.2141,0.2928
1.0000,-0.2319,0.2806
1.0000,-0.2373,0.2805
1.0000,-0.2394,0.2836
1.0000,-0.2563,0.2717
1.0000,-0.2588,0.2738
1.0000,-0.2927,0.2445
1.0000,-0.2734,0.2680
1.0000,-0.2849,0.2605
1.0000,-0.3089,0.2402
1.0000,-0.3170,0.2355
1.0000,-0.3090,0.2467
1.0000,-0.3304,0.2283
1.0000,-0.3292,0.2322
1.0000,-0.3397,0.2241
1.0000,-0.3483,0.2175
1.0000,-0.3428,0.2249
1.0000,-0.3678,0.2014
1.0000,-0.3663,0.2041
1.0000,-0.3832,0.1881
1.0000,-0.3965,0.1754
1.0000,-0.3804,0.1918
1.0000,-0.4022,0.1699
1.0000,-0.3904,0.1814
1.0000,-0.4020,0.1691
1.0000,-0.4207,0.1493
1.0000,-0.4067,0.1620
1.0000,-0.4330,0.1340
1.0000,-0.4326,0.1324
1.0000,-0.4275,0.1351
1.0000,-0.4440,0.1159
1.0000,-0.4437,0.1132
1.0000,-0.4684,0.0851
1.0000,-0.4611,0.0886
1.0000,-0.4546,0.0911
1.0000,-0.4566,0.0846
1.0000,-0.4670,0.0694
1.0000,-0.4738,0.0574
1.0000,-0.4980,0.0277
1.0000,-0.4935,0.0263
1.0000,-0.4905,0.0230
1.0000,-0.4956,0.0114
1.0000,-0.4847,0.0153
1.0000,-0.4951,-0.0024
1.0000,-0.5202,-0.0352
1.0000,-0.5161,-0.0391
1.0000,-0.5026,-0.0340
1.0000,-0.5185,-0.0587
1.0000,-0.5245,-0.0738
1.0000,-0.5052,-0.0639
1.0000,-0.5175,-0.0860
1.0000,-0.5067,-0.0854
1.0000,-0.5120,-0.1012
1.0000,-0.5101,-0.1102
1.0000,-0.5381,-0.1494
1.0000,-0.5169,-0.1397
1.0000,-0.5333,-0.1680
1.0000,-0.5125,-0.1594
1.0000,-0.5166,-0.1760
1.0000,-0.5149,-0.1872
1.0000,-0.5158,-0.2013
1.0000,-0.5145,-0.2135
1.0000,-0.5069,-0.2197
1.0000,-0.5028,-0.2297
1.0000,-0.5015,-0.2429
1.0000,-0.4959,-0.2520
1.0000,-0.5049,-0.2760
1.0000,-0.5180,-0.3045
1.0000,-0.5092,-0.3112
1.0000,-0.4880,-0.3060
1.0000,-0.4942,-0.3283
1.0000,-0.4940,-0.3446
1.0000,-0.4719,-0.3392
1.0000,-0.4652,-0.3494
1.0000,-0.4878,-0.3892
1.0000,-0.4771,-0.3959
1.0000,-0.4649,-0.4014
1.0000,-0.4505,-0.4048
1.0000,-0.4612,-0.4337
1.0000,-0.4303,-0.4211
1.0000,-0.4453,-0.4546
1.0000,-0.4339,-0.4619
1.0000,-0.4190,-0.4659
1.0000,-0.4120,-0.4780
1.0000,-0.4168,-0.5020
1.0000,-0.4072,-0.5117
1.0000,-0.4020,-0.5261
1.0000,-0.3918,-0.5356
1.0000,-0.3744,-0.5381
1.0000,-0.3747,-0.5583
1.0000,-0.3675,-0.5711
1.0000,-0.3517,-0.5754
1.0000,-0.3200,-0.5640
1.0000,-0.3124,-0.5767
1.0000,-0.2961,-0.5808
1.0000,-0.2991,-0.6044
1.0000,-0.2863,-0.6120
1.0000,-0.2818,-0.6281
1.0000,-0.2615,-0.6284
1.0000,-0.2614,-0.6489
1.0000,-0.2388,-0.6470
1.0000,-0.2203,-0.6491
1.0000,-0.2148,-0.6642
1.0000,-0.1881,-0.6581
1.0000,-0.1988,-0.6894
1.0000,-0.1845,-0.6956
1.0000,-0.1765,-0.7081
1.0000,-0.1517,-0.7037
1.0000,-0.1338,-0.7061
1.0000,-0.1115,-0.7041
1.0000,-0.1001,-0.7128
1.0000,-0.0930,-0.7257
1.0000,-0.0825,-0.7352
1.0000,-0.0700,-0.7425
1.0000,-0.0315,-0.7236
1.0000,-0.0360,-0.7476
1.0000,-0.0211,-0.7520
1.0000,-0.0013,-0.7513
1.0000,0.0098,-0.7591
1.0000,0.0433,-0.7444
1.0000,0.0609,-0.7453
1.0000,0.0522,-0.7723
1.0000,0.0763,-0.7663
1.0000,0.0866,-0.7738
1.0000,0.1001,-0.7779
1.0000,0.1260,-0.7694
1.0000,0.1342,-0.7782
1.0000,0.1479,-0.7812
1.0000,0.1876,-0.7579
1.0000,0.2059,-0.7557
1.0000,0.2257,-0.7517
1.0000,0.2273,-0.7656
1.0000,0.2600,-0.7481
1.0000,0.2653,-0.7576
1.0000,0.2957,-0.7415
1.0000,0.2948,-0.7565
1.0000,0.3204,-0.7445
1.0000,0.3244,-0.7538
1.0000,0.3630,-0.7281
1.0000,0.3609,-0.7427
1.0000,0.3870,-0.7286
1.0000,0.4066,-0.7206
1.0000,0.4148,-0.7235
1.0000,0.4176,-0.7314
1.0000,0.4393,-0.7200
1.0000,0.4554,-0.7137
1.0000,0.4908,-0.6876
1.0000,0.4951,-0.6922
1.0000,0.5302,-0.6655
1.0000,0.5321,-0.6714
1.0000,0.5444,-0.6665
1.0000,0.5526,-0.6651
1.0000,0.5836,-0.6404
1.0000,0.5827,-0.6470
1.0000,0.6256,-0.6094
1.0000,0.6295,-0.6102
1.0000,0.6403,-0.6036
1.0000,0.6597,-0.5878
1.0000,0.6787,-0.5718
1.0000,0.6744,-0.5787
1.0000,0.7068,-0.5482
1.0000,0.7166,-0.5398
1.0000,0.7262,-0.5310
1.0000,0.7523,-0.5050
1.0000,0.7561,-0.5008
1.0000,0.7528,-0.5032
1.0000,0.7765,-0.4779
1.0000,0.8068,-0.4454
1.0000,0.8069,-0.4425
1.0000,0.8217,-0.4244
1.0000,0.8155,-0.4266
1.0000,0.8524,-0.3851
1.0000,0.8406,-0.3916
1.0000,0.8586,-0.3678
1.0000,0.8721,-0.3479
1.0000,0.8995,-0.3135
1.0000,0.9046,-0.3007
1.0000,0.9058,-0.2913
1.0000,0.9274,-0.2608
1.0000,0.9059,-0.2728
1.0000,0.9143,-0.2543
1.0000,0.9246,-0.2333
1.0000,0.9446,-0.2019
1.0000,0.9686,-0.1660
1.0000,0.9639,-0.1581
1.0000,0.9782,-0.1307
1.0000,0.9671,-0.1280
1.0000,0.9649,-0.1159
1.0000,0.9823,-0.0835
1.0000,0.9841,-0.0661
1.0000,0.9796,-0.0544
1.0000,0.9824,-0.0349
1.0000,0.9861,-0.0139
2.0000,-0.0040,-0.0006
2.0000,-0.0117,-0.0047
2.0000,-0.0124,-0.0018
2.0000,0.0103,0.0247
2.0000,-0.0082,0.0101
2.0000,0.0105,0.0329
2.0000,0.0101,0.0366
2.0000,-0.0090,0.0217
2.0000,-0.0125,0.0226
2.0000,-0.0101,0.0295
2.0000,-0.0030,0.0410
2.0000,-0.0102,0.0385
2.0000,-0.0197,0.0337
2.0000,-0.0281,0.0301
2.0000,-0.0209,0.0421
2.0000,-0.0285,0.0394
2.0000,-0.0157,0.0571
2.0000,-0.0227,0.0552
2.0000,-0.0353,0.0477
2.0000,-0.0372,0.0508
2.0000,-0.0305,0.0626
2.0000,-0.0246,0.0737
2.0000,-0.0485,0.0550
2.0000,-0.0465,0.0622
2.0000,-0.0376,0.0762
2.0000,-0.0317,0.0873
2.0000,-0.0522,0.0720
2.0000,-0.0670,0.0624
2.0000,-0.0633,0.0712
2.0000,-0.0574,0.0823
2.0000,-0.0516,0.0932
2.0000,-0.0747,0.0752
2.0000,-0.0687,0.0862
2.0000,-0.0661,0.0937
2.0000,-0.0750,0.0897
2.0000,-0.0764,0.0932
2.0000,-0.0954,0.0790
2.0000,-0.1041,0.0750
2.0000,-0.0832,0.1005
2.0000,-0.0899,0.0984
2.0000,-0.1000,0.0927
2.0000,-0.1005,0.0966
2.0000,-0.1228,0.0785
2.0000,-0.1151,0.0904
2.0000,-0.1159,0.0936
2.0000,-0.1215,0.0919
2.0000,-0.1226,0.0946
2.0000,-0.1418,0.0791
2.0000,-0.1253,0.0990
2.0000,-0.1578,0.0698
2.0000,-0.1617,0.0692
2.0000,-0.1411,0.0928
2.0000,-0.1647,0.0721
2.0000,-0.1493,0.0902
2.0000,-0.1742,0.0679
2.0000,-0.1773,0.0671
2.0000,-0.1692,0.0774
2.0000,-0.1798,0.0688
2.0000,-0.1746,0.0758
2.0000,-0.1913,0.0607
2.0000,-0.1816,0.0718
2.0000,-0.1952,0.0594
2.0000,-0.1888,0.0668
2.0000,-0.2062,0.0502
2.0000,-0.2077,0.0493
2.0000,-0.2167,0.0406
2.0000,-0.2157,0.0418
2.0000,-0.2287,0.0287
2.0000,-0.2335,0.0235
2.0000,-0.2200,0.0364
2.0000,-0.2249,0.0307
2.0000,-0.2446,0.0100
2.0000,-0.2299,0.0234
2.0000,-0.2439,0.0079
2.0000,-0.2589,-0.0089
2.0000,-0.2472,0.0008
2.0000,-0.2694,-0.0237
2.0000,-0.2698,-0.0266
2.0000,-0.2684,-0.0280
2.0000,-0.2735,-0.0362
2.0000,-0.2657,-0.0317
2.0000,-0.2555,-0.0251
2.0000,-0.2646,-0.0379
2.0000,-0.2844,-0.0618
2.0000,-0.2768,-0.0586
2.0000,-0.2892,-0.0755
2.0000,-0.2931,-0.0844
2.0000,-0.2934,-0.0897
2.0000,-0.2927,-0.0945
2.0000,-0.2733,-0.0806
2.0000,-0.2825,-0.0958
2.0000,-0.2892,-0.1086
2.0000,-0.2955,-0.1214
2.0000,-0.2765,-0.1091
2.0000,-0.2806,-0.1201
2.0000,-0.3004,-0.1471
2.0000,-0.2762,-0.1303
2.0000,-0.3007,-0.1626
2.0000,-0.2922,-0.1619
2.0000,-0.2983,-0.1763
2.0000,-0.2797,-0.1661
2.0000,-0.2974,-0.1925
2.0000,-0.2791,-0.1831
2.0000,-0.2759,-0.1891
2.0000,-0.2767,-0.1993
2.0000,-0.2806,-0.2128
2.0000,-0.2671,-0.2091
2.0000,-0.2858,-0.2378
2.0000,-0.2835,-0.2458
2.0000,-0.2817,-0.2545
2.0000,-0.2742,-0.2577
2.0000,-0.2684,-0.2629
2.0000,-0.2581,-0.2637
2.0000,-0.2639,-0.2807
2.0000,-0.2584,-0.2868
2.0000,-0.2615,-0.3015
2.0000,-0.2349,-0.2868
2.0000,-0.2465,-0.3104
2.0000,-0.2312,-0.3074
2.0000,-0.2249,-0.3133
2.0000,-0.2226,-0.3236
2.0000,-0.2111,-0.3248
2.0000,-0.2053,-0.3318
2.0000,-0.2177,-0.3572
2.0000,-0.2082,-0.3607
2.0000,-0.2151,-0.3808
2.0000,-0.1831,-0.3621
2.0000,-0.1880,-0.3805
2.0000,-0.1953,-0.4013
2.0000,-0.1630,-0.3826
2.0000,-0.1644,-0.3978
2.0000,-0.1772,-0.4243
2.0000,-0.1424,-0.4034
2.0000,-0.1540,-0.4289
2.0000,-0.1450,-0.4339
2.0000,-0.1258,-0.4288
2.0000,-0.1222,-0.4392
2.0000,-0.1298,-0.4609
2.0000,-0.1009,-0.4462
2.0000,-0.1106,-0.4701
2.0000,-0.0867,-0.4603
2.0000,-0.0939,-0.4817
2.0000,-0.0771,-0.4791
2.0000,-0.0757,-0.4917
2.0000,-0.0375,-0.4677
2.0000,-0.0494,-0.4937
2.0000,-0.0214,-0.4797
2.0000,-0.0160,-0.4882
2.0000,-0.0032,-0.4894
2.0000,0.0063,-0.4937
2.0000,0.0004,-0.5134
2.0000,0.0207,-0.5068
2.0000,0.0209,-0.5201
2.0000,0.0350,-0.5195
2.0000,0.0464,-0.5214
2.0000,0.0667,-0.5144
2.0000,0.0807,-0.5135
2.0000,0.0876,-0.5195
2.0000,0.0889,-0.5310
2.0000,0.1014,-0.5312
2.0000,0.1347,-0.5103
2.0000,0.1403,-0.5171
2.0000,0.1340,-0.5355
2.0000,0.1556,-0.5258
2.0000,0.1603,-0.5328
2.0000,0.1778,-0.5267
2.0000,0.1951,-0.5207
2.0000,0.1983,-0.5286
2.0000,0.2264,-0.5112
2.0000,0.2430,-0.5052
2.0000,0.2549,-0.5036
2.0000,0.2391,-0.5294
2.0000,0.2763,-0.5019
2.0000,0.2856,-0.5021
2.0000,0.3025,-0.4943
2.0000,0.2915,-0.5142
2.0000,0.3075,-0.5068
2.0000,0.3375,-0.4850
2.0000,0.3360,-0.4945
2.0000,0.3385,-0.4996
2.0000,0.3670,-0.4783
2.0000,0.3712,-0.4810
2.0000,0.3793,-0.4796
2.0000,0.4067,-0.4583
2.0000,0.4258,-0.4451
2.0000,0.4324,-0.4440
2.0000,0.4338,-0.4476
2.0000,0.4454,-0.4408
2.0000,0.4693,-0.4212
2.0000,0.4796,-0.4149
2.0000,0.4912,-0.4067
2.0000,0.4879,-0.4132
2.0000,0.5075,-0.3963
2.0000,0.5066,-0.3995
2.0000,0.5192,-0.3887
2.0000,0.5411,-0.3682
2.0000,0.5499,-0.3604
2.0000,0.5679,-0.3430
2.0000,0.5636,-0.3474
2.0000,0.5861,-0.3246
2.0000,0.5920,-0.3179
2.0000,0.6015,-0.3072
2.0000,0.6213,-0.2856
2.0000,0.6258,-0.2791
2.0000,0.6142,-0.2880
2.0000,0.6378,-0.2613
2.0000,0.6314,-0.2641
2.0000,0.6404,-0.2512
2.0000,0.6456,-0.2414
2.0000,0.6794,-0.2027
2.0000,0.6878,-0.1888
2.0000,0.6866,-0.1841
2.0000,0.6870,-0.1772
2.0000,0.6807,-0.1767
2.0000,0.7111,-0.1389
2.0000,0.6960,-0.1462
2.0000,0.6978,-0.1361
2.0000,0.7178,-0.1073
2.0000,0.7256,-0.0901
2.0000,0.7345,-0.0714
2.0000,0.7336,-0.0621
2.0000,0.7240,-0.0610
2.0000,0.7456,-0.0282
2.0000,0.7566,-0.0055
2.0000,0.7459,-0.0041
2.0000,0.7464,0.0090
2.0000,0.7459,0.0215
2.0000,0.7686,0.0578
2.0000,0.7609,0.0641
2.0000,0.7502,0.0679
2.0000,0.7759,0.1085
2.0000,0.7776,0.1255
2.0000,0.7571,0.1208
2.0000,0.7577,0.1377
2.0000,0.7630,0.1597
2.0000,0.7598,0.1735
2.0000,0.7493,0.1806
2.0000,0.7522,0.2014
2.0000,0.7687,0.2363
2.0000,0.7667,0.2530
2.0000,0.7439,0.2494
2.0000,0.7447,0.2698
2.0000,0.7662,0.3113
2.0000,0.7636,0.3290
2.0000,0.7342,0.3203
2.0000,0.7430,0.3501
2.0000,0.7520,0.3806
2.0000,0.7185,0.3689
2.0000,0.7255,0.3980
2.0000,0.7081,0.4031
2.0000,0.7110,0.4288
2.0000,0.7174,0.4582
2.0000,0.7091,0.4733
2.0000,0.7030,0.4910
2.0000,0.6925,0.5045
2.0000,0.6941,0.5303
2.0000,0.6724,0.5332
2.0000,0.6503,0.5358
2.0000,0.6390,0.5495
2.0000,0.6566,0.5925
2.0000,0.6294,0.5907
2.0000,0.6226,0.6097
2.0000,0.6111,0.6240
2.0000,0.6145,0.6536
2.0000,0.5828,0.6482
2.0000,0.5673,0.6592
2.0000,0.5812,0.6997
2.0000,0.5402,0.6854
2.0000,0.5355,0.7076
2.0000,0.5377,0.7368
2.0000,0.5024,0.7287
2.0000,0.4926,0.7460
2.0000,0.4804,0.7611
2.0000,0.4716,0.7797
2.0000,0.4585,0.7940
2.0000,0.4480,0.8110
2.0000,0.4291,0.8196
2.0000,0.4101,0.8281
2.0000,0.3855,0.8310
2.0000,0.3793,0.8523
2.0000,0.3514,0.8519
2.0000,0.3427,0.8707
2.0000,0.3330,0.8884
2.0000,0.2978,0.8805
2.0000,0.2962,0.9061
2.0000,0.2852,0.9223
2.0000,0.2673,0.9315
2.0000,0.2457,0.9368
2.0000,0.2280,0.9459
2.0000,0.2011,0.9457
2.0000,0.1801,0.9512
2.0000,0.1579,0.9553
2.0000,0.1570,0.9805
2.0000,0.1084,0.9578
2.0000,0.1038,0.9790
2.0000,0.0809,0.9816
2.0000,0.0551,0.9810
2.0000,0.0448,0.9957
2.0000,0.0125,0.9880
2.0000,-0.0123,0.9877
3.0000,-0.0129,-0.0096
3.0000,-0.0175,-0.0111
3.0000,-0.0108,-0.0014
3.0000,-0.0220,-0.0098
3.0000,-0.0072,0.0076
3.0000,-0.0317,-0.0143
3.0000,-0.0237,-0.0040
3.0000,-0.0213,0.0006
3.0000,-0.0171,0.0068
3.0000,-0.0318,-0.0062
3.0000,-0.0342,-0.0069
3.0000,-0.0431,-0.0143
3.0000,-0.0371,-0.0070
3.0000,-0.0371,-0.0060
3.0000,-0.0317,0.0004
3.0000,-0.0456,-0.0128
3.0000,-0.0476,-0.0142
3.0000,-0.0629,-0.0292
3.0000,-0.0687,-0.0348
3.0000,-0.0704,-0.0366
3.0000,-0.0567,-0.0232
3.0000,-0.0556,-0.0225
3.0000,-0.0757,-0.0433
3.0000,-0.0712,-0.0397
3.0000,-0.0680,-0.0375
3.0000,-0.0766,-0.0474
3.0000,-0.0884,-0.0606
3.0000,-0.0764,-0.0503
3.0000,-0.0914,-0.0671
3.0000,-0.0863,-0.0642
3.0000,-0.0888,-0.0689
3.0000,-0.0708,-0.0534
3.0000,-0.0990,-0.0844
3.0000,-0.0987,-0.0870
3.0000,-0.0774,-0.0688
3.0000,-0.1019,-0.0966
3.0000,-0.0949,-0.0931
3.0000,-0.0835,-0.0853
3.0000,-0.0984,-0.1042
3.0000,-0.0918,-0.1017
3.0000,-0.0853,-0.0995
3.0000,-0.0936,-0.1123
3.0000,-0.0859,-0.1092
3.0000,-0.0859,-0.1141
3.0000,-0.0777,-0.1109
3.0000,-0.0997,-0.1381
3.0000,-0.0794,-0.1232
3.0000,-0.0740,-0.1234
3.0000,-0.0784,-0.1335
3.0000,-0.0678,-0.1288
3.0000,-0.0812,-0.1482
3.0000,-0.0694,-0.1427
3.0000,-0.0836,-0.1632
3.0000,-0.0862,-0.1724
3.0000,-0.0724,-0.1653
3.0000,-0.0583,-0.1581
3.0000,-0.0653,-0.1720
3.0000,-0.0682,-0.1820
3.0000,-0.0699,-0.1910
3.0000,-0.0707,-0.1991
3.0000,-0.0559,-0.1918
3.0000,-0.0692,-0.2127
3.0000,-0.0410,-0.1921
3.0000,-0.0441,-0.2030
3.0000,-0.0537,-0.2206
3.0000,-0.0290,-0.2039
3.0000,-0.0379,-0.2209
3.0000,-0.0466,-0.2377
3.0000,-0.0391,-0.2385
3.0000,-0.0260,-0.2337
3.0000,-0.0197,-0.2358
3.0000,-0.0082,-0.2327
3.0000,0.0021,-0.2309
3.0000,-0.0203,-0.2617
3.0000,0.0091,-0.2409
3.0000,0.0146,-0.2440
3.0000,0.0038,-0.2634
3.0000,0.0321,-0.2437
3.0000,0.0100,-0.2745
3.0000,0.0236,-0.2695
3.0000,0.0350,-0.2667
3.0000,0.0519,-0.2584
3.0000,0.0558,-0.2632
3.0000,0.0407,-0.2868
3.0000,0.0435,-0.2926
3.0000,0.0731,-0.2715
3.0000,0.0775,-0.2755
3.0000,0.0644,-0.2970
3.0000,0.0882,-0.2816
3.0000,0.1016,-0.2764
3.0000,0.1120,-0.2742
3.0000,0.1203,-0.2740
3.0000,0.1086,-0.2938
3.0000,0.1172,-0.2930
3.0000,0.1202,-0.2979
3.0000,0.1264,-0.2994
3.0000,0.1540,-0.2793
3.0000,0.1389,-0.3019
3.0000,0.1620,-0.2861
3.0000,0.1796,-0.2757
3.0000,0.1845,-0.2778
3.0000,0.1862,-0.2830
3.0000,0.1998,-0.2762
3.0000,0.1936,-0.2889
3.0000,0.1983,-0.2906
3.0000,0.2197,-0.2754
3.0000,0.2170,-0.2840
3.0000,0.2430,-0.2638
3.0000,0.2418,-0.2706
3.0000,0.2458,-0.2721
3.0000,0.2662,-0.2568
3.0000,0.2529,-0.2750
3.0000,0.2535,-0.2791
3.0000,0.2693,-0.2678
3.0000,0.2958,-0.2456
3.0000,0.2996,-0.2458
3.0000,0.2975,-0.2516
3.0000,0.3143,-0.2383
3.0000,0.3303,-0.2255
3.0000,0.3195,-0.2392
3.0000,0.3271,-0.2343
3.0000,0.3370,-0.2268
3.0000,0.3424,-0.2235
3.0000,0.3488,-0.2189
3.0000,0.3668,-0.2023
3.0000,0.3730,-0.1974
3.0000,0.3704,-0.2009
3.0000,0.3951,-0.1768
3.0000,0.4011,-0.1711
3.0000,0.4040,-0.1681
3.0000,0.4177,-0.1540
3.0000,0.3956,-0.1755
3.0000,0.4182,-0.1518
3.0000,0.4307,-0.1380
3.0000,0.4249,-0.1421
3.0000,0.4274,-0.1376
3.0000,0.4498,-0.1128
3.0000,0.4544,-0.1056
3.0000,0.4367,-0.1202
3.0000,0.4585,-0.0950
3.0000,0.4689,-0.0809
3.0000,0.4554,-0.0903
3.0000,0.4646,-0.0766
3.0000,0.4807,-0.0557
3.0000,0.4854,-0.0458
3.0000,0.4773,-0.0484
3.0000,0.4823,-0.0375
3.0000,0.4804,-0.0331
3.0000,0.4944,-0.0125
3.0000,0.5152,0.0152
3.0000,0.4899,-0.0028
3.0000,0.5006,0.0156
3.0000,0.5155,0.0385
3.0000,0.5185,0.0499
3.0000,0.5036,0.0437
3.0000,0.5113,0.0606
3.0000,0.5095,0.0682
3.0000,0.5248,0.0933
3.0000,0.5211,0.0998
3.0000,0.5117,0.1009
3.0000,0.5122,0.1123
3.0000,0.5329,0.1441
3.0000,0.5120,0.1348
3.0000,0.5375,0.1722
3.0000,0.5101,0.1569
3.0000,0.5294,0.1888
3.0000,0.5319,0.2042
3.0000,0.5346,0.2201
3.0000,0.5159,0.2149
3.0000,0.5112,0.2240
3.0000,0.5244,0.2514
3.0000,0.5001,0.2414
3.0000,0.4963,0.2525
3.0000,0.5040,0.2751
3.0000,0.5033,0.2898
3.0000,0.4953,0.2974
3.0000,0.5017,0.3197
3.0000,0.4790,0.3131
3.0000,0.5055,0.3561
3.0000,0.4935,0.3608
3.0000,0.4925,0.3767
3.0000,0.4806,0.3820
3.0000,0.4779,0.3967
3.0000,0.4794,0.4158
3.0000,0.4425,0.3968
3.0000,0.4613,0.4338
3.0000,0.4442,0.4350
3.0000,0.4412,0.4505
3.0000,0.4231,0.4511
3.0000,0.4296,0.4765
3.0000,0.4263,0.4923
3.0000,0.4041,0.4893
3.0000,0.4037,0.5083
3.0000,0.3959,0.5200
3.0000,0.3951,0.5389
3.0000,0.3854,0.5491
3.0000,0.3704,0.5539
3.0000,0.3584,0.5620
3.0000,0.3306,0.5544
3.0000,0.3422,0.5862
3.0000,0.3316,0.5960
3.0000,0.3029,0.5877
3.0000,0.2887,0.5939
3.0000,0.2931,0.6189
3.0000,0.2894,0.6357
3.0000,0.2506,0.6175
3.0000,0.2497,0.6372
3.0000,0.2443,0.6525
3.0000,0.2327,0.6615
3.0000,0.2045,0.6539
3.0000,0.2111,0.6812
3.0000,0.1979,0.6885
3.0000,0.1656,0.6768
3.0000,0.1781,0.7097
3.0000,0.1541,0.7061
3.0000,0.1436,0.7160
3.0000,0.1151,0.7077
3.0000,0.1122,0.7249
3.0000,0.0756,0.7084
3.0000,0.0891,0.7417
3.0000,0.0576,0.7300
3.0000,0.0448,0.7368
3.0000,0.0161,0.7277
3.0000,0.0097,0.7406
3.0000,0.0150,0.7650
3.0000,-0.0089,0.7600
3.0000,-0.0226,0.7651
3.0000,-0.0528,0.7534
3.0000,-0.0536,0.7710
3.0000,-0.0728,0.7698
3.0000,-0.0884,0.7721
3.0000,-0.1247,0.7533
3.0000,-0.1147,0.7806
3.0000,-0.1469,0.7654
3.0000,-0.1700,0.7591
3.0000,-0.1753,0.7702
3.0000,-0.1897,0.7719
3.0000,-0.2188,0.7587
3.0000,-0.2153,0.7776
3.0000,-0.2527,0.7554
3.0000,-0.2717,0.7511
3.0000,-0.2686,0.7686
3.0000,-0.3021,0.7492
3.0000,-0.3238,0.7412
3.0000,-0.3362,0.7420
3.0000,-0.3375,0.7536
3.0000,-0.3550,0.7486
3.0000,-0.3754,0.7402
3.0000,-0.3995,0.7277
3.0000,-0.4033,0.7351
3.0000,-0.4261,0.7230
3.0000,-0.4594,0.6999
3.0000,-0.4811,0.6880
3.0000,-0.4783,0.7002
3.0000,-0.4917,0.6956
3.0000,-0.5040,0.6916
3.0000,-0.5186,0.6848
3.0000,-0.5359,0.6749
3.0000,-0.5788,0.6389
3.0000,-0.5740,0.6500
3.0000,-0.6050,0.6247
3.0000,-0.6265,0.6085
3.0000,-0.6117,0.6280
3.0000,-0.6403,0.6036
3.0000,-0.6457,0.6018
3.0000,-0.6633,0.5872
3.0000,-0.6988,0.5543
3.0000,-0.7016,0.5534
3.0000,-0.7006,0.5557
3.0000,-0.7136,0.5435
3.0000,-0.7456,0.5117
3.0000,-0.7551,0.5018
3.0000,-0.7725,0.4834
3.0000,-0.7951,0.4593
3.0000,-0.8033,0.4489
3.0000,-0.7918,0.4576
3.0000,-0.8113,0.4347
3.0000,-0.8307,0.4114
3.0000,-0.8256,0.4118
3.0000,-0.8370,0.3953
3.0000,-0.8576,0.3689
3.0000,-0.8795,0.3406
3.0000,-0.8892,0.3238
3.0000,-0.8946,0.3107
3.0000,-0.9107,0.2864
3.0000,-0.9019,0.2863
3.0000,-0.9315,0.2472
3.0000,-0.9242,0.2444
3.0000,-0.9455,0.2123
3.0000,-0.9561,0.1904
3.0000,-0.9670,0.1676
3.0000,-0.9490,0.1730
3.0000,-0.9612,0.1477
3.0000,-0.9566,0.1385
3.0000,-0.9762,0.1046
3.0000,-0.9950,0.0708
3.0000,-0.9999,0.0503
3.0000,-0.9929,0.0411
3.0000,-0.9839,0.0334
3.0000,-0.9895,0.0105
4.0000,-0.0021,-0.0055
4.0000,-0.0088,-0.0158
4.0000,0.0141,0.0035
4.0000,-0.0096,-0.0240
4.0000,-0.0139,-0.0322
4.0000,-0.0083,-0.0306
4.0000,0.0072,-0.0193
4.0000,0.0056,-0.0251
4.0000,0.0101,-0.0250
4.0000,0.0018,-0.0377
4.0000,0.0234,-0.0207
4.0000,0.0127,-0.0360
4.0000,0.0126,-0.0408
4.0000,-0.0021,-0.0603
4.0000,0.0041,-0.0589
4.0000,0.0285,-0.0394
4.0000,0.0279,-0.0449
4.0000,0.0101,-0.0678
4.0000,0.0288,-0.0542
4.0000,0.0423,-0.0457
4.0000,0.0286,-0.0645
4.0000,0.0221,-0.0762
4.0000,0.0339,-0.0696
4.0000,0.0381,-0.0706
4.0000,0.0329,-0.0809
4.0000,0.0498,-0.0693
4.0000,0.0632,-0.0610
4.0000,0.0497,-0.0797
4.0000,0.0572,-0.0774
4.0000,0.0629,-0.0767
4.0000,0.0653,-0.0795
4.0000,0.0733,-0.0766
4.0000,0.0575,-0.0974
4.0000,0.0666,-0.0932
4.0000,0.0738,-0.0909
4.0000,0.0844,-0.0852
4.0000,0.0733,-0.1011
4.0000,0.0894,-0.0897
4.0000,0.0811,-0.1027
4.0000,0.1069,-0.0814
4.0000,0.1095,-0.0833
4.0000,0.0965,-0.1006
4.0000,0.1055,-0.0959
4.0000,0.1141,-0.0914
4.0000,0.1329,-0.0766
4.0000,0.1345,-0.0790
4.0000,0.1219,-0.0953
4.0000,0.1214,-0.0995
4.0000,0.1454,-0.0790
4.0000,0.1439,-0.0838
4.0000,0.1601,-0.0708
4.0000,0.1449,-0.0890
4.0000,0.1691,-0.0677
4.0000,0.1490,-0.0905
4.0000,0.1697,-0.0724
4.0000,0.1657,-0.0787
4.0000,0.1880,-0.0586
4.0000,0.1674,-0.0812
4.0000,0.1873,-0.0631
4.0000,0.1937,-0.0583
4.0000,0.2013,-0.0521
4.0000,0.1974,-0.0573
4.0000,0.2042,-0.0514
4.0000,0.2016,-0.0548
4.0000,0.1962,-0.0608
4.0000,0.2282,-0.0292
4.0000,0.2336,-0.0239
4.0000,0.2112,-0.0462
4.0000,0.2391,-0.0179
4.0000,0.2398,-0.0166
4.0000,0.2499,-0.0058
4.0000,0.2526,-0.0020
4.0000,0.2436,-0.0097
4.0000,0.2541,0.0023
4.0000,0.2495,-0.0005
4.0000,0.2404,-0.0076
4.0000,0.2520,0.0063
4.0000,0.2664,0.0233
4.0000,0.2578,0.0174
4.0000,0.2719,0.0345
4.0000,0.2721,0.0381
4.0000,0.2737,0.0432
4.0000,0.2786,0.0519
4.0000,0.2815,0.0589
4.0000,0.2631,0.0448
4.0000,0.2809,0.0673
4.0000,0.2831,0.0743
4.0000,0.2921,0.0884
4.0000,0.2978,0.0995
4.0000,0.2767,0.0840
4.0000,0.2917,0.1050
4.0000,0.3016,0.1211
4.0000,0.2845,0.1104
4.0000,0.2834,0.1159
4.0000,0.2837,0.1233
4.0000,0.2945,0.1412
4.0000,0.2812,0.1354
4.0000,0.3022,0.1641
4.0000,0.2873,0.1571
4.0000,0.2746,0.1526
4.0000,0.2903,0.1767
4.0000,0.2949,0.1901
4.0000,0.2727,0.1767
4.0000,0.2688,0.1820
4.0000,0.2742,0.1968
4.0000,0.2806,0.2128
4.0000,0.2759,0.2179
4.0000,0.2703,0.2224
4.0000,0.2678,0.2301
4.0000,0.2834,0.2563
4.0000,0.2839,0.2675
4.0000,0.2598,0.2543
4.0000,0.2564,0.2620
4.0000,0.2757,0.2925
4.0000,0.2432,0.2716
4.0000,0.2530,0.2931
4.0000,0.2498,0.3017
4.0000,0.2524,0.3163
4.0000,0.2531,0.3293
4.0000,0.2386,0.3271
4.0000,0.2402,0.3412
4.0000,0.2398,0.3535
4.0000,0.2205,0.3470
4.0000,0.2283,0.3677
4.0000,0.1928,0.3453
4.0000,0.1950,0.3607
4.0000,0.2050,0.3840
4.0000,0.2019,0.3943
4.0000,0.1841,0.3901
4.0000,0.1863,0.4059
4.0000,0.1839,0.4172
4.0000,0.1466,0.3937
4.0000,0.1635,0.4245
4.0000,0.1466,0.4215
4.0000,0.1375,0.4264
4.0000,0.1160,0.4190
4.0000,0.1071,0.4241
4.0000,0.1220,0.4532
4.0000,0.0961,0.4414
4.0000,0.0904,0.4498
4.0000,0.0786,0.4522
4.0000,0.0900,0.4777
4.0000,0.0770,0.4789
4.0000,0.0610,0.4770
4.0000,0.0353,0.4655
4.0000,0.0507,0.4950
4.0000,0.0201,0.4783
4.0000,0.0283,0.5005
4.0000,0.0176,0.5038
4.0000,-0.0083,0.4917
4.0000,-0.0234,0.4903
4.0000,-0.0195,0.5079
4.0000,-0.0390,0.5020
4.0000,-0.0310,0.5235
4.0000,-0.0634,0.5045
4.0000,-0.0681,0.5129
4.0000,-0.0896,0.5045
4.0000,-0.0995,0.5076
4.0000,-0.1063,0.5136
4.0000,-0.1102,0.5223
4.0000,-0.1252,0.5198
4.0000,-0.1379,0.5194
4.0000,-0.1385,0.5309
4.0000,-0.1554,0.5259
4.0000,-0.1548,0.5383
4.0000,-0.1963,0.5083
4.0000,-0.2075,0.5083
4.0000,-0.1915,0.5353
4.0000,-0.2334,0.5043
4.0000,-0.2241,0.5240
4.0000,-0.2560,0.5024
4.0000,-0.2529,0.5156
4.0000,-0.2613,0.5170
4.0000,-0.2880,0.4997
4.0000,-0.2978,0.4991
4.0000,-0.3120,0.4937
4.0000,-0.3130,0.5013
4.0000,-0.3153,0.5073
4.0000,-0.3399,0.4906
4.0000,-0.3537,0.4844
4.0000,-0.3648,0.4805
4.0000,-0.3793,0.4730
4.0000,-0.3730,0.4858
4.0000,-0.4121,0.4530
4.0000,-0.4163,0.4546
4.0000,-0.4211,0.4552
4.0000,-0.4277,0.4537
4.0000,-0.4417,0.4445
4.0000,-0.4734,0.4171
4.0000,-0.4786,0.4158
4.0000,-0.4907,0.4072
4.0000,-0.5052,0.3959
4.0000,-0.5149,0.3888
4.0000,-0.5229,0.3832
4.0000,-0.5344,0.3735
4.0000,-0.5469,0.3624
4.0000,-0.5394,0.3709
4.0000,-0.5531,0.3578
4.0000,-0.5626,0.3484
4.0000,-0.5799,0.3308
4.0000,-0.5738,0.3361
4.0000,-0.5951,0.3135
4.0000,-0.5988,0.3082
4.0000,-0.6244,0.2804
4.0000,-0.6342,0.2680
4.0000,-0.6426,0.2565
4.0000,-0.6274,0.2681
4.0000,-0.6554,0.2362
4.0000,-0.6442,0.2428
4.0000,-0.6499,0.2322
4.0000,-0.6832,0.1934
4.0000,-0.6657,0.2050
4.0000,-0.6789,0.1854
4.0000,-0.6822,0.1751
4.0000,-0.6910,0.1590
4.0000,-0.7081,0.1340
4.0000,-0.7220,0.1119
4.0000,-0.7309,0.0942
4.0000,-0.7340,0.0817
4.0000,-0.7438,0.0622
4.0000,-0.7391,0.0567
4.0000,-0.7351,0.0499
4.0000,-0.7346,0.0392
4.0000,-0.7349,0.0272
4.0000,-0.7426,0.0074
4.0000,-0.7685,-0.0311
4.0000,-0.7629,-0.0386
4.0000,-0.7429,-0.0321
4.0000,-0.7621,-0.0653
4.0000,-0.7624,-0.0801
4.0000,-0.7642,-0.0968
4.0000,-0.7570,-0.1050
4.0000,-0.7780,-0.1417
4.0000,-0.7516,-0.1316
4.0000,-0.7756,-0.1722
4.0000,-0.7624,-0.1762
4.0000,-0.7682,-0.1995
4.0000,-0.7537,-0.2029
4.0000,-0.7536,-0.2212
4.0000,-0.7680,-0.2544
4.0000,-0.7715,-0.2771
4.0000,-0.7461,-0.2712
4.0000,-0.7562,-0.3013
4.0000,-0.7582,-0.3236
4.0000,-0.7433,-0.3294
4.0000,-0.7275,-0.3346
4.0000,-0.7329,-0.3616
4.0000,-0.7189,-0.3693
4.0000,-0.7265,-0.3990
4.0000,-0.7345,-0.4295
4.0000,-0.7016,-0.4193
4.0000,-0.7224,-0.4633
4.0000,-0.7106,-0.4748
4.0000,-0.7108,-0.4988
4.0000,-0.6746,-0.4866
4.0000,-0.6710,-0.5072
4.0000,-0.6837,-0.5445
4.0000,-0.6540,-0.5395
4.0000,-0.6573,-0.5679
4.0000,-0.6529,-0.5888
4.0000,-0.6341,-0.5954
4.0000,-0.6182,-0.6052
4.0000,-0.6036,-0.6166
4.0000,-0.6121,-0.6512
4.0000,-0.5931,-0.6585
4.0000,-0.5950,-0.6869
4.0000,-0.5572,-0.6756
4.0000,-0.5586,-0.7038
4.0000,-0.5548,-0.7269
4.0000,-0.5252,-0.7243
4.0000,-0.5017,-0.7279
4.0000,-0.5081,-0.7616
4.0000,-0.4756,-0.7563
4.0000,-0.4770,-0.7851
4.0000,-0.4495,-0.7850
4.0000,-0.4422,-0.8052
4.0000,-0.4204,-0.8109
4.0000,-0.4248,-0.8428
4.0000,-0.3831,-0.8286
4.0000,-0.3860,-0.8590
4.0000,-0.3645,-0.8651
4.0000,-0.3317,-0.8597
4.0000,-0.3322,-0.8876
4.0000,-0.3225,-0.9052
4.0000,-0.2911,-0.9010
4.0000,-0.2751,-0.9122
4.0000,-0.2559,-0.9200
4.0000,-0.2408,-0.9319
4.0000,-0.2223,-0.9402
4.0000,-0.2066,-0.9512
4.0000,-0.1729,-0.9439
4.0000,-0.1519,-0.9492
4.0000,-0.1289,-0.9525
4.0000,-0.1178,-0.9672
4.0000,-0.0880,-0.9632
4.0000,-0.0877,-0.9884
4.0000,-0.0675,-0.9934
4.0000,-0.0472,-0.9981
4.0000,-0.0103,-0.9859
4.0000,-0.0127,-1.0127
