1.0000,-0.0404,-0.0414
1.0000,-0.0247,-0.0267
1.0000,-0.0493,-0.0522
1.0000,0.0150,0.0111
1.0000,0.0007,-0.0042
1.0000,-0.0072,-0.0131
1.0000,-0.0417,-0.0485
1.0000,-0.0057,-0.0135
1.0000,0.0423,0.0336
1.0000,-0.0345,-0.0442
1.0000,0.0032,-0.0074
1.0000,0.0594,0.0479
1.0000,0.0174,0.0049
1.0000,0.0170,0.0037
1.0000,-0.0035,-0.0178
1.0000,-0.0121,-0.0272
1.0000,0.0498,0.0337
1.0000,-0.0134,-0.0303
1.0000,-0.0078,-0.0256
1.0000,-0.0209,-0.0396
1.0000,-0.0352,-0.0547
1.0000,-0.0273,-0.0477
1.0000,0.0183,-0.0030
1.0000,-0.0216,-0.0438
1.0000,0.0800,0.0571
1.0000,0.0515,0.0277
1.0000,0.0092,-0.0154
1.0000,0.0638,0.0384
1.0000,-0.0240,-0.0502
1.0000,0.0580,0.0309
1.0000,0.0728,0.0450
1.0000,0.0005,-0.0282
1.0000,-0.0254,-0.0548
1.0000,0.0891,0.0589
1.0000,0.0001,-0.0308
1.0000,0.0663,0.0346
1.0000,0.0037,-0.0287
1.0000,0.0702,0.0370
1.0000,-0.0049,-0.0388
1.0000,0.0450,0.0104
1.0000,0.0645,0.0291
1.0000,-0.0146,-0.0507
1.0000,0.0472,0.0104
1.0000,0.0903,0.0528
1.0000,0.0668,0.0286
1.0000,0.0271,-0.0118
1.0000,0.0433,0.0037
1.0000,0.0020,-0.0383
1.0000,0.1045,0.0636
1.0000,0.0967,0.0552
1.0000,-0.0124,-0.0546
1.0000,0.0228,-0.0201
1.0000,0.0696,0.0261
1.0000,0.0318,-0.0123
1.0000,0.0629,0.0181
1.0000,0.0825,0.0371
1.0000,0.0662,0.0203
1.0000,0.0067,-0.0399
1.0000,0.0197,-0.0275
1.0000,0.0492,0.0015
1.0000,0.0045,-0.0437
1.0000,0.1104,0.0616
1.0000,0.0729,0.0235
1.0000,0.0191,-0.0309
1.0000,0.0841,0.0336
1.0000,0.0494,-0.0016
1.0000,0.1216,0.0701
1.0000,0.0312,-0.0209
1.0000,0.0323,-0.0203
1.0000,0.1143,0.0613
1.0000,0.1130,0.0594
1.0000,0.1038,0.0498
1.0000,0.0623,0.0078
1.0000,0.1129,0.0580
1.0000,0.0913,0.0358
1.0000,0.1232,0.0674
1.0000,0.1150,0.0587
1.0000,0.1130,0.0562
1.0000,0.1049,0.0477
1.0000,0.0903,0.0327
1.0000,0.0553,-0.0027
1.0000,0.0480,-0.0104
1.0000,0.0630,0.0042
1.0000,0.1162,0.0570
1.0000,0.1193,0.0597
1.0000,0.1283,0.0684
1.0000,0.1455,0.0852
1.0000,0.0396,-0.0210
1.0000,0.1292,0.0682
1.0000,0.0385,-0.0229
1.0000,0.1397,0.0780
1.0000,0.0902,0.0282
1.0000,0.1527,0.0904
1.0000,0.1470,0.0844
1.0000,0.0572,-0.0057
1.0000,0.1193,0.0562
1.0000,0.0554,-0.0080
1.0000,0.0443,-0.0194
1.0000,0.0528,-0.0111
1.0000,0.1466,0.0824
1.0000,0.1172,0.0527
1.0000,0.0498,-0.0149
1.0000,0.0640,-0.0009
1.0000,0.1110,0.0459
1.0000,0.0566,-0.0088
1.0000,0.0519,-0.0137
1.0000,0.0758,0.0100
1.0000,0.0904,0.0245
1.0000,0.0481,-0.0180
1.0000,0.0941,0.0278
1.0000,0.1612,0.0948
1.0000,0.1068,0.0402
1.0000,0.1468,0.0801
1.0000,0.0891,0.0223
1.0000,0.0612,-0.0057
1.0000,0.0754,0.0084
1.0000,0.0485,-0.0187
1.0000,0.0556,-0.0116
1.0000,0.1409,0.0736
1.0000,0.1701,0.1027
1.0000,0.1664,0.0989
1.0000,0.0896,0.0221
1.0000,0.0803,0.0127
1.0000,0.0607,-0.0070
1.0000,0.0668,-0.0008
1.0000,0.1703,0.1026
1.0000,0.1143,0.0466
1.0000,0.1529,0.0852
1.0000,0.1801,0.1124
1.0000,0.0685,0.0008
1.0000,0.0776,0.0099
1.0000,0.1633,0.0957
1.0000,0.0944,0.0268
1.0000,0.1371,0.0695
1.0000,0.0985,0.0310
1.0000,0.1706,0.1032
1.0000,0.0972,0.0299
1.0000,0.0675,0.0002
1.0000,0.1075,0.0403
1.0000,0.0869,0.0198
1.0000,0.1197,0.0528
1.0000,0.1680,0.1012
1.0000,0.1789,0.1122
1.0000,0.1466,0.0800
1.0000,0.1191,0.0527
1.0000,0.1944,0.1281
1.0000,0.0830,0.0169
1.0000,0.1575,0.0915
1.0000,0.1541,0.0883
1.0000,0.1740,0.1085
1.0000,0.1586,0.0932
1.0000,0.1032,0.0380
1.0000,0.1317,0.0668
1.0000,0.0846,0.0199
1.0000,0.1321,0.0676
1.0000,0.1296,0.0654
1.0000,0.1687,0.1047
1.0000,0.1686,0.1050
1.0000,0.1058,0.0423
1.0000,0.1341,0.0709
1.0000,0.0904,0.0275
1.0000,0.1538,0.0912
1.0000,0.1115,0.0492
1.0000,0.1861,0.1242
1.0000,0.1527,0.0911
1.0000,0.1739,0.1127
1.0000,0.0980,0.0371
1.0000,0.1986,0.1381
1.0000,0.1104,0.0503
1.0000,0.1772,0.1174
1.0000,0.1876,0.1282
1.0000,0.1178,0.0588
1.0000,0.1271,0.0685
1.0000,0.1040,0.0458
1.0000,0.1115,0.0538
1.0000,0.1021,0.0448
1.0000,0.1315,0.0746
1.0000,0.0876,0.0312
1.0000,0.1232,0.0672
1.0000,0.1188,0.0633
1.0000,0.0943,0.0392
1.0000,0.1668,0.1122
1.0000,0.1281,0.0740
1.0000,0.2155,0.1619
1.0000,0.1797,0.1266
1.0000,0.2144,0.1619
1.0000,0.1761,0.1241
1.0000,0.1629,0.1115
1.0000,0.1780,0.1271
1.0000,0.1626,0.1123
1.0000,0.2019,0.1521
1.0000,0.1473,0.0981
1.0000,0.2188,0.1702
1.0000,0.0970,0.0490
1.0000,0.2041,0.1567
1.0000,0.2093,0.1625
1.0000,0.1062,0.0600
1.0000,0.1032,0.0576
1.0000,0.1815,0.1366
1.0000,0.1289,0.0847
1.0000,0.1581,0.1145
1.0000,0.2262,0.1833
1.0000,0.1955,0.1532
1.0000,0.2124,0.1708
1.0000,0.1641,0.1232
1.0000,0.1625,0.1224
1.0000,0.2196,0.1801
1.0000,0.2280,0.1893
1.0000,0.1376,0.0996
1.0000,0.1122,0.0750
1.0000,0.1492,0.1127
1.0000,0.1743,0.1385
1.0000,0.1414,0.1064
1.0000,0.1489,0.1148
1.0000,0.1329,0.0995
1.0000,0.2235,0.1909
1.0000,0.1390,0.1072
1.0000,0.1439,0.1129
1.0000,0.2126,0.1825
1.0000,0.1674,0.1381
1.0000,0.1949,0.1664
1.0000,0.2088,0.1812
1.0000,0.1483,0.1216
1.0000,0.1722,0.1463
1.0000,0.1627,0.1378
1.0000,0.2163,0.1922
1.0000,0.1711,0.1480
1.0000,0.1666,0.1443
1.0000,0.2200,0.1986
1.0000,0.2067,0.1863
1.0000,0.1138,0.0943
1.0000,0.1642,0.1457
1.0000,0.1142,0.0966
1.0000,0.1593,0.1427
1.0000,0.2160,0.2004
1.0000,0.1335,0.1188
1.0000,0.2224,0.2087
1.0000,0.1702,0.1575
1.0000,0.2001,0.1884
1.0000,0.2067,0.1961
1.0000,0.1372,0.1276
1.0000,0.1660,0.1574
1.0000,0.1530,0.1454
1.0000,0.1919,0.1854
1.0000,0.2220,0.2166
1.0000,0.1760,0.1716
1.0000,0.1161,0.1128
1.0000,0.1436,0.1414
1.0000,0.1788,0.1777
1.0000,0.1657,0.1657
1.0000,0.1232,0.1243
1.0000,0.2122,0.2145
1.0000,0.1313,0.1347
1.0000,0.1845,0.1890
1.0000,0.2342,0.2398
1.0000,0.1360,0.1428
1.0000,0.1879,0.1959
1.0000,0.1297,0.1388
1.0000,0.2348,0.2451
1.0000,0.1537,0.1652
1.0000,0.1642,0.1769
1.0000,0.1645,0.1784
1.0000,0.2019,0.2171
1.0000,0.1544,0.1708
1.0000,0.1419,0.1595
1.0000,0.1167,0.1356
1.0000,0.1279,0.1481
1.0000,0.1420,0.1635
1.0000,0.2225,0.2452
1.0000,0.2227,0.2467
1.0000,0.2205,0.2458
1.0000,0.1286,0.1552
1.0000,0.1304,0.1583
1.0000,0.2005,0.2297
1.0000,0.1749,0.2055
1.0000,0.1838,0.2156
1.0000,0.1262,0.1594
1.0000,0.2208,0.2553
1.0000,0.2180,0.2539
1.0000,0.2328,0.2701
1.0000,0.1438,0.1825
1.0000,0.1789,0.2189
1.0000,0.2007,0.2422
1.0000,0.1577,0.2005
1.0000,0.1864,0.2306
1.0000,0.1250,0.1707
1.0000,0.1273,0.1744
1.0000,0.2235,0.2720
1.0000,0.1862,0.2362
1.0000,0.1659,0.2173
1.0000,0.1893,0.2422
1.0000,0.1588,0.2131
1.0000,0.1988,0.2546
1.0000,0.1229,0.1802
1.0000,0.2268,0.2855
1.0000,0.2071,0.2674
1.0000,0.1265,0.1883
1.0000,0.1672,0.2305
1.0000,0.1851,0.2499
1.0000,0.2104,0.2768
1.0000,0.2099,0.2778
1.0000,0.1298,0.1993
1.0000,0.1943,0.2653
1.0000,0.1187,0.1912
1.0000,0.2370,0.3111
1.0000,0.1310,0.2068
1.0000,0.2197,0.2970
1.0000,0.2018,0.2808
1.0000,0.1274,0.2079
1.0000,0.1765,0.2586
1.0000,0.1321,0.2158
1.0000,0.1208,0.2062
1.0000,0.1730,0.2600
1.0000,0.2200,0.3087
1.0000,0.1669,0.2572
1.0000,0.1333,0.2253
1.0000,0.2045,0.2982
1.0000,0.1836,0.2789
1.0000,0.2242,0.3212
1.0000,0.1552,0.2539
1.0000,0.1249,0.2253
1.0000,0.2251,0.3273
1.0000,0.1532,0.2571
1.0000,0.1380,0.2435
1.0000,0.1993,0.3066
1.0000,0.1620,0.2711
1.0000,0.1894,0.3002
1.0000,0.2105,0.3230
1.0000,0.2057,0.3200
1.0000,0.2067,0.3228
1.0000,0.1314,0.2492
1.0000,0.2079,0.3275
1.0000,0.2090,0.3305
1.0000,0.1171,0.2403
1.0000,0.1535,0.2785
1.0000,0.1177,0.2445
1.0000,0.1109,0.2395
1.0000,0.1778,0.3083
1.0000,0.1541,0.2864
1.0000,0.1695,0.3037
1.0000,0.1745,0.3105
1.0000,0.1210,0.2589
1.0000,0.2051,0.3448
1.0000,0.1882,0.3298
1.0000,0.2144,0.3579
1.0000,0.1919,0.3372
1.0000,0.1922,0.3395
1.0000,0.1264,0.2755
1.0000,0.1341,0.2851
1.0000,0.2109,0.3638
1.0000,0.1273,0.2822
1.0000,0.1838,0.3406
1.0000,0.2175,0.3763
1.0000,0.2107,0.3714
1.0000,0.2166,0.3793
1.0000,0.1955,0.3601
1.0000,0.2110,0.3775
1.0000,0.0915,0.2600
1.0000,0.1771,0.3475
1.0000,0.1071,0.2795
1.0000,0.2074,0.3818
1.0000,0.2027,0.3792
1.0000,0.1520,0.3304
1.0000,0.1445,0.3249
1.0000,0.1422,0.3247
1.0000,0.1696,0.3541
1.0000,0.1814,0.3679
1.0000,0.1432,0.3318
1.0000,0.1066,0.2972
1.0000,0.1316,0.3243
1.0000,0.0865,0.2811
1.0000,0.1079,0.3047
1.0000,0.1714,0.3702
1.0000,0.1829,0.3838
1.0000,0.1529,0.3558
1.0000,0.1420,0.3471
1.0000,0.1565,0.3636
1.0000,0.0974,0.3067
1.0000,0.1269,0.3383
1.0000,0.1429,0.3564
1.0000,0.1796,0.3952
1.0000,0.1978,0.4155
1.0000,0.1855,0.4053
1.0000,0.0891,0.3111
1.0000,0.1512,0.3753
1.0000,0.1700,0.3962
1.0000,0.1503,0.3786
1.0000,0.1778,0.4083
1.0000,0.1943,0.4269
1.0000,0.1694,0.4042
1.0000,0.0870,0.3240
1.0000,0.1154,0.3545
1.0000,0.0844,0.3258
1.0000,0.0669,0.3104
1.0000,0.0760,0.3218
1.0000,0.1615,0.4094
1.0000,0.0980,0.3482
1.0000,0.1104,0.3628
1.0000,0.1021,0.3566
1.0000,0.1075,0.3644
1.0000,0.1714,0.4305
1.0000,0.1069,0.3682
1.0000,0.0625,0.3260
1.0000,0.0938,0.3596
1.0000,0.1325,0.4005
1.0000,0.1206,0.3909
1.0000,0.1042,0.3767
1.0000,0.1636,0.4384
1.0000,0.1718,0.4489
1.0000,0.1495,0.4289
1.0000,0.1022,0.3838
1.0000,0.1582,0.4421
1.0000,0.1172,0.4034
1.0000,0.1176,0.4060
1.0000,0.0989,0.3897
1.0000,0.0888,0.3818
1.0000,0.0507,0.3461
1.0000,0.1453,0.4430
1.0000,0.0851,0.3851
1.0000,0.0418,0.3441
1.0000,0.1019,0.4065
1.0000,0.1522,0.4592
1.0000,0.1355,0.4448
1.0000,0.0638,0.3755
1.0000,0.1006,0.4146
1.0000,0.1077,0.4241
1.0000,0.1336,0.4524
1.0000,0.0426,0.3637
1.0000,0.0827,0.4061
1.0000,0.1547,0.4805
1.0000,0.0547,0.3829
1.0000,0.0743,0.4049
1.0000,0.1441,0.4771
1.0000,0.0866,0.4220
1.0000,0.1254,0.4631
1.0000,0.0974,0.4376
1.0000,0.0897,0.4322
1.0000,0.0563,0.4012
1.0000,0.1321,0.4795
1.0000,0.0634,0.4132
1.0000,0.1340,0.4862
1.0000,0.0541,0.4087
1.0000,0.1243,0.4813
1.0000,0.0561,0.4156
1.0000,0.0294,0.3913
1.0000,0.0838,0.4481
1.0000,0.1250,0.4918
1.0000,0.1223,0.4915
1.0000,0.0755,0.4471
1.0000,0.0083,0.3824
1.0000,0.0738,0.4503
1.0000,0.1285,0.5075
1.0000,0.0980,0.4794
1.0000,0.0750,0.4589
1.0000,0.1020,0.4884
1.0000,0.0447,0.4335
1.0000,0.1110,0.5023
1.0000,0.0203,0.4140
1.0000,0.0781,0.4744
1.0000,0.1097,0.5084
1.0000,0.0316,0.4329
1.0000,-0.0031,0.4006
1.0000,0.1021,0.5082
1.0000,0.0238,0.4325
1.0000,0.0450,0.4561
1.0000,0.0833,0.4969
1.0000,0.0657,0.4819
1.0000,0.0173,0.4360
1.0000,-0.0175,0.4037
1.0000,-0.0080,0.4157
1.0000,-0.0189,0.4073
1.0000,0.0078,0.4365
1.0000,0.0953,0.5265
1.0000,0.0370,0.4707
1.0000,0.0071,0.4434
1.0000,0.0316,0.4704
1.0000,0.0308,0.4721
1.0000,-0.0235,0.4204
1.0000,0.0906,0.5370
1.0000,-0.0130,0.4360
1.0000,0.0417,0.4932
1.0000,0.0533,0.5073
1.0000,0.0083,0.4648
1.0000,0.0851,0.5442
1.0000,-0.0239,0.4377
1.0000,-0.0057,0.4585
1.0000,0.0693,0.5360
1.0000,-0.0224,0.4469
1.0000,0.0173,0.4891
1.0000,-0.0414,0.4330
1.0000,0.0329,0.5098
1.0000,0.0296,0.5091
1.0000,0.0332,0.5153
1.0000,0.0668,0.5514
1.0000,0.0279,0.5151
1.0000,-0.0189,0.4708
1.0000,0.0019,0.4942
1.0000,0.0003,0.4951
1.0000,0.0075,0.5049
1.0000,0.0235,0.5235
1.0000,-0.0430,0.4596
1.0000,0.0426,0.5477
1.0000,-0.0327,0.4750
1.0000,0.0254,0.5357
1.0000,-0.0354,0.4774
1.0000,0.0475,0.5630
1.0000,0.0032,0.5212
1.0000,0.0028,0.5234
1.0000,0.0226,0.5458
1.0000,0.0347,0.5605
1.0000,-0.0398,0.4885
1.0000,-0.0446,0.4863
1.0000,-0.0353,0.4982
1.0000,-0.0406,0.4955
1.0000,-0.0072,0.5314
1.0000,-0.0757,0.4656
1.0000,-0.0311,0.5128
1.0000,0.0078,0.5542
1.0000,-0.0028,0.5462
1.0000,-0.0455,0.5062
1.0000,-0.0257,0.5285
1.0000,-0.0023,0.5545
1.0000,0.0198,0.5792
1.0000,-0.0223,0.5397
1.0000,0.0150,0.5796
1.0000,0.0010,0.5682
1.0000,0.0097,0.5794
1.0000,-0.1068,0.4655
1.0000,-0.0849,0.4900
1.0000,-0.0088,0.5687
1.0000,-0.0419,0.5383
1.0000,-0.0638,0.5189
1.0000,-0.1148,0.4705
1.0000,-0.1039,0.4840
1.0000,-0.1041,0.4863
1.0000,-0.0946,0.4985
1.0000,-0.0688,0.5269
1.0000,-0.0309,0.5674
1.0000,-0.0252,0.5756
1.0000,-0.1092,0.4943
1.0000,-0.0973,0.5088
1.0000,-0.1100,0.4986
1.0000,-0.0729,0.5383
1.0000,-0.0873,0.5265
1.0000,-0.0906,0.5258
1.0000,-0.0638,0.5551
1.0000,-0.1311,0.4904
1.0000,-0.1046,0.5195
1.0000,-0.1216,0.5051
1.0000,-0.1173,0.5119
1.0000,-0.1093,0.5225
1.0000,-0.0274,0.6070
1.0000,-0.1466,0.4904
1.0000,-0.1241,0.5155
1.0000,-0.1164,0.5257
1.0000,-0.1401,0.5047
1.0000,-0.1217,0.5256
1.0000,-0.1114,0.5384
1.0000,-0.1180,0.5344
1.0000,-0.1534,0.5016
1.0000,-0.0956,0.5620
1.0000,-0.1085,0.5516
1.0000,-0.1004,0.5623
1.0000,-0.1722,0.4931
1.0000,-0.0669,0.6009
1.0000,-0.0781,0.5923
1.0000,-0.0952,0.5778
1.0000,-0.1725,0.5030
1.0000,-0.0948,0.5832
1.0000,-0.0704,0.6102
1.0000,-0.1429,0.5402
1.0000,-0.1658,0.5199
1.0000,-0.0905,0.5978
1.0000,-0.1803,0.5105
1.0000,-0.0820,0.6114
1.0000,-0.0774,0.6185
1.0000,-0.1412,0.5573
1.0000,-0.1255,0.5754
1.0000,-0.1504,0.5531
1.0000,-0.0898,0.6162
1.0000,-0.1667,0.5418
1.0000,-0.1558,0.5553
1.0000,-0.1318,0.5818
1.0000,-0.1549,0.5612
1.0000,-0.1978,0.5209
1.0000,-0.1922,0.5290
1.0000,-0.1030,0.6207
1.0000,-0.2067,0.5195
1.0000,-0.1661,0.5626
1.0000,-0.1788,0.5524
1.0000,-0.1137,0.6200
1.0000,-0.1695,0.5666
1.0000,-0.1093,0.6294
1.0000,-0.1299,0.6113
1.0000,-0.1123,0.6314
1.0000,-0.1192,0.6269
1.0000,-0.2321,0.5165
1.0000,-0.2425,0.5086
1.0000,-0.1928,0.5608
1.0000,-0.1883,0.5677
1.0000,-0.2380,0.5205
1.0000,-0.1467,0.6142
1.0000,-0.2125,0.5510
1.0000,-0.2030,0.5629
1.0000,-0.1719,0.5964
1.0000,-0.2557,0.5151
1.0000,-0.2229,0.5503
1.0000,-0.2167,0.5590
1.0000,-0.2317,0.5464
1.0000,-0.2488,0.5317
1.0000,-0.2362,0.5468
1.0000,-0.2337,0.5518
1.0000,-0.2471,0.5407
1.0000,-0.1807,0.6096
1.0000,-0.1576,0.6351
1.0000,-0.1694,0.6257
1.0000,-0.2168,0.5807
1.0000,-0.2375,0.5624
1.0000,-0.2868,0.5155
1.0000,-0.2782,0.5265
1.0000,-0.2296,0.5775
1.0000,-0.2054,0.6041
1.0000,-0.2137,0.5982
1.0000,-0.1890,0.6252
1.0000,-0.2506,0.5660
1.0000,-0.2637,0.5552
1.0000,-0.2315,0.5898
1.0000,-0.2454,0.5783
1.0000,-0.2522,0.5738
1.0000,-0.2834,0.5450
1.0000,-0.2233,0.6075
1.0000,-0.2663,0.5668
1.0000,-0.1976,0.6378
1.0000,-0.2931,0.5447
1.0000,-0.2362,0.6039
1.0000,-0.3228,0.5196
1.0000,-0.2986,0.5461
1.0000,-0.2673,0.5797
1.0000,-0.2557,0.5936
1.0000,-0.3014,0.5502
1.0000,-0.3289,0.5250
1.0000,-0.2314,0.6248
1.0000,-0.2588,0.5996
1.0000,-0.2322,0.6285
1.0000,-0.2312,0.6318
1.0000,-0.2528,0.6125
1.0000,-0.3350,0.5325
1.0000,-0.3476,0.5221
1.0000,-0.2738,0.5982
1.0000,-0.2963,0.5780
1.0000,-0.2685,0.6080
1.0000,-0.3497,0.5290
1.0000,-0.3192,0.5617
1.0000,-0.2821,0.6010
1.0000,-0.2652,0.6202
1.0000,-0.3724,0.5152
1.0000,-0.2736,0.6162
1.0000,-0.3317,0.5603
1.0000,-0.2575,0.6366
1.0000,-0.2812,0.6151
1.0000,-0.3038,0.5947
1.0000,-0.2874,0.6132
1.0000,-0.3578,0.5451
1.0000,-0.3705,0.5345
1.0000,-0.3104,0.5967
1.0000,-0.3117,0.5976
1.0000,-0.3018,0.6096
1.0000,-0.2881,0.6254
1.0000,-0.3303,0.5854
1.0000,-0.3089,0.6088
1.0000,-0.2996,0.6203
1.0000,-0.3126,0.6094
1.0000,-0.2995,0.6246
1.0000,-0.3219,0.6042
1.0000,-0.3357,0.5926
1.0000,-0.2916,0.6387
1.0000,-0.3382,0.5942
1.0000,-0.3872,0.5472
1.0000,-0.3969,0.5396
1.0000,-0.3731,0.5654
1.0000,-0.3555,0.5850
1.0000,-0.3692,0.5734
1.0000,-0.4072,0.5374
1.0000,-0.3181,0.6285
1.0000,-0.3519,0.5968
1.0000,-0.3472,0.6034
1.0000,-0.3289,0.6237
1.0000,-0.4268,0.5278
1.0000,-0.3236,0.6329
1.0000,-0.4461,0.5124
1.0000,-0.4302,0.5303
1.0000,-0.4450,0.5174
1.0000,-0.4528,0.5116
1.0000,-0.3644,0.6019
1.0000,-0.3674,0.6008
1.0000,-0.4449,0.5252
1.0000,-0.3811,0.5910
1.0000,-0.4450,0.5290
1.0000,-0.4244,0.5515
1.0000,-0.3796,0.5981
1.0000,-0.4689,0.5107
1.0000,-0.4312,0.5503
1.0000,-0.4743,0.5091
1.0000,-0.4613,0.5239
1.0000,-0.3879,0.5992
1.0000,-0.4521,0.5368
1.0000,-0.3906,0.6002
1.0000,-0.4648,0.5277
1.0000,-0.4934,0.5009
1.0000,-0.4686,0.5276
1.0000,-0.4094,0.5885
1.0000,-0.4935,0.5063
1.0000,-0.4740,0.5275
1.0000,-0.4578,0.5455
1.0000,-0.5047,0.5004
1.0000,-0.4974,0.5094
1.0000,-0.4948,0.5137
1.0000,-0.3953,0.6150
1.0000,-0.4395,0.5725
1.0000,-0.4730,0.5407
1.0000,-0.4350,0.5804
1.0000,-0.4979,0.5192
1.0000,-0.4096,0.6092
1.0000,-0.4765,0.5440
1.0000,-0.4720,0.5502
1.0000,-0.4214,0.6024
1.0000,-0.4786,0.5468
1.0000,-0.4900,0.5371
1.0000,-0.4954,0.5333
1.0000,-0.5179,0.5124
1.0000,-0.4425,0.5894
1.0000,-0.4320,0.6015
1.0000,-0.5147,0.5204
1.0000,-0.5266,0.5102
1.0000,-0.5296,0.5087
1.0000,-0.4911,0.5487
1.0000,-0.4974,0.5440
1.0000,-0.4721,0.5709
1.0000,-0.5287,0.5158
1.0000,-0.5003,0.5457
1.0000,-0.5185,0.5290
1.0000,-0.5046,0.5445
1.0000,-0.5055,0.5450
1.0000,-0.5384,0.5136
1.0000,-0.4926,0.5609
1.0000,-0.4640,0.5910
1.0000,-0.4846,0.5718
1.0000,-0.5256,0.5322
1.0000,-0.5166,0.5426
1.0000,-0.5376,0.5231
1.0000,-0.4990,0.5631
1.0000,-0.5185,0.5450
1.0000,-0.5709,0.4940
1.0000,-0.4913,0.5750
1.0000,-0.5026,0.5650
1.0000,-0.5920,0.4769
1.0000,-0.5224,0.5479
1.0000,-0.5970,0.4747
1.0000,-0.5338,0.5392
1.0000,-0.5728,0.5014
1.0000,-0.5971,0.4785
1.0000,-0.5414,0.5355
1.0000,-0.5608,0.5174
1.0000,-0.5236,0.5558
1.0000,-0.5861,0.4946
1.0000,-0.6102,0.4717
1.0000,-0.5869,0.4962
1.0000,-0.5736,0.5107
1.0000,-0.5260,0.5596
1.0000,-0.5926,0.4942
1.0000,-0.5297,0.5583
1.0000,-0.6392,0.4499
1.0000,-0.5490,0.5413
1.0000,-0.5792,0.5123
1.0000,-0.5483,0.5444
1.0000,-0.5947,0.4991
1.0000,-0.5686,0.5263
1.0000,-0.6392,0.4568
1.0000,-0.6370,0.4601
1.0000,-0.6250,0.4732
1.0000,-0.6630,0.4363
1.0000,-0.6276,0.4728
1.0000,-0.5590,0.5424
1.0000,-0.6309,0.4716
1.0000,-0.5972,0.5062
1.0000,-0.5711,0.5334
1.0000,-0.6520,0.4535
1.0000,-0.5583,0.5482
1.0000,-0.6520,0.4555
1.0000,-0.6470,0.4614
1.0000,-0.6771,0.4323
1.0000,-0.6441,0.4662
1.0000,-0.6597,0.4515
1.0000,-0.6865,0.4257
1.0000,-0.6666,0.4465
1.0000,-0.6752,0.4388
1.0000,-0.6078,0.5071
1.0000,-0.6895,0.4263
1.0000,-0.6657,0.4509
1.0000,-0.6038,0.5137
1.0000,-0.6742,0.4441
1.0000,-0.6894,0.4297
1.0000,-0.6490,0.4709
1.0000,-0.6592,0.4615
1.0000,-0.6998,0.4217
1.0000,-0.6831,0.4392
1.0000,-0.7245,0.3985
1.0000,-0.6178,0.5060
1.0000,-0.6429,0.4816
1.0000,-0.6183,0.5070
1.0000,-0.6379,0.4880
1.0000,-0.6974,0.4293
1.0000,-0.6880,0.4393
1.0000,-0.7310,0.3970
1.0000,-0.7447,0.3839
1.0000,-0.7262,0.4031
1.0000,-0.6324,0.4975
1.0000,-0.7207,0.4099
1.0000,-0.7340,0.3972
1.0000,-0.7119,0.4199
1.0000,-0.6637,0.4686
1.0000,-0.7435,0.3893
1.0000,-0.6905,0.4429
1.0000,-0.6820,0.4520
1.0000,-0.7001,0.4344
1.0000,-0.7326,0.4024
1.0000,-0.6740,0.4615
1.0000,-0.7362,0.3998
1.0000,-0.7256,0.4108
1.0000,-0.7270,0.4099
1.0000,-0.6990,0.4384
1.0000,-0.7698,0.3680
1.0000,-0.7772,0.3610
1.0000,-0.6844,0.4542
1.0000,-0.7394,0.3996
1.0000,-0.7133,0.4261
1.0000,-0.7755,0.3643
1.0000,-0.7222,0.4179
1.0000,-0.6919,0.4485
1.0000,-0.7065,0.4343
1.0000,-0.7863,0.3548
1.0000,-0.7574,0.3839
1.0000,-0.7614,0.3803
1.0000,-0.7987,0.3432
1.0000,-0.6983,0.4439
1.0000,-0.7735,0.3689
1.0000,-0.7876,0.3551
1.0000,-0.7384,0.4044
1.0000,-0.7386,0.4045
1.0000,-0.7482,0.3951
1.0000,-0.7082,0.4352
1.0000,-0.7458,0.3978
1.0000,-0.7642,0.3795
1.0000,-0.7503,0.3936
1.0000,-0.7336,0.4103
1.0000,-0.7938,0.3503
1.0000,-0.8112,0.3329
1.0000,-0.7537,0.3905
1.0000,-0.8311,0.3132
1.0000,-0.7591,0.3852
1.0000,-0.7262,0.4182
1.0000,-0.7285,0.4158
1.0000,-0.7583,0.3861
1.0000,-0.8116,0.3328
1.0000,-0.7606,0.3837
1.0000,-0.7479,0.3963
1.0000,-0.7437,0.4005
1.0000,-0.8291,0.3150
1.0000,-0.7835,0.3606
1.0000,-0.7595,0.3844
1.0000,-0.8431,0.3007
1.0000,-0.7779,0.3658
1.0000,-0.7982,0.3454
1.0000,-0.8305,0.3129
1.0000,-0.7744,0.3689
1.0000,-0.8151,0.3280
1.0000,-0.7497,0.3932
1.0000,-0.7637,0.3789
1.0000,-0.8397,0.3027
1.0000,-0.8076,0.3345
1.0000,-0.8656,0.2763
1.0000,-0.7745,0.3671
1.0000,-0.7982,0.3431
1.0000,-0.8565,0.2845
1.0000,-0.8298,0.3109
1.0000,-0.8198,0.3205
1.0000,-0.7898,0.3502
1.0000,-0.8331,0.3066
1.0000,-0.8746,0.2647
1.0000,-0.8297,0.3091
1.0000,-0.8744,0.2640
1.0000,-0.8822,0.2558
1.0000,-0.8517,0.2859
1.0000,-0.8132,0.3239
1.0000,-0.7871,0.3495
1.0000,-0.7928,0.3434
1.0000,-0.8528,0.2828
1.0000,-0.8446,0.2906
1.0000,-0.7945,0.3401
1.0000,-0.8425,0.2915
1.0000,-0.8862,0.2473
1.0000,-0.9215,0.2115
1.0000,-0.8888,0.2435
1.0000,-0.8841,0.2476
1.0000,-0.8194,0.3117
1.0000,-0.8580,0.2725
1.0000,-0.8359,0.2939
1.0000,-0.8282,0.3010
1.0000,-0.8611,0.2674
1.0000,-0.8941,0.2337
1.0000,-0.8691,0.2580
1.0000,-0.8424,0.2839
1.0000,-0.9382,0.1873
1.0000,-0.8446,0.2802
1.0000,-0.9371,0.1869
1.0000,-0.9334,0.1898
1.0000,-0.8880,0.2345
1.0000,-0.9022,0.2194
1.0000,-0.9484,0.1723
1.0000,-0.8901,0.2298
1.0000,-0.9053,0.2137
1.0000,-0.8855,0.2327
1.0000,-0.9220,0.1952
1.0000,-0.8386,0.2778
1.0000,-0.9104,0.2050
1.0000,-0.8641,0.2503
1.0000,-0.8832,0.2303
1.0000,-0.8976,0.2149
1.0000,-0.9061,0.2053
1.0000,-0.8642,0.2463
1.0000,-0.9224,0.1871
1.0000,-0.9407,0.1677
1.0000,-0.8539,0.2535
1.0000,-0.8641,0.2421
1.0000,-0.8656,0.2396
1.0000,-0.8800,0.2241
1.0000,-0.8903,0.2126
1.0000,-0.8745,0.2273
1.0000,-0.8755,0.2252
1.0000,-0.8982,0.2012
1.0000,-0.9517,0.1466
1.0000,-0.9018,0.1953
1.0000,-0.9068,0.1891
1.0000,-0.9859,0.1087
1.0000,-0.8898,0.2036
1.0000,-0.9878,0.1043
1.0000,-0.8738,0.2171
1.0000,-0.8843,0.2053
1.0000,-0.9087,0.1795
1.0000,-0.9962,0.0907
1.0000,-0.9351,0.1504
1.0000,-0.9104,0.1739
1.0000,-0.9863,0.0966
1.0000,-0.9190,0.1624
1.0000,-0.9759,0.1041
1.0000,-0.9998,0.0789
1.0000,-0.9952,0.0820
1.0000,-0.9375,0.1382
1.0000,-0.9741,0.1001
1.0000,-0.9025,0.1703
1.0000,-0.9453,0.1260
1.0000,-0.9219,0.1479
1.0000,-0.9498,0.1184
1.0000,-0.9902,0.0764
1.0000,-0.9318,0.1332
1.0000,-0.9960,0.0674
1.0000,-0.9283,0.1336
1.0000,-0.9912,0.0690
1.0000,-0.9083,0.1503
1.0000,-0.9301,0.1269
1.0000,-0.9524,0.1029
1.0000,-0.9319,0.1218
1.0000,-0.9958,0.0562
1.0000,-0.9515,0.0987
1.0000,-1.0135,0.0350
1.0000,-1.0031,0.0437
1.0000,-0.9842,0.0608
1.0000,-0.9666,0.0766
1.0000,-0.9563,0.0851
1.0000,-0.9942,0.0454
1.0000,-0.9921,0.0457
1.0000,-0.9651,0.0708
1.0000,-0.9820,0.0521
1.0000,-0.9645,0.0677
1.0000,-0.9943,0.0360
1.0000,-0.9694,0.0590
1.0000,-0.9725,0.0540
1.0000,-1.0318,-0.0073
1.0000,-0.9674,0.0552
1.0000,-0.9323,0.0884
1.0000,-1.0510,-0.0324
1.0000,-0.9751,0.0415
1.0000,-1.0074,0.0072
1.0000,-0.9674,0.0452
1.0000,-0.9906,0.0199
1.0000,-0.9399,0.0685
1.0000,-1.0486,-0.0422
1.0000,-0.9624,0.0419
1.0000,-1.0047,-0.0025
1.0000,-0.9893,0.0107
2.0000,0.0291,0.0301
2.0000,-0.0229,-0.0209
2.0000,-0.0416,-0.0386
2.0000,-0.0131,-0.0090
2.0000,0.0262,0.0312
2.0000,0.0017,0.0078
2.0000,0.0595,0.0666
2.0000,0.0543,0.0625
2.0000,-0.0559,-0.0467
2.0000,-0.0624,-0.0521
2.0000,0.0040,0.0154
2.0000,0.0150,0.0274
2.0000,0.0085,0.0220
2.0000,-0.0103,0.0043
2.0000,0.0212,0.0369
2.0000,-0.0639,-0.0471
2.0000,-0.0534,-0.0355
2.0000,0.0450,0.0639
2.0000,-0.0272,-0.0071
2.0000,0.0106,0.0318
2.0000,0.0125,0.0348
2.0000,0.0387,0.0622
2.0000,-0.0267,-0.0021
2.0000,0.0254,0.0512
2.0000,-0.0204,0.0065
2.0000,0.0281,0.0561
2.0000,0.0545,0.0837
2.0000,0.0155,0.0458
2.0000,-0.0233,0.0082
2.0000,-0.0094,0.0233
2.0000,0.0252,0.0591
2.0000,-0.0169,0.0182
2.0000,0.0358,0.0720
2.0000,-0.0193,0.0181
2.0000,-0.0065,0.0321
2.0000,-0.0221,0.0177
2.0000,0.0564,0.0975
2.0000,0.0170,0.0593
2.0000,0.0439,0.0874
2.0000,-0.0114,0.0333
2.0000,-0.0415,0.0044
2.0000,0.0558,0.1030
2.0000,0.0480,0.0964
2.0000,-0.0548,-0.0052
2.0000,-0.0433,0.0076
2.0000,-0.0014,0.0507
2.0000,0.0322,0.0856
2.0000,-0.0461,0.0086
2.0000,0.0332,0.0891
2.0000,0.0196,0.0768
2.0000,-0.0373,0.0212
2.0000,-0.0208,0.0390
2.0000,-0.0120,0.0490
2.0000,-0.0708,-0.0085
2.0000,-0.0587,0.0049
2.0000,-0.0366,0.0283
2.0000,-0.0572,0.0090
2.0000,-0.0548,0.0127
2.0000,-0.0218,0.0470
2.0000,-0.0113,0.0589
2.0000,-0.0547,0.0168
2.0000,-0.0072,0.0656
2.0000,0.0488,0.1230
2.0000,0.0330,0.1085
2.0000,0.0232,0.1001
2.0000,-0.0436,0.0346
2.0000,-0.0476,0.0320
2.0000,0.0451,0.1260
2.0000,-0.0064,0.0758
2.0000,-0.0129,0.0707
2.0000,-0.0439,0.0410
2.0000,-0.0036,0.0827
2.0000,-0.0552,0.0324
2.0000,0.0416,0.1306
2.0000,-0.0109,0.0795
2.0000,0.0344,0.1262
2.0000,-0.0203,0.0729
2.0000,-0.0349,0.0597
2.0000,-0.0665,0.0295
2.0000,-0.0053,0.0921
2.0000,-0.0161,0.0827
2.0000,0.0083,0.1085
2.0000,-0.0592,0.0424
2.0000,-0.0163,0.0867
2.0000,-0.0105,0.0939
2.0000,-0.0521,0.0537
2.0000,-0.0757,0.0316
2.0000,-0.0082,0.1004
2.0000,-0.0572,0.0529
2.0000,-0.0527,0.0589
2.0000,0.0299,0.1429
2.0000,-0.0485,0.0659
2.0000,0.0288,0.1446
2.0000,0.0166,0.1339
2.0000,-0.0258,0.0930
2.0000,0.0210,0.1412
2.0000,-0.0643,0.0574
2.0000,-0.0147,0.1084
2.0000,-0.0547,0.0698
2.0000,-0.0900,0.0360
2.0000,-0.0009,0.1266
2.0000,-0.0587,0.0703
2.0000,-0.0192,0.1112
2.0000,0.0049,0.1368
2.0000,-0.0717,0.0617
2.0000,-0.0782,0.0566
2.0000,-0.0607,0.0757
2.0000,-0.0598,0.0780
2.0000,-0.0662,0.0730
2.0000,-0.0301,0.1107
2.0000,-0.0520,0.0903
2.0000,-0.0405,0.1033
2.0000,0.0228,0.1681
2.0000,0.0199,0.1666
2.0000,0.0097,0.1580
2.0000,-0.0590,0.0907
2.0000,-0.0010,0.1502
2.0000,-0.0210,0.1318
2.0000,-0.0684,0.0858
2.0000,-0.0489,0.1068
2.0000,0.0078,0.1650
2.0000,-0.0522,0.1066
2.0000,0.0104,0.1707
2.0000,-0.0810,0.0808
2.0000,-0.0549,0.1084
2.0000,-0.0962,0.0686
2.0000,-0.0213,0.1450
2.0000,-0.1046,0.0633
2.0000,-0.0341,0.1353
2.0000,-0.0513,0.1197
2.0000,0.0032,0.1756
2.0000,0.0078,0.1818
2.0000,-0.0209,0.1546
2.0000,-0.1133,0.0638
2.0000,-0.0467,0.1319
2.0000,-0.0911,0.0891
2.0000,-0.0844,0.0973
2.0000,-0.1014,0.0818
2.0000,-0.0921,0.0926
2.0000,-0.1032,0.0830
2.0000,-0.0985,0.0893
2.0000,-0.1126,0.0767
2.0000,-0.0533,0.1376
2.0000,-0.0129,0.1795
2.0000,-0.0914,0.1026
2.0000,-0.0024,0.1931
2.0000,-0.0421,0.1550
2.0000,-0.0773,0.1213
2.0000,-0.0037,0.1965
2.0000,-0.0280,0.1737
2.0000,-0.0145,0.1888
2.0000,-0.0558,0.1491
2.0000,-0.0629,0.1435
2.0000,-0.0797,0.1282
2.0000,-0.0139,0.1956
2.0000,-0.1352,0.0759
2.0000,-0.0228,0.1899
2.0000,-0.0982,0.1160
2.0000,-0.0163,0.1995
2.0000,-0.0521,0.1652
2.0000,-0.1167,0.1021
2.0000,-0.0307,0.1897
2.0000,-0.0459,0.1761
2.0000,-0.0631,0.1605
2.0000,-0.0196,0.2055
2.0000,-0.0732,0.1534
2.0000,-0.1107,0.1175
2.0000,-0.0341,0.1957
2.0000,-0.0347,0.1966
2.0000,-0.0655,0.1673
2.0000,-0.1273,0.1071
2.0000,-0.1407,0.0953
2.0000,-0.0681,0.1695
2.0000,-0.1521,0.0870
2.0000,-0.0637,0.1770
2.0000,-0.0288,0.2134
2.0000,-0.0683,0.1755
2.0000,-0.1032,0.1421
2.0000,-0.1133,0.1336
2.0000,-0.1472,0.1013
2.0000,-0.0470,0.2029
2.0000,-0.1043,0.1472
2.0000,-0.0517,0.2014
2.0000,-0.1500,0.1047
2.0000,-0.0593,0.1969
2.0000,-0.0455,0.2123
2.0000,-0.0571,0.2022
2.0000,-0.1125,0.1483
2.0000,-0.1196,0.1428
2.0000,-0.1399,0.1240
2.0000,-0.1594,0.1061
2.0000,-0.1604,0.1067
2.0000,-0.1676,0.1010
2.0000,-0.0948,0.1754
2.0000,-0.1140,0.1577
2.0000,-0.1659,0.1073
2.0000,-0.0799,0.1949
2.0000,-0.0897,0.1866
2.0000,-0.1013,0.1766
2.0000,-0.1209,0.1585
2.0000,-0.0984,0.1825
2.0000,-0.0737,0.2088
2.0000,-0.1744,0.1096
2.0000,-0.1256,0.1599
2.0000,-0.0945,0.1925
2.0000,-0.1133,0.1753
2.0000,-0.0730,0.2171
2.0000,-0.1109,0.1807
2.0000,-0.0735,0.2196
2.0000,-0.0803,0.2143
2.0000,-0.1680,0.1282
2.0000,-0.1673,0.1304
2.0000,-0.0707,0.2285
2.0000,-0.0987,0.2020
2.0000,-0.1107,0.1915
2.0000,-0.1608,0.1429
2.0000,-0.1279,0.1773
2.0000,-0.0968,0.2100
2.0000,-0.1521,0.1561
2.0000,-0.1631,0.1467
2.0000,-0.0880,0.2233
2.0000,-0.1316,0.1812
2.0000,-0.1188,0.1954
2.0000,-0.1885,0.1272
2.0000,-0.1392,0.1780
2.0000,-0.1635,0.1552
2.0000,-0.1103,0.2099
2.0000,-0.1406,0.1811
2.0000,-0.1456,0.1775
2.0000,-0.1948,0.1299
2.0000,-0.1023,0.2238
2.0000,-0.0954,0.2322
2.0000,-0.1540,0.1750
2.0000,-0.1401,0.1905
2.0000,-0.1610,0.1710
2.0000,-0.1932,0.1403
2.0000,-0.1691,0.1658
2.0000,-0.1626,0.1738
2.0000,-0.1594,0.1784
2.0000,-0.1019,0.2373
2.0000,-0.1059,0.2348
2.0000,-0.2088,0.1333
2.0000,-0.2066,0.1370
2.0000,-0.1104,0.2346
2.0000,-0.1502,0.1963
2.0000,-0.1244,0.2235
2.0000,-0.1939,0.1554
2.0000,-0.2265,0.1242
2.0000,-0.2195,0.1327
2.0000,-0.1398,0.2138
2.0000,-0.2166,0.1384
2.0000,-0.1935,0.1629
2.0000,-0.2282,0.1296
2.0000,-0.2291,0.1301
2.0000,-0.2176,0.1429
2.0000,-0.1445,0.2175
2.0000,-0.2065,0.1569
2.0000,-0.2306,0.1342
2.0000,-0.2458,0.1204
2.0000,-0.2216,0.1459
2.0000,-0.2237,0.1452
2.0000,-0.2385,0.1317
2.0000,-0.1301,0.2415
2.0000,-0.2210,0.1520
2.0000,-0.2435,0.1309
2.0000,-0.2564,0.1193
2.0000,-0.1853,0.1918
2.0000,-0.2110,0.1675
2.0000,-0.1721,0.2076
2.0000,-0.1410,0.2401
2.0000,-0.2261,0.1563
2.0000,-0.2139,0.1699
2.0000,-0.1948,0.1903
2.0000,-0.2193,0.1671
2.0000,-0.2457,0.1420
2.0000,-0.1961,0.1929
2.0000,-0.1882,0.2021
2.0000,-0.2409,0.1508
2.0000,-0.2084,0.1845
2.0000,-0.2036,0.1907
2.0000,-0.1632,0.2323
2.0000,-0.1549,0.2419
2.0000,-0.2669,0.1311
2.0000,-0.2215,0.1778
2.0000,-0.1792,0.2214
2.0000,-0.2815,0.1204
2.0000,-0.2342,0.1690
2.0000,-0.2065,0.1979
2.0000,-0.1956,0.2100
2.0000,-0.2323,0.1746
2.0000,-0.2910,0.1171
2.0000,-0.2757,0.1336
2.0000,-0.2484,0.1622
2.0000,-0.2368,0.1750
2.0000,-0.2182,0.1948
2.0000,-0.2985,0.1158
2.0000,-0.2854,0.1301
2.0000,-0.2572,0.1595
2.0000,-0.2663,0.1515
2.0000,-0.2891,0.1299
2.0000,-0.2431,0.1771
2.0000,-0.2224,0.1990
2.0000,-0.2965,0.1261
2.0000,-0.2390,0.1848
2.0000,-0.2762,0.1488
2.0000,-0.2764,0.1496
2.0000,-0.2108,0.2164
2.0000,-0.3061,0.1223
2.0000,-0.2929,0.1366
2.0000,-0.2408,0.1899
2.0000,-0.2864,0.1454
2.0000,-0.3224,0.1105
2.0000,-0.2046,0.2294
2.0000,-0.1986,0.2365
2.0000,-0.2518,0.1844
2.0000,-0.2878,0.1495
2.0000,-0.2190,0.2194
2.0000,-0.3219,0.1176
2.0000,-0.2148,0.2258
2.0000,-0.2215,0.2201
2.0000,-0.2565,0.1862
2.0000,-0.2169,0.2269
2.0000,-0.3003,0.1445
2.0000,-0.2944,0.1515
2.0000,-0.3268,0.1201
2.0000,-0.3281,0.1199
2.0000,-0.3199,0.1291
2.0000,-0.2346,0.2154
2.0000,-0.2722,0.1788
2.0000,-0.3128,0.1392
2.0000,-0.2727,0.1803
2.0000,-0.2327,0.2213
2.0000,-0.2478,0.2072
2.0000,-0.2907,0.1653
2.0000,-0.3452,0.1117
2.0000,-0.2951,0.1629
2.0000,-0.2649,0.1940
2.0000,-0.2677,0.1922
2.0000,-0.3420,0.1188
2.0000,-0.3079,0.1538
2.0000,-0.3510,0.1116
2.0000,-0.2940,0.1696
2.0000,-0.3431,0.1214
2.0000,-0.2631,0.2024
2.0000,-0.3651,0.1012
2.0000,-0.3215,0.1457
2.0000,-0.2915,0.1767
2.0000,-0.2665,0.2025
2.0000,-0.2900,0.1799
2.0000,-0.3194,0.1514
2.0000,-0.3133,0.1583
2.0000,-0.2888,0.1837
2.0000,-0.3061,0.1672
2.0000,-0.3214,0.1528
2.0000,-0.3313,0.1436
2.0000,-0.2687,0.2071
2.0000,-0.3205,0.1561
2.0000,-0.3863,0.0911
2.0000,-0.2807,0.1975
2.0000,-0.3490,0.1300
2.0000,-0.3157,0.1641
2.0000,-0.3461,0.1344
2.0000,-0.3528,0.1285
2.0000,-0.3258,0.1563
2.0000,-0.3610,0.1218
2.0000,-0.3732,0.1105
2.0000,-0.3770,0.1074
2.0000,-0.3492,0.1359
2.0000,-0.3222,0.1636
2.0000,-0.3558,0.1307
2.0000,-0.3849,0.1024
2.0000,-0.3644,0.1235
2.0000,-0.3407,0.1479
2.0000,-0.3550,0.1343
2.0000,-0.3129,0.1770
2.0000,-0.3654,0.1252
2.0000,-0.3820,0.1093
2.0000,-0.3921,0.0998
2.0000,-0.3451,0.1475
2.0000,-0.3433,0.1499
2.0000,-0.3351,0.1587
2.0000,-0.2960,0.1984
2.0000,-0.3785,0.1165
2.0000,-0.3342,0.1614
2.0000,-0.4044,0.0918
2.0000,-0.3486,0.1482
2.0000,-0.3067,0.1907
2.0000,-0.3185,0.1795
2.0000,-0.3170,0.1815
2.0000,-0.3578,0.1412
2.0000,-0.4243,0.0753
2.0000,-0.4153,0.0848
2.0000,-0.4068,0.0938
2.0000,-0.3648,0.1364
2.0000,-0.4070,0.0947
2.0000,-0.3523,0.1498
2.0000,-0.3534,0.1492
2.0000,-0.3751,0.1280
2.0000,-0.4152,0.0884
2.0000,-0.4277,0.0763
2.0000,-0.4253,0.0792
2.0000,-0.4240,0.0809
2.0000,-0.3923,0.1130
2.0000,-0.3700,0.1357
2.0000,-0.4179,0.0882
2.0000,-0.4502,0.0564
2.0000,-0.3714,0.1356
2.0000,-0.4484,0.0590
2.0000,-0.4300,0.0777
2.0000,-0.4513,0.0568
2.0000,-0.3652,0.1433
2.0000,-0.3904,0.1184
2.0000,-0.3949,0.1142
2.0000,-0.3536,0.1559
2.0000,-0.4321,0.0777
2.0000,-0.4074,0.1027
2.0000,-0.4034,0.1070
2.0000,-0.3798,0.1309
2.0000,-0.4633,0.0477
2.0000,-0.3603,0.1509
2.0000,-0.3696,0.1420
2.0000,-0.4478,0.0640
2.0000,-0.4651,0.0469
2.0000,-0.4624,0.0498
2.0000,-0.3866,0.1259
2.0000,-0.4163,0.0964
2.0000,-0.4746,0.0382
2.0000,-0.4668,0.0463
2.0000,-0.4666,0.0467
2.0000,-0.4341,0.0793
2.0000,-0.4098,0.1038
2.0000,-0.4831,0.0306
2.0000,-0.4472,0.0667
2.0000,-0.4239,0.0901
2.0000,-0.4607,0.0535
2.0000,-0.3831,0.1312
2.0000,-0.3927,0.1217
2.0000,-0.4676,0.0469
2.0000,-0.3691,0.1455
2.0000,-0.4059,0.1087
2.0000,-0.4653,0.0494
2.0000,-0.4092,0.1055
2.0000,-0.4877,0.0271
2.0000,-0.4849,0.0300
2.0000,-0.4191,0.0958
2.0000,-0.5013,0.0136
2.0000,-0.4717,0.0432
2.0000,-0.4921,0.0228
2.0000,-0.4020,0.1129
2.0000,-0.4934,0.0215
2.0000,-0.3844,0.1304
2.0000,-0.3845,0.1303
2.0000,-0.4143,0.1004
2.0000,-0.4125,0.1021
2.0000,-0.4774,0.0372
2.0000,-0.4664,0.0481
2.0000,-0.4625,0.0519
2.0000,-0.4077,0.1065
2.0000,-0.4827,0.0315
2.0000,-0.3964,0.1176
2.0000,-0.4494,0.0645
2.0000,-0.4743,0.0395
2.0000,-0.4395,0.0741
2.0000,-0.4079,0.1055
2.0000,-0.5101,0.0031
2.0000,-0.4934,0.0197
2.0000,-0.5214,-0.0086
2.0000,-0.4977,0.0149
2.0000,-0.4114,0.1009
2.0000,-0.4277,0.0844
2.0000,-0.5278,-0.0159
2.0000,-0.4479,0.0637
2.0000,-0.4482,0.0631
2.0000,-0.4914,0.0196
2.0000,-0.4790,0.0318
2.0000,-0.5056,0.0049
2.0000,-0.4235,0.0866
2.0000,-0.5049,0.0050
2.0000,-0.4276,0.0819
2.0000,-0.4555,0.0537
2.0000,-0.4324,0.0765
2.0000,-0.4680,0.0405
2.0000,-0.5021,0.0060
2.0000,-0.5225,-0.0148
2.0000,-0.4769,0.0304
2.0000,-0.4619,0.0450
2.0000,-0.4804,0.0261
2.0000,-0.4442,0.0619
2.0000,-0.5271,-0.0215
2.0000,-0.4872,0.0179
2.0000,-0.4923,0.0124
2.0000,-0.5137,-0.0095
2.0000,-0.5202,-0.0165
2.0000,-0.4728,0.0304
2.0000,-0.5333,-0.0306
2.0000,-0.4775,0.0247
2.0000,-0.4460,0.0557
2.0000,-0.4712,0.0299
2.0000,-0.4823,0.0182
2.0000,-0.5623,-0.0623
2.0000,-0.5065,-0.0071
2.0000,-0.4609,0.0379
2.0000,-0.5182,-0.0199
2.0000,-0.5316,-0.0340
2.0000,-0.5584,-0.0614
2.0000,-0.5442,-0.0478
2.0000,-0.4537,0.0421
2.0000,-0.4798,0.0153
2.0000,-0.4895,0.0050
2.0000,-0.4512,0.0425
2.0000,-0.5298,-0.0368
2.0000,-0.5033,-0.0110
2.0000,-0.4771,0.0145
2.0000,-0.5638,-0.0729
2.0000,-0.5723,-0.0822
2.0000,-0.5430,-0.0536
2.0000,-0.5212,-0.0325
2.0000,-0.5332,-0.0453
2.0000,-0.5658,-0.0787
2.0000,-0.4994,-0.0131
2.0000,-0.5518,-0.0662
2.0000,-0.5761,-0.0914
2.0000,-0.5578,-0.0739
2.0000,-0.4904,-0.0073
2.0000,-0.5556,-0.0734
2.0000,-0.5396,-0.0583
2.0000,-0.5376,-0.0571
2.0000,-0.5690,-0.0894
2.0000,-0.5519,-0.0733
2.0000,-0.5721,-0.0944
2.0000,-0.4689,0.0079
2.0000,-0.5439,-0.0680
2.0000,-0.4990,-0.0241
2.0000,-0.5817,-0.1077
2.0000,-0.5325,-0.0594
2.0000,-0.5012,-0.0291
2.0000,-0.4753,-0.0042
2.0000,-0.4721,-0.0020
2.0000,-0.5577,-0.0886
2.0000,-0.5989,-0.1308
2.0000,-0.5413,-0.0742
2.0000,-0.5590,-0.0930
2.0000,-0.5564,-0.0915
2.0000,-0.5380,-0.0741
2.0000,-0.5222,-0.0594
2.0000,-0.4811,-0.0194
2.0000,-0.5174,-0.0568
2.0000,-0.5386,-0.0792
2.0000,-0.5581,-0.0997
2.0000,-0.5343,-0.0771
2.0000,-0.5321,-0.0761
2.0000,-0.5344,-0.0796
2.0000,-0.5500,-0.0963
2.0000,-0.5212,-0.0687
2.0000,-0.5480,-0.0967
2.0000,-0.5682,-0.1181
2.0000,-0.5307,-0.0818
2.0000,-0.5592,-0.1115
2.0000,-0.6094,-0.1630
2.0000,-0.4958,-0.0507
2.0000,-0.5521,-0.1082
2.0000,-0.5142,-0.0716
2.0000,-0.6029,-0.1615
2.0000,-0.5316,-0.0916
2.0000,-0.6142,-0.1755
2.0000,-0.5162,-0.0788
2.0000,-0.6055,-0.1695
2.0000,-0.5803,-0.1456
2.0000,-0.5254,-0.0921
2.0000,-0.5970,-0.1651
2.0000,-0.6192,-0.1886
2.0000,-0.5630,-0.1339
2.0000,-0.4966,-0.0688
2.0000,-0.5719,-0.1456
2.0000,-0.4970,-0.0721
2.0000,-0.6172,-0.1938
2.0000,-0.5852,-0.1633
2.0000,-0.5055,-0.0850
2.0000,-0.5049,-0.0859
2.0000,-0.5792,-0.1617
2.0000,-0.5556,-0.1395
2.0000,-0.5265,-0.1120
2.0000,-0.5824,-0.1694
2.0000,-0.5702,-0.1588
2.0000,-0.5986,-0.1887
2.0000,-0.5972,-0.1888
2.0000,-0.5177,-0.1109
2.0000,-0.5566,-0.1514
2.0000,-0.5346,-0.1310
2.0000,-0.5893,-0.1873
2.0000,-0.5189,-0.1185
2.0000,-0.5956,-0.1969
2.0000,-0.5247,-0.1276
2.0000,-0.6155,-0.2201
2.0000,-0.5992,-0.2055
2.0000,-0.5718,-0.1798
2.0000,-0.5920,-0.2016
2.0000,-0.5075,-0.1189
2.0000,-0.6334,-0.2465
2.0000,-0.6245,-0.2393
2.0000,-0.5602,-0.1768
2.0000,-0.5571,-0.1753
2.0000,-0.5771,-0.1971
2.0000,-0.5242,-0.1460
2.0000,-0.6020,-0.2256
2.0000,-0.5585,-0.1839
2.0000,-0.6174,-0.2446
2.0000,-0.5639,-0.1929
2.0000,-0.5848,-0.2157
2.0000,-0.6145,-0.2472
2.0000,-0.6041,-0.2387
2.0000,-0.6236,-0.2600
2.0000,-0.5327,-0.1710
2.0000,-0.6074,-0.2476
2.0000,-0.5281,-0.1702
2.0000,-0.5749,-0.2189
2.0000,-0.5742,-0.2201
2.0000,-0.6065,-0.2544
2.0000,-0.5611,-0.2109
2.0000,-0.5657,-0.2174
2.0000,-0.5365,-0.1903
2.0000,-0.6044,-0.2601
2.0000,-0.5167,-0.1744
2.0000,-0.5840,-0.2438
2.0000,-0.6135,-0.2752
2.0000,-0.5871,-0.2509
2.0000,-0.5793,-0.2451
2.0000,-0.5245,-0.1924
2.0000,-0.5573,-0.2272
2.0000,-0.5889,-0.2609
2.0000,-0.5699,-0.2440
2.0000,-0.5946,-0.2708
2.0000,-0.5367,-0.2150
2.0000,-0.6071,-0.2875
2.0000,-0.5247,-0.2072
2.0000,-0.6353,-0.3200
2.0000,-0.6330,-0.3199
2.0000,-0.5519,-0.2410
2.0000,-0.5572,-0.2484
2.0000,-0.5950,-0.2884
2.0000,-0.5889,-0.2845
2.0000,-0.5504,-0.2482
2.0000,-0.5177,-0.2178
2.0000,-0.5267,-0.2290
2.0000,-0.5467,-0.2512
2.0000,-0.5193,-0.2261
2.0000,-0.5840,-0.2930
2.0000,-0.5279,-0.2393
2.0000,-0.5569,-0.2705
2.0000,-0.6210,-0.3369
2.0000,-0.5625,-0.2808
2.0000,-0.5592,-0.2798
2.0000,-0.5332,-0.2561
2.0000,-0.5989,-0.3242
2.0000,-0.5424,-0.2700
2.0000,-0.5989,-0.3289
2.0000,-0.6115,-0.3439
2.0000,-0.5283,-0.2631
2.0000,-0.5657,-0.3028
2.0000,-0.6309,-0.3705
2.0000,-0.5881,-0.3301
2.0000,-0.6060,-0.3504
2.0000,-0.5486,-0.2955
2.0000,-0.6326,-0.3820
2.0000,-0.6383,-0.3902
2.0000,-0.5254,-0.2797
2.0000,-0.5474,-0.3042
2.0000,-0.5450,-0.3044
2.0000,-0.5579,-0.3198
2.0000,-0.5273,-0.2917
2.0000,-0.5986,-0.3655
2.0000,-0.6395,-0.4089
2.0000,-0.5236,-0.2956
2.0000,-0.5297,-0.3043
2.0000,-0.6272,-0.4044
2.0000,-0.6021,-0.3819
2.0000,-0.5490,-0.3313
2.0000,-0.5845,-0.3694
2.0000,-0.5350,-0.3226
2.0000,-0.5585,-0.3487
2.0000,-0.5603,-0.3532
2.0000,-0.6310,-0.4265
2.0000,-0.5839,-0.3821
2.0000,-0.6180,-0.4189
2.0000,-0.6357,-0.4392
2.0000,-0.5691,-0.3753
2.0000,-0.6182,-0.4271
2.0000,-0.5423,-0.3540
2.0000,-0.6129,-0.4273
2.0000,-0.5170,-0.3341
2.0000,-0.5426,-0.3625
2.0000,-0.5318,-0.3545
2.0000,-0.6033,-0.4287
2.0000,-0.6210,-0.4493
2.0000,-0.5295,-0.3605
2.0000,-0.5517,-0.3856
2.0000,-0.5879,-0.4245
2.0000,-0.5082,-0.3476
2.0000,-0.5797,-0.4220
2.0000,-0.5949,-0.4401
2.0000,-0.5332,-0.3812
2.0000,-0.5258,-0.3767
2.0000,-0.5771,-0.4309
2.0000,-0.5271,-0.3837
2.0000,-0.6255,-0.4850
2.0000,-0.5120,-0.3744
2.0000,-0.5491,-0.4144
2.0000,-0.6239,-0.4921
2.0000,-0.5264,-0.3976
2.0000,-0.5585,-0.4326
2.0000,-0.5573,-0.4344
2.0000,-0.5007,-0.3807
2.0000,-0.6140,-0.4970
2.0000,-0.5534,-0.4394
2.0000,-0.5784,-0.4674
2.0000,-0.5144,-0.4064
2.0000,-0.5548,-0.4498
2.0000,-0.5415,-0.4396
2.0000,-0.6101,-0.5112
2.0000,-0.4915,-0.3957
2.0000,-0.4968,-0.4040
2.0000,-0.5768,-0.4871
2.0000,-0.5024,-0.4158
2.0000,-0.5895,-0.5060
2.0000,-0.5676,-0.4871
2.0000,-0.5900,-0.5127
2.0000,-0.5307,-0.4565
2.0000,-0.5284,-0.4573
2.0000,-0.6012,-0.5332
2.0000,-0.5685,-0.5037
2.0000,-0.6100,-0.5484
2.0000,-0.5370,-0.4785
2.0000,-0.4979,-0.4426
2.0000,-0.5113,-0.4592
2.0000,-0.5004,-0.4514
2.0000,-0.5949,-0.5492
2.0000,-0.4990,-0.4564
2.0000,-0.4849,-0.4456
2.0000,-0.5916,-0.5555
2.0000,-0.5583,-0.5255
2.0000,-0.5840,-0.5544
2.0000,-0.5711,-0.5448
2.0000,-0.5794,-0.5563
2.0000,-0.5370,-0.5172
2.0000,-0.5932,-0.5766
2.0000,-0.5011,-0.4879
2.0000,-0.5565,-0.5465
2.0000,-0.5243,-0.5177
2.0000,-0.4959,-0.4926
2.0000,-0.5818,-0.5818
2.0000,-0.5330,-0.5364
2.0000,-0.5137,-0.5204
2.0000,-0.4688,-0.4788
2.0000,-0.4642,-0.4776
2.0000,-0.5332,-0.5500
2.0000,-0.5001,-0.5203
2.0000,-0.5761,-0.5997
2.0000,-0.4599,-0.4869
2.0000,-0.5110,-0.5413
2.0000,-0.5421,-0.5759
2.0000,-0.5245,-0.5617
2.0000,-0.5165,-0.5571
2.0000,-0.5282,-0.5722
2.0000,-0.4848,-0.5323
2.0000,-0.4576,-0.5086
2.0000,-0.5160,-0.5705
2.0000,-0.4730,-0.5309
2.0000,-0.5282,-0.5896
2.0000,-0.5378,-0.6026
2.0000,-0.5061,-0.5745
2.0000,-0.5436,-0.6155
2.0000,-0.5618,-0.6372
2.0000,-0.4817,-0.5606
2.0000,-0.4653,-0.5477
2.0000,-0.5639,-0.6499
2.0000,-0.4822,-0.5717
2.0000,-0.4739,-0.5669
2.0000,-0.4861,-0.5828
2.0000,-0.5298,-0.6300
2.0000,-0.4384,-0.5422
2.0000,-0.4427,-0.5501
2.0000,-0.5217,-0.6327
2.0000,-0.5231,-0.6377
2.0000,-0.4532,-0.5714
2.0000,-0.5452,-0.6670
2.0000,-0.5441,-0.6695
2.0000,-0.5055,-0.6345
2.0000,-0.5096,-0.6423
2.0000,-0.5216,-0.6580
2.0000,-0.4576,-0.5976
2.0000,-0.4864,-0.6301
2.0000,-0.4284,-0.5758
2.0000,-0.4663,-0.6173
2.0000,-0.5186,-0.6734
2.0000,-0.4390,-0.5974
2.0000,-0.4655,-0.6276
2.0000,-0.5081,-0.6740
2.0000,-0.4304,-0.5999
2.0000,-0.4259,-0.5992
2.0000,-0.4718,-0.6488
2.0000,-0.5053,-0.6860
2.0000,-0.4938,-0.6782
2.0000,-0.5131,-0.7013
2.0000,-0.4451,-0.6371
2.0000,-0.4240,-0.6197
2.0000,-0.4417,-0.6412
2.0000,-0.4851,-0.6884
2.0000,-0.4823,-0.6893
2.0000,-0.4790,-0.6898
2.0000,-0.5155,-0.7302
2.0000,-0.4022,-0.6206
2.0000,-0.3963,-0.6186
2.0000,-0.5046,-0.7307
2.0000,-0.5073,-0.7372
2.0000,-0.5104,-0.7441
2.0000,-0.3993,-0.6369
2.0000,-0.4460,-0.6874
2.0000,-0.5020,-0.7472
2.0000,-0.4125,-0.6616
2.0000,-0.3812,-0.6341
2.0000,-0.3857,-0.6425
2.0000,-0.4027,-0.6635
2.0000,-0.4862,-0.7508
2.0000,-0.4925,-0.7610
2.0000,-0.4121,-0.6844
2.0000,-0.4777,-0.7539
2.0000,-0.3689,-0.6491
2.0000,-0.3709,-0.6549
2.0000,-0.3731,-0.6610
2.0000,-0.4657,-0.7576
2.0000,-0.4214,-0.7172
2.0000,-0.4272,-0.7269
2.0000,-0.4141,-0.7178
2.0000,-0.4712,-0.7788
2.0000,-0.4718,-0.7834
2.0000,-0.4592,-0.7747
2.0000,-0.4102,-0.7297
2.0000,-0.4180,-0.7414
2.0000,-0.4288,-0.7563
2.0000,-0.4309,-0.7623
2.0000,-0.4301,-0.7655
2.0000,-0.4280,-0.7674
2.0000,-0.3634,-0.7068
2.0000,-0.4606,-0.8080
2.0000,-0.3318,-0.6832
2.0000,-0.3956,-0.7510
2.0000,-0.4190,-0.7784
2.0000,-0.3270,-0.6904
2.0000,-0.3297,-0.6971
2.0000,-0.4029,-0.7744
2.0000,-0.3331,-0.7086
2.0000,-0.3286,-0.7082
2.0000,-0.4022,-0.7858
2.0000,-0.4140,-0.8016
2.0000,-0.3852,-0.7768
2.0000,-0.4146,-0.8103
2.0000,-0.3530,-0.7528
2.0000,-0.3362,-0.7400
2.0000,-0.3909,-0.7988
2.0000,-0.4263,-0.8383
2.0000,-0.3658,-0.7819
2.0000,-0.3700,-0.7902
2.0000,-0.3074,-0.7316
2.0000,-0.4109,-0.8392
2.0000,-0.3817,-0.8141
2.0000,-0.3484,-0.7849
2.0000,-0.3109,-0.7515
2.0000,-0.3703,-0.8150
2.0000,-0.3005,-0.7493
2.0000,-0.3428,-0.7957
2.0000,-0.3136,-0.7706
2.0000,-0.3234,-0.7845
2.0000,-0.4018,-0.8670
2.0000,-0.3742,-0.8436
2.0000,-0.2764,-0.7499
2.0000,-0.3372,-0.8148
2.0000,-0.3335,-0.8153
2.0000,-0.3515,-0.8374
2.0000,-0.2793,-0.7694
2.0000,-0.3076,-0.8019
2.0000,-0.3636,-0.8620
2.0000,-0.3286,-0.8312
2.0000,-0.3179,-0.8246
2.0000,-0.3200,-0.8309
2.0000,-0.2893,-0.8044
2.0000,-0.3289,-0.8481
2.0000,-0.3162,-0.8396
2.0000,-0.2587,-0.7862
2.0000,-0.3527,-0.8844
2.0000,-0.2695,-0.8054
2.0000,-0.2418,-0.7819
2.0000,-0.2523,-0.7966
2.0000,-0.2438,-0.7922
2.0000,-0.3281,-0.8808
2.0000,-0.2455,-0.8023
2.0000,-0.3049,-0.8660
2.0000,-0.2338,-0.7990
2.0000,-0.2232,-0.7926
2.0000,-0.3020,-0.8756
2.0000,-0.3214,-0.8992
2.0000,-0.3155,-0.8976
2.0000,-0.2536,-0.8399
2.0000,-0.2635,-0.8540
2.0000,-0.2347,-0.8294
2.0000,-0.3267,-0.9256
2.0000,-0.2712,-0.8743
2.0000,-0.2520,-0.8593
2.0000,-0.3032,-0.9147
2.0000,-0.1933,-0.8091
2.0000,-0.3068,-0.9268
2.0000,-0.2392,-0.8635
2.0000,-0.3021,-0.9305
2.0000,-0.2165,-0.8492
2.0000,-0.2591,-0.8960
2.0000,-0.2487,-0.8898
2.0000,-0.2381,-0.8834
2.0000,-0.2148,-0.8644
2.0000,-0.2504,-0.9042
2.0000,-0.1745,-0.8326
2.0000,-0.2194,-0.8817
2.0000,-0.2268,-0.8933
2.0000,-0.2127,-0.8835
2.0000,-0.1609,-0.8359
2.0000,-0.2310,-0.9103
2.0000,-0.2098,-0.8933
2.0000,-0.2361,-0.9238
2.0000,-0.1829,-0.8749
2.0000,-0.2718,-0.9680
2.0000,-0.2269,-0.9274
2.0000,-0.1508,-0.8555
2.0000,-0.1512,-0.8601
2.0000,-0.2114,-0.9246
2.0000,-0.1946,-0.9121
2.0000,-0.1845,-0.9062
2.0000,-0.1639,-0.8899
2.0000,-0.2222,-0.9524
2.0000,-0.1759,-0.9104
2.0000,-0.1733,-0.9120
2.0000,-0.1675,-0.9104
2.0000,-0.1925,-0.9397
2.0000,-0.1960,-0.9475
2.0000,-0.2099,-0.9656
2.0000,-0.1784,-0.9384
2.0000,-0.1350,-0.8992
2.0000,-0.2129,-0.9813
2.0000,-0.1182,-0.8909
2.0000,-0.1071,-0.8841
2.0000,-0.2177,-0.9989
2.0000,-0.1899,-0.9753
2.0000,-0.0969,-0.8866
2.0000,-0.1593,-0.9533
2.0000,-0.1115,-0.9097
2.0000,-0.1353,-0.9377
2.0000,-0.0889,-0.8956
2.0000,-0.1559,-0.9668
2.0000,-0.1429,-0.9581
2.0000,-0.0691,-0.8885
2.0000,-0.1432,-0.9668
2.0000,-0.1538,-0.9816
2.0000,-0.0828,-0.9149
2.0000,-0.0806,-0.9170
2.0000,-0.0885,-0.9291
2.0000,-0.0893,-0.9341
2.0000,-0.1587,-1.0078
2.0000,-0.0657,-0.9190
2.0000,-0.1511,-1.0086
2.0000,-0.0556,-0.9173
2.0000,-0.0865,-0.9525
2.0000,-0.1425,-1.0127
2.0000,-0.0585,-0.9329
2.0000,-0.0248,-0.9035
2.0000,-0.0422,-0.9251
2.0000,-0.0684,-0.9554
2.0000,-0.0242,-0.9155
2.0000,-0.0944,-0.9899
2.0000,-0.0700,-0.9698
2.0000,-0.0349,-0.9389
2.0000,-0.1008,-1.0089
2.0000,-0.0244,-0.9367
2.0000,-0.0551,-0.9717
2.0000,-0.0069,-0.9276
2.0000,-0.1046,-1.0296
2.0000,-0.0741,-1.0032
2.0000,-0.0482,-0.9815
2.0000,-0.0171,-0.9546
2.0000,0.0097,-0.9320
2.0000,-0.0157,-0.9616
2.0000,-0.0617,-1.0118
2.0000,0.0015,-0.9527
2.0000,0.0002,-0.9582
2.0000,-0.0421,-1.0047
2.0000,-0.0335,-1.0003
2.0000,-0.0121,-0.9830
2.0000,0.0414,-0.9337
2.0000,-0.0385,-1.0177
2.0000,-0.0337,-1.0171
2.0000,0.0191,-0.9684
2.0000,0.0472,-0.9445
2.0000,0.0259,-0.9700
2.0000,0.0233,-0.9767
3.0000,0.0213,0.0223
3.0000,0.0015,0.0035
3.0000,0.0331,0.0361
3.0000,0.0485,0.0524
3.0000,-0.0638,-0.0589
3.0000,0.0194,0.0253
3.0000,0.0190,0.0258
3.0000,-0.0041,0.0037
3.0000,0.0384,0.0471
3.0000,0.0382,0.0479
3.0000,0.0138,0.0244
3.0000,0.0063,0.0179
3.0000,-0.0605,-0.0480
3.0000,-0.0314,-0.0180
3.0000,-0.0140,0.0003
3.0000,0.0149,0.0301
3.0000,-0.0536,-0.0375
3.0000,-0.0032,0.0137
3.0000,0.0174,0.0352
3.0000,0.0374,0.0561
3.0000,-0.0224,-0.0029
3.0000,0.0172,0.0376
3.0000,-0.0651,-0.0439
3.0000,-0.0583,-0.0361
3.0000,0.0344,0.0574
3.0000,-0.0315,-0.0077
3.0000,-0.0570,-0.0324
3.0000,-0.0332,-0.0078
3.0000,-0.0552,-0.0289
3.0000,-0.0087,0.0183
3.0000,0.0066,0.0344
3.0000,0.0209,0.0496
3.0000,-0.0783,-0.0489
3.0000,-0.0773,-0.0471
3.0000,0.0231,0.0541
3.0000,0.0244,0.0561
3.0000,0.0137,0.0461
3.0000,0.0215,0.0547
3.0000,-0.0422,-0.0083
3.0000,-0.0113,0.0233
3.0000,-0.0808,-0.0455
3.0000,-0.0835,-0.0474
3.0000,-0.0310,0.0058
3.0000,-0.0892,-0.0517
3.0000,-0.0616,-0.0234
3.0000,-0.0449,-0.0060
3.0000,-0.0860,-0.0464
3.0000,-0.0139,0.0263
3.0000,-0.1100,-0.0691
3.0000,-0.1067,-0.0651
3.0000,-0.0962,-0.0540
3.0000,-0.0799,-0.0371
3.0000,-0.0619,-0.0185
3.0000,-0.0200,0.0241
3.0000,-0.0898,-0.0451
3.0000,-0.1032,-0.0579
3.0000,-0.0128,0.0331
3.0000,-0.0655,-0.0190
3.0000,-0.0919,-0.0448
3.0000,-0.0257,0.0220
3.0000,-0.0032,0.0451
3.0000,-0.0922,-0.0434
3.0000,-0.1203,-0.0709
3.0000,-0.0959,-0.0459
3.0000,-0.0736,-0.0231
3.0000,-0.0475,0.0035
3.0000,-0.0689,-0.0173
3.0000,-0.0913,-0.0392
3.0000,-0.0790,-0.0265
3.0000,-0.0313,0.0217
3.0000,-0.0056,0.0480
3.0000,-0.0991,-0.0451
3.0000,-0.0979,-0.0434
3.0000,-0.0752,-0.0203
3.0000,-0.0862,-0.0308
3.0000,-0.0579,-0.0021
3.0000,-0.1210,-0.0647
3.0000,-0.0282,0.0285
3.0000,-0.0278,0.0294
3.0000,-0.1332,-0.0756
3.0000,-0.0545,0.0035
3.0000,-0.1309,-0.0725
3.0000,-0.0289,0.0299
3.0000,-0.0626,-0.0034
3.0000,-0.0704,-0.0109
3.0000,-0.1176,-0.0576
3.0000,-0.0637,-0.0035
3.0000,-0.0600,0.0007
3.0000,-0.1492,-0.0882
3.0000,-0.0640,-0.0027
3.0000,-0.0301,0.0316
3.0000,-0.1434,-0.0815
3.0000,-0.0312,0.0311
3.0000,-0.0815,-0.0189
3.0000,-0.0473,0.0156
3.0000,-0.0878,-0.0246
3.0000,-0.1176,-0.0542
3.0000,-0.0660,-0.0023
3.0000,-0.1548,-0.0908
3.0000,-0.1009,-0.0367
3.0000,-0.1026,-0.0381
3.0000,-0.1332,-0.0685
3.0000,-0.0989,-0.0340
3.0000,-0.1577,-0.0926
3.0000,-0.1092,-0.0439
3.0000,-0.0790,-0.0135
3.0000,-0.1045,-0.0388
3.0000,-0.0811,-0.0152
3.0000,-0.0742,-0.0081
3.0000,-0.1513,-0.0850
3.0000,-0.0469,0.0195
3.0000,-0.0658,0.0008
3.0000,-0.1411,-0.0744
3.0000,-0.0777,-0.0109
3.0000,-0.1073,-0.0404
3.0000,-0.0893,-0.0223
3.0000,-0.0631,0.0041
3.0000,-0.0970,-0.0297
3.0000,-0.1020,-0.0347
3.0000,-0.0885,-0.0211
3.0000,-0.1085,-0.0411
3.0000,-0.1121,-0.0446
3.0000,-0.0734,-0.0058
3.0000,-0.1475,-0.0799
3.0000,-0.1788,-0.1112
3.0000,-0.1285,-0.0608
3.0000,-0.1393,-0.0716
3.0000,-0.1358,-0.0681
3.0000,-0.1735,-0.1058
3.0000,-0.1523,-0.0847
3.0000,-0.1414,-0.0737
3.0000,-0.1795,-0.1118
3.0000,-0.1754,-0.1078
3.0000,-0.1593,-0.0917
3.0000,-0.1435,-0.0761
3.0000,-0.1316,-0.0641
3.0000,-0.0971,-0.0297
3.0000,-0.1293,-0.0621
3.0000,-0.1837,-0.1165
3.0000,-0.1903,-0.1232
3.0000,-0.1153,-0.0484
3.0000,-0.1835,-0.1166
3.0000,-0.0873,-0.0206
3.0000,-0.1115,-0.0450
3.0000,-0.1907,-0.1243
3.0000,-0.1610,-0.0947
3.0000,-0.1317,-0.0656
3.0000,-0.1529,-0.0870
3.0000,-0.1205,-0.0548
3.0000,-0.0927,-0.0272
3.0000,-0.1475,-0.0821
3.0000,-0.1398,-0.0746
3.0000,-0.1071,-0.0422
3.0000,-0.0980,-0.0333
3.0000,-0.1290,-0.0645
3.0000,-0.1891,-0.1249
3.0000,-0.0770,-0.0130
3.0000,-0.1658,-0.1021
3.0000,-0.1285,-0.0651
3.0000,-0.1205,-0.0574
3.0000,-0.2012,-0.1383
3.0000,-0.0947,-0.0322
3.0000,-0.0802,-0.0180
3.0000,-0.1174,-0.0555
3.0000,-0.1308,-0.0692
3.0000,-0.0816,-0.0203
3.0000,-0.0881,-0.0272
3.0000,-0.1354,-0.0749
3.0000,-0.1995,-0.1394
3.0000,-0.1141,-0.0544
3.0000,-0.1406,-0.0812
3.0000,-0.1746,-0.1156
3.0000,-0.1086,-0.0500
3.0000,-0.0887,-0.0305
3.0000,-0.1257,-0.0679
3.0000,-0.1393,-0.0819
3.0000,-0.2042,-0.1473
3.0000,-0.1587,-0.1022
3.0000,-0.2118,-0.1558
3.0000,-0.1286,-0.0731
3.0000,-0.1976,-0.1425
3.0000,-0.1492,-0.0946
3.0000,-0.2030,-0.1490
3.0000,-0.1075,-0.0539
3.0000,-0.0974,-0.0443
3.0000,-0.1765,-0.1240
3.0000,-0.2035,-0.1515
3.0000,-0.1728,-0.1213
3.0000,-0.1207,-0.0698
3.0000,-0.1300,-0.0796
3.0000,-0.2033,-0.1535
3.0000,-0.1103,-0.0611
3.0000,-0.1262,-0.0775
3.0000,-0.1477,-0.0997
3.0000,-0.1334,-0.0859
3.0000,-0.2076,-0.1608
3.0000,-0.1814,-0.1352
3.0000,-0.1079,-0.0623
3.0000,-0.1661,-0.1212
3.0000,-0.1107,-0.0665
3.0000,-0.2032,-0.1597
3.0000,-0.1098,-0.0669
3.0000,-0.2111,-0.1689
3.0000,-0.2131,-0.1716
3.0000,-0.1334,-0.0926
3.0000,-0.1790,-0.1389
3.0000,-0.1509,-0.1115
3.0000,-0.2037,-0.1650
3.0000,-0.2069,-0.1689
3.0000,-0.1139,-0.0767
3.0000,-0.2264,-0.1899
3.0000,-0.1936,-0.1579
3.0000,-0.2205,-0.1856
3.0000,-0.2309,-0.1967
3.0000,-0.1747,-0.1413
3.0000,-0.2239,-0.1913
3.0000,-0.1570,-0.1252
3.0000,-0.1499,-0.1190
3.0000,-0.1567,-0.1266
3.0000,-0.1538,-0.1246
3.0000,-0.1348,-0.1064
3.0000,-0.2166,-0.1890
3.0000,-0.1812,-0.1544
3.0000,-0.1699,-0.1441
3.0000,-0.2291,-0.2042
3.0000,-0.1161,-0.0920
3.0000,-0.1740,-0.1508
3.0000,-0.1536,-0.1314
3.0000,-0.2058,-0.1844
3.0000,-0.2255,-0.2050
3.0000,-0.1679,-0.1484
3.0000,-0.1377,-0.1191
3.0000,-0.1148,-0.0972
3.0000,-0.1991,-0.1825
3.0000,-0.2202,-0.2046
3.0000,-0.1736,-0.1590
3.0000,-0.1310,-0.1173
3.0000,-0.1625,-0.1499
3.0000,-0.1475,-0.1358
3.0000,-0.1910,-0.1803
3.0000,-0.1766,-0.1670
3.0000,-0.1997,-0.1911
3.0000,-0.1630,-0.1555
3.0000,-0.2252,-0.2187
3.0000,-0.1207,-0.1153
3.0000,-0.1724,-0.1681
3.0000,-0.1409,-0.1376
3.0000,-0.1717,-0.1695
3.0000,-0.2266,-0.2255
3.0000,-0.2077,-0.2077
3.0000,-0.1901,-0.1912
3.0000,-0.1337,-0.1359
3.0000,-0.1914,-0.1948
3.0000,-0.2188,-0.2233
3.0000,-0.1293,-0.1350
3.0000,-0.2334,-0.2402
3.0000,-0.1752,-0.1832
3.0000,-0.1525,-0.1617
3.0000,-0.2082,-0.2185
3.0000,-0.2127,-0.2242
3.0000,-0.2004,-0.2132
3.0000,-0.2305,-0.2445
3.0000,-0.1820,-0.1972
3.0000,-0.1513,-0.1677
3.0000,-0.1246,-0.1423
3.0000,-0.1239,-0.1428
3.0000,-0.1524,-0.1725
3.0000,-0.1355,-0.1569
3.0000,-0.1513,-0.1740
3.0000,-0.2252,-0.2492
3.0000,-0.1217,-0.1469
3.0000,-0.1872,-0.2137
3.0000,-0.1331,-0.1610
3.0000,-0.1687,-0.1979
3.0000,-0.2100,-0.2406
3.0000,-0.1344,-0.1663
3.0000,-0.2370,-0.2702
3.0000,-0.1971,-0.2317
3.0000,-0.2073,-0.2432
3.0000,-0.2344,-0.2717
3.0000,-0.1432,-0.1819
3.0000,-0.2420,-0.2821
3.0000,-0.2230,-0.2644
3.0000,-0.1515,-0.1943
3.0000,-0.1154,-0.1597
3.0000,-0.1690,-0.2147
3.0000,-0.1633,-0.2104
3.0000,-0.2330,-0.2815
3.0000,-0.1715,-0.2215
3.0000,-0.2010,-0.2524
3.0000,-0.1461,-0.1989
3.0000,-0.1485,-0.2028
3.0000,-0.2335,-0.2893
3.0000,-0.1592,-0.2165
3.0000,-0.1531,-0.2118
3.0000,-0.1232,-0.1835
3.0000,-0.1764,-0.2382
3.0000,-0.1750,-0.2384
3.0000,-0.2348,-0.2997
3.0000,-0.1317,-0.1981
3.0000,-0.1243,-0.1922
3.0000,-0.1664,-0.2359
3.0000,-0.1666,-0.2376
3.0000,-0.1840,-0.2566
3.0000,-0.2098,-0.2839
3.0000,-0.1292,-0.2050
3.0000,-0.2172,-0.2946
3.0000,-0.1938,-0.2727
3.0000,-0.1840,-0.2645
3.0000,-0.1275,-0.2097
3.0000,-0.1902,-0.2739
3.0000,-0.1607,-0.2461
3.0000,-0.2182,-0.3053
3.0000,-0.2004,-0.2891
3.0000,-0.1392,-0.2295
3.0000,-0.1667,-0.2587
3.0000,-0.1491,-0.2428
3.0000,-0.1261,-0.2215
3.0000,-0.2013,-0.2983
3.0000,-0.1872,-0.2859
3.0000,-0.2035,-0.3039
3.0000,-0.1917,-0.2938
3.0000,-0.1614,-0.2652
3.0000,-0.1495,-0.2550
3.0000,-0.2266,-0.3339
3.0000,-0.1640,-0.2730
3.0000,-0.2145,-0.3253
3.0000,-0.1538,-0.2664
3.0000,-0.1783,-0.2926
3.0000,-0.1581,-0.2742
3.0000,-0.1542,-0.2720
3.0000,-0.1521,-0.2717
3.0000,-0.1739,-0.2954
3.0000,-0.1180,-0.2412
3.0000,-0.1950,-0.3201
3.0000,-0.2196,-0.3464
3.0000,-0.1635,-0.2921
3.0000,-0.1635,-0.2940
3.0000,-0.1754,-0.3077
3.0000,-0.2255,-0.3597
3.0000,-0.1340,-0.2700
3.0000,-0.1312,-0.2691
3.0000,-0.1698,-0.3096
3.0000,-0.1420,-0.2836
3.0000,-0.1573,-0.3008
3.0000,-0.1606,-0.3060
3.0000,-0.1656,-0.3129
3.0000,-0.1597,-0.3088
3.0000,-0.1803,-0.3313
3.0000,-0.1956,-0.3485
3.0000,-0.1639,-0.3187
3.0000,-0.1307,-0.2875
3.0000,-0.1649,-0.3236
3.0000,-0.2001,-0.3608
3.0000,-0.1318,-0.2945
3.0000,-0.1842,-0.3487
3.0000,-0.2133,-0.3799
3.0000,-0.1935,-0.3620
3.0000,-0.1174,-0.2879
3.0000,-0.1941,-0.3665
3.0000,-0.1054,-0.2798
3.0000,-0.1803,-0.3567
3.0000,-0.1552,-0.3337
3.0000,-0.1050,-0.2855
3.0000,-0.1970,-0.3794
3.0000,-0.1000,-0.2845
3.0000,-0.1103,-0.2968
3.0000,-0.2035,-0.3920
3.0000,-0.1331,-0.3237
3.0000,-0.2066,-0.3992
3.0000,-0.1658,-0.3605
3.0000,-0.1125,-0.3092
3.0000,-0.0992,-0.2980
3.0000,-0.1854,-0.3863
3.0000,-0.1487,-0.3517
3.0000,-0.2038,-0.4089
3.0000,-0.0889,-0.2960
3.0000,-0.1258,-0.3350
3.0000,-0.1943,-0.4056
3.0000,-0.1440,-0.3574
3.0000,-0.0864,-0.3019
3.0000,-0.1554,-0.3730
3.0000,-0.1286,-0.3484
3.0000,-0.1539,-0.3758
3.0000,-0.0847,-0.3088
3.0000,-0.1571,-0.3833
3.0000,-0.1718,-0.4002
3.0000,-0.1097,-0.3402
3.0000,-0.0959,-0.3286
3.0000,-0.0921,-0.3270
3.0000,-0.1583,-0.3953
3.0000,-0.1066,-0.3458
3.0000,-0.0804,-0.3218
3.0000,-0.1260,-0.3695
3.0000,-0.1493,-0.3951
3.0000,-0.1317,-0.3797
3.0000,-0.0727,-0.3228
3.0000,-0.1381,-0.3905
3.0000,-0.0817,-0.3362
3.0000,-0.1192,-0.3760
3.0000,-0.1796,-0.4387
3.0000,-0.1717,-0.4330
3.0000,-0.0896,-0.3531
3.0000,-0.0601,-0.3259
3.0000,-0.1645,-0.4325
3.0000,-0.0609,-0.3312
3.0000,-0.1500,-0.4225
3.0000,-0.0721,-0.3469
3.0000,-0.0875,-0.3646
3.0000,-0.0611,-0.3404
3.0000,-0.1114,-0.3930
3.0000,-0.0840,-0.3679
3.0000,-0.1683,-0.4545
3.0000,-0.1551,-0.4435
3.0000,-0.1519,-0.4427
3.0000,-0.1138,-0.4068
3.0000,-0.1359,-0.4313
3.0000,-0.0742,-0.3719
3.0000,-0.1094,-0.4095
3.0000,-0.0539,-0.3562
3.0000,-0.1345,-0.4392
3.0000,-0.0497,-0.3568
3.0000,-0.1601,-0.4695
3.0000,-0.1260,-0.4377
3.0000,-0.0994,-0.4135
3.0000,-0.1115,-0.4279
3.0000,-0.1236,-0.4424
3.0000,-0.1169,-0.4381
3.0000,-0.0655,-0.3889
3.0000,-0.0842,-0.4101
3.0000,-0.0666,-0.3948
3.0000,-0.0399,-0.3705
3.0000,-0.0787,-0.4117
3.0000,-0.0479,-0.3833
3.0000,-0.0935,-0.4313
3.0000,-0.0248,-0.3650
3.0000,-0.0658,-0.4083
3.0000,-0.0902,-0.4351
3.0000,-0.0442,-0.3916
3.0000,-0.0571,-0.4069
3.0000,-0.0437,-0.3958
3.0000,-0.0924,-0.4470
3.0000,-0.0909,-0.4479
3.0000,-0.0458,-0.4053
3.0000,-0.1219,-0.4838
3.0000,-0.1199,-0.4842
3.0000,-0.0902,-0.4569
3.0000,-0.0568,-0.4260
3.0000,-0.1199,-0.4915
3.0000,-0.0696,-0.4437
3.0000,-0.0109,-0.3874
3.0000,-0.0508,-0.4298
3.0000,-0.0572,-0.4387
3.0000,-0.0527,-0.4366
3.0000,-0.0318,-0.4181
3.0000,-0.0967,-0.4855
3.0000,-0.0407,-0.4320
3.0000,-0.0344,-0.4282
3.0000,-0.0123,-0.4086
3.0000,-0.0300,-0.4287
3.0000,-0.0809,-0.4821
3.0000,-0.0043,-0.4080
3.0000,-0.0852,-0.4914
3.0000,-0.0476,-0.4563
3.0000,-0.0463,-0.4575
3.0000,-0.1002,-0.5139
3.0000,-0.0947,-0.5108
3.0000,-0.0175,-0.4362
3.0000,-0.0264,-0.4475
3.0000,0.0041,-0.4195
3.0000,-0.0594,-0.4855
3.0000,-0.0832,-0.5119
3.0000,-0.0473,-0.4785
3.0000,0.0122,-0.4215
3.0000,-0.0960,-0.5323
3.0000,0.0042,-0.4346
3.0000,-0.0850,-0.5263
3.0000,-0.0416,-0.4855
3.0000,0.0281,-0.4183
3.0000,-0.0311,-0.4800
3.0000,-0.0756,-0.5270
3.0000,-0.0201,-0.4740
3.0000,-0.0209,-0.4774
3.0000,0.0130,-0.4461
3.0000,0.0105,-0.4511
3.0000,-0.0013,-0.4655
3.0000,0.0246,-0.4421
3.0000,-0.0142,-0.4834
3.0000,0.0013,-0.4705
3.0000,-0.0037,-0.4781
3.0000,-0.0312,-0.5082
3.0000,-0.0245,-0.5039
3.0000,-0.0303,-0.5124
3.0000,0.0500,-0.4346
3.0000,0.0130,-0.4742
3.0000,0.0213,-0.4684
3.0000,-0.0576,-0.5498
3.0000,-0.0042,-0.4990
3.0000,-0.0363,-0.5338
3.0000,0.0331,-0.4669
3.0000,0.0042,-0.4984
3.0000,0.0378,-0.4673
3.0000,0.0629,-0.4448
3.0000,0.0143,-0.4960
3.0000,0.0190,-0.4939
3.0000,-0.0439,-0.5593
3.0000,-0.0057,-0.5238
3.0000,0.0179,-0.5027
3.0000,0.0114,-0.5118
3.0000,0.0734,-0.4524
3.0000,0.0021,-0.5262
3.0000,-0.0395,-0.5704
3.0000,-0.0419,-0.5754
3.0000,-0.0020,-0.5381
3.0000,0.0074,-0.5313
3.0000,0.0459,-0.4954
3.0000,0.0302,-0.5137
3.0000,-0.0297,-0.5761
3.0000,0.0498,-0.4993
3.0000,0.0542,-0.4974
3.0000,-0.0116,-0.5658
3.0000,0.0348,-0.5220
3.0000,0.0449,-0.5145
3.0000,0.0382,-0.5238
3.0000,0.0170,-0.5476
3.0000,-0.0129,-0.5801
3.0000,0.0216,-0.5482
3.0000,0.0335,-0.5388
3.0000,0.0678,-0.5071
3.0000,0.0024,-0.5751
3.0000,0.0079,-0.5723
3.0000,0.0329,-0.5498
3.0000,0.1139,-0.4714
3.0000,0.1014,-0.4865
3.0000,0.0952,-0.4953
3.0000,0.1216,-0.4714
3.0000,0.0117,-0.5840
3.0000,0.0761,-0.5221
3.0000,0.0194,-0.5814
3.0000,0.0335,-0.5699
3.0000,0.0500,-0.5560
3.0000,0.0537,-0.5549
3.0000,0.0211,-0.5900
3.0000,0.0551,-0.5587
3.0000,0.0495,-0.5668
3.0000,0.1395,-0.4794
3.0000,0.1104,-0.5111
3.0000,0.1067,-0.5174
3.0000,0.0579,-0.5688
3.0000,0.0764,-0.5529
3.0000,0.1367,-0.4951
3.0000,0.0743,-0.5601
3.0000,0.0469,-0.5901
3.0000,0.1060,-0.5335
3.0000,0.1298,-0.5124
3.0000,0.0741,-0.5706
3.0000,0.1428,-0.5045
3.0000,0.1300,-0.5199
3.0000,0.1315,-0.5209
3.0000,0.1518,-0.5032
3.0000,0.1239,-0.5337
3.0000,0.1166,-0.5436
3.0000,0.1033,-0.5595
3.0000,0.1191,-0.5462
3.0000,0.0670,-0.6008
3.0000,0.0811,-0.5893
3.0000,0.1552,-0.5178
3.0000,0.1583,-0.5172
3.0000,0.1496,-0.5285
3.0000,0.1744,-0.5062
3.0000,0.1525,-0.5307
3.0000,0.1765,-0.5092
3.0000,0.0997,-0.5886
3.0000,0.1852,-0.5056
3.0000,0.1544,-0.5389
3.0000,0.1658,-0.5301
3.0000,0.2003,-0.4981
3.0000,0.1059,-0.5951
3.0000,0.0843,-0.6192
3.0000,0.1491,-0.5569
3.0000,0.1462,-0.5623
3.0000,0.1755,-0.5356
3.0000,0.1359,-0.5777
3.0000,0.2129,-0.5032
3.0000,0.0961,-0.6225
3.0000,0.2064,-0.5147
3.0000,0.2011,-0.5225
3.0000,0.1016,-0.6245
3.0000,0.1433,-0.5853
3.0000,0.1851,-0.5461
3.0000,0.1417,-0.5920
3.0000,0.1713,-0.5649
3.0000,0.1081,-0.6306
3.0000,0.1174,-0.6237
3.0000,0.1415,-0.6022
3.0000,0.1363,-0.6099
3.0000,0.1614,-0.5872
3.0000,0.1220,-0.6291
3.0000,0.1200,-0.6336
3.0000,0.1703,-0.5858
3.0000,0.1522,-0.6063
3.0000,0.2428,-0.5182
3.0000,0.2153,-0.5482
3.0000,0.1406,-0.6253
3.0000,0.1662,-0.6021
3.0000,0.1842,-0.5866
3.0000,0.2591,-0.5142
3.0000,0.2426,-0.5331
3.0000,0.2679,-0.5102
3.0000,0.2335,-0.5471
3.0000,0.2576,-0.5254
3.0000,0.2462,-0.5393
3.0000,0.2711,-0.5167
3.0000,0.1975,-0.5928
3.0000,0.2379,-0.5548
3.0000,0.2099,-0.5852
3.0000,0.2844,-0.5131
3.0000,0.1799,-0.6200
3.0000,0.1698,-0.6325
3.0000,0.2057,-0.5990
3.0000,0.2584,-0.5487
3.0000,0.1940,-0.6154
3.0000,0.1777,-0.6341
3.0000,0.2322,-0.5821
3.0000,0.2257,-0.5909
3.0000,0.2708,-0.5481
3.0000,0.2159,-0.6054
3.0000,0.1840,-0.6397
3.0000,0.3035,-0.5226
3.0000,0.2619,-0.5665
3.0000,0.2877,-0.5430
3.0000,0.2960,-0.5370
3.0000,0.2384,-0.5970
3.0000,0.1979,-0.6398
3.0000,0.2048,-0.6352
3.0000,0.3061,-0.5363
3.0000,0.2702,-0.5744
3.0000,0.2560,-0.5910
3.0000,0.2602,-0.5891
3.0000,0.2379,-0.6137
3.0000,0.2422,-0.6117
3.0000,0.2231,-0.6331
3.0000,0.3208,-0.5376
3.0000,0.2678,-0.5929
3.0000,0.2952,-0.5678
3.0000,0.3252,-0.5400
3.0000,0.3284,-0.5392
3.0000,0.3308,-0.5389
3.0000,0.2662,-0.6058
3.0000,0.2510,-0.6233
3.0000,0.2957,-0.5808
3.0000,0.2984,-0.5803
3.0000,0.2593,-0.6216
3.0000,0.2928,-0.5904
3.0000,0.3556,-0.5297
3.0000,0.2676,-0.6200
3.0000,0.3102,-0.5795
3.0000,0.3314,-0.5606
3.0000,0.3689,-0.5252
3.0000,0.2603,-0.6360
3.0000,0.3579,-0.5406
3.0000,0.3636,-0.5370
3.0000,0.3397,-0.5631
3.0000,0.3323,-0.5727
3.0000,0.3473,-0.5598
3.0000,0.2979,-0.6114
3.0000,0.3840,-0.5274
3.0000,0.2800,-0.6335
3.0000,0.2785,-0.6371
3.0000,0.3711,-0.5466
3.0000,0.3908,-0.5290
3.0000,0.3014,-0.6205
3.0000,0.3184,-0.6057
3.0000,0.3081,-0.6180
3.0000,0.4156,-0.5126
3.0000,0.3390,-0.5913
3.0000,0.3987,-0.5337
3.0000,0.3374,-0.5970
3.0000,0.3555,-0.5810
3.0000,0.3480,-0.5905
3.0000,0.3959,-0.5446
3.0000,0.3125,-0.6301
3.0000,0.3888,-0.5558
3.0000,0.3190,-0.6276
3.0000,0.3747,-0.5739
3.0000,0.4130,-0.5376
3.0000,0.3816,-0.5710
3.0000,0.3955,-0.5591
3.0000,0.3806,-0.5760
3.0000,0.4434,-0.5151
3.0000,0.4506,-0.5099
3.0000,0.4397,-0.5227
3.0000,0.4004,-0.5640
3.0000,0.3449,-0.6214
3.0000,0.4088,-0.5594
3.0000,0.3609,-0.6093
3.0000,0.4006,-0.5715
3.0000,0.4084,-0.5656
3.0000,0.3584,-0.6175
3.0000,0.4704,-0.5074
3.0000,0.4135,-0.5662
3.0000,0.3773,-0.6042
3.0000,0.4306,-0.5527
3.0000,0.4176,-0.5676
3.0000,0.4204,-0.5667
3.0000,0.3850,-0.6039
3.0000,0.4167,-0.5741
3.0000,0.4597,-0.5328
3.0000,0.4539,-0.5405
3.0000,0.4798,-0.5163
3.0000,0.4544,-0.5435
3.0000,0.4305,-0.5692
3.0000,0.4093,-0.5923
3.0000,0.5015,-0.5018
3.0000,0.4222,-0.5829
3.0000,0.4415,-0.5653
3.0000,0.4289,-0.5797
3.0000,0.4541,-0.5562
3.0000,0.4451,-0.5669
3.0000,0.5134,-0.5003
3.0000,0.4504,-0.5650
3.0000,0.4979,-0.5192
3.0000,0.4379,-0.5809
3.0000,0.4403,-0.5802
3.0000,0.4965,-0.5257
3.0000,0.4575,-0.5663
3.0000,0.5215,-0.5039
3.0000,0.4832,-0.5439
3.0000,0.4168,-0.6119
3.0000,0.5003,-0.5301
3.0000,0.5178,-0.5142
3.0000,0.5215,-0.5120
3.0000,0.5061,-0.5291
3.0000,0.5062,-0.5305
3.0000,0.5570,-0.4813
3.0000,0.4658,-0.5741
3.0000,0.5003,-0.5411
3.0000,0.5407,-0.5022
3.0000,0.5314,-0.5130
3.0000,0.4663,-0.5797
3.0000,0.5438,-0.5038
3.0000,0.5675,-0.4815
3.0000,0.4708,-0.5797
3.0000,0.5174,-0.5346
3.0000,0.5604,-0.4930
3.0000,0.4612,-0.5937
3.0000,0.5160,-0.5404
3.0000,0.4932,-0.5646
3.0000,0.5600,-0.4992
3.0000,0.5167,-0.5439
3.0000,0.5358,-0.5263
3.0000,0.5915,-0.4720
3.0000,0.5639,-0.5010
3.0000,0.5035,-0.5627
3.0000,0.5872,-0.4804
3.0000,0.5299,-0.5391
3.0000,0.5513,-0.5190
3.0000,0.6125,-0.4592
3.0000,0.5093,-0.5637
3.0000,0.6037,-0.4705
3.0000,0.5313,-0.5442
3.0000,0.5608,-0.5160
3.0000,0.5207,-0.5574
3.0000,0.5558,-0.5236
3.0000,0.5069,-0.5738
3.0000,0.6084,-0.4735
3.0000,0.6297,-0.4534
3.0000,0.6343,-0.4501
3.0000,0.5480,-0.5376
3.0000,0.5536,-0.5332
3.0000,0.6178,-0.4702
3.0000,0.5784,-0.5108
3.0000,0.5794,-0.5110
3.0000,0.6182,-0.4733
3.0000,0.5348,-0.5579
3.0000,0.6485,-0.4453
3.0000,0.6112,-0.4837
3.0000,0.6337,-0.4623
3.0000,0.6420,-0.4551
3.0000,0.5698,-0.5284
3.0000,0.5846,-0.5146
3.0000,0.6540,-0.4463
3.0000,0.5916,-0.5098
3.0000,0.5659,-0.5365
3.0000,0.6373,-0.4662
3.0000,0.6001,-0.5043
3.0000,0.5740,-0.5315
3.0000,0.6199,-0.4866
3.0000,0.6358,-0.4716
3.0000,0.6744,-0.4340
3.0000,0.6724,-0.4370
3.0000,0.5917,-0.5187
3.0000,0.6241,-0.4871
3.0000,0.6923,-0.4199
3.0000,0.6233,-0.4897
3.0000,0.6265,-0.4875
3.0000,0.6141,-0.5007
3.0000,0.5927,-0.5230
3.0000,0.6940,-0.4226
3.0000,0.6435,-0.4739
3.0000,0.6606,-0.4577
3.0000,0.6003,-0.5188
3.0000,0.6148,-0.5051
3.0000,0.6949,-0.4258
3.0000,0.6741,-0.4474
3.0000,0.6916,-0.4307
3.0000,0.6681,-0.4549
3.0000,0.6194,-0.5044
3.0000,0.6370,-0.4875
3.0000,0.7061,-0.4191
3.0000,0.6391,-0.4868
3.0000,0.6447,-0.4820
3.0000,0.6652,-0.4621
3.0000,0.6581,-0.4699
3.0000,0.7036,-0.4250
3.0000,0.6337,-0.4956
3.0000,0.6353,-0.4946
3.0000,0.6755,-0.4551
3.0000,0.7291,-0.4020
3.0000,0.6546,-0.4771
3.0000,0.6359,-0.4964
3.0000,0.6787,-0.4541
3.0000,0.6981,-0.4354
3.0000,0.7320,-0.4020
3.0000,0.6788,-0.4557
3.0000,0.7150,-0.4200
3.0000,0.6548,-0.4807
3.0000,0.6733,-0.4627
3.0000,0.6628,-0.4736
3.0000,0.7315,-0.4054
3.0000,0.7186,-0.4187
3.0000,0.7000,-0.4378
3.0000,0.7262,-0.4121
3.0000,0.6819,-0.4567
3.0000,0.6748,-0.4643
3.0000,0.6896,-0.4498
3.0000,0.7133,-0.4265
3.0000,0.6954,-0.4447
3.0000,0.7753,-0.3651
3.0000,0.7770,-0.3637
3.0000,0.7240,-0.4170
3.0000,0.7401,-0.4013
3.0000,0.7597,-0.3819
3.0000,0.7254,-0.4165
3.0000,0.7093,-0.4329
3.0000,0.7799,-0.3625
3.0000,0.6916,-0.4510
3.0000,0.7449,-0.3980
3.0000,0.7255,-0.4176
3.0000,0.8141,-0.3292
3.0000,0.7722,-0.3713
3.0000,0.7216,-0.4219
3.0000,0.8094,-0.3343
3.0000,0.7129,-0.4309
3.0000,0.8261,-0.3178
3.0000,0.7595,-0.3846
3.0000,0.7296,-0.4146
3.0000,0.7849,-0.3593
3.0000,0.7616,-0.3827
3.0000,0.8158,-0.3285
3.0000,0.8257,-0.3187
3.0000,0.7824,-0.3620
3.0000,0.7290,-0.4154
3.0000,0.8414,-0.3029
3.0000,0.7743,-0.3700
3.0000,0.7723,-0.3720
3.0000,0.7365,-0.4077
3.0000,0.7767,-0.3674
3.0000,0.7331,-0.4109
3.0000,0.7350,-0.4089
3.0000,0.7677,-0.3762
3.0000,0.8029,-0.3408
3.0000,0.7666,-0.3770
3.0000,0.8558,-0.2876
3.0000,0.8425,-0.3007
3.0000,0.8612,-0.2818
3.0000,0.8539,-0.2889
3.0000,0.8742,-0.2684
3.0000,0.7677,-0.3747
3.0000,0.8218,-0.3204
3.0000,0.7767,-0.3652
3.0000,0.8317,-0.3099
3.0000,0.7813,-0.3601
3.0000,0.7983,-0.3427
3.0000,0.8773,-0.2634
3.0000,0.8854,-0.2549
3.0000,0.7683,-0.3717
3.0000,0.8053,-0.3343
3.0000,0.8651,-0.2741
3.0000,0.8856,-0.2532
3.0000,0.8364,-0.3020
3.0000,0.8293,-0.3087
3.0000,0.8521,-0.2855
3.0000,0.7854,-0.3517
3.0000,0.8163,-0.3203
3.0000,0.8323,-0.3038
3.0000,0.8498,-0.2859
3.0000,0.8397,-0.2954
3.0000,0.7948,-0.3398
3.0000,0.7998,-0.3343
3.0000,0.8442,-0.2893
3.0000,0.8589,-0.2740
3.0000,0.9070,-0.2254
3.0000,0.8899,-0.2418
3.0000,0.9055,-0.2256
3.0000,0.9302,-0.2003
3.0000,0.8540,-0.2759
3.0000,0.8497,-0.2795
3.0000,0.8563,-0.2722
3.0000,0.8840,-0.2438
3.0000,0.9119,-0.2151
3.0000,0.8940,-0.2323
3.0000,0.8531,-0.2724
3.0000,0.8344,-0.2904
3.0000,0.9019,-0.2221
3.0000,0.8519,-0.2714
3.0000,0.8334,-0.2890
3.0000,0.8515,-0.2700
3.0000,0.9214,-0.1993
3.0000,0.9135,-0.2064
3.0000,0.9421,-0.1769
3.0000,0.8496,-0.2685
3.0000,0.9304,-0.1869
3.0000,0.8612,-0.2552
3.0000,0.9039,-0.2115
3.0000,0.9013,-0.2131
3.0000,0.8680,-0.2455
3.0000,0.8749,-0.2376
3.0000,0.9427,-0.1688
3.0000,0.8457,-0.2647
3.0000,0.9670,-0.1424
3.0000,0.9114,-0.1970
3.0000,0.8515,-0.2558
3.0000,0.8876,-0.2187
3.0000,0.8632,-0.2419
3.0000,0.9682,-0.1359
3.0000,0.8641,-0.2389
3.0000,0.8870,-0.2148
3.0000,0.9054,-0.1953
3.0000,0.9179,-0.1816
3.0000,0.9674,-0.1309
3.0000,0.8740,-0.2231
3.0000,0.9667,-0.1292
3.0000,0.9378,-0.1569
3.0000,0.8792,-0.2142
3.0000,0.9324,-0.1597
3.0000,0.8936,-0.1973
3.0000,0.9100,-0.1796
3.0000,0.9674,-0.1208
3.0000,0.8750,-0.2119
3.0000,0.9573,-0.1283
3.0000,0.9426,-0.1417
3.0000,0.9273,-0.1555
3.0000,1.0075,-0.0739
3.0000,0.9044,-0.1756
3.0000,1.0080,-0.0706
3.0000,0.9711,-0.1061
3.0000,0.9587,-0.1170
3.0000,0.9338,-0.1405
3.0000,1.0110,-0.0618
3.0000,1.0074,-0.0639
3.0000,0.9469,-0.1228
3.0000,0.9259,-0.1423
3.0000,1.0024,-0.0642
3.0000,0.9916,-0.0735
3.0000,0.9303,-0.1331
3.0000,0.9802,-0.0817
3.0000,0.9191,-0.1411
3.0000,0.9815,-0.0771
3.0000,0.9802,-0.0768
3.0000,1.0298,-0.0255
3.0000,0.9375,-0.1162
3.0000,0.9315,-0.1204
3.0000,0.9954,-0.0548
3.0000,0.9856,-0.0629
3.0000,0.9788,-0.0680
3.0000,1.0008,-0.0441
3.0000,0.9983,-0.0449
3.0000,0.9222,-0.1192
3.0000,0.9326,-0.1070
3.0000,0.9925,-0.0452
3.0000,0.9792,-0.0568
3.0000,0.9281,-0.1060
3.0000,1.0147,-0.0175
3.0000,0.9825,-0.0478
3.0000,1.0329,0.0045
3.0000,1.0308,0.0043
3.0000,1.0240,-0.0005
3.0000,0.9639,-0.0587
3.0000,1.0173,-0.0033
3.0000,0.9549,-0.0637
3.0000,1.0060,-0.0106
3.0000,0.9401,-0.0745
3.0000,0.9520,-0.0606
3.0000,1.0538,0.0433
3.0000,0.9388,-0.0696
3.0000,1.0327,0.0263
3.0000,0.9988,-0.0054
3.0000,1.0586,0.0565
3.0000,1.0182,0.0182
4.0000,0.0182,0.0172
4.0000,-0.0216,-0.0236
4.0000,-0.0186,-0.0216
4.0000,-0.0632,-0.0673
4.0000,-0.0002,-0.0053
4.0000,0.0189,0.0128
4.0000,0.0579,0.0507
4.0000,0.0314,0.0232
4.0000,0.0018,-0.0074
4.0000,0.0528,0.0424
4.0000,0.0517,0.0403
4.0000,0.0512,0.0388
4.0000,0.0208,0.0073
4.0000,0.0323,0.0177
4.0000,0.0118,-0.0039
4.0000,0.0450,0.0282
4.0000,-0.0410,-0.0589
4.0000,0.0166,-0.0024
4.0000,0.0341,0.0140
4.0000,-0.0448,-0.0660
4.0000,0.0263,0.0040
4.0000,-0.0019,-0.0254
4.0000,-0.0330,-0.0576
4.0000,-0.0559,-0.0817
4.0000,-0.0164,-0.0433
4.0000,-0.0558,-0.0838
4.0000,-0.0530,-0.0821
4.0000,0.0518,0.0215
4.0000,-0.0123,-0.0438
4.0000,0.0629,0.0302
4.0000,0.0421,0.0082
4.0000,0.0518,0.0168
4.0000,0.0506,0.0144
4.0000,0.0497,0.0123
4.0000,0.0162,-0.0224
4.0000,-0.0113,-0.0511
4.0000,0.0631,0.0220
4.0000,-0.0491,-0.0914
4.0000,-0.0534,-0.0969
4.0000,0.0585,0.0138
4.0000,0.0221,-0.0238
4.0000,-0.0111,-0.0583
4.0000,-0.0452,-0.0936
4.0000,-0.0529,-0.1025
4.0000,0.0142,-0.0367
4.0000,0.0142,-0.0379
4.0000,0.0043,-0.0491
4.0000,-0.0404,-0.0950
4.0000,0.0190,-0.0369
4.0000,0.0296,-0.0277
4.0000,0.0265,-0.0320
4.0000,0.0463,-0.0135
4.0000,-0.0231,-0.0841
4.0000,-0.0009,-0.0632
4.0000,0.0534,-0.0102
4.0000,0.0150,-0.0500
4.0000,0.0363,-0.0300
4.0000,-0.0121,-0.0797
4.0000,-0.0314,-0.1003
4.0000,0.0074,-0.0628
4.0000,-0.0089,-0.0804
4.0000,0.0042,-0.0686
4.0000,0.0047,-0.0695
4.0000,0.0174,-0.0581
4.0000,-0.0201,-0.0970
4.0000,0.0057,-0.0725
4.0000,0.0513,-0.0282
4.0000,-0.0189,-0.0998
4.0000,-0.0081,-0.0904
4.0000,-0.0061,-0.0897
4.0000,-0.0461,-0.1310
4.0000,0.0131,-0.0732
4.0000,-0.0316,-0.1192
4.0000,0.0043,-0.0848
4.0000,0.0168,-0.0736
4.0000,0.0081,-0.0837
4.0000,0.0295,-0.0637
4.0000,-0.0262,-0.1208
4.0000,0.0405,-0.0555
4.0000,0.0403,-0.0571
4.0000,-0.0360,-0.1347
4.0000,0.0294,-0.0708
4.0000,-0.0172,-0.1187
4.0000,0.0558,-0.0472
4.0000,0.0547,-0.0497
4.0000,0.0078,-0.0981
4.0000,0.0623,-0.0450
4.0000,-0.0382,-0.1469
4.0000,0.0266,-0.0835
4.0000,0.0262,-0.0853
4.0000,0.0652,-0.0477
4.0000,0.0378,-0.0766
4.0000,0.0760,-0.0399
4.0000,-0.0240,-0.1413
4.0000,-0.0338,-0.1525
4.0000,0.0514,-0.0687
4.0000,0.0078,-0.1139
4.0000,0.0886,-0.0344
4.0000,-0.0087,-0.1332
4.0000,0.0321,-0.0939
4.0000,0.0838,-0.0436
4.0000,-0.0160,-0.1449
4.0000,-0.0000,-0.1304
4.0000,0.0201,-0.1117
4.0000,0.0381,-0.0953
4.0000,0.0852,-0.0497
4.0000,0.0610,-0.0753
4.0000,0.0958,-0.0420
4.0000,-0.0266,-0.1658
4.0000,0.0699,-0.0708
4.0000,0.0067,-0.1356
4.0000,0.0297,-0.1140
4.0000,0.0157,-0.1295
4.0000,0.0850,-0.0617
4.0000,-0.0109,-0.1591
4.0000,0.0084,-0.1413
4.0000,0.1048,-0.0465
4.0000,0.0501,-0.1027
4.0000,0.1058,-0.0484
4.0000,0.0068,-0.1490
4.0000,0.0160,-0.1412
4.0000,0.0694,-0.0894
4.0000,-0.0043,-0.1646
4.0000,0.0705,-0.0913
4.0000,0.0774,-0.0859
4.0000,0.0569,-0.1079
4.0000,0.0977,-0.0686
4.0000,0.0657,-0.1022
4.0000,0.0928,-0.0766
4.0000,0.0154,-0.1555
4.0000,0.0067,-0.1658
4.0000,0.0153,-0.1587
4.0000,0.0529,-0.1227
4.0000,0.0587,-0.1184
4.0000,0.0619,-0.1167
4.0000,0.0383,-0.1418
4.0000,0.0915,-0.0902
4.0000,0.0117,-0.1715
4.0000,0.0763,-0.1085
4.0000,0.0815,-0.1048
4.0000,0.0204,-0.1674
4.0000,0.0340,-0.1554
4.0000,0.0294,-0.1615
4.0000,0.0604,-0.1321
4.0000,0.0304,-0.1636
4.0000,0.0169,-0.1786
4.0000,0.0929,-0.1042
4.0000,0.0736,-0.1250
4.0000,0.0319,-0.1683
4.0000,0.0636,-0.1381
4.0000,0.0310,-0.1723
4.0000,0.0386,-0.1663
4.0000,0.0402,-0.1662
4.0000,0.1348,-0.0731
4.0000,0.0800,-0.1295
4.0000,0.0501,-0.1610
4.0000,0.0654,-0.1472
4.0000,0.0410,-0.1731
4.0000,0.0195,-0.1962
4.0000,0.0610,-0.1563
4.0000,0.0435,-0.1754
4.0000,0.0850,-0.1354
4.0000,0.0573,-0.1647
4.0000,0.0676,-0.1559
4.0000,0.0998,-0.1252
4.0000,0.0901,-0.1365
4.0000,0.0702,-0.1580
4.0000,0.0844,-0.1453
4.0000,0.1396,-0.0917
4.0000,0.0695,-0.1634
4.0000,0.0558,-0.1787
4.0000,0.0697,-0.1662
4.0000,0.1441,-0.0934
4.0000,0.0861,-0.1530
4.0000,0.1413,-0.0994
4.0000,0.1150,-0.1272
4.0000,0.0614,-0.1824
4.0000,0.0724,-0.1729
4.0000,0.0978,-0.1491
4.0000,0.0451,-0.2034
4.0000,0.0906,-0.1593
4.0000,0.0802,-0.1713
4.0000,0.0894,-0.1637
4.0000,0.0467,-0.2079
4.0000,0.1590,-0.0972
4.0000,0.1228,-0.1350
4.0000,0.0795,-0.1798
4.0000,0.1135,-0.1473
4.0000,0.1542,-0.1082
4.0000,0.1517,-0.1122
4.0000,0.0554,-0.2101
4.0000,0.1284,-0.1386
4.0000,0.0901,-0.1784
4.0000,0.0914,-0.1788
4.0000,0.0568,-0.2149
4.0000,0.1071,-0.1661
4.0000,0.1375,-0.1373
4.0000,0.1613,-0.1150
4.0000,0.0608,-0.2170
4.0000,0.1291,-0.1502
4.0000,0.1172,-0.1637
4.0000,0.1153,-0.1671
4.0000,0.1804,-0.1036
4.0000,0.1485,-0.1370
4.0000,0.1087,-0.1783
4.0000,0.0872,-0.2014
4.0000,0.1042,-0.1858
4.0000,0.1285,-0.1631
4.0000,0.1740,-0.1191
4.0000,0.1796,-0.1150
4.0000,0.1363,-0.1599
4.0000,0.1814,-0.1163
4.0000,0.1334,-0.1658
4.0000,0.1181,-0.1826
4.0000,0.1389,-0.1633
4.0000,0.1282,-0.1756
4.0000,0.1445,-0.1607
4.0000,0.1011,-0.2056
4.0000,0.1383,-0.1700
4.0000,0.1036,-0.2061
4.0000,0.1922,-0.1191
4.0000,0.0860,-0.2268
4.0000,0.1751,-0.1392
4.0000,0.1941,-0.1216
4.0000,0.1319,-0.1854
4.0000,0.2061,-0.1126
4.0000,0.1544,-0.1657
4.0000,0.1600,-0.1616
4.0000,0.1827,-0.1404
4.0000,0.1711,-0.1535
4.0000,0.1513,-0.1748
4.0000,0.1754,-0.1522
4.0000,0.1117,-0.2174
4.0000,0.1480,-0.1825
4.0000,0.1483,-0.1836
4.0000,0.2197,-0.1138
4.0000,0.1529,-0.1820
4.0000,0.1730,-0.1633
4.0000,0.1257,-0.2121
4.0000,0.1192,-0.2201
4.0000,0.2205,-0.1202
4.0000,0.2291,-0.1130
4.0000,0.1912,-0.1524
4.0000,0.2306,-0.1144
4.0000,0.1466,-0.1999
4.0000,0.1684,-0.1795
4.0000,0.2055,-0.1438
4.0000,0.1224,-0.2283
4.0000,0.1756,-0.1765
4.0000,0.2355,-0.1180
4.0000,0.1255,-0.2295
4.0000,0.2127,-0.1437
4.0000,0.1853,-0.1725
4.0000,0.1536,-0.2055
4.0000,0.1361,-0.2245
4.0000,0.1289,-0.2331
4.0000,0.2182,-0.1452
4.0000,0.2495,-0.1152
4.0000,0.2487,-0.1174
4.0000,0.1813,-0.1863
4.0000,0.1873,-0.1815
4.0000,0.1402,-0.2300
4.0000,0.2287,-0.1429
4.0000,0.2036,-0.1694
4.0000,0.1551,-0.2192
4.0000,0.1601,-0.2156
4.0000,0.2266,-0.1505
4.0000,0.2356,-0.1428
4.0000,0.2595,-0.1202
4.0000,0.1411,-0.2400
4.0000,0.2246,-0.1578
4.0000,0.2157,-0.1680
4.0000,0.2471,-0.1380
4.0000,0.1593,-0.2271
4.0000,0.1565,-0.2312
4.0000,0.1498,-0.2392
4.0000,0.2073,-0.1831
4.0000,0.1531,-0.2385
4.0000,0.2161,-0.1768
4.0000,0.1839,-0.2103
4.0000,0.1799,-0.2156
4.0000,0.2779,-0.1189
4.0000,0.1871,-0.2110
4.0000,0.1784,-0.2210
4.0000,0.1929,-0.2077
4.0000,0.1727,-0.2292
4.0000,0.2380,-0.1652
4.0000,0.2165,-0.1879
4.0000,0.2002,-0.2054
4.0000,0.1874,-0.2195
4.0000,0.2507,-0.1574
4.0000,0.2299,-0.1795
4.0000,0.2121,-0.1985
4.0000,0.2223,-0.1895
4.0000,0.2758,-0.1372
4.0000,0.2092,-0.2050
4.0000,0.2620,-0.1535
4.0000,0.2879,-0.1288
4.0000,0.2013,-0.2166
4.0000,0.2578,-0.1613
4.0000,0.2128,-0.2074
4.0000,0.2477,-0.1737
4.0000,0.2999,-0.1227
4.0000,0.3075,-0.1163
4.0000,0.2016,-0.2233
4.0000,0.2819,-0.1442
4.0000,0.2383,-0.1890
4.0000,0.2101,-0.2182
4.0000,0.2576,-0.1719
4.0000,0.3045,-0.1261
4.0000,0.3012,-0.1306
4.0000,0.1973,-0.2356
4.0000,0.3122,-0.1218
4.0000,0.3146,-0.1205
4.0000,0.2404,-0.1958
4.0000,0.3067,-0.1306
4.0000,0.2682,-0.1702
4.0000,0.3209,-0.1186
4.0000,0.2815,-0.1591
4.0000,0.3318,-0.1099
4.0000,0.2188,-0.2239
4.0000,0.2945,-0.1493
4.0000,0.3119,-0.1329
4.0000,0.3358,-0.1101
4.0000,0.3158,-0.1311
4.0000,0.3307,-0.1172
4.0000,0.3396,-0.1094
4.0000,0.3300,-0.1200
4.0000,0.3292,-0.1218
4.0000,0.3133,-0.1388
4.0000,0.2409,-0.2122
4.0000,0.2498,-0.2042
4.0000,0.3462,-0.1088
4.0000,0.3334,-0.1225
4.0000,0.3536,-0.1034
4.0000,0.2735,-0.1845
4.0000,0.2615,-0.1974
4.0000,0.3170,-0.1429
4.0000,0.2864,-0.1744
4.0000,0.2796,-0.1821
4.0000,0.3238,-0.1389
4.0000,0.2434,-0.2202
4.0000,0.3296,-0.1349
4.0000,0.2731,-0.1923
4.0000,0.3501,-0.1162
4.0000,0.3387,-0.1286
4.0000,0.2702,-0.1979
4.0000,0.2538,-0.2152
4.0000,0.3253,-0.1446
4.0000,0.2535,-0.2172
4.0000,0.3688,-0.1029
4.0000,0.2629,-0.2095
4.0000,0.3396,-0.1337
4.0000,0.2609,-0.2133
4.0000,0.3186,-0.1564
4.0000,0.3763,-0.0995
4.0000,0.3275,-0.1491
4.0000,0.2895,-0.1879
4.0000,0.3758,-0.1024
4.0000,0.3196,-0.1594
4.0000,0.3474,-0.1324
4.0000,0.3080,-0.1726
4.0000,0.3934,-0.0880
4.0000,0.3781,-0.1040
4.0000,0.2811,-0.2018
4.0000,0.3751,-0.1085
4.0000,0.2806,-0.2037
4.0000,0.3909,-0.0941
4.0000,0.3564,-0.1294
4.0000,0.3202,-0.1663
4.0000,0.3890,-0.0982
4.0000,0.2815,-0.2064
4.0000,0.3248,-0.1638
4.0000,0.3331,-0.1561
4.0000,0.3741,-0.1159
4.0000,0.3318,-0.1588
4.0000,0.3075,-0.1837
4.0000,0.3157,-0.1762
4.0000,0.3903,-0.1023
4.0000,0.3113,-0.1819
4.0000,0.3636,-0.1302
4.0000,0.3809,-0.1135
4.0000,0.3951,-0.1000
4.0000,0.3148,-0.1808
4.0000,0.3073,-0.1889
4.0000,0.3331,-0.1637
4.0000,0.3331,-0.1643
4.0000,0.3773,-0.1207
4.0000,0.4167,-0.0818
4.0000,0.3505,-0.1485
4.0000,0.3251,-0.1745
4.0000,0.3158,-0.1843
4.0000,0.4234,-0.0772
4.0000,0.3614,-0.1398
4.0000,0.3244,-0.1772
4.0000,0.3659,-0.1363
4.0000,0.3743,-0.1284
4.0000,0.3810,-0.1221
4.0000,0.4154,-0.0882
4.0000,0.3475,-0.1566
4.0000,0.4370,-0.0675
4.0000,0.4183,-0.0866
4.0000,0.3618,-0.1435
4.0000,0.3430,-0.1628
4.0000,0.3806,-0.1256
4.0000,0.3447,-0.1619
4.0000,0.4336,-0.0734
4.0000,0.3931,-0.1143
4.0000,0.3774,-0.1303
4.0000,0.3986,-0.1095
4.0000,0.3749,-0.1336
4.0000,0.4511,-0.0577
4.0000,0.3367,-0.1724
4.0000,0.4087,-0.1008
4.0000,0.4356,-0.0742
4.0000,0.4454,-0.0647
4.0000,0.3469,-0.1635
4.0000,0.3831,-0.1276
4.0000,0.4346,-0.0764
4.0000,0.4581,-0.0531
4.0000,0.4302,-0.0813
4.0000,0.4173,-0.0945
4.0000,0.3846,-0.1274
4.0000,0.3811,-0.1311
4.0000,0.3709,-0.1416
4.0000,0.4779,-0.0347
4.0000,0.3756,-0.1373
4.0000,0.4308,-0.0823
4.0000,0.4318,-0.0815
4.0000,0.3849,-0.1285
4.0000,0.3995,-0.1141
4.0000,0.3731,-0.1406
4.0000,0.4868,-0.0271
4.0000,0.3637,-0.1503
4.0000,0.4831,-0.0311
4.0000,0.4548,-0.0594
4.0000,0.4546,-0.0598
4.0000,0.4566,-0.0579
4.0000,0.4926,-0.0219
4.0000,0.4260,-0.0887
4.0000,0.4057,-0.1090
4.0000,0.3713,-0.1435
4.0000,0.4543,-0.0605
4.0000,0.4586,-0.0563
4.0000,0.4323,-0.0826
4.0000,0.3877,-0.1272
4.0000,0.4640,-0.0510
4.0000,0.4609,-0.0540
4.0000,0.3986,-0.1163
4.0000,0.5045,-0.0103
4.0000,0.4721,-0.0427
4.0000,0.4133,-0.1014
4.0000,0.5081,-0.0066
4.0000,0.4870,-0.0276
4.0000,0.4472,-0.0674
4.0000,0.4855,-0.0290
4.0000,0.4541,-0.0603
4.0000,0.4501,-0.0642
4.0000,0.4822,-0.0320
4.0000,0.4913,-0.0228
4.0000,0.4322,-0.0816
4.0000,0.4916,-0.0222
4.0000,0.4361,-0.0774
4.0000,0.4706,-0.0428
4.0000,0.4279,-0.0853
4.0000,0.4240,-0.0890
4.0000,0.5086,-0.0042
4.0000,0.4060,-0.1066
4.0000,0.4718,-0.0406
4.0000,0.4437,-0.0684
4.0000,0.5136,0.0017
4.0000,0.5284,0.0167
4.0000,0.5062,-0.0052
4.0000,0.5199,0.0088
4.0000,0.4165,-0.0943
4.0000,0.4995,-0.0110
4.0000,0.4273,-0.0829
4.0000,0.4196,-0.0903
4.0000,0.5252,0.0156
4.0000,0.4922,-0.0170
4.0000,0.5200,0.0112
4.0000,0.5259,0.0175
4.0000,0.4779,-0.0302
4.0000,0.4278,-0.0800
4.0000,0.4602,-0.0471
4.0000,0.4418,-0.0651
4.0000,0.4481,-0.0583
4.0000,0.4766,-0.0294
4.0000,0.5498,0.0442
4.0000,0.4536,-0.0516
4.0000,0.4453,-0.0594
4.0000,0.4370,-0.0672
4.0000,0.4397,-0.0640
4.0000,0.4660,-0.0373
4.0000,0.5151,0.0124
4.0000,0.5241,0.0219
4.0000,0.5159,0.0142
4.0000,0.4417,-0.0594
4.0000,0.4399,-0.0607
4.0000,0.5273,0.0273
4.0000,0.4780,-0.0214
4.0000,0.5175,0.0187
4.0000,0.4987,0.0004
4.0000,0.4436,-0.0540
4.0000,0.5298,0.0328
4.0000,0.4879,-0.0084
4.0000,0.5472,0.0515
4.0000,0.4649,-0.0302
4.0000,0.5557,0.0613
4.0000,0.5118,0.0181
4.0000,0.5404,0.0474
4.0000,0.5290,0.0366
4.0000,0.5382,0.0466
4.0000,0.5707,0.0798
4.0000,0.5050,0.0149
4.0000,0.5491,0.0597
4.0000,0.5739,0.0852
4.0000,0.5350,0.0471
4.0000,0.5042,0.0171
4.0000,0.4867,0.0004
4.0000,0.5057,0.0202
4.0000,0.4688,-0.0159
4.0000,0.5726,0.0887
4.0000,0.5283,0.0452
4.0000,0.4826,0.0004
4.0000,0.5723,0.0909
4.0000,0.5770,0.0965
4.0000,0.5320,0.0524
4.0000,0.4681,-0.0106
4.0000,0.4881,0.0104
4.0000,0.4995,0.0226
4.0000,0.4871,0.0112
4.0000,0.4767,0.0017
4.0000,0.5526,0.0786
4.0000,0.5547,0.0817
4.0000,0.5444,0.0723
4.0000,0.5488,0.0777
4.0000,0.5379,0.0678
4.0000,0.5565,0.0874
4.0000,0.5615,0.0934
4.0000,0.5513,0.0843
4.0000,0.5943,0.1284
4.0000,0.5931,0.1282
4.0000,0.5238,0.0600
4.0000,0.5967,0.1340
4.0000,0.4840,0.0223
4.0000,0.4947,0.0341
4.0000,0.5425,0.0830
4.0000,0.5363,0.0780
4.0000,0.5983,0.1411
4.0000,0.5493,0.0932
4.0000,0.5571,0.1022
4.0000,0.6049,0.1512
4.0000,0.4842,0.0317
4.0000,0.5061,0.0548
4.0000,0.5270,0.0769
4.0000,0.6081,0.1592
4.0000,0.5418,0.0941
4.0000,0.5042,0.0578
4.0000,0.5210,0.0758
4.0000,0.5347,0.0908
4.0000,0.5590,0.1164
4.0000,0.5881,0.1468
4.0000,0.6069,0.1669
4.0000,0.5083,0.0696
4.0000,0.5147,0.0774
4.0000,0.4941,0.0580
4.0000,0.4995,0.0648
4.0000,0.5417,0.1084
4.0000,0.5282,0.0963
4.0000,0.5116,0.0811
4.0000,0.5588,0.1296
4.0000,0.5085,0.0807
4.0000,0.5161,0.0897
4.0000,0.5892,0.1643
4.0000,0.5566,0.1332
4.0000,0.6209,0.1990
4.0000,0.5247,0.1042
4.0000,0.5485,0.1294
4.0000,0.5837,0.1662
4.0000,0.5401,0.1241
4.0000,0.5118,0.0973
4.0000,0.5405,0.1275
4.0000,0.5479,0.1365
4.0000,0.6193,0.2094
4.0000,0.5738,0.1655
4.0000,0.5407,0.1340
4.0000,0.6075,0.2023
4.0000,0.6120,0.2085
4.0000,0.5405,0.1385
4.0000,0.6147,0.2144
4.0000,0.5256,0.1269
4.0000,0.5677,0.1706
4.0000,0.5114,0.1160
4.0000,0.6030,0.2092
4.0000,0.6122,0.2201
4.0000,0.6314,0.2410
4.0000,0.5222,0.1335
4.0000,0.5413,0.1544
4.0000,0.6163,0.2311
4.0000,0.6016,0.2181
4.0000,0.5793,0.1975
4.0000,0.5738,0.1939
4.0000,0.6213,0.2432
4.0000,0.5824,0.2060
4.0000,0.5690,0.1944
4.0000,0.5147,0.1419
4.0000,0.5298,0.1588
4.0000,0.6106,0.2415
4.0000,0.6082,0.2409
4.0000,0.6288,0.2633
4.0000,0.5333,0.1697
4.0000,0.5965,0.2348
4.0000,0.5655,0.2057
4.0000,0.5223,0.1644
4.0000,0.6375,0.2816
4.0000,0.5967,0.2427
4.0000,0.5147,0.1626
4.0000,0.5807,0.2305
4.0000,0.6176,0.2694
4.0000,0.5997,0.2534
4.0000,0.5674,0.2231
4.0000,0.6103,0.2680
4.0000,0.5505,0.2102
4.0000,0.5393,0.2010
4.0000,0.5962,0.2600
4.0000,0.6220,0.2878
4.0000,0.6192,0.2871
4.0000,0.5356,0.2055
4.0000,0.5285,0.2005
4.0000,0.6234,0.2975
4.0000,0.5285,0.2047
4.0000,0.6302,0.3085
4.0000,0.5756,0.2560
4.0000,0.6371,0.3197
4.0000,0.6061,0.2908
4.0000,0.5886,0.2755
4.0000,0.5771,0.2662
4.0000,0.6208,0.3120
4.0000,0.5421,0.2355
4.0000,0.5367,0.2323
4.0000,0.6068,0.3046
4.0000,0.6245,0.3245
4.0000,0.5217,0.2240
4.0000,0.6191,0.3237
4.0000,0.6198,0.3266
4.0000,0.5175,0.2266
4.0000,0.5561,0.2675
4.0000,0.5431,0.2567
4.0000,0.5867,0.3026
4.0000,0.5844,0.3026
4.0000,0.5227,0.2433
4.0000,0.5848,0.3077
4.0000,0.6075,0.3328
4.0000,0.6207,0.3483
4.0000,0.5272,0.2572
4.0000,0.5199,0.2523
4.0000,0.5304,0.2652
4.0000,0.6101,0.3473
4.0000,0.5936,0.3331
4.0000,0.5757,0.3178
4.0000,0.5582,0.3027
4.0000,0.5596,0.3066
4.0000,0.5788,0.3282
4.0000,0.5617,0.3136
4.0000,0.6396,0.3939
4.0000,0.5594,0.3163
4.0000,0.5182,0.2775
4.0000,0.5445,0.3063
4.0000,0.5438,0.3081
4.0000,0.5691,0.3360
4.0000,0.5501,0.3196
4.0000,0.5968,0.3688
4.0000,0.6027,0.3773
4.0000,0.5929,0.3700
4.0000,0.5657,0.3455
4.0000,0.6195,0.4018
4.0000,0.5593,0.3443
4.0000,0.5792,0.3667
4.0000,0.5765,0.3667
4.0000,0.5837,0.3766
4.0000,0.5343,0.3298
4.0000,0.5211,0.3193
4.0000,0.5409,0.3417
4.0000,0.5118,0.3153
4.0000,0.6052,0.4115
4.0000,0.5155,0.3245
4.0000,0.5691,0.3808
4.0000,0.5676,0.3820
4.0000,0.5292,0.3464
4.0000,0.5513,0.3712
4.0000,0.6253,0.4480
4.0000,0.6278,0.4533
4.0000,0.5388,0.3670
4.0000,0.5798,0.4108
4.0000,0.5523,0.3861
4.0000,0.5467,0.3834
4.0000,0.5594,0.3988
4.0000,0.5224,0.3647
4.0000,0.5563,0.4015
4.0000,0.6142,0.4622
4.0000,0.5230,0.3739
4.0000,0.5161,0.3699
4.0000,0.6063,0.4629
4.0000,0.5122,0.3718
4.0000,0.5597,0.4221
4.0000,0.5872,0.4525
4.0000,0.5372,0.4055
4.0000,0.5014,0.3726
4.0000,0.5298,0.4040
4.0000,0.4978,0.3749
4.0000,0.5966,0.4767
4.0000,0.5829,0.4660
4.0000,0.5558,0.4419
4.0000,0.5786,0.4676
4.0000,0.5971,0.4892
4.0000,0.5779,0.4730
4.0000,0.5576,0.4557
4.0000,0.5688,0.4699
4.0000,0.5724,0.4766
4.0000,0.5917,0.4989
4.0000,0.5641,0.4744
4.0000,0.5503,0.4637
4.0000,0.6034,0.5199
4.0000,0.5594,0.4789
4.0000,0.5480,0.4707
4.0000,0.5700,0.4957
4.0000,0.5172,0.4461
4.0000,0.5622,0.4942
4.0000,0.5621,0.4972
4.0000,0.5696,0.5079
4.0000,0.5161,0.4576
4.0000,0.4913,0.4359
4.0000,0.5802,0.5280
4.0000,0.5497,0.5007
4.0000,0.5653,0.5196
4.0000,0.5662,0.5236
4.0000,0.5753,0.5360
4.0000,0.5605,0.5244
4.0000,0.4943,0.4614
4.0000,0.5912,0.5616
4.0000,0.5496,0.5232
4.0000,0.5007,0.4776
4.0000,0.5351,0.5152
4.0000,0.5305,0.5139
4.0000,0.5013,0.4880
4.0000,0.4983,0.4883
4.0000,0.5523,0.5456
4.0000,0.5774,0.5741
4.0000,0.5738,0.5738
4.0000,0.5060,0.5093
4.0000,0.5463,0.5530
4.0000,0.5498,0.5598
4.0000,0.4683,0.4817
4.0000,0.4847,0.5015
4.0000,0.5411,0.5613
4.0000,0.4921,0.5156
4.0000,0.5380,0.5650
4.0000,0.5217,0.5521
4.0000,0.5736,0.6074
4.0000,0.5767,0.6139
4.0000,0.5713,0.6119
4.0000,0.4610,0.5051
4.0000,0.4834,0.5309
4.0000,0.5058,0.5568
4.0000,0.5222,0.5766
4.0000,0.5489,0.6068
4.0000,0.5079,0.5692
4.0000,0.5538,0.6186
4.0000,0.5726,0.6410
4.0000,0.5399,0.6118
4.0000,0.5062,0.5816
4.0000,0.4924,0.5714
4.0000,0.5490,0.6315
4.0000,0.4938,0.5798
4.0000,0.4961,0.5856
4.0000,0.4685,0.5616
4.0000,0.5619,0.6586
4.0000,0.5549,0.6552
4.0000,0.4675,0.5713
4.0000,0.5439,0.6513
4.0000,0.4604,0.5714
4.0000,0.5345,0.6491
4.0000,0.4430,0.5612
4.0000,0.5343,0.6561
4.0000,0.4970,0.6224
4.0000,0.5492,0.6783
4.0000,0.5367,0.6694
4.0000,0.4793,0.6157
4.0000,0.4811,0.6211
4.0000,0.5275,0.6712
4.0000,0.4524,0.5997
4.0000,0.4345,0.5855
4.0000,0.4562,0.6110
4.0000,0.4376,0.5960
4.0000,0.5033,0.6654
4.0000,0.5256,0.6914
4.0000,0.4109,0.5804
4.0000,0.4083,0.5815
4.0000,0.5326,0.7096
4.0000,0.5170,0.6977
4.0000,0.4504,0.6349
4.0000,0.5126,0.7008
4.0000,0.4144,0.6063
4.0000,0.4947,0.6905
4.0000,0.4013,0.6008
4.0000,0.5224,0.7256
4.0000,0.5140,0.7210
4.0000,0.4117,0.6225
4.0000,0.4773,0.6919
4.0000,0.4521,0.6705
4.0000,0.4923,0.7145
4.0000,0.4273,0.6534
4.0000,0.4606,0.6905
4.0000,0.5106,0.7443
4.0000,0.4154,0.6530
4.0000,0.4221,0.6635
4.0000,0.4169,0.6622
4.0000,0.4789,0.7280
4.0000,0.4473,0.7002
4.0000,0.4652,0.7221
4.0000,0.4574,0.7182
4.0000,0.3944,0.6590
4.0000,0.4725,0.7409
4.0000,0.4240,0.6964
4.0000,0.4854,0.7617
4.0000,0.3878,0.6680
4.0000,0.3974,0.6815
4.0000,0.3811,0.6691
4.0000,0.4424,0.7344
4.0000,0.4520,0.7478
4.0000,0.4010,0.7008
4.0000,0.4647,0.7684
4.0000,0.4716,0.7793
4.0000,0.3719,0.6835
4.0000,0.4274,0.7429
4.0000,0.4364,0.7559
4.0000,0.4216,0.7451
4.0000,0.4100,0.7375
4.0000,0.4567,0.7881
4.0000,0.4152,0.7506
4.0000,0.3871,0.7265
4.0000,0.4094,0.7527
4.0000,0.4160,0.7634
4.0000,0.4379,0.7893
4.0000,0.3889,0.7443
4.0000,0.4209,0.7802
4.0000,0.3472,0.7106
4.0000,0.4298,0.7972
4.0000,0.4425,0.8139
4.0000,0.3577,0.7332
4.0000,0.3504,0.7299
4.0000,0.3382,0.7218
4.0000,0.3512,0.7388
4.0000,0.3158,0.7075
4.0000,0.3293,0.7250
4.0000,0.3750,0.7748
4.0000,0.3091,0.7129
4.0000,0.3473,0.7552
4.0000,0.4208,0.8327
4.0000,0.3889,0.8050
4.0000,0.3148,0.7349
4.0000,0.4187,0.8430
4.0000,0.3032,0.7315
4.0000,0.3639,0.7963
4.0000,0.3256,0.7621
4.0000,0.3336,0.7742
4.0000,0.3451,0.7898
4.0000,0.3050,0.7539
4.0000,0.3791,0.8321
4.0000,0.3093,0.7663
4.0000,0.3270,0.7881
4.0000,0.3998,0.8651
4.0000,0.3206,0.7900
4.0000,0.3435,0.8171
4.0000,0.2727,0.7503
4.0000,0.3776,0.8594
4.0000,0.3075,0.7935
4.0000,0.3801,0.8702
4.0000,0.2881,0.7824
4.0000,0.2993,0.7978
4.0000,0.3201,0.8226
4.0000,0.3222,0.8289
4.0000,0.3757,0.8866
4.0000,0.3612,0.8763
4.0000,0.3624,0.8816
4.0000,0.2827,0.8060
4.0000,0.3120,0.8395
4.0000,0.2775,0.8093
4.0000,0.2652,0.8011
4.0000,0.3384,0.8785
4.0000,0.3072,0.8515
4.0000,0.2538,0.8023
4.0000,0.2547,0.8074
4.0000,0.3492,0.9060
4.0000,0.3127,0.8737
4.0000,0.3430,0.9082
4.0000,0.2833,0.8528
4.0000,0.2820,0.8556
4.0000,0.2986,0.8764
4.0000,0.2640,0.8461
4.0000,0.2305,0.8167
4.0000,0.2079,0.7984
4.0000,0.2265,0.8212
4.0000,0.3289,0.9278
4.0000,0.3155,0.9186
4.0000,0.3123,0.9196
4.0000,0.2530,0.8645
4.0000,0.2933,0.9091
4.0000,0.2034,0.8233
4.0000,0.2055,0.8297
4.0000,0.2523,0.8807
4.0000,0.2379,0.8705
4.0000,0.2578,0.8947
4.0000,0.2326,0.8738
4.0000,0.2160,0.8613
4.0000,0.2468,0.8964
4.0000,0.2204,0.8743
4.0000,0.2467,0.9047
4.0000,0.2691,0.9314
4.0000,0.2182,0.8847
4.0000,0.1719,0.8426
4.0000,0.2474,0.9224
4.0000,0.2237,0.9029
4.0000,0.1735,0.8570
4.0000,0.1685,0.8563
4.0000,0.2512,0.9432
4.0000,0.2142,0.9105
4.0000,0.2511,0.9516
4.0000,0.1823,0.8871
4.0000,0.2397,0.9487
4.0000,0.2504,0.9636
4.0000,0.1744,0.8919
4.0000,0.2293,0.9510
4.0000,0.2456,0.9715
4.0000,0.2236,0.9538
4.0000,0.1371,0.8716
4.0000,0.1575,0.8962
4.0000,0.2142,0.9572
4.0000,0.2044,0.9516
4.0000,0.1298,0.8812
4.0000,0.1188,0.8745
4.0000,0.2144,0.9743
4.0000,0.1284,0.8926
4.0000,0.1575,0.9260
4.0000,0.1548,0.9275
4.0000,0.1344,0.9114
4.0000,0.1296,0.9108
4.0000,0.1107,0.8962
4.0000,0.1002,0.8899
4.0000,0.1880,0.9819
4.0000,0.1003,0.8985
4.0000,0.1853,0.9877
4.0000,0.1342,0.9409
4.0000,0.1507,0.9616
4.0000,0.1039,0.9191
4.0000,0.1465,0.9659
4.0000,0.1646,0.9882
4.0000,0.0792,0.9071
4.0000,0.1481,0.9802
4.0000,0.1337,0.9701
4.0000,0.1163,0.9569
4.0000,0.1472,0.9920
4.0000,0.1051,0.9542
4.0000,0.1595,1.0127
4.0000,0.1533,1.0108
4.0000,0.1137,0.9754
4.0000,0.1115,0.9775
4.0000,0.0992,0.9694
4.0000,0.1140,0.9884
4.0000,0.1459,1.0245
4.0000,0.1312,1.0141
4.0000,0.1307,1.0177
4.0000,0.0370,0.9283
4.0000,0.0977,0.9932
4.0000,0.0406,0.9404
4.0000,0.1089,1.0128
4.0000,0.0732,0.9813
4.0000,0.0481,0.9605
4.0000,0.1029,1.0194
4.0000,0.0355,0.9563
4.0000,0.0754,1.0003
4.0000,0.0293,0.9584
4.0000,0.0838,1.0171
4.0000,0.0099,0.9474
4.0000,0.0126,0.9543
4.0000,0.0230,0.9689
4.0000,0.0551,1.0051
4.0000,-0.0213,0.9329
4.0000,0.0604,1.0188
4.0000,0.0058,0.9684
4.0000,0.0494,1.0162
4.0000,0.0529,1.0239
4.0000,0.0465,1.0216
4.0000,-0.0420,0.9372
4.0000,-0.0247,0.9587
4.0000,-0.0236,0.9640
4.0000,0.0579,1.0497
4.0000,0.0559,1.0518
4.0000,-0.0623,0.9377
