1.0000,0.0010,0.0000
1.0000,0.0020,0.0000
1.0000,0.0030,0.0001
1.0000,0.0040,0.0001
1.0000,0.0050,0.0002
1.0000,0.0060,0.0002
1.0000,0.0070,0.0003
1.0000,0.0080,0.0004
1.0000,0.0090,0.0005
1.0000,0.0100,0.0006
1.0000,0.0110,0.0008
1.0000,0.0120,0.0009
1.0000,0.0130,0.0011
1.0000,0.0139,0.0012
1.0000,0.0149,0.0014
1.0000,0.0159,0.0016
1.0000,0.0169,0.0018
1.0000,0.0179,0.0020
1.0000,0.0189,0.0023
1.0000,0.0198,0.0025
1.0000,0.0208,0.0028
1.0000,0.0218,0.0030
1.0000,0.0228,0.0033
1.0000,0.0237,0.0036
1.0000,0.0247,0.0039
1.0000,0.0257,0.0042
1.0000,0.0266,0.0046
1.0000,0.0276,0.0049
1.0000,0.0285,0.0053
1.0000,0.0295,0.0056
1.0000,0.0304,0.0060
1.0000,0.0314,0.0064
1.0000,0.0323,0.0068
1.0000,0.0332,0.0072
1.0000,0.0342,0.0076
1.0000,0.0351,0.0081
1.0000,0.0360,0.0085
1.0000,0.0369,0.0090
1.0000,0.0378,0.0095
1.0000,0.0387,0.0099
1.0000,0.0396,0.0104
1.0000,0.0405,0.0110
1.0000,0.0414,0.0115
1.0000,0.0423,0.0120
1.0000,0.0432,0.0126
1.0000,0.0441,0.0131
1.0000,0.0450,0.0137
1.0000,0.0458,0.0143
1.0000,0.0467,0.0148
1.0000,0.0476,0.0155
1.0000,0.0484,0.0161
1.0000,0.0492,0.0167
1.0000,0.0501,0.0173
1.0000,0.0509,0.0180
1.0000,0.0517,0.0186
1.0000,0.0526,0.0193
1.0000,0.0534,0.0200
1.0000,0.0542,0.0207
1.0000,0.0550,0.0214
1.0000,0.0558,0.0221
1.0000,0.0566,0.0228
1.0000,0.0574,0.0235
1.0000,0.0581,0.0243
1.0000,0.0589,0.0250
1.0000,0.0597,0.0258
1.0000,0.0604,0.0266
1.0000,0.0612,0.0274
1.0000,0.0619,0.0282
1.0000,0.0626,0.0290
1.0000,0.0633,0.0298
1.0000,0.0641,0.0306
1.0000,0.0648,0.0315
1.0000,0.0655,0.0323
1.0000,0.0661,0.0332
1.0000,0.0668,0.0340
1.0000,0.0675,0.0349
1.0000,0.0682,0.0358
1.0000,0.0688,0.0367
1.0000,0.0695,0.0376
1.0000,0.0701,0.0385
1.0000,0.0707,0.0395
1.0000,0.0714,0.0404
1.0000,0.0720,0.0413
1.0000,0.0726,0.0423
1.0000,0.0732,0.0433
1.0000,0.0737,0.0442
1.0000,0.0743,0.0452
1.0000,0.0749,0.0462
1.0000,0.0754,0.0472
1.0000,0.0760,0.0482
1.0000,0.0765,0.0492
1.0000,0.0771,0.0503
1.0000,0.0776,0.0513
1.0000,0.0781,0.0523
1.0000,0.0786,0.0534
1.0000,0.0791,0.0545
1.0000,0.0795,0.0555
1.0000,0.0800,0.0566
1.0000,0.0805,0.0577
1.0000,0.0809,0.0588
1.0000,0.0813,0.0599
1.0000,0.0818,0.0610
1.0000,0.0822,0.0621
1.0000,0.0826,0.0632
1.0000,0.0830,0.0644
1.0000,0.0833,0.0655
1.0000,0.0837,0.0666
1.0000,0.0841,0.0678
1.0000,0.0844,0.0690
1.0000,0.0848,0.0701
1.0000,0.0851,0.0713
1.0000,0.0854,0.0725
1.0000,0.0857,0.0737
1.0000,0.0860,0.0749
1.0000,0.0863,0.0761
1.0000,0.0865,0.0773
1.0000,0.0868,0.0785
1.0000,0.0870,0.0797
1.0000,0.0873,0.0809
1.0000,0.0875,0.0821
1.0000,0.0877,0.0834
1.0000,0.0879,0.0846
1.0000,0.0881,0.0859
1.0000,0.0882,0.0871
1.0000,0.0884,0.0884
1.0000,0.0885,0.0897
1.0000,0.0887,0.0909
1.0000,0.0888,0.0922
1.0000,0.0889,0.0935
1.0000,0.0890,0.0948
1.0000,0.0891,0.0961
1.0000,0.0891,0.0974
1.0000,0.0892,0.0987
1.0000,0.0892,0.1000
1.0000,0.0893,0.1013
1.0000,0.0893,0.1026
1.0000,0.0893,0.1039
1.0000,0.0893,0.1052
1.0000,0.0893,0.1065
1.0000,0.0892,0.1079
1.0000,0.0892,0.1092
1.0000,0.0891,0.1105
1.0000,0.0891,0.1119
1.0000,0.0890,0.1132
1.0000,0.0889,0.1146
1.0000,0.0888,0.1159
1.0000,0.0886,0.1173
1.0000,0.0885,0.1186
1.0000,0.0883,0.1200
1.0000,0.0882,0.1214
1.0000,0.0880,0.1227
1.0000,0.0878,0.1241
1.0000,0.0876,0.1255
1.0000,0.0874,0.1268
1.0000,0.0871,0.1282
1.0000,0.0869,0.1296
1.0000,0.0866,0.1310
1.0000,0.0863,0.1323
1.0000,0.0860,0.1337
1.0000,0.0857,0.1351
1.0000,0.0854,0.1365
1.0000,0.0851,0.1379
1.0000,0.0847,0.1392
1.0000,0.0844,0.1406
1.0000,0.0840,0.1420
1.0000,0.0836,0.1434
1.0000,0.0832,0.1448
1.0000,0.0828,0.1462
1.0000,0.0823,0.1476
1.0000,0.0819,0.1490
1.0000,0.0814,0.1504
1.0000,0.0810,0.1518
1.0000,0.0805,0.1531
1.0000,0.0800,0.1545
1.0000,0.0794,0.1559
1.0000,0.0789,0.1573
1.0000,0.0784,0.1587
1.0000,0.0778,0.1601
1.0000,0.0772,0.1615
1.0000,0.0766,0.1629
1.0000,0.0760,0.1643
1.0000,0.0754,0.1656
1.0000,0.0748,0.1670
1.0000,0.0741,0.1684
1.0000,0.0735,0.1698
1.0000,0.0728,0.1712
1.0000,0.0721,0.1725
1.0000,0.0714,0.1739
1.0000,0.0707,0.1753
1.0000,0.0699,0.1767
1.0000,0.0692,0.1780
1.0000,0.0684,0.1794
1.0000,0.0677,0.1808
1.0000,0.0669,0.1821
1.0000,0.0661,0.1835
1.0000,0.0652,0.1848
1.0000,0.0644,0.1862
1.0000,0.0635,0.1875
1.0000,0.0627,0.1889
1.0000,0.0618,0.1902
1.0000,0.0609,0.1915
1.0000,0.0600,0.1929
1.0000,0.0591,0.1942
1.0000,0.0581,0.1955
1.0000,0.0572,0.1969
1.0000,0.0562,0.1982
1.0000,0.0552,0.1995
1.0000,0.0543,0.2008
1.0000,0.0532,0.2021
1.0000,0.0522,0.2034
1.0000,0.0512,0.2047
1.0000,0.0501,0.2060
1.0000,0.0491,0.2073
1.0000,0.0480,0.2085
1.0000,0.0469,0.2098
1.0000,0.0458,0.2111
1.0000,0.0447,0.2124
1.0000,0.0435,0.2136
1.0000,0.0424,0.2149
1.0000,0.0412,0.2161
1.0000,0.0400,0.2173
1.0000,0.0389,0.2186
1.0000,0.0376,0.2198
1.0000,0.0364,0.2210
1.0000,0.0352,0.2222
1.0000,0.0340,0.2234
1.0000,0.0327,0.2246
1.0000,0.0314,0.2258
1.0000,0.0301,0.2270
1.0000,0.0288,0.2282
1.0000,0.0275,0.2294
1.0000,0.0262,0.2305
1.0000,0.0248,0.2317
1.0000,0.0235,0.2328
1.0000,0.0221,0.2340
1.0000,0.0207,0.2351
1.0000,0.0193,0.2362
1.0000,0.0179,0.2373
1.0000,0.0165,0.2384
1.0000,0.0151,0.2395
1.0000,0.0136,0.2406
1.0000,0.0122,0.2417
1.0000,0.0107,0.2428
1.0000,0.0092,0.2438
1.0000,0.0077,0.2449
1.0000,0.0062,0.2459
1.0000,0.0047,0.2470
1.0000,0.0031,0.2480
1.0000,0.0016,0.2490
1.0000,-0.0000,0.2500
1.0000,-0.0016,0.2510
1.0000,-0.0032,0.2520
1.0000,-0.0048,0.2530
1.0000,-0.0064,0.2539
1.0000,-0.0080,0.2549
1.0000,-0.0096,0.2558
1.0000,-0.0113,0.2568
1.0000,-0.0130,0.2577
1.0000,-0.0146,0.2586
1.0000,-0.0163,0.2595
1.0000,-0.0180,0.2604
1.0000,-0.0197,0.2613
1.0000,-0.0215,0.2621
1.0000,-0.0232,0.2630
1.0000,-0.0249,0.2638
1.0000,-0.0267,0.2647
1.0000,-0.0285,0.2655
1.0000,-0.0302,0.2663
1.0000,-0.0320,0.2671
1.0000,-0.0338,0.2679
1.0000,-0.0357,0.2686
1.0000,-0.0375,0.2694
1.0000,-0.0393,0.2702
1.0000,-0.0412,0.2709
1.0000,-0.0430,0.2716
1.0000,-0.0449,0.2723
1.0000,-0.0468,0.2730
1.0000,-0.0487,0.2737
1.0000,-0.0506,0.2744
1.0000,-0.0525,0.2750
1.0000,-0.0544,0.2757
1.0000,-0.0563,0.2763
1.0000,-0.0583,0.2769
1.0000,-0.0602,0.2775
1.0000,-0.0622,0.2781
1.0000,-0.0641,0.2787
1.0000,-0.0661,0.2793
1.0000,-0.0681,0.2798
1.0000,-0.0701,0.2804
1.0000,-0.0721,0.2809
1.0000,-0.0741,0.2814
1.0000,-0.0762,0.2819
1.0000,-0.0782,0.2824
1.0000,-0.0802,0.2828
1.0000,-0.0823,0.2833
1.0000,-0.0844,0.2837
1.0000,-0.0864,0.2841
1.0000,-0.0885,0.2845
1.0000,-0.0906,0.2849
1.0000,-0.0927,0.2853
1.0000,-0.0948,0.2857
1.0000,-0.0969,0.2860
1.0000,-0.0990,0.2864
1.0000,-0.1012,0.2867
1.0000,-0.1033,0.2870
1.0000,-0.1055,0.2873
1.0000,-0.1076,0.2875
1.0000,-0.1098,0.2878
1.0000,-0.1119,0.2880
1.0000,-0.1141,0.2882
1.0000,-0.1163,0.2884
1.0000,-0.1185,0.2886
1.0000,-0.1207,0.2888
1.0000,-0.1229,0.2890
1.0000,-0.1251,0.2891
1.0000,-0.1273,0.2892
1.0000,-0.1295,0.2893
1.0000,-0.1318,0.2894
1.0000,-0.1340,0.2895
1.0000,-0.1362,0.2895
1.0000,-0.1385,0.2896
1.0000,-0.1408,0.2896
1.0000,-0.1430,0.2896
1.0000,-0.1453,0.2896
1.0000,-0.1475,0.2896
1.0000,-0.1498,0.2895
1.0000,-0.1521,0.2895
1.0000,-0.1544,0.2894
1.0000,-0.1567,0.2893
1.0000,-0.1590,0.2892
1.0000,-0.1613,0.2890
1.0000,-0.1636,0.2889
1.0000,-0.1659,0.2887
1.0000,-0.1682,0.2886
1.0000,-0.1705,0.2883
1.0000,-0.1729,0.2881
1.0000,-0.1752,0.2879
1.0000,-0.1775,0.2876
1.0000,-0.1798,0.2874
1.0000,-0.1822,0.2871
1.0000,-0.1845,0.2868
1.0000,-0.1869,0.2864
1.0000,-0.1892,0.2861
1.0000,-0.1916,0.2857
1.0000,-0.1939,0.2853
1.0000,-0.1963,0.2849
1.0000,-0.1986,0.2845
1.0000,-0.2010,0.2841
1.0000,-0.2034,0.2836
1.0000,-0.2057,0.2832
1.0000,-0.2081,0.2827
1.0000,-0.2105,0.2822
1.0000,-0.2128,0.2816
1.0000,-0.2152,0.2811
1.0000,-0.2176,0.2805
1.0000,-0.2200,0.2799
1.0000,-0.2223,0.2793
1.0000,-0.2247,0.2787
1.0000,-0.2271,0.2780
1.0000,-0.2295,0.2774
1.0000,-0.2319,0.2767
1.0000,-0.2342,0.2760
1.0000,-0.2366,0.2753
1.0000,-0.2390,0.2745
1.0000,-0.2414,0.2738
1.0000,-0.2438,0.2730
1.0000,-0.2461,0.2722
1.0000,-0.2485,0.2714
1.0000,-0.2509,0.2706
1.0000,-0.2533,0.2697
1.0000,-0.2557,0.2688
1.0000,-0.2580,0.2680
1.0000,-0.2604,0.2670
1.0000,-0.2628,0.2661
1.0000,-0.2652,0.2652
1.0000,-0.2675,0.2642
1.0000,-0.2699,0.2632
1.0000,-0.2723,0.2622
1.0000,-0.2746,0.2612
1.0000,-0.2770,0.2601
1.0000,-0.2794,0.2591
1.0000,-0.2817,0.2580
1.0000,-0.2841,0.2569
1.0000,-0.2864,0.2557
1.0000,-0.2888,0.2546
1.0000,-0.2911,0.2534
1.0000,-0.2935,0.2523
1.0000,-0.2958,0.2511
1.0000,-0.2982,0.2498
1.0000,-0.3005,0.2486
1.0000,-0.3028,0.2473
1.0000,-0.3052,0.2461
1.0000,-0.3075,0.2448
1.0000,-0.3098,0.2434
1.0000,-0.3121,0.2421
1.0000,-0.3144,0.2407
1.0000,-0.3167,0.2394
1.0000,-0.3190,0.2380
1.0000,-0.3213,0.2365
1.0000,-0.3236,0.2351
1.0000,-0.3259,0.2337
1.0000,-0.3282,0.2322
1.0000,-0.3304,0.2307
1.0000,-0.3327,0.2292
1.0000,-0.3350,0.2276
1.0000,-0.3372,0.2261
1.0000,-0.3395,0.2245
1.0000,-0.3417,0.2229
1.0000,-0.3439,0.2213
1.0000,-0.3462,0.2197
1.0000,-0.3484,0.2180
1.0000,-0.3506,0.2164
1.0000,-0.3528,0.2147
1.0000,-0.3550,0.2130
1.0000,-0.3572,0.2113
1.0000,-0.3594,0.2095
1.0000,-0.3616,0.2077
1.0000,-0.3637,0.2060
1.0000,-0.3659,0.2042
1.0000,-0.3680,0.2023
1.0000,-0.3702,0.2005
1.0000,-0.3723,0.1986
1.0000,-0.3745,0.1968
1.0000,-0.3766,0.1949
1.0000,-0.3787,0.1929
1.0000,-0.3808,0.1910
1.0000,-0.3829,0.1891
1.0000,-0.3849,0.1871
1.0000,-0.3870,0.1851
1.0000,-0.3891,0.1831
1.0000,-0.3911,0.1811
1.0000,-0.3932,0.1790
1.0000,-0.3952,0.1769
1.0000,-0.3972,0.1749
1.0000,-0.3992,0.1728
1.0000,-0.4012,0.1706
1.0000,-0.4032,0.1685
1.0000,-0.4052,0.1663
1.0000,-0.4071,0.1642
1.0000,-0.4091,0.1620
1.0000,-0.4110,0.1598
1.0000,-0.4130,0.1575
1.0000,-0.4149,0.1553
1.0000,-0.4168,0.1530
1.0000,-0.4187,0.1507
1.0000,-0.4206,0.1484
1.0000,-0.4224,0.1461
1.0000,-0.4243,0.1438
1.0000,-0.4261,0.1414
1.0000,-0.4280,0.1391
1.0000,-0.4298,0.1367
1.0000,-0.4316,0.1343
1.0000,-0.4334,0.1318
1.0000,-0.4352,0.1294
1.0000,-0.4369,0.1269
1.0000,-0.4387,0.1245
1.0000,-0.4404,0.1220
1.0000,-0.4421,0.1195
1.0000,-0.4439,0.1169
1.0000,-0.4455,0.1144
1.0000,-0.4472,0.1118
1.0000,-0.4489,0.1093
1.0000,-0.4505,0.1067
1.0000,-0.4522,0.1041
1.0000,-0.4538,0.1014
1.0000,-0.4554,0.0988
1.0000,-0.4570,0.0961
1.0000,-0.4586,0.0935
1.0000,-0.4601,0.0908
1.0000,-0.4617,0.0881
1.0000,-0.4632,0.0853
1.0000,-0.4647,0.0826
1.0000,-0.4662,0.0799
1.0000,-0.4677,0.0771
1.0000,-0.4692,0.0743
1.0000,-0.4706,0.0715
1.0000,-0.4720,0.0687
1.0000,-0.4734,0.0659
1.0000,-0.4748,0.0630
1.0000,-0.4762,0.0602
1.0000,-0.4776,0.0573
1.0000,-0.4789,0.0544
1.0000,-0.4802,0.0515
1.0000,-0.4816,0.0486
1.0000,-0.4828,0.0456
1.0000,-0.4841,0.0427
1.0000,-0.4854,0.0397
1.0000,-0.4866,0.0368
1.0000,-0.4878,0.0338
1.0000,-0.4890,0.0308
1.0000,-0.4902,0.0278
1.0000,-0.4914,0.0247
1.0000,-0.4925,0.0217
1.0000,-0.4936,0.0186
1.0000,-0.4948,0.0155
1.0000,-0.4958,0.0125
1.0000,-0.4969,0.0094
1.0000,-0.4980,0.0063
1.0000,-0.4990,0.0031
1.0000,-0.5000,-0.0000
1.0000,-0.5010,-0.0031
1.0000,-0.5020,-0.0063
1.0000,-0.5029,-0.0095
1.0000,-0.5038,-0.0127
1.0000,-0.5048,-0.0159
1.0000,-0.5056,-0.0191
1.0000,-0.5065,-0.0223
1.0000,-0.5074,-0.0255
1.0000,-0.5082,-0.0288
1.0000,-0.5090,-0.0320
1.0000,-0.5098,-0.0353
1.0000,-0.5105,-0.0386
1.0000,-0.5113,-0.0419
1.0000,-0.5120,-0.0452
1.0000,-0.5127,-0.0485
1.0000,-0.5134,-0.0518
1.0000,-0.5141,-0.0551
1.0000,-0.5147,-0.0585
1.0000,-0.5153,-0.0618
1.0000,-0.5159,-0.0652
1.0000,-0.5165,-0.0685
1.0000,-0.5170,-0.0719
1.0000,-0.5175,-0.0753
1.0000,-0.5181,-0.0787
1.0000,-0.5185,-0.0821
1.0000,-0.5190,-0.0855
1.0000,-0.5194,-0.0890
1.0000,-0.5198,-0.0924
1.0000,-0.5202,-0.0959
1.0000,-0.5206,-0.0993
1.0000,-0.5210,-0.1028
1.0000,-0.5213,-0.1062
1.0000,-0.5216,-0.1097
1.0000,-0.5219,-0.1132
1.0000,-0.5221,-0.1167
1.0000,-0.5223,-0.1202
1.0000,-0.5226,-0.1237
1.0000,-0.5227,-0.1272
1.0000,-0.5229,-0.1308
1.0000,-0.5230,-0.1343
1.0000,-0.5231,-0.1378
1.0000,-0.5232,-0.1414
1.0000,-0.5233,-0.1449
1.0000,-0.5233,-0.1485
1.0000,-0.5234,-0.1521
1.0000,-0.5234,-0.1556
1.0000,-0.5233,-0.1592
1.0000,-0.5233,-0.1628
1.0000,-0.5232,-0.1664
1.0000,-0.5231,-0.1700
1.0000,-0.5230,-0.1736
1.0000,-0.5228,-0.1772
1.0000,-0.5226,-0.1808
1.0000,-0.5224,-0.1844
1.0000,-0.5222,-0.1880
1.0000,-0.5219,-0.1916
1.0000,-0.5217,-0.1952
1.0000,-0.5214,-0.1989
1.0000,-0.5210,-0.2025
1.0000,-0.5207,-0.2061
1.0000,-0.5203,-0.2098
1.0000,-0.5199,-0.2134
1.0000,-0.5195,-0.2171
1.0000,-0.5190,-0.2207
1.0000,-0.5185,-0.2244
1.0000,-0.5180,-0.2280
1.0000,-0.5175,-0.2317
1.0000,-0.5169,-0.2354
1.0000,-0.5164,-0.2390
1.0000,-0.5158,-0.2427
1.0000,-0.5151,-0.2464
1.0000,-0.5145,-0.2500
1.0000,-0.5138,-0.2537
1.0000,-0.5131,-0.2574
1.0000,-0.5123,-0.2610
1.0000,-0.5116,-0.2647
1.0000,-0.5108,-0.2684
1.0000,-0.5100,-0.2721
1.0000,-0.5091,-0.2757
1.0000,-0.5083,-0.2794
1.0000,-0.5074,-0.2831
1.0000,-0.5064,-0.2868
1.0000,-0.5055,-0.2904
1.0000,-0.5045,-0.2941
1.0000,-0.5035,-0.2978
1.0000,-0.5025,-0.3015
1.0000,-0.5015,-0.3051
1.0000,-0.5004,-0.3088
1.0000,-0.4993,-0.3125
1.0000,-0.4982,-0.3161
1.0000,-0.4970,-0.3198
1.0000,-0.4958,-0.3235
1.0000,-0.4946,-0.3271
1.0000,-0.4934,-0.3308
1.0000,-0.4921,-0.3344
1.0000,-0.4908,-0.3381
1.0000,-0.4895,-0.3417
1.0000,-0.4882,-0.3454
1.0000,-0.4868,-0.3490
1.0000,-0.4854,-0.3527
1.0000,-0.4840,-0.3563
1.0000,-0.4825,-0.3599
1.0000,-0.4811,-0.3636
1.0000,-0.4796,-0.3672
1.0000,-0.4780,-0.3708
1.0000,-0.4765,-0.3744
1.0000,-0.4749,-0.3780
1.0000,-0.4733,-0.3816
1.0000,-0.4717,-0.3852
1.0000,-0.4700,-0.3888
1.0000,-0.4683,-0.3924
1.0000,-0.4666,-0.3960
1.0000,-0.4649,-0.3996
1.0000,-0.4631,-0.4031
1.0000,-0.4613,-0.4067
1.0000,-0.4595,-0.4103
1.0000,-0.4577,-0.4138
1.0000,-0.4558,-0.4174
1.0000,-0.4539,-0.4209
1.0000,-0.4520,-0.4244
1.0000,-0.4500,-0.4279
1.0000,-0.4480,-0.4315
1.0000,-0.4460,-0.4350
1.0000,-0.4440,-0.4385
1.0000,-0.4419,-0.4419
1.0000,-0.4399,-0.4454
1.0000,-0.4377,-0.4489
1.0000,-0.4356,-0.4524
1.0000,-0.4335,-0.4558
1.0000,-0.4313,-0.4593
1.0000,-0.4291,-0.4627
1.0000,-0.4268,-0.4661
1.0000,-0.4245,-0.4695
1.0000,-0.4223,-0.4729
1.0000,-0.4199,-0.4763
1.0000,-0.4176,-0.4797
1.0000,-0.4152,-0.4831
1.0000,-0.4128,-0.4864
1.0000,-0.4104,-0.4898
1.0000,-0.4080,-0.4931
1.0000,-0.4055,-0.4965
1.0000,-0.4030,-0.4998
1.0000,-0.4005,-0.5031
1.0000,-0.3979,-0.5064
1.0000,-0.3953,-0.5096
1.0000,-0.3927,-0.5129
1.0000,-0.3901,-0.5162
1.0000,-0.3874,-0.5194
1.0000,-0.3848,-0.5226
1.0000,-0.3821,-0.5259
1.0000,-0.3793,-0.5291
1.0000,-0.3766,-0.5323
1.0000,-0.3738,-0.5354
1.0000,-0.3710,-0.5386
1.0000,-0.3682,-0.5417
1.0000,-0.3653,-0.5449
1.0000,-0.3624,-0.5480
1.0000,-0.3595,-0.5511
1.0000,-0.3566,-0.5542
1.0000,-0.3536,-0.5573
1.0000,-0.3507,-0.5603
1.0000,-0.3477,-0.5634
1.0000,-0.3446,-0.5664
1.0000,-0.3416,-0.5694
1.0000,-0.3385,-0.5724
1.0000,-0.3354,-0.5754
1.0000,-0.3323,-0.5783
1.0000,-0.3291,-0.5813
1.0000,-0.3260,-0.5842
1.0000,-0.3228,-0.5871
1.0000,-0.3196,-0.5900
1.0000,-0.3163,-0.5929
1.0000,-0.3130,-0.5958
1.0000,-0.3098,-0.5986
1.0000,-0.3064,-0.6014
1.0000,-0.3031,-0.6042
1.0000,-0.2997,-0.6070
1.0000,-0.2964,-0.6098
1.0000,-0.2930,-0.6125
1.0000,-0.2895,-0.6153
1.0000,-0.2861,-0.6180
1.0000,-0.2826,-0.6207
1.0000,-0.2791,-0.6234
1.0000,-0.2756,-0.6260
1.0000,-0.2720,-0.6287
1.0000,-0.2685,-0.6313
1.0000,-0.2649,-0.6339
1.0000,-0.2613,-0.6365
1.0000,-0.2577,-0.6390
1.0000,-0.2540,-0.6415
1.0000,-0.2503,-0.6441
1.0000,-0.2466,-0.6466
1.0000,-0.2429,-0.6490
1.0000,-0.2392,-0.6515
1.0000,-0.2354,-0.6539
1.0000,-0.2316,-0.6563
1.0000,-0.2278,-0.6587
1.0000,-0.2240,-0.6611
1.0000,-0.2202,-0.6634
1.0000,-0.2163,-0.6657
1.0000,-0.2124,-0.6680
1.0000,-0.2085,-0.6703
1.0000,-0.2046,-0.6726
1.0000,-0.2007,-0.6748
1.0000,-0.1967,-0.6770
1.0000,-0.1927,-0.6792
1.0000,-0.1887,-0.6814
1.0000,-0.1847,-0.6835
1.0000,-0.1806,-0.6856
1.0000,-0.1766,-0.6877
1.0000,-0.1725,-0.6898
1.0000,-0.1684,-0.6918
1.0000,-0.1643,-0.6938
1.0000,-0.1601,-0.6958
1.0000,-0.1560,-0.6978
1.0000,-0.1518,-0.6997
1.0000,-0.1476,-0.7016
1.0000,-0.1434,-0.7035
1.0000,-0.1392,-0.7054
1.0000,-0.1349,-0.7072
1.0000,-0.1306,-0.7091
1.0000,-0.1264,-0.7109
1.0000,-0.1221,-0.7126
1.0000,-0.1177,-0.7144
1.0000,-0.1134,-0.7161
1.0000,-0.1091,-0.7178
1.0000,-0.1047,-0.7194
1.0000,-0.1003,-0.7211
1.0000,-0.0959,-0.7227
1.0000,-0.0915,-0.7242
1.0000,-0.0871,-0.7258
1.0000,-0.0826,-0.7273
1.0000,-0.0781,-0.7288
1.0000,-0.0737,-0.7303
1.0000,-0.0692,-0.7317
1.0000,-0.0647,-0.7332
1.0000,-0.0601,-0.7345
1.0000,-0.0556,-0.7359
1.0000,-0.0510,-0.7372
1.0000,-0.0465,-0.7385
1.0000,-0.0419,-0.7398
1.0000,-0.0373,-0.7411
1.0000,-0.0327,-0.7423
1.0000,-0.0280,-0.7435
1.0000,-0.0234,-0.7446
1.0000,-0.0187,-0.7458
1.0000,-0.0141,-0.7469
1.0000,-0.0094,-0.7479
1.0000,-0.0047,-0.7490
1.0000,-0.0000,-0.7500
1.0000,0.0047,-0.7510
1.0000,0.0094,-0.7519
1.0000,0.0142,-0.7529
1.0000,0.0189,-0.7538
1.0000,0.0237,-0.7546
1.0000,0.0285,-0.7555
1.0000,0.0333,-0.7563
1.0000,0.0381,-0.7570
1.0000,0.0429,-0.7578
1.0000,0.0477,-0.7585
1.0000,0.0526,-0.7592
1.0000,0.0574,-0.7598
1.0000,0.0623,-0.7605
1.0000,0.0671,-0.7610
1.0000,0.0720,-0.7616
1.0000,0.0769,-0.7621
1.0000,0.0818,-0.7626
1.0000,0.0867,-0.7631
1.0000,0.0916,-0.7635
1.0000,0.0965,-0.7639
1.0000,0.1014,-0.7643
1.0000,0.1064,-0.7646
1.0000,0.1113,-0.7649
1.0000,0.1163,-0.7652
1.0000,0.1212,-0.7655
1.0000,0.1262,-0.7657
1.0000,0.1312,-0.7658
1.0000,0.1362,-0.7660
1.0000,0.1412,-0.7661
1.0000,0.1462,-0.7662
1.0000,0.1512,-0.7662
1.0000,0.1562,-0.7662
1.0000,0.1612,-0.7662
1.0000,0.1662,-0.7662
1.0000,0.1712,-0.7661
1.0000,0.1763,-0.7660
1.0000,0.1813,-0.7658
1.0000,0.1864,-0.7656
1.0000,0.1914,-0.7654
1.0000,0.1965,-0.7652
1.0000,0.2015,-0.7649
1.0000,0.2066,-0.7646
1.0000,0.2117,-0.7642
1.0000,0.2167,-0.7638
1.0000,0.2218,-0.7634
1.0000,0.2269,-0.7630
1.0000,0.2320,-0.7625
1.0000,0.2370,-0.7620
1.0000,0.2421,-0.7614
1.0000,0.2472,-0.7608
1.0000,0.2523,-0.7602
1.0000,0.2574,-0.7596
1.0000,0.2625,-0.7589
1.0000,0.2676,-0.7582
1.0000,0.2727,-0.7574
1.0000,0.2778,-0.7566
1.0000,0.2829,-0.7558
1.0000,0.2880,-0.7549
1.0000,0.2931,-0.7540
1.0000,0.2982,-0.7531
1.0000,0.3033,-0.7522
1.0000,0.3084,-0.7512
1.0000,0.3135,-0.7501
1.0000,0.3186,-0.7491
1.0000,0.3237,-0.7480
1.0000,0.3288,-0.7468
1.0000,0.3339,-0.7457
1.0000,0.3390,-0.7445
1.0000,0.3441,-0.7432
1.0000,0.3491,-0.7420
1.0000,0.3542,-0.7407
1.0000,0.3593,-0.7393
1.0000,0.3644,-0.7379
1.0000,0.3695,-0.7365
1.0000,0.3745,-0.7351
1.0000,0.3796,-0.7336
1.0000,0.3847,-0.7321
1.0000,0.3897,-0.7305
1.0000,0.3948,-0.7290
1.0000,0.3999,-0.7273
1.0000,0.4049,-0.7257
1.0000,0.4099,-0.7240
1.0000,0.4150,-0.7223
1.0000,0.4200,-0.7205
1.0000,0.4250,-0.7187
1.0000,0.4301,-0.7169
1.0000,0.4351,-0.7150
1.0000,0.4401,-0.7131
1.0000,0.4451,-0.7112
1.0000,0.4501,-0.7092
1.0000,0.4551,-0.7072
1.0000,0.4601,-0.7052
1.0000,0.4650,-0.7031
1.0000,0.4700,-0.7010
1.0000,0.4750,-0.6989
1.0000,0.4799,-0.6967
1.0000,0.4849,-0.6945
1.0000,0.4898,-0.6923
1.0000,0.4947,-0.6900
1.0000,0.4996,-0.6877
1.0000,0.5045,-0.6853
1.0000,0.5094,-0.6829
1.0000,0.5143,-0.6805
1.0000,0.5192,-0.6781
1.0000,0.5240,-0.6756
1.0000,0.5289,-0.6731
1.0000,0.5337,-0.6705
1.0000,0.5386,-0.6679
1.0000,0.5434,-0.6653
1.0000,0.5482,-0.6626
1.0000,0.5530,-0.6600
1.0000,0.5578,-0.6572
1.0000,0.5625,-0.6545
1.0000,0.5673,-0.6517
1.0000,0.5720,-0.6488
1.0000,0.5768,-0.6460
1.0000,0.5815,-0.6431
1.0000,0.5862,-0.6402
1.0000,0.5909,-0.6372
1.0000,0.5956,-0.6342
1.0000,0.6002,-0.6312
1.0000,0.6049,-0.6281
1.0000,0.6095,-0.6250
1.0000,0.6141,-0.6219
1.0000,0.6187,-0.6187
1.0000,0.6233,-0.6155
1.0000,0.6279,-0.6123
1.0000,0.6324,-0.6090
1.0000,0.6370,-0.6057
1.0000,0.6415,-0.6024
1.0000,0.6460,-0.5990
1.0000,0.6505,-0.5956
1.0000,0.6550,-0.5922
1.0000,0.6594,-0.5888
1.0000,0.6638,-0.5853
1.0000,0.6683,-0.5817
1.0000,0.6727,-0.5782
1.0000,0.6770,-0.5746
1.0000,0.6814,-0.5710
1.0000,0.6858,-0.5673
1.0000,0.6901,-0.5636
1.0000,0.6944,-0.5599
1.0000,0.6987,-0.5561
1.0000,0.7029,-0.5524
1.0000,0.7072,-0.5486
1.0000,0.7114,-0.5447
1.0000,0.7156,-0.5408
1.0000,0.7198,-0.5369
1.0000,0.7240,-0.5330
1.0000,0.7281,-0.5290
1.0000,0.7322,-0.5250
1.0000,0.7363,-0.5210
1.0000,0.7404,-0.5169
1.0000,0.7445,-0.5128
1.0000,0.7485,-0.5087
1.0000,0.7525,-0.5045
1.0000,0.7565,-0.5003
1.0000,0.7605,-0.4961
1.0000,0.7644,-0.4919
1.0000,0.7683,-0.4876
1.0000,0.7722,-0.4833
1.0000,0.7761,-0.4790
1.0000,0.7800,-0.4746
1.0000,0.7838,-0.4702
1.0000,0.7876,-0.4658
1.0000,0.7914,-0.4613
1.0000,0.7951,-0.4568
1.0000,0.7988,-0.4523
1.0000,0.8025,-0.4478
1.0000,0.8062,-0.4432
1.0000,0.8099,-0.4386
1.0000,0.8135,-0.4340
1.0000,0.8171,-0.4293
1.0000,0.8206,-0.4247
1.0000,0.8242,-0.4199
1.0000,0.8277,-0.4152
1.0000,0.8312,-0.4104
1.0000,0.8346,-0.4056
1.0000,0.8381,-0.4008
1.0000,0.8415,-0.3960
1.0000,0.8449,-0.3911
1.0000,0.8482,-0.3862
1.0000,0.8515,-0.3813
1.0000,0.8548,-0.3763
1.0000,0.8581,-0.3713
1.0000,0.8613,-0.3663
1.0000,0.8645,-0.3613
1.0000,0.8677,-0.3562
1.0000,0.8709,-0.3511
1.0000,0.8740,-0.3460
1.0000,0.8771,-0.3409
1.0000,0.8801,-0.3357
1.0000,0.8832,-0.3306
1.0000,0.8862,-0.3253
1.0000,0.8891,-0.3201
1.0000,0.8921,-0.3148
1.0000,0.8950,-0.3096
1.0000,0.8978,-0.3043
1.0000,0.9007,-0.2989
1.0000,0.9035,-0.2936
1.0000,0.9063,-0.2882
1.0000,0.9090,-0.2828
1.0000,0.9117,-0.2774
1.0000,0.9144,-0.2719
1.0000,0.9171,-0.2664
1.0000,0.9197,-0.2609
1.0000,0.9223,-0.2554
1.0000,0.9248,-0.2499
1.0000,0.9274,-0.2443
1.0000,0.9298,-0.2387
1.0000,0.9323,-0.2331
1.0000,0.9347,-0.2275
1.0000,0.9371,-0.2219
1.0000,0.9394,-0.2162
1.0000,0.9418,-0.2105
1.0000,0.9440,-0.2048
1.0000,0.9463,-0.1991
1.0000,0.9485,-0.1933
1.0000,0.9507,-0.1875
1.0000,0.9528,-0.1818
1.0000,0.9549,-0.1760
1.0000,0.9570,-0.1701
1.0000,0.9590,-0.1643
1.0000,0.9610,-0.1584
1.0000,0.9630,-0.1525
1.0000,0.9649,-0.1466
1.0000,0.9668,-0.1407
1.0000,0.9687,-0.1348
1.0000,0.9705,-0.1288
1.0000,0.9723,-0.1228
1.0000,0.9740,-0.1168
1.0000,0.9757,-0.1108
1.0000,0.9774,-0.1048
1.0000,0.9790,-0.0988
1.0000,0.9806,-0.0927
1.0000,0.9822,-0.0866
1.0000,0.9837,-0.0805
1.0000,0.9852,-0.0744
1.0000,0.9866,-0.0683
1.0000,0.9880,-0.0622
1.0000,0.9894,-0.0560
1.0000,0.9907,-0.0498
1.0000,0.9920,-0.0437
1.0000,0.9933,-0.0375
1.0000,0.9945,-0.0313
1.0000,0.9957,-0.0250
1.0000,0.9968,-0.0188
1.0000,0.9979,-0.0125
1.0000,0.9990,-0.0063
1.0000,1.0000,-0.0000
2.0000,-0.0000,0.0010
2.0000,-0.0000,0.0020
2.0000,-0.0001,0.0030
2.0000,-0.0001,0.0040
2.0000,-0.0002,0.0050
2.0000,-0.0002,0.0060
2.0000,-0.0003,0.0070
2.0000,-0.0004,0.0080
2.0000,-0.0005,0.0090
2.0000,-0.0006,0.0100
2.0000,-0.0008,0.0110
2.0000,-0.0009,0.0120
2.0000,-0.0011,0.0130
2.0000,-0.0012,0.0139
2.0000,-0.0014,0.0149
2.0000,-0.0016,0.0159
2.0000,-0.0018,0.0169
2.0000,-0.0020,0.0179
2.0000,-0.0023,0.0189
2.0000,-0.0025,0.0198
2.0000,-0.0028,0.0208
2.0000,-0.0030,0.0218
2.0000,-0.0033,0.0228
2.0000,-0.0036,0.0237
2.0000,-0.0039,0.0247
2.0000,-0.0042,0.0257
2.0000,-0.0046,0.0266
2.0000,-0.0049,0.0276
2.0000,-0.0053,0.0285
2.0000,-0.0056,0.0295
2.0000,-0.0060,0.0304
2.0000,-0.0064,0.0314
2.0000,-0.0068,0.0323
2.0000,-0.0072,0.0332
2.0000,-0.0076,0.0342
2.0000,-0.0081,0.0351
2.0000,-0.0085,0.0360
2.0000,-0.0090,0.0369
2.0000,-0.0095,0.0378
2.0000,-0.0099,0.0387
2.0000,-0.0104,0.0396
2.0000,-0.0110,0.0405
2.0000,-0.0115,0.0414
2.0000,-0.0120,0.0423
2.0000,-0.0126,0.0432
2.0000,-0.0131,0.0441
2.0000,-0.0137,0.0450
2.0000,-0.0143,0.0458
2.0000,-0.0148,0.0467
2.0000,-0.0155,0.0476
2.0000,-0.0161,0.0484
2.0000,-0.0167,0.0492
2.0000,-0.0173,0.0501
2.0000,-0.0180,0.0509
2.0000,-0.0186,0.0517
2.0000,-0.0193,0.0526
2.0000,-0.0200,0.0534
2.0000,-0.0207,0.0542
2.0000,-0.0214,0.0550
2.0000,-0.0221,0.0558
2.0000,-0.0228,0.0566
2.0000,-0.0235,0.0574
2.0000,-0.0243,0.0581
2.0000,-0.0250,0.0589
2.0000,-0.0258,0.0597
2.0000,-0.0266,0.0604
2.0000,-0.0274,0.0612
2.0000,-0.0282,0.0619
2.0000,-0.0290,0.0626
2.0000,-0.0298,0.0633
2.0000,-0.0306,0.0641
2.0000,-0.0315,0.0648
2.0000,-0.0323,0.0655
2.0000,-0.0332,0.0661
2.0000,-0.0340,0.0668
2.0000,-0.0349,0.0675
2.0000,-0.0358,0.0682
2.0000,-0.0367,0.0688
2.0000,-0.0376,0.0695
2.0000,-0.0385,0.0701
2.0000,-0.0395,0.0707
2.0000,-0.0404,0.0714
2.0000,-0.0413,0.0720
2.0000,-0.0423,0.0726
2.0000,-0.0433,0.0732
2.0000,-0.0442,0.0737
2.0000,-0.0452,0.0743
2.0000,-0.0462,0.0749
2.0000,-0.0472,0.0754
2.0000,-0.0482,0.0760
2.0000,-0.0492,0.0765
2.0000,-0.0503,0.0771
2.0000,-0.0513,0.0776
2.0000,-0.0523,0.0781
2.0000,-0.0534,0.0786
2.0000,-0.0545,0.0791
2.0000,-0.0555,0.0795
2.0000,-0.0566,0.0800
2.0000,-0.0577,0.0805
2.0000,-0.0588,0.0809
2.0000,-0.0599,0.0813
2.0000,-0.0610,0.0818
2.0000,-0.0621,0.0822
2.0000,-0.0632,0.0826
2.0000,-0.0644,0.0830
2.0000,-0.0655,0.0833
2.0000,-0.0666,0.0837
2.0000,-0.0678,0.0841
2.0000,-0.0690,0.0844
2.0000,-0.0701,0.0848
2.0000,-0.0713,0.0851
2.0000,-0.0725,0.0854
2.0000,-0.0737,0.0857
2.0000,-0.0749,0.0860
2.0000,-0.0761,0.0863
2.0000,-0.0773,0.0865
2.0000,-0.0785,0.0868
2.0000,-0.0797,0.0870
2.0000,-0.0809,0.0873
2.0000,-0.0821,0.0875
2.0000,-0.0834,0.0877
2.0000,-0.0846,0.0879
2.0000,-0.0859,0.0881
2.0000,-0.0871,0.0882
2.0000,-0.0884,0.0884
2.0000,-0.0897,0.0885
2.0000,-0.0909,0.0887
2.0000,-0.0922,0.0888
2.0000,-0.0935,0.0889
2.0000,-0.0948,0.0890
2.0000,-0.0961,0.0891
2.0000,-0.0974,0.0891
2.0000,-0.0987,0.0892
2.0000,-0.1000,0.0892
2.0000,-0.1013,0.0893
2.0000,-0.1026,0.0893
2.0000,-0.1039,0.0893
2.0000,-0.1052,0.0893
2.0000,-0.1065,0.0893
2.0000,-0.1079,0.0892
2.0000,-0.1092,0.0892
2.0000,-0.1105,0.0891
2.0000,-0.1119,0.0891
2.0000,-0.1132,0.0890
2.0000,-0.1146,0.0889
2.0000,-0.1159,0.0888
2.0000,-0.1173,0.0886
2.0000,-0.1186,0.0885
2.0000,-0.1200,0.0883
2.0000,-0.1214,0.0882
2.0000,-0.1227,0.0880
2.0000,-0.1241,0.0878
2.0000,-0.1255,0.0876
2.0000,-0.1268,0.0874
2.0000,-0.1282,0.0871
2.0000,-0.1296,0.0869
2.0000,-0.1310,0.0866
2.0000,-0.1323,0.0863
2.0000,-0.1337,0.0860
2.0000,-0.1351,0.0857
2.0000,-0.1365,0.0854
2.0000,-0.1379,0.0851
2.0000,-0.1392,0.0847
2.0000,-0.1406,0.0844
2.0000,-0.1420,0.0840
2.0000,-0.1434,0.0836
2.0000,-0.1448,0.0832
2.0000,-0.1462,0.0828
2.0000,-0.1476,0.0823
2.0000,-0.1490,0.0819
2.0000,-0.1504,0.0814
2.0000,-0.1518,0.0810
2.0000,-0.1531,0.0805
2.0000,-0.1545,0.0800
2.0000,-0.1559,0.0794
2.0000,-0.1573,0.0789
2.0000,-0.1587,0.0784
2.0000,-0.1601,0.0778
2.0000,-0.1615,0.0772
2.0000,-0.1629,0.0766
2.0000,-0.1643,0.0760
2.0000,-0.1656,0.0754
2.0000,-0.1670,0.0748
2.0000,-0.1684,0.0741
2.0000,-0.1698,0.0735
2.0000,-0.1712,0.0728
2.0000,-0.1725,0.0721
2.0000,-0.1739,0.0714
2.0000,-0.1753,0.0707
2.0000,-0.1767,0.0699
2.0000,-0.1780,0.0692
2.0000,-0.1794,0.0684
2.0000,-0.1808,0.0677
2.0000,-0.1821,0.0669
2.0000,-0.1835,0.0661
2.0000,-0.1848,0.0652
2.0000,-0.1862,0.0644
2.0000,-0.1875,0.0635
2.0000,-0.1889,0.0627
2.0000,-0.1902,0.0618
2.0000,-0.1915,0.0609
2.0000,-0.1929,0.0600
2.0000,-0.1942,0.0591
2.0000,-0.1955,0.0581
2.0000,-0.1969,0.0572
2.0000,-0.1982,0.0562
2.0000,-0.1995,0.0552
2.0000,-0.2008,0.0543
2.0000,-0.2021,0.0532
2.0000,-0.2034,0.0522
2.0000,-0.2047,0.0512
2.0000,-0.2060,0.0501
2.0000,-0.2073,0.0491
2.0000,-0.2085,0.0480
2.0000,-0.2098,0.0469
2.0000,-0.2111,0.0458
2.0000,-0.2124,0.0447
2.0000,-0.2136,0.0435
2.0000,-0.2149,0.0424
2.0000,-0.2161,0.0412
2.0000,-0.2173,0.0400
2.0000,-0.2186,0.0389
2.0000,-0.2198,0.0376
2.0000,-0.2210,0.0364
2.0000,-0.2222,0.0352
2.0000,-0.2234,0.0340
2.0000,-0.2246,0.0327
2.0000,-0.2258,0.0314
2.0000,-0.2270,0.0301
2.0000,-0.2282,0.0288
2.0000,-0.2294,0.0275
2.0000,-0.2305,0.0262
2.0000,-0.2317,0.0248
2.0000,-0.2328,0.0235
2.0000,-0.2340,0.0221
2.0000,-0.2351,0.0207
2.0000,-0.2362,0.0193
2.0000,-0.2373,0.0179
2.0000,-0.2384,0.0165
2.0000,-0.2395,0.0151
2.0000,-0.2406,0.0136
2.0000,-0.2417,0.0122
2.0000,-0.2428,0.0107
2.0000,-0.2438,0.0092
2.0000,-0.2449,0.0077
2.0000,-0.2459,0.0062
2.0000,-0.2470,0.0047
2.0000,-0.2480,0.0031
2.0000,-0.2490,0.0016
2.0000,-0.2500,0.0000
2.0000,-0.2510,-0.0016
2.0000,-0.2520,-0.0032
2.0000,-0.2530,-0.0048
2.0000,-0.2539,-0.0064
2.0000,-0.2549,-0.0080
2.0000,-0.2558,-0.0096
2.0000,-0.2568,-0.0113
2.0000,-0.2577,-0.0130
2.0000,-0.2586,-0.0146
2.0000,-0.2595,-0.0163
2.0000,-0.2604,-0.0180
2.0000,-0.2613,-0.0197
2.0000,-0.2621,-0.0215
2.0000,-0.2630,-0.0232
2.0000,-0.2638,-0.0249
2.0000,-0.2647,-0.0267
2.0000,-0.2655,-0.0285
2.0000,-0.2663,-0.0302
2.0000,-0.2671,-0.0320
2.0000,-0.2679,-0.0338
2.0000,-0.2686,-0.0357
2.0000,-0.2694,-0.0375
2.0000,-0.2702,-0.0393
2.0000,-0.2709,-0.0412
2.0000,-0.2716,-0.0430
2.0000,-0.2723,-0.0449
2.0000,-0.2730,-0.0468
2.0000,-0.2737,-0.0487
2.0000,-0.2744,-0.0506
2.0000,-0.2750,-0.0525
2.0000,-0.2757,-0.0544
2.0000,-0.2763,-0.0563
2.0000,-0.2769,-0.0583
2.0000,-0.2775,-0.0602
2.0000,-0.2781,-0.0622
2.0000,-0.2787,-0.0641
2.0000,-0.2793,-0.0661
2.0000,-0.2798,-0.0681
2.0000,-0.2804,-0.0701
2.0000,-0.2809,-0.0721
2.0000,-0.2814,-0.0741
2.0000,-0.2819,-0.0762
2.0000,-0.2824,-0.0782
2.0000,-0.2828,-0.0802
2.0000,-0.2833,-0.0823
2.0000,-0.2837,-0.0844
2.0000,-0.2841,-0.0864
2.0000,-0.2845,-0.0885
2.0000,-0.2849,-0.0906
2.0000,-0.2853,-0.0927
2.0000,-0.2857,-0.0948
2.0000,-0.2860,-0.0969
2.0000,-0.2864,-0.0990
2.0000,-0.2867,-0.1012
2.0000,-0.2870,-0.1033
2.0000,-0.2873,-0.1055
2.0000,-0.2875,-0.1076
2.0000,-0.2878,-0.1098
2.0000,-0.2880,-0.1119
2.0000,-0.2882,-0.1141
2.0000,-0.2884,-0.1163
2.0000,-0.2886,-0.1185
2.0000,-0.2888,-0.1207
2.0000,-0.2890,-0.1229
2.0000,-0.2891,-0.1251
2.0000,-0.2892,-0.1273
2.0000,-0.2893,-0.1295
2.0000,-0.2894,-0.1318
2.0000,-0.2895,-0.1340
2.0000,-0.2895,-0.1362
2.0000,-0.2896,-0.1385
2.0000,-0.2896,-0.1408
2.0000,-0.2896,-0.1430
2.0000,-0.2896,-0.1453
2.0000,-0.2896,-0.1475
2.0000,-0.2895,-0.1498
2.0000,-0.2895,-0.1521
2.0000,-0.2894,-0.1544
2.0000,-0.2893,-0.1567
2.0000,-0.2892,-0.1590
2.0000,-0.2890,-0.1613
2.0000,-0.2889,-0.1636
2.0000,-0.2887,-0.1659
2.0000,-0.2886,-0.1682
2.0000,-0.2883,-0.1705
2.0000,-0.2881,-0.1729
2.0000,-0.2879,-0.1752
2.0000,-0.2876,-0.1775
2.0000,-0.2874,-0.1798
2.0000,-0.2871,-0.1822
2.0000,-0.2868,-0.1845
2.0000,-0.2864,-0.1869
2.0000,-0.2861,-0.1892
2.0000,-0.2857,-0.1916
2.0000,-0.2853,-0.1939
2.0000,-0.2849,-0.1963
2.0000,-0.2845,-0.1986
2.0000,-0.2841,-0.2010
2.0000,-0.2836,-0.2034
2.0000,-0.2832,-0.2057
2.0000,-0.2827,-0.2081
2.0000,-0.2822,-0.2105
2.0000,-0.2816,-0.2128
2.0000,-0.2811,-0.2152
2.0000,-0.2805,-0.2176
2.0000,-0.2799,-0.2200
2.0000,-0.2793,-0.2223
2.0000,-0.2787,-0.2247
2.0000,-0.2780,-0.2271
2.0000,-0.2774,-0.2295
2.0000,-0.2767,-0.2319
2.0000,-0.2760,-0.2342
2.0000,-0.2753,-0.2366
2.0000,-0.2745,-0.2390
2.0000,-0.2738,-0.2414
2.0000,-0.2730,-0.2438
2.0000,-0.2722,-0.2461
2.0000,-0.2714,-0.2485
2.0000,-0.2706,-0.2509
2.0000,-0.2697,-0.2533
2.0000,-0.2688,-0.2557
2.0000,-0.2680,-0.2580
2.0000,-0.2670,-0.2604
2.0000,-0.2661,-0.2628
2.0000,-0.2652,-0.2652
2.0000,-0.2642,-0.2675
2.0000,-0.2632,-0.2699
2.0000,-0.2622,-0.2723
2.0000,-0.2612,-0.2746
2.0000,-0.2601,-0.2770
2.0000,-0.2591,-0.2794
2.0000,-0.2580,-0.2817
2.0000,-0.2569,-0.2841
2.0000,-0.2557,-0.2864
2.0000,-0.2546,-0.2888
2.0000,-0.2534,-0.2911
2.0000,-0.2523,-0.2935
2.0000,-0.2511,-0.2958
2.0000,-0.2498,-0.2982
2.0000,-0.2486,-0.3005
2.0000,-0.2473,-0.3028
2.0000,-0.2461,-0.3052
2.0000,-0.2448,-0.3075
2.0000,-0.2434,-0.3098
2.0000,-0.2421,-0.3121
2.0000,-0.2407,-0.3144
2.0000,-0.2394,-0.3167
2.0000,-0.2380,-0.3190
2.0000,-0.2365,-0.3213
2.0000,-0.2351,-0.3236
2.0000,-0.2337,-0.3259
2.0000,-0.2322,-0.3282
2.0000,-0.2307,-0.3304
2.0000,-0.2292,-0.3327
2.0000,-0.2276,-0.3350
2.0000,-0.2261,-0.3372
2.0000,-0.2245,-0.3395
2.0000,-0.2229,-0.3417
2.0000,-0.2213,-0.3439
2.0000,-0.2197,-0.3462
2.0000,-0.2180,-0.3484
2.0000,-0.2164,-0.3506
2.0000,-0.2147,-0.3528
2.0000,-0.2130,-0.3550
2.0000,-0.2113,-0.3572
2.0000,-0.2095,-0.3594
2.0000,-0.2077,-0.3616
2.0000,-0.2060,-0.3637
2.0000,-0.2042,-0.3659
2.0000,-0.2023,-0.3680
2.0000,-0.2005,-0.3702
2.0000,-0.1986,-0.3723
2.0000,-0.1968,-0.3745
2.0000,-0.1949,-0.3766
2.0000,-0.1929,-0.3787
2.0000,-0.1910,-0.3808
2.0000,-0.1891,-0.3829
2.0000,-0.1871,-0.3849
2.0000,-0.1851,-0.3870
2.0000,-0.1831,-0.3891
2.0000,-0.1811,-0.3911
2.0000,-0.1790,-0.3932
2.0000,-0.1769,-0.3952
2.0000,-0.1749,-0.3972
2.0000,-0.1728,-0.3992
2.0000,-0.1706,-0.4012
2.0000,-0.1685,-0.4032
2.0000,-0.1663,-0.4052
2.0000,-0.1642,-0.4071
2.0000,-0.1620,-0.4091
2.0000,-0.1598,-0.4110
2.0000,-0.1575,-0.4130
2.0000,-0.1553,-0.4149
2.0000,-0.1530,-0.4168
2.0000,-0.1507,-0.4187
2.0000,-0.1484,-0.4206
2.0000,-0.1461,-0.4224
2.0000,-0.1438,-0.4243
2.0000,-0.1414,-0.4261
2.0000,-0.1391,-0.4280
2.0000,-0.1367,-0.4298
2.0000,-0.1343,-0.4316
2.0000,-0.1318,-0.4334
2.0000,-0.1294,-0.4352
2.0000,-0.1269,-0.4369
2.0000,-0.1245,-0.4387
2.0000,-0.1220,-0.4404
2.0000,-0.1195,-0.4421
2.0000,-0.1169,-0.4439
2.0000,-0.1144,-0.4455
2.0000,-0.1118,-0.4472
2.0000,-0.1093,-0.4489
2.0000,-0.1067,-0.4505
2.0000,-0.1041,-0.4522
2.0000,-0.1014,-0.4538
2.0000,-0.0988,-0.4554
2.0000,-0.0961,-0.4570
2.0000,-0.0935,-0.4586
2.0000,-0.0908,-0.4601
2.0000,-0.0881,-0.4617
2.0000,-0.0853,-0.4632
2.0000,-0.0826,-0.4647
2.0000,-0.0799,-0.4662
2.0000,-0.0771,-0.4677
2.0000,-0.0743,-0.4692
2.0000,-0.0715,-0.4706
2.0000,-0.0687,-0.4720
2.0000,-0.0659,-0.4734
2.0000,-0.0630,-0.4748
2.0000,-0.0602,-0.4762
2.0000,-0.0573,-0.4776
2.0000,-0.0544,-0.4789
2.0000,-0.0515,-0.4802
2.0000,-0.0486,-0.4816
2.0000,-0.0456,-0.4828
2.0000,-0.0427,-0.4841
2.0000,-0.0397,-0.4854
2.0000,-0.0368,-0.4866
2.0000,-0.0338,-0.4878
2.0000,-0.0308,-0.4890
2.0000,-0.0278,-0.4902
2.0000,-0.0247,-0.4914
2.0000,-0.0217,-0.4925
2.0000,-0.0186,-0.4936
2.0000,-0.0155,-0.4948
2.0000,-0.0125,-0.4958
2.0000,-0.0094,-0.4969
2.0000,-0.0063,-0.4980
2.0000,-0.0031,-0.4990
2.0000,-0.0000,-0.5000
2.0000,0.0031,-0.5010
2.0000,0.0063,-0.5020
2.0000,0.0095,-0.5029
2.0000,0.0127,-0.5038
2.0000,0.0159,-0.5048
2.0000,0.0191,-0.5056
2.0000,0.0223,-0.5065
2.0000,0.0255,-0.5074
2.0000,0.0288,-0.5082
2.0000,0.0320,-0.5090
2.0000,0.0353,-0.5098
2.0000,0.0386,-0.5105
2.0000,0.0419,-0.5113
2.0000,0.0452,-0.5120
2.0000,0.0485,-0.5127
2.0000,0.0518,-0.5134
2.0000,0.0551,-0.5141
2.0000,0.0585,-0.5147
2.0000,0.0618,-0.5153
2.0000,0.0652,-0.5159
2.0000,0.0685,-0.5165
2.0000,0.0719,-0.5170
2.0000,0.0753,-0.5175
2.0000,0.0787,-0.5181
2.0000,0.0821,-0.5185
2.0000,0.0855,-0.5190
2.0000,0.0890,-0.5194
2.0000,0.0924,-0.5198
2.0000,0.0959,-0.5202
2.0000,0.0993,-0.5206
2.0000,0.1028,-0.5210
2.0000,0.1062,-0.5213
2.0000,0.1097,-0.5216
2.0000,0.1132,-0.5219
2.0000,0.1167,-0.5221
2.0000,0.1202,-0.5223
2.0000,0.1237,-0.5226
2.0000,0.1272,-0.5227
2.0000,0.1308,-0.5229
2.0000,0.1343,-0.5230
2.0000,0.1378,-0.5231
2.0000,0.1414,-0.5232
2.0000,0.1449,-0.5233
2.0000,0.1485,-0.5233
2.0000,0.1521,-0.5234
2.0000,0.1556,-0.5234
2.0000,0.1592,-0.5233
2.0000,0.1628,-0.5233
2.0000,0.1664,-0.5232
2.0000,0.1700,-0.5231
2.0000,0.1736,-0.5230
2.0000,0.1772,-0.5228
2.0000,0.1808,-0.5226
2.0000,0.1844,-0.5224
2.0000,0.1880,-0.5222
2.0000,0.1916,-0.5219
2.0000,0.1952,-0.5217
2.0000,0.1989,-0.5214
2.0000,0.2025,-0.5210
2.0000,0.2061,-0.5207
2.0000,0.2098,-0.5203
2.0000,0.2134,-0.5199
2.0000,0.2171,-0.5195
2.0000,0.2207,-0.5190
2.0000,0.2244,-0.5185
2.0000,0.2280,-0.5180
2.0000,0.2317,-0.5175
2.0000,0.2354,-0.5169
2.0000,0.2390,-0.5164
2.0000,0.2427,-0.5158
2.0000,0.2464,-0.5151
2.0000,0.2500,-0.5145
2.0000,0.2537,-0.5138
2.0000,0.2574,-0.5131
2.0000,0.2610,-0.5123
2.0000,0.2647,-0.5116
2.0000,0.2684,-0.5108
2.0000,0.2721,-0.5100
2.0000,0.2757,-0.5091
2.0000,0.2794,-0.5083
2.0000,0.2831,-0.5074
2.0000,0.2868,-0.5064
2.0000,0.2904,-0.5055
2.0000,0.2941,-0.5045
2.0000,0.2978,-0.5035
2.0000,0.3015,-0.5025
2.0000,0.3051,-0.5015
2.0000,0.3088,-0.5004
2.0000,0.3125,-0.4993
2.0000,0.3161,-0.4982
2.0000,0.3198,-0.4970
2.0000,0.3235,-0.4958
2.0000,0.3271,-0.4946
2.0000,0.3308,-0.4934
2.0000,0.3344,-0.4921
2.0000,0.3381,-0.4908
2.0000,0.3417,-0.4895
2.0000,0.3454,-0.4882
2.0000,0.3490,-0.4868
2.0000,0.3527,-0.4854
2.0000,0.3563,-0.4840
2.0000,0.3599,-0.4825
2.0000,0.3636,-0.4811
2.0000,0.3672,-0.4796
2.0000,0.3708,-0.4780
2.0000,0.3744,-0.4765
2.0000,0.3780,-0.4749
2.0000,0.3816,-0.4733
2.0000,0.3852,-0.4717
2.0000,0.3888,-0.4700
2.0000,0.3924,-0.4683
2.0000,0.3960,-0.4666
2.0000,0.3996,-0.4649
2.0000,0.4031,-0.4631
2.0000,0.4067,-0.4613
2.0000,0.4103,-0.4595
2.0000,0.4138,-0.4577
2.0000,0.4174,-0.4558
2.0000,0.4209,-0.4539
2.0000,0.4244,-0.4520
2.0000,0.4279,-0.4500
2.0000,0.4315,-0.4480
2.0000,0.4350,-0.4460
2.0000,0.4385,-0.4440
2.0000,0.4419,-0.4419
2.0000,0.4454,-0.4399
2.0000,0.4489,-0.4377
2.0000,0.4524,-0.4356
2.0000,0.4558,-0.4335
2.0000,0.4593,-0.4313
2.0000,0.4627,-0.4291
2.0000,0.4661,-0.4268
2.0000,0.4695,-0.4245
2.0000,0.4729,-0.4223
2.0000,0.4763,-0.4199
2.0000,0.4797,-0.4176
2.0000,0.4831,-0.4152
2.0000,0.4864,-0.4128
2.0000,0.4898,-0.4104
2.0000,0.4931,-0.4080
2.0000,0.4965,-0.4055
2.0000,0.4998,-0.4030
2.0000,0.5031,-0.4005
2.0000,0.5064,-0.3979
2.0000,0.5096,-0.3953
2.0000,0.5129,-0.3927
2.0000,0.5162,-0.3901
2.0000,0.5194,-0.3874
2.0000,0.5226,-0.3848
2.0000,0.5259,-0.3821
2.0000,0.5291,-0.3793
2.0000,0.5323,-0.3766
2.0000,0.5354,-0.3738
2.0000,0.5386,-0.3710
2.0000,0.5417,-0.3682
2.0000,0.5449,-0.3653
2.0000,0.5480,-0.3624
2.0000,0.5511,-0.3595
2.0000,0.5542,-0.3566
2.0000,0.5573,-0.3536
2.0000,0.5603,-0.3507
2.0000,0.5634,-0.3477
2.0000,0.5664,-0.3446
2.0000,0.5694,-0.3416
2.0000,0.5724,-0.3385
2.0000,0.5754,-0.3354
2.0000,0.5783,-0.3323
2.0000,0.5813,-0.3291
2.0000,0.5842,-0.3260
2.0000,0.5871,-0.3228
2.0000,0.5900,-0.3196
2.0000,0.5929,-0.3163
2.0000,0.5958,-0.3130
2.0000,0.5986,-0.3098
2.0000,0.6014,-0.3064
2.0000,0.6042,-0.3031
2.0000,0.6070,-0.2997
2.0000,0.6098,-0.2964
2.0000,0.6125,-0.2930
2.0000,0.6153,-0.2895
2.0000,0.6180,-0.2861
2.0000,0.6207,-0.2826
2.0000,0.6234,-0.2791
2.0000,0.6260,-0.2756
2.0000,0.6287,-0.2720
2.0000,0.6313,-0.2685
2.0000,0.6339,-0.2649
2.0000,0.6365,-0.2613
2.0000,0.6390,-0.2577
2.0000,0.6415,-0.2540
2.0000,0.6441,-0.2503
2.0000,0.6466,-0.2466
2.0000,0.6490,-0.2429
2.0000,0.6515,-0.2392
2.0000,0.6539,-0.2354
2.0000,0.6563,-0.2316
2.0000,0.6587,-0.2278
2.0000,0.6611,-0.2240
2.0000,0.6634,-0.2202
2.0000,0.6657,-0.2163
2.0000,0.6680,-0.2124
2.0000,0.6703,-0.2085
2.0000,0.6726,-0.2046
2.0000,0.6748,-0.2007
2.0000,0.6770,-0.1967
2.0000,0.6792,-0.1927
2.0000,0.6814,-0.1887
2.0000,0.6835,-0.1847
2.0000,0.6856,-0.1806
2.0000,0.6877,-0.1766
2.0000,0.6898,-0.1725
2.0000,0.6918,-0.1684
2.0000,0.6938,-0.1643
2.0000,0.6958,-0.1601
2.0000,0.6978,-0.1560
2.0000,0.6997,-0.1518
2.0000,0.7016,-0.1476
2.0000,0.7035,-0.1434
2.0000,0.7054,-0.1392
2.0000,0.7072,-0.1349
2.0000,0.7091,-0.1306
2.0000,0.7109,-0.1264
2.0000,0.7126,-0.1221
2.0000,0.7144,-0.1177
2.0000,0.7161,-0.1134
2.0000,0.7178,-0.1091
2.0000,0.7194,-0.1047
2.0000,0.7211,-0.1003
2.0000,0.7227,-0.0959
2.0000,0.7242,-0.0915
2.0000,0.7258,-0.0871
2.0000,0.7273,-0.0826
2.0000,0.7288,-0.0781
2.0000,0.7303,-0.0737
2.0000,0.7317,-0.0692
2.0000,0.7332,-0.0647
2.0000,0.7345,-0.0601
2.0000,0.7359,-0.0556
2.0000,0.7372,-0.0510
2.0000,0.7385,-0.0465
2.0000,0.7398,-0.0419
2.0000,0.7411,-0.0373
2.0000,0.7423,-0.0327
2.0000,0.7435,-0.0280
2.0000,0.7446,-0.0234
2.0000,0.7458,-0.0187
2.0000,0.7469,-0.0141
2.0000,0.7479,-0.0094
2.0000,0.7490,-0.0047
2.0000,0.7500,-0.0000
2.0000,0.7510,0.0047
2.0000,0.7519,0.0094
2.0000,0.7529,0.0142
2.0000,0.7538,0.0189
2.0000,0.7546,0.0237
2.0000,0.7555,0.0285
2.0000,0.7563,0.0333
2.0000,0.7570,0.0381
2.0000,0.7578,0.0429
2.0000,0.7585,0.0477
2.0000,0.7592,0.0526
2.0000,0.7598,0.0574
2.0000,0.7605,0.0623
2.0000,0.7610,0.0671
2.0000,0.7616,0.0720
2.0000,0.7621,0.0769
2.0000,0.7626,0.0818
2.0000,0.7631,0.0867
2.0000,0.7635,0.0916
2.0000,0.7639,0.0965
2.0000,0.7643,0.1014
2.0000,0.7646,0.1064
2.0000,0.7649,0.1113
2.0000,0.7652,0.1163
2.0000,0.7655,0.1212
2.0000,0.7657,0.1262
2.0000,0.7658,0.1312
2.0000,0.7660,0.1362
2.0000,0.7661,0.1412
2.0000,0.7662,0.1462
2.0000,0.7662,0.1512
2.0000,0.7662,0.1562
2.0000,0.7662,0.1612
2.0000,0.7662,0.1662
2.0000,0.7661,0.1712
2.0000,0.7660,0.1763
2.0000,0.7658,0.1813
2.0000,0.7656,0.1864
2.0000,0.7654,0.1914
2.0000,0.7652,0.1965
2.0000,0.7649,0.2015
2.0000,0.7646,0.2066
2.0000,0.7642,0.2117
2.0000,0.7638,0.2167
2.0000,0.7634,0.2218
2.0000,0.7630,0.2269
2.0000,0.7625,0.2320
2.0000,0.7620,0.2370
2.0000,0.7614,0.2421
2.0000,0.7608,0.2472
2.0000,0.7602,0.2523
2.0000,0.7596,0.2574
2.0000,0.7589,0.2625
2.0000,0.7582,0.2676
2.0000,0.7574,0.2727
2.0000,0.7566,0.2778
2.0000,0.7558,0.2829
2.0000,0.7549,0.2880
2.0000,0.7540,0.2931
2.0000,0.7531,0.2982
2.0000,0.7522,0.3033
2.0000,0.7512,0.3084
2.0000,0.7501,0.3135
2.0000,0.7491,0.3186
2.0000,0.7480,0.3237
2.0000,0.7468,0.3288
2.0000,0.7457,0.3339
2.0000,0.7445,0.3390
2.0000,0.7432,0.3441
2.0000,0.7420,0.3491
2.0000,0.7407,0.3542
2.0000,0.7393,0.3593
2.0000,0.7379,0.3644
2.0000,0.7365,0.3695
2.0000,0.7351,0.3745
2.0000,0.7336,0.3796
2.0000,0.7321,0.3847
2.0000,0.7305,0.3897
2.0000,0.7290,0.3948
2.0000,0.7273,0.3999
2.0000,0.7257,0.4049
2.0000,0.7240,0.4099
2.0000,0.7223,0.4150
2.0000,0.7205,0.4200
2.0000,0.7187,0.4250
2.0000,0.7169,0.4301
2.0000,0.7150,0.4351
2.0000,0.7131,0.4401
2.0000,0.7112,0.4451
2.0000,0.7092,0.4501
2.0000,0.7072,0.4551
2.0000,0.7052,0.4601
2.0000,0.7031,0.4650
2.0000,0.7010,0.4700
2.0000,0.6989,0.4750
2.0000,0.6967,0.4799
2.0000,0.6945,0.4849
2.0000,0.6923,0.4898
2.0000,0.6900,0.4947
2.0000,0.6877,0.4996
2.0000,0.6853,0.5045
2.0000,0.6829,0.5094
2.0000,0.6805,0.5143
2.0000,0.6781,0.5192
2.0000,0.6756,0.5240
2.0000,0.6731,0.5289
2.0000,0.6705,0.5337
2.0000,0.6679,0.5386
2.0000,0.6653,0.5434
2.0000,0.6626,0.5482
2.0000,0.6600,0.5530
2.0000,0.6572,0.5578
2.0000,0.6545,0.5625
2.0000,0.6517,0.5673
2.0000,0.6488,0.5720
2.0000,0.6460,0.5768
2.0000,0.6431,0.5815
2.0000,0.6402,0.5862
2.0000,0.6372,0.5909
2.0000,0.6342,0.5956
2.0000,0.6312,0.6002
2.0000,0.6281,0.6049
2.0000,0.6250,0.6095
2.0000,0.6219,0.6141
2.0000,0.6187,0.6187
2.0000,0.6155,0.6233
2.0000,0.6123,0.6279
2.0000,0.6090,0.6324
2.0000,0.6057,0.6370
2.0000,0.6024,0.6415
2.0000,0.5990,0.6460
2.0000,0.5956,0.6505
2.0000,0.5922,0.6550
2.0000,0.5888,0.6594
2.0000,0.5853,0.6638
2.0000,0.5817,0.6683
2.0000,0.5782,0.6727
2.0000,0.5746,0.6770
2.0000,0.5710,0.6814
2.0000,0.5673,0.6858
2.0000,0.5636,0.6901
2.0000,0.5599,0.6944
2.0000,0.5561,0.6987
2.0000,0.5524,0.7029
2.0000,0.5486,0.7072
2.0000,0.5447,0.7114
2.0000,0.5408,0.7156
2.0000,0.5369,0.7198
2.0000,0.5330,0.7240
2.0000,0.5290,0.7281
2.0000,0.5250,0.7322
2.0000,0.5210,0.7363
2.0000,0.5169,0.7404
2.0000,0.5128,0.7445
2.0000,0.5087,0.7485
2.0000,0.5045,0.7525
2.0000,0.5003,0.7565
2.0000,0.4961,0.7605
2.0000,0.4919,0.7644
2.0000,0.4876,0.7683
2.0000,0.4833,0.7722
2.0000,0.4790,0.7761
2.0000,0.4746,0.7800
2.0000,0.4702,0.7838
2.0000,0.4658,0.7876
2.0000,0.4613,0.7914
2.0000,0.4568,0.7951
2.0000,0.4523,0.7988
2.0000,0.4478,0.8025
2.0000,0.4432,0.8062
2.0000,0.4386,0.8099
2.0000,0.4340,0.8135
2.0000,0.4293,0.8171
2.0000,0.4247,0.8206
2.0000,0.4199,0.8242
2.0000,0.4152,0.8277
2.0000,0.4104,0.8312
2.0000,0.4056,0.8346
2.0000,0.4008,0.8381
2.0000,0.3960,0.8415
2.0000,0.3911,0.8449
2.0000,0.3862,0.8482
2.0000,0.3813,0.8515
2.0000,0.3763,0.8548
2.0000,0.3713,0.8581
2.0000,0.3663,0.8613
2.0000,0.3613,0.8645
2.0000,0.3562,0.8677
2.0000,0.3511,0.8709
2.0000,0.3460,0.8740
2.0000,0.3409,0.8771
2.0000,0.3357,0.8801
2.0000,0.3306,0.8832
2.0000,0.3253,0.8862
2.0000,0.3201,0.8891
2.0000,0.3148,0.8921
2.0000,0.3096,0.8950
2.0000,0.3043,0.8978
2.0000,0.2989,0.9007
2.0000,0.2936,0.9035
2.0000,0.2882,0.9063
2.0000,0.2828,0.9090
2.0000,0.2774,0.9117
2.0000,0.2719,0.9144
2.0000,0.2664,0.9171
2.0000,0.2609,0.9197
2.0000,0.2554,0.9223
2.0000,0.2499,0.9248
2.0000,0.2443,0.9274
2.0000,0.2387,0.9298
2.0000,0.2331,0.9323
2.0000,0.2275,0.9347
2.0000,0.2219,0.9371
2.0000,0.2162,0.9394
2.0000,0.2105,0.9418
2.0000,0.2048,0.9440
2.0000,0.1991,0.9463
2.0000,0.1933,0.9485
2.0000,0.1875,0.9507
2.0000,0.1818,0.9528
2.0000,0.1760,0.9549
2.0000,0.1701,0.9570
2.0000,0.1643,0.9590
2.0000,0.1584,0.9610
2.0000,0.1525,0.9630
2.0000,0.1466,0.9649
2.0000,0.1407,0.9668
2.0000,0.1348,0.9687
2.0000,0.1288,0.9705
2.0000,0.1228,0.9723
2.0000,0.1168,0.9740
2.0000,0.1108,0.9757
2.0000,0.1048,0.9774
2.0000,0.0988,0.9790
2.0000,0.0927,0.9806
2.0000,0.0866,0.9822
2.0000,0.0805,0.9837
2.0000,0.0744,0.9852
2.0000,0.0683,0.9866
2.0000,0.0622,0.9880
2.0000,0.0560,0.9894
2.0000,0.0498,0.9907
2.0000,0.0437,0.9920
2.0000,0.0375,0.9933
2.0000,0.0313,0.9945
2.0000,0.0250,0.9957
2.0000,0.0188,0.9968
2.0000,0.0125,0.9979
2.0000,0.0063,0.9990
2.0000,0.0000,1.0000
3.0000,-0.0010,-0.0000
3.0000,-0.0020,-0.0000
3.0000,-0.0030,-0.0001
3.0000,-0.0040,-0.0001
3.0000,-0.0050,-0.0002
3.0000,-0.0060,-0.0002
3.0000,-0.0070,-0.0003
3.0000,-0.0080,-0.0004
3.0000,-0.0090,-0.0005
3.0000,-0.0100,-0.0006
3.0000,-0.0110,-0.0008
3.0000,-0.0120,-0.0009
3.0000,-0.0130,-0.0011
3.0000,-0.0139,-0.0012
3.0000,-0.0149,-0.0014
3.0000,-0.0159,-0.0016
3.0000,-0.0169,-0.0018
3.0000,-0.0179,-0.0020
3.0000,-0.0189,-0.0023
3.0000,-0.0198,-0.0025
3.0000,-0.0208,-0.0028
3.0000,-0.0218,-0.0030
3.0000,-0.0228,-0.0033
3.0000,-0.0237,-0.0036
3.0000,-0.0247,-0.0039
3.0000,-0.0257,-0.0042
3.0000,-0.0266,-0.0046
3.0000,-0.0276,-0.0049
3.0000,-0.0285,-0.0053
3.0000,-0.0295,-0.0056
3.0000,-0.0304,-0.0060
3.0000,-0.0314,-0.0064
3.0000,-0.0323,-0.0068
3.0000,-0.0332,-0.0072
3.0000,-0.0342,-0.0076
3.0000,-0.0351,-0.0081
3.0000,-0.0360,-0.0085
3.0000,-0.0369,-0.0090
3.0000,-0.0378,-0.0095
3.0000,-0.0387,-0.0099
3.0000,-0.0396,-0.0104
3.0000,-0.0405,-0.0110
3.0000,-0.0414,-0.0115
3.0000,-0.0423,-0.0120
3.0000,-0.0432,-0.0126
3.0000,-0.0441,-0.0131
3.0000,-0.0450,-0.0137
3.0000,-0.0458,-0.0143
3.0000,-0.0467,-0.0148
3.0000,-0.0476,-0.0155
3.0000,-0.0484,-0.0161
3.0000,-0.0492,-0.0167
3.0000,-0.0501,-0.0173
3.0000,-0.0509,-0.0180
3.0000,-0.0517,-0.0186
3.0000,-0.0526,-0.0193
3.0000,-0.0534,-0.0200
3.0000,-0.0542,-0.0207
3.0000,-0.0550,-0.0214
3.0000,-0.0558,-0.0221
3.0000,-0.0566,-0.0228
3.0000,-0.0574,-0.0235
3.0000,-0.0581,-0.0243
3.0000,-0.0589,-0.0250
3.0000,-0.0597,-0.0258
3.0000,-0.0604,-0.0266
3.0000,-0.0612,-0.0274
3.0000,-0.0619,-0.0282
3.0000,-0.0626,-0.0290
3.0000,-0.0633,-0.0298
3.0000,-0.0641,-0.0306
3.0000,-0.0648,-0.0315
3.0000,-0.0655,-0.0323
3.0000,-0.0661,-0.0332
3.0000,-0.0668,-0.0340
3.0000,-0.0675,-0.0349
3.0000,-0.0682,-0.0358
3.0000,-0.0688,-0.0367
3.0000,-0.0695,-0.0376
3.0000,-0.0701,-0.0385
3.0000,-0.0707,-0.0395
3.0000,-0.0714,-0.0404
3.0000,-0.0720,-0.0413
3.0000,-0.0726,-0.0423
3.0000,-0.0732,-0.0433
3.0000,-0.0737,-0.0442
3.0000,-0.0743,-0.0452
3.0000,-0.0749,-0.0462
3.0000,-0.0754,-0.0472
3.0000,-0.0760,-0.0482
3.0000,-0.0765,-0.0492
3.0000,-0.0771,-0.0503
3.0000,-0.0776,-0.0513
3.0000,-0.0781,-0.0523
3.0000,-0.0786,-0.0534
3.0000,-0.0791,-0.0545
3.0000,-0.0795,-0.0555
3.0000,-0.0800,-0.0566
3.0000,-0.0805,-0.0577
3.0000,-0.0809,-0.0588
3.0000,-0.0813,-0.0599
3.0000,-0.0818,-0.0610
3.0000,-0.0822,-0.0621
3.0000,-0.0826,-0.0632
3.0000,-0.0830,-0.0644
3.0000,-0.0833,-0.0655
3.0000,-0.0837,-0.0666
3.0000,-0.0841,-0.0678
3.0000,-0.0844,-0.0690
3.0000,-0.0848,-0.0701
3.0000,-0.0851,-0.0713
3.0000,-0.0854,-0.0725
3.0000,-0.0857,-0.0737
3.0000,-0.0860,-0.0749
3.0000,-0.0863,-0.0761
3.0000,-0.0865,-0.0773
3.0000,-0.0868,-0.0785
3.0000,-0.0870,-0.0797
3.0000,-0.0873,-0.0809
3.0000,-0.0875,-0.0821
3.0000,-0.0877,-0.0834
3.0000,-0.0879,-0.0846
3.0000,-0.0881,-0.0859
3.0000,-0.0882,-0.0871
3.0000,-0.0884,-0.0884
3.0000,-0.0885,-0.0897
3.0000,-0.0887,-0.0909
3.0000,-0.0888,-0.0922
3.0000,-0.0889,-0.0935
3.0000,-0.0890,-0.0948
3.0000,-0.0891,-0.0961
3.0000,-0.0891,-0.0974
3.0000,-0.0892,-0.0987
3.0000,-0.0892,-0.1000
3.0000,-0.0893,-0.1013
3.0000,-0.0893,-0.1026
3.0000,-0.0893,-0.1039
3.0000,-0.0893,-0.1052
3.0000,-0.0893,-0.1065
3.0000,-0.0892,-0.1079
3.0000,-0.0892,-0.1092
3.0000,-0.0891,-0.1105
3.0000,-0.0891,-0.1119
3.0000,-0.0890,-0.1132
3.0000,-0.0889,-0.1146
3.0000,-0.0888,-0.1159
3.0000,-0.0886,-0.1173
3.0000,-0.0885,-0.1186
3.0000,-0.0883,-0.1200
3.0000,-0.0882,-0.1214
3.0000,-0.0880,-0.1227
3.0000,-0.0878,-0.1241
3.0000,-0.0876,-0.1255
3.0000,-0.0874,-0.1268
3.0000,-0.0871,-0.1282
3.0000,-0.0869,-0.1296
3.0000,-0.0866,-0.1310
3.0000,-0.0863,-0.1323
3.0000,-0.0860,-0.1337
3.0000,-0.0857,-0.1351
3.0000,-0.0854,-0.1365
3.0000,-0.0851,-0.1379
3.0000,-0.0847,-0.1392
3.0000,-0.0844,-0.1406
3.0000,-0.0840,-0.1420
3.0000,-0.0836,-0.1434
3.0000,-0.0832,-0.1448
3.0000,-0.0828,-0.1462
3.0000,-0.0823,-0.1476
3.0000,-0.0819,-0.1490
3.0000,-0.0814,-0.1504
3.0000,-0.0810,-0.1518
3.0000,-0.0805,-0.1531
3.0000,-0.0800,-0.1545
3.0000,-0.0794,-0.1559
3.0000,-0.0789,-0.1573
3.0000,-0.0784,-0.1587
3.0000,-0.0778,-0.1601
3.0000,-0.0772,-0.1615
3.0000,-0.0766,-0.1629
3.0000,-0.0760,-0.1643
3.0000,-0.0754,-0.1656
3.0000,-0.0748,-0.1670
3.0000,-0.0741,-0.1684
3.0000,-0.0735,-0.1698
3.0000,-0.0728,-0.1712
3.0000,-0.0721,-0.1725
3.0000,-0.0714,-0.1739
3.0000,-0.0707,-0.1753
3.0000,-0.0699,-0.1767
3.0000,-0.0692,-0.1780
3.0000,-0.0684,-0.1794
3.0000,-0.0677,-0.1808
3.0000,-0.0669,-0.1821
3.0000,-0.0661,-0.1835
3.0000,-0.0652,-0.1848
3.0000,-0.0644,-0.1862
3.0000,-0.0635,-0.1875
3.0000,-0.0627,-0.1889
3.0000,-0.0618,-0.1902
3.0000,-0.0609,-0.1915
3.0000,-0.0600,-0.1929
3.0000,-0.0591,-0.1942
3.0000,-0.0581,-0.1955
3.0000,-0.0572,-0.1969
3.0000,-0.0562,-0.1982
3.0000,-0.0552,-0.1995
3.0000,-0.0543,-0.2008
3.0000,-0.0532,-0.2021
3.0000,-0.0522,-0.2034
3.0000,-0.0512,-0.2047
3.0000,-0.0501,-0.2060
3.0000,-0.0491,-0.2073
3.0000,-0.0480,-0.2085
3.0000,-0.0469,-0.2098
3.0000,-0.0458,-0.2111
3.0000,-0.0447,-0.2124
3.0000,-0.0435,-0.2136
3.0000,-0.0424,-0.2149
3.0000,-0.0412,-0.2161
3.0000,-0.0400,-0.2173
3.0000,-0.0389,-0.2186
3.0000,-0.0376,-0.2198
3.0000,-0.0364,-0.2210
3.0000,-0.0352,-0.2222
3.0000,-0.0340,-0.2234
3.0000,-0.0327,-0.2246
3.0000,-0.0314,-0.2258
3.0000,-0.0301,-0.2270
3.0000,-0.0288,-0.2282
3.0000,-0.0275,-0.2294
3.0000,-0.0262,-0.2305
3.0000,-0.0248,-0.2317
3.0000,-0.0235,-0.2328
3.0000,-0.0221,-0.2340
3.0000,-0.0207,-0.2351
3.0000,-0.0193,-0.2362
3.0000,-0.0179,-0.2373
3.0000,-0.0165,-0.2384
3.0000,-0.0151,-0.2395
3.0000,-0.0136,-0.2406
3.0000,-0.0122,-0.2417
3.0000,-0.0107,-0.2428
3.0000,-0.0092,-0.2438
3.0000,-0.0077,-0.2449
3.0000,-0.0062,-0.2459
3.0000,-0.0047,-0.2470
3.0000,-0.0031,-0.2480
3.0000,-0.0016,-0.2490
3.0000,-0.0000,-0.2500
3.0000,0.0016,-0.2510
3.0000,0.0032,-0.2520
3.0000,0.0048,-0.2530
3.0000,0.0064,-0.2539
3.0000,0.0080,-0.2549
3.0000,0.0096,-0.2558
3.0000,0.0113,-0.2568
3.0000,0.0130,-0.2577
3.0000,0.0146,-0.2586
3.0000,0.0163,-0.2595
3.0000,0.0180,-0.2604
3.0000,0.0197,-0.2613
3.0000,0.0215,-0.2621
3.0000,0.0232,-0.2630
3.0000,0.0249,-0.2638
3.0000,0.0267,-0.2647
3.0000,0.0285,-0.2655
3.0000,0.0302,-0.2663
3.0000,0.0320,-0.2671
3.0000,0.0338,-0.2679
3.0000,0.0357,-0.2686
3.0000,0.0375,-0.2694
3.0000,0.0393,-0.2702
3.0000,0.0412,-0.2709
3.0000,0.0430,-0.2716
3.0000,0.0449,-0.2723
3.0000,0.0468,-0.2730
3.0000,0.0487,-0.2737
3.0000,0.0506,-0.2744
3.0000,0.0525,-0.2750
3.0000,0.0544,-0.2757
3.0000,0.0563,-0.2763
3.0000,0.0583,-0.2769
3.0000,0.0602,-0.2775
3.0000,0.0622,-0.2781
3.0000,0.0641,-0.2787
3.0000,0.0661,-0.2793
3.0000,0.0681,-0.2798
3.0000,0.0701,-0.2804
3.0000,0.0721,-0.2809
3.0000,0.0741,-0.2814
3.0000,0.0762,-0.2819
3.0000,0.0782,-0.2824
3.0000,0.0802,-0.2828
3.0000,0.0823,-0.2833
3.0000,0.0844,-0.2837
3.0000,0.0864,-0.2841
3.0000,0.0885,-0.2845
3.0000,0.0906,-0.2849
3.0000,0.0927,-0.2853
3.0000,0.0948,-0.2857
3.0000,0.0969,-0.2860
3.0000,0.0990,-0.2864
3.0000,0.1012,-0.2867
3.0000,0.1033,-0.2870
3.0000,0.1055,-0.2873
3.0000,0.1076,-0.2875
3.0000,0.1098,-0.2878
3.0000,0.1119,-0.2880
3.0000,0.1141,-0.2882
3.0000,0.1163,-0.2884
3.0000,0.1185,-0.2886
3.0000,0.1207,-0.2888
3.0000,0.1229,-0.2890
3.0000,0.1251,-0.2891
3.0000,0.1273,-0.2892
3.0000,0.1295,-0.2893
3.0000,0.1318,-0.2894
3.0000,0.1340,-0.2895
3.0000,0.1362,-0.2895
3.0000,0.1385,-0.2896
3.0000,0.1408,-0.2896
3.0000,0.1430,-0.2896
3.0000,0.1453,-0.2896
3.0000,0.1475,-0.2896
3.0000,0.1498,-0.2895
3.0000,0.1521,-0.2895
3.0000,0.1544,-0.2894
3.0000,0.1567,-0.2893
3.0000,0.1590,-0.2892
3.0000,0.1613,-0.2890
3.0000,0.1636,-0.2889
3.0000,0.1659,-0.2887
3.0000,0.1682,-0.2886
3.0000,0.1705,-0.2883
3.0000,0.1729,-0.2881
3.0000,0.1752,-0.2879
3.0000,0.1775,-0.2876
3.0000,0.1798,-0.2874
3.0000,0.1822,-0.2871
3.0000,0.1845,-0.2868
3.0000,0.1869,-0.2864
3.0000,0.1892,-0.2861
3.0000,0.1916,-0.2857
3.0000,0.1939,-0.2853
3.0000,0.1963,-0.2849
3.0000,0.1986,-0.2845
3.0000,0.2010,-0.2841
3.0000,0.2034,-0.2836
3.0000,0.2057,-0.2832
3.0000,0.2081,-0.2827
3.0000,0.2105,-0.2822
3.0000,0.2128,-0.2816
3.0000,0.2152,-0.2811
3.0000,0.2176,-0.2805
3.0000,0.2200,-0.2799
3.0000,0.2223,-0.2793
3.0000,0.2247,-0.2787
3.0000,0.2271,-0.2780
3.0000,0.2295,-0.2774
3.0000,0.2319,-0.2767
3.0000,0.2342,-0.2760
3.0000,0.2366,-0.2753
3.0000,0.2390,-0.2745
3.0000,0.2414,-0.2738
3.0000,0.2438,-0.2730
3.0000,0.2461,-0.2722
3.0000,0.2485,-0.2714
3.0000,0.2509,-0.2706
3.0000,0.2533,-0.2697
3.0000,0.2557,-0.2688
3.0000,0.2580,-0.2680
3.0000,0.2604,-0.2670
3.0000,0.2628,-0.2661
3.0000,0.2652,-0.2652
3.0000,0.2675,-0.2642
3.0000,0.2699,-0.2632
3.0000,0.2723,-0.2622
3.0000,0.2746,-0.2612
3.0000,0.2770,-0.2601
3.0000,0.2794,-0.2591
3.0000,0.2817,-0.2580
3.0000,0.2841,-0.2569
3.0000,0.2864,-0.2557
3.0000,0.2888,-0.2546
3.0000,0.2911,-0.2534
3.0000,0.2935,-0.2523
3.0000,0.2958,-0.2511
3.0000,0.2982,-0.2498
3.0000,0.3005,-0.2486
3.0000,0.3028,-0.2473
3.0000,0.3052,-0.2461
3.0000,0.3075,-0.2448
3.0000,0.3098,-0.2434
3.0000,0.3121,-0.2421
3.0000,0.3144,-0.2407
3.0000,0.3167,-0.2394
3.0000,0.3190,-0.2380
3.0000,0.3213,-0.2365
3.0000,0.3236,-0.2351
3.0000,0.3259,-0.2337
3.0000,0.3282,-0.2322
3.0000,0.3304,-0.2307
3.0000,0.3327,-0.2292
3.0000,0.3350,-0.2276
3.0000,0.3372,-0.2261
3.0000,0.3395,-0.2245
3.0000,0.3417,-0.2229
3.0000,0.3439,-0.2213
3.0000,0.3462,-0.2197
3.0000,0.3484,-0.2180
3.0000,0.3506,-0.2164
3.0000,0.3528,-0.2147
3.0000,0.3550,-0.2130
3.0000,0.3572,-0.2113
3.0000,0.3594,-0.2095
3.0000,0.3616,-0.2077
3.0000,0.3637,-0.2060
3.0000,0.3659,-0.2042
3.0000,0.3680,-0.2023
3.0000,0.3702,-0.2005
3.0000,0.3723,-0.1986
3.0000,0.3745,-0.1968
3.0000,0.3766,-0.1949
3.0000,0.3787,-0.1929
3.0000,0.3808,-0.1910
3.0000,0.3829,-0.1891
3.0000,0.3849,-0.1871
3.0000,0.3870,-0.1851
3.0000,0.3891,-0.1831
3.0000,0.3911,-0.1811
3.0000,0.3932,-0.1790
3.0000,0.3952,-0.1769
3.0000,0.3972,-0.1749
3.0000,0.3992,-0.1728
3.0000,0.4012,-0.1706
3.0000,0.4032,-0.1685
3.0000,0.4052,-0.1663
3.0000,0.4071,-0.1642
3.0000,0.4091,-0.1620
3.0000,0.4110,-0.1598
3.0000,0.4130,-0.1575
3.0000,0.4149,-0.1553
3.0000,0.4168,-0.1530
3.0000,0.4187,-0.1507
3.0000,0.4206,-0.1484
3.0000,0.4224,-0.1461
3.0000,0.4243,-0.1438
3.0000,0.4261,-0.1414
3.0000,0.4280,-0.1391
3.0000,0.4298,-0.1367
3.0000,0.4316,-0.1343
3.0000,0.4334,-0.1318
3.0000,0.4352,-0.1294
3.0000,0.4369,-0.1269
3.0000,0.4387,-0.1245
3.0000,0.4404,-0.1220
3.0000,0.4421,-0.1195
3.0000,0.4439,-0.1169
3.0000,0.4455,-0.1144
3.0000,0.4472,-0.1118
3.0000,0.4489,-0.1093
3.0000,0.4505,-0.1067
3.0000,0.4522,-0.1041
3.0000,0.4538,-0.1014
3.0000,0.4554,-0.0988
3.0000,0.4570,-0.0961
3.0000,0.4586,-0.0935
3.0000,0.4601,-0.0908
3.0000,0.4617,-0.0881
3.0000,0.4632,-0.0853
3.0000,0.4647,-0.0826
3.0000,0.4662,-0.0799
3.0000,0.4677,-0.0771
3.0000,0.4692,-0.0743
3.0000,0.4706,-0.0715
3.0000,0.4720,-0.0687
3.0000,0.4734,-0.0659
3.0000,0.4748,-0.0630
3.0000,0.4762,-0.0602
3.0000,0.4776,-0.0573
3.0000,0.4789,-0.0544
3.0000,0.4802,-0.0515
3.0000,0.4816,-0.0486
3.0000,0.4828,-0.0456
3.0000,0.4841,-0.0427
3.0000,0.4854,-0.0397
3.0000,0.4866,-0.0368
3.0000,0.4878,-0.0338
3.0000,0.4890,-0.0308
3.0000,0.4902,-0.0278
3.0000,0.4914,-0.0247
3.0000,0.4925,-0.0217
3.0000,0.4936,-0.0186
3.0000,0.4948,-0.0155
3.0000,0.4958,-0.0125
3.0000,0.4969,-0.0094
3.0000,0.4980,-0.0063
3.0000,0.4990,-0.0031
3.0000,0.5000,-0.0000
3.0000,0.5010,0.0031
3.0000,0.5020,0.0063
3.0000,0.5029,0.0095
3.0000,0.5038,0.0127
3.0000,0.5048,0.0159
3.0000,0.5056,0.0191
3.0000,0.5065,0.0223
3.0000,0.5074,0.0255
3.0000,0.5082,0.0288
3.0000,0.5090,0.0320
3.0000,0.5098,0.0353
3.0000,0.5105,0.0386
3.0000,0.5113,0.0419
3.0000,0.5120,0.0452
3.0000,0.5127,0.0485
3.0000,0.5134,0.0518
3.0000,0.5141,0.0551
3.0000,0.5147,0.0585
3.0000,0.5153,0.0618
3.0000,0.5159,0.0652
3.0000,0.5165,0.0685
3.0000,0.5170,0.0719
3.0000,0.5175,0.0753
3.0000,0.5181,0.0787
3.0000,0.5185,0.0821
3.0000,0.5190,0.0855
3.0000,0.5194,0.0890
3.0000,0.5198,0.0924
3.0000,0.5202,0.0959
3.0000,0.5206,0.0993
3.0000,0.5210,0.1028
3.0000,0.5213,0.1062
3.0000,0.5216,0.1097
3.0000,0.5219,0.1132
3.0000,0.5221,0.1167
3.0000,0.5223,0.1202
3.0000,0.5226,0.1237
3.0000,0.5227,0.1272
3.0000,0.5229,0.1308
3.0000,0.5230,0.1343
3.0000,0.5231,0.1378
3.0000,0.5232,0.1414
3.0000,0.5233,0.1449
3.0000,0.5233,0.1485
3.0000,0.5234,0.1521
3.0000,0.5234,0.1556
3.0000,0.5233,0.1592
3.0000,0.5233,0.1628
3.0000,0.5232,0.1664
3.0000,0.5231,0.1700
3.0000,0.5230,0.1736
3.0000,0.5228,0.1772
3.0000,0.5226,0.1808
3.0000,0.5224,0.1844
3.0000,0.5222,0.1880
3.0000,0.5219,0.1916
3.0000,0.5217,0.1952
3.0000,0.5214,0.1989
3.0000,0.5210,0.2025
3.0000,0.5207,0.2061
3.0000,0.5203,0.2098
3.0000,0.5199,0.2134
3.0000,0.5195,0.2171
3.0000,0.5190,0.2207
3.0000,0.5185,0.2244
3.0000,0.5180,0.2280
3.0000,0.5175,0.2317
3.0000,0.5169,0.2354
3.0000,0.5164,0.2390
3.0000,0.5158,0.2427
3.0000,0.5151,0.2464
3.0000,0.5145,0.2500
3.0000,0.5138,0.2537
3.0000,0.5131,0.2574
3.0000,0.5123,0.2610
3.0000,0.5116,0.2647
3.0000,0.5108,0.2684
3.0000,0.5100,0.2721
3.0000,0.5091,0.2757
3.0000,0.5083,0.2794
3.0000,0.5074,0.2831
3.0000,0.5064,0.2868
3.0000,0.5055,0.2904
3.0000,0.5045,0.2941
3.0000,0.5035,0.2978
3.0000,0.5025,0.3015
3.0000,0.5015,0.3051
3.0000,0.5004,0.3088
3.0000,0.4993,0.3125
3.0000,0.4982,0.3161
3.0000,0.4970,0.3198
3.0000,0.4958,0.3235
3.0000,0.4946,0.3271
3.0000,0.4934,0.3308
3.0000,0.4921,0.3344
3.0000,0.4908,0.3381
3.0000,0.4895,0.3417
3.0000,0.4882,0.3454
3.0000,0.4868,0.3490
3.0000,0.4854,0.3527
3.0000,0.4840,0.3563
3.0000,0.4825,0.3599
3.0000,0.4811,0.3636
3.0000,0.4796,0.3672
3.0000,0.4780,0.3708
3.0000,0.4765,0.3744
3.0000,0.4749,0.3780
3.0000,0.4733,0.3816
3.0000,0.4717,0.3852
3.0000,0.4700,0.3888
3.0000,0.4683,0.3924
3.0000,0.4666,0.3960
3.0000,0.4649,0.3996
3.0000,0.4631,0.4031
3.0000,0.4613,0.4067
3.0000,0.4595,0.4103
3.0000,0.4577,0.4138
3.0000,0.4558,0.4174
3.0000,0.4539,0.4209
3.0000,0.4520,0.4244
3.0000,0.4500,0.4279
3.0000,0.4480,0.4315
3.0000,0.4460,0.4350
3.0000,0.4440,0.4385
3.0000,0.4419,0.4419
3.0000,0.4399,0.4454
3.0000,0.4377,0.4489
3.0000,0.4356,0.4524
3.0000,0.4335,0.4558
3.0000,0.4313,0.4593
3.0000,0.4291,0.4627
3.0000,0.4268,0.4661
3.0000,0.4245,0.4695
3.0000,0.4223,0.4729
3.0000,0.4199,0.4763
3.0000,0.4176,0.4797
3.0000,0.4152,0.4831
3.0000,0.4128,0.4864
3.0000,0.4104,0.4898
3.0000,0.4080,0.4931
3.0000,0.4055,0.4965
3.0000,0.4030,0.4998
3.0000,0.4005,0.5031
3.0000,0.3979,0.5064
3.0000,0.3953,0.5096
3.0000,0.3927,0.5129
3.0000,0.3901,0.5162
3.0000,0.3874,0.5194
3.0000,0.3848,0.5226
3.0000,0.3821,0.5259
3.0000,0.3793,0.5291
3.0000,0.3766,0.5323
3.0000,0.3738,0.5354
3.0000,0.3710,0.5386
3.0000,0.3682,0.5417
3.0000,0.3653,0.5449
3.0000,0.3624,0.5480
3.0000,0.3595,0.5511
3.0000,0.3566,0.5542
3.0000,0.3536,0.5573
3.0000,0.3507,0.5603
3.0000,0.3477,0.5634
3.0000,0.3446,0.5664
3.0000,0.3416,0.5694
3.0000,0.3385,0.5724
3.0000,0.3354,0.5754
3.0000,0.3323,0.5783
3.0000,0.3291,0.5813
3.0000,0.3260,0.5842
3.0000,0.3228,0.5871
3.0000,0.3196,0.5900
3.0000,0.3163,0.5929
3.0000,0.3130,0.5958
3.0000,0.3098,0.5986
3.0000,0.3064,0.6014
3.0000,0.3031,0.6042
3.0000,0.2997,0.6070
3.0000,0.2964,0.6098
3.0000,0.2930,0.6125
3.0000,0.2895,0.6153
3.0000,0.2861,0.6180
3.0000,0.2826,0.6207
3.0000,0.2791,0.6234
3.0000,0.2756,0.6260
3.0000,0.2720,0.6287
3.0000,0.2685,0.6313
3.0000,0.2649,0.6339
3.0000,0.2613,0.6365
3.0000,0.2577,0.6390
3.0000,0.2540,0.6415
3.0000,0.2503,0.6441
3.0000,0.2466,0.6466
3.0000,0.2429,0.6490
3.0000,0.2392,0.6515
3.0000,0.2354,0.6539
3.0000,0.2316,0.6563
3.0000,0.2278,0.6587
3.0000,0.2240,0.6611
3.0000,0.2202,0.6634
3.0000,0.2163,0.6657
3.0000,0.2124,0.6680
3.0000,0.2085,0.6703
3.0000,0.2046,0.6726
3.0000,0.2007,0.6748
3.0000,0.1967,0.6770
3.0000,0.1927,0.6792
3.0000,0.1887,0.6814
3.0000,0.1847,0.6835
3.0000,0.1806,0.6856
3.0000,0.1766,0.6877
3.0000,0.1725,0.6898
3.0000,0.1684,0.6918
3.0000,0.1643,0.6938
3.0000,0.1601,0.6958
3.0000,0.1560,0.6978
3.0000,0.1518,0.6997
3.0000,0.1476,0.7016
3.0000,0.1434,0.7035
3.0000,0.1392,0.7054
3.0000,0.1349,0.7072
3.0000,0.1306,0.7091
3.0000,0.1264,0.7109
3.0000,0.1221,0.7126
3.0000,0.1177,0.7144
3.0000,0.1134,0.7161
3.0000,0.1091,0.7178
3.0000,0.1047,0.7194
3.0000,0.1003,0.7211
3.0000,0.0959,0.7227
3.0000,0.0915,0.7242
3.0000,0.0871,0.7258
3.0000,0.0826,0.7273
3.0000,0.0781,0.7288
3.0000,0.0737,0.7303
3.0000,0.0692,0.7317
3.0000,0.0647,0.7332
3.0000,0.0601,0.7345
3.0000,0.0556,0.7359
3.0000,0.0510,0.7372
3.0000,0.0465,0.7385
3.0000,0.0419,0.7398
3.0000,0.0373,0.7411
3.0000,0.0327,0.7423
3.0000,0.0280,0.7435
3.0000,0.0234,0.7446
3.0000,0.0187,0.7458
3.0000,0.0141,0.7469
3.0000,0.0094,0.7479
3.0000,0.0047,0.7490
3.0000,0.0000,0.7500
3.0000,-0.0047,0.7510
3.0000,-0.0094,0.7519
3.0000,-0.0142,0.7529
3.0000,-0.0189,0.7538
3.0000,-0.0237,0.7546
3.0000,-0.0285,0.7555
3.0000,-0.0333,0.7563
3.0000,-0.0381,0.7570
3.0000,-0.0429,0.7578
3.0000,-0.0477,0.7585
3.0000,-0.0526,0.7592
3.0000,-0.0574,0.7598
3.0000,-0.0623,0.7605
3.0000,-0.0671,0.7610
3.0000,-0.0720,0.7616
3.0000,-0.0769,0.7621
3.0000,-0.0818,0.7626
3.0000,-0.0867,0.7631
3.0000,-0.0916,0.7635
3.0000,-0.0965,0.7639
3.0000,-0.1014,0.7643
3.0000,-0.1064,0.7646
3.0000,-0.1113,0.7649
3.0000,-0.1163,0.7652
3.0000,-0.1212,0.7655
3.0000,-0.1262,0.7657
3.0000,-0.1312,0.7658
3.0000,-0.1362,0.7660
3.0000,-0.1412,0.7661
3.0000,-0.1462,0.7662
3.0000,-0.1512,0.7662
3.0000,-0.1562,0.7662
3.0000,-0.1612,0.7662
3.0000,-0.1662,0.7662
3.0000,-0.1712,0.7661
3.0000,-0.1763,0.7660
3.0000,-0.1813,0.7658
3.0000,-0.1864,0.7656
3.0000,-0.1914,0.7654
3.0000,-0.1965,0.7652
3.0000,-0.2015,0.7649
3.0000,-0.2066,0.7646
3.0000,-0.2117,0.7642
3.0000,-0.2167,0.7638
3.0000,-0.2218,0.7634
3.0000,-0.2269,0.7630
3.0000,-0.2320,0.7625
3.0000,-0.2370,0.7620
3.0000,-0.2421,0.7614
3.0000,-0.2472,0.7608
3.0000,-0.2523,0.7602
3.0000,-0.2574,0.7596
3.0000,-0.2625,0.7589
3.0000,-0.2676,0.7582
3.0000,-0.2727,0.7574
3.0000,-0.2778,0.7566
3.0000,-0.2829,0.7558
3.0000,-0.2880,0.7549
3.0000,-0.2931,0.7540
3.0000,-0.2982,0.7531
3.0000,-0.3033,0.7522
3.0000,-0.3084,0.7512
3.0000,-0.3135,0.7501
3.0000,-0.3186,0.7491
3.0000,-0.3237,0.7480
3.0000,-0.3288,0.7468
3.0000,-0.3339,0.7457
3.0000,-0.3390,0.7445
3.0000,-0.3441,0.7432
3.0000,-0.3491,0.7420
3.0000,-0.3542,0.7407
3.0000,-0.3593,0.7393
3.0000,-0.3644,0.7379
3.0000,-0.3695,0.7365
3.0000,-0.3745,0.7351
3.0000,-0.3796,0.7336
3.0000,-0.3847,0.7321
3.0000,-0.3897,0.7305
3.0000,-0.3948,0.7290
3.0000,-0.3999,0.7273
3.0000,-0.4049,0.7257
3.0000,-0.4099,0.7240
3.0000,-0.4150,0.7223
3.0000,-0.4200,0.7205
3.0000,-0.4250,0.7187
3.0000,-0.4301,0.7169
3.0000,-0.4351,0.7150
3.0000,-0.4401,0.7131
3.0000,-0.4451,0.7112
3.0000,-0.4501,0.7092
3.0000,-0.4551,0.7072
3.0000,-0.4601,0.7052
3.0000,-0.4650,0.7031
3.0000,-0.4700,0.7010
3.0000,-0.4750,0.6989
3.0000,-0.4799,0.6967
3.0000,-0.4849,0.6945
3.0000,-0.4898,0.6923
3.0000,-0.4947,0.6900
3.0000,-0.4996,0.6877
3.0000,-0.5045,0.6853
3.0000,-0.5094,0.6829
3.0000,-0.5143,0.6805
3.0000,-0.5192,0.6781
3.0000,-0.5240,0.6756
3.0000,-0.5289,0.6731
3.0000,-0.5337,0.6705
3.0000,-0.5386,0.6679
3.0000,-0.5434,0.6653
3.0000,-0.5482,0.6626
3.0000,-0.5530,0.6600
3.0000,-0.5578,0.6572
3.0000,-0.5625,0.6545
3.0000,-0.5673,0.6517
3.0000,-0.5720,0.6488
3.0000,-0.5768,0.6460
3.0000,-0.5815,0.6431
3.0000,-0.5862,0.6402
3.0000,-0.5909,0.6372
3.0000,-0.5956,0.6342
3.0000,-0.6002,0.6312
3.0000,-0.6049,0.6281
3.0000,-0.6095,0.6250
3.0000,-0.6141,0.6219
3.0000,-0.6187,0.6187
3.0000,-0.6233,0.6155
3.0000,-0.6279,0.6123
3.0000,-0.6324,0.6090
3.0000,-0.6370,0.6057
3.0000,-0.6415,0.6024
3.0000,-0.6460,0.5990
3.0000,-0.6505,0.5956
3.0000,-0.6550,0.5922
3.0000,-0.6594,0.5888
3.0000,-0.6638,0.5853
3.0000,-0.6683,0.5817
3.0000,-0.6727,0.5782
3.0000,-0.6770,0.5746
3.0000,-0.6814,0.5710
3.0000,-0.6858,0.5673
3.0000,-0.6901,0.5636
3.0000,-0.6944,0.5599
3.0000,-0.6987,0.5561
3.0000,-0.7029,0.5524
3.0000,-0.7072,0.5486
3.0000,-0.7114,0.5447
3.0000,-0.7156,0.5408
3.0000,-0.7198,0.5369
3.0000,-0.7240,0.5330
3.0000,-0.7281,0.5290
3.0000,-0.7322,0.5250
3.0000,-0.7363,0.5210
3.0000,-0.7404,0.5169
3.0000,-0.7445,0.5128
3.0000,-0.7485,0.5087
3.0000,-0.7525,0.5045
3.0000,-0.7565,0.5003
3.0000,-0.7605,0.4961
3.0000,-0.7644,0.4919
3.0000,-0.7683,0.4876
3.0000,-0.7722,0.4833
3.0000,-0.7761,0.4790
3.0000,-0.7800,0.4746
3.0000,-0.7838,0.4702
3.0000,-0.7876,0.4658
3.0000,-0.7914,0.4613
3.0000,-0.7951,0.4568
3.0000,-0.7988,0.4523
3.0000,-0.8025,0.4478
3.0000,-0.8062,0.4432
3.0000,-0.8099,0.4386
3.0000,-0.8135,0.4340
3.0000,-0.8171,0.4293
3.0000,-0.8206,0.4247
3.0000,-0.8242,0.4199
3.0000,-0.8277,0.4152
3.0000,-0.8312,0.4104
3.0000,-0.8346,0.4056
3.0000,-0.8381,0.4008
3.0000,-0.8415,0.3960
3.0000,-0.8449,0.3911
3.0000,-0.8482,0.3862
3.0000,-0.8515,0.3813
3.0000,-0.8548,0.3763
3.0000,-0.8581,0.3713
3.0000,-0.8613,0.3663
3.0000,-0.8645,0.3613
3.0000,-0.8677,0.3562
3.0000,-0.8709,0.3511
3.0000,-0.8740,0.3460
3.0000,-0.8771,0.3409
3.0000,-0.8801,0.3357
3.0000,-0.8832,0.3306
3.0000,-0.8862,0.3253
3.0000,-0.8891,0.3201
3.0000,-0.8921,0.3148
3.0000,-0.8950,0.3096
3.0000,-0.8978,0.3043
3.0000,-0.9007,0.2989
3.0000,-0.9035,0.2936
3.0000,-0.9063,0.2882
3.0000,-0.9090,0.2828
3.0000,-0.9117,0.2774
3.0000,-0.9144,0.2719
3.0000,-0.9171,0.2664
3.0000,-0.9197,0.2609
3.0000,-0.9223,0.2554
3.0000,-0.9248,0.2499
3.0000,-0.9274,0.2443
3.0000,-0.9298,0.2387
3.0000,-0.9323,0.2331
3.0000,-0.9347,0.2275
3.0000,-0.9371,0.2219
3.0000,-0.9394,0.2162
3.0000,-0.9418,0.2105
3.0000,-0.9440,0.2048
3.0000,-0.9463,0.1991
3.0000,-0.9485,0.1933
3.0000,-0.9507,0.1875
3.0000,-0.9528,0.1818
3.0000,-0.9549,0.1760
3.0000,-0.9570,0.1701
3.0000,-0.9590,0.1643
3.0000,-0.9610,0.1584
3.0000,-0.9630,0.1525
3.0000,-0.9649,0.1466
3.0000,-0.9668,0.1407
3.0000,-0.9687,0.1348
3.0000,-0.9705,0.1288
3.0000,-0.9723,0.1228
3.0000,-0.9740,0.1168
3.0000,-0.9757,0.1108
3.0000,-0.9774,0.1048
3.0000,-0.9790,0.0988
3.0000,-0.9806,0.0927
3.0000,-0.9822,0.0866
3.0000,-0.9837,0.0805
3.0000,-0.9852,0.0744
3.0000,-0.9866,0.0683
3.0000,-0.9880,0.0622
3.0000,-0.9894,0.0560
3.0000,-0.9907,0.0498
3.0000,-0.9920,0.0437
3.0000,-0.9933,0.0375
3.0000,-0.9945,0.0313
3.0000,-0.9957,0.0250
3.0000,-0.9968,0.0188
3.0000,-0.9979,0.0125
3.0000,-0.9990,0.0063
3.0000,-1.0000,0.0000
4.0000,0.0000,-0.0010
4.0000,0.0000,-0.0020
4.0000,0.0001,-0.0030
4.0000,0.0001,-0.0040
4.0000,0.0002,-0.0050
4.0000,0.0002,-0.0060
4.0000,0.0003,-0.0070
4.0000,0.0004,-0.0080
4.0000,0.0005,-0.0090
4.0000,0.0006,-0.0100
4.0000,0.0008,-0.0110
4.0000,0.0009,-0.0120
4.0000,0.0011,-0.0130
4.0000,0.0012,-0.0139
4.0000,0.0014,-0.0149
4.0000,0.0016,-0.0159
4.0000,0.0018,-0.0169
4.0000,0.0020,-0.0179
4.0000,0.0023,-0.0189
4.0000,0.0025,-0.0198
4.0000,0.0028,-0.0208
4.0000,0.0030,-0.0218
4.0000,0.0033,-0.0228
4.0000,0.0036,-0.0237
4.0000,0.0039,-0.0247
4.0000,0.0042,-0.0257
4.0000,0.0046,-0.0266
4.0000,0.0049,-0.0276
4.0000,0.0053,-0.0285
4.0000,0.0056,-0.0295
4.0000,0.0060,-0.0304
4.0000,0.0064,-0.0314
4.0000,0.0068,-0.0323
4.0000,0.0072,-0.0332
4.0000,0.0076,-0.0342
4.0000,0.0081,-0.0351
4.0000,0.0085,-0.0360
4.0000,0.0090,-0.0369
4.0000,0.0095,-0.0378
4.0000,0.0099,-0.0387
4.0000,0.0104,-0.0396
4.0000,0.0110,-0.0405
4.0000,0.0115,-0.0414
4.0000,0.0120,-0.0423
4.0000,0.0126,-0.0432
4.0000,0.0131,-0.0441
4.0000,0.0137,-0.0450
4.0000,0.0143,-0.0458
4.0000,0.0148,-0.0467
4.0000,0.0155,-0.0476
4.0000,0.0161,-0.0484
4.0000,0.0167,-0.0492
4.0000,0.0173,-0.0501
4.0000,0.0180,-0.0509
4.0000,0.0186,-0.0517
4.0000,0.0193,-0.0526
4.0000,0.0200,-0.0534
4.0000,0.0207,-0.0542
4.0000,0.0214,-0.0550
4.0000,0.0221,-0.0558
4.0000,0.0228,-0.0566
4.0000,0.0235,-0.0574
4.0000,0.0243,-0.0581
4.0000,0.0250,-0.0589
4.0000,0.0258,-0.0597
4.0000,0.0266,-0.0604
4.0000,0.0274,-0.0612
4.0000,0.0282,-0.0619
4.0000,0.0290,-0.0626
4.0000,0.0298,-0.0633
4.0000,0.0306,-0.0641
4.0000,0.0315,-0.0648
4.0000,0.0323,-0.0655
4.0000,0.0332,-0.0661
4.0000,0.0340,-0.0668
4.0000,0.0349,-0.0675
4.0000,0.0358,-0.0682
4.0000,0.0367,-0.0688
4.0000,0.0376,-0.0695
4.0000,0.0385,-0.0701
4.0000,0.0395,-0.0707
4.0000,0.0404,-0.0714
4.0000,0.0413,-0.0720
4.0000,0.0423,-0.0726
4.0000,0.0433,-0.0732
4.0000,0.0442,-0.0737
4.0000,0.0452,-0.0743
4.0000,0.0462,-0.0749
4.0000,0.0472,-0.0754
4.0000,0.0482,-0.0760
4.0000,0.0492,-0.0765
4.0000,0.0503,-0.0771
4.0000,0.0513,-0.0776
4.0000,0.0523,-0.0781
4.0000,0.0534,-0.0786
4.0000,0.0545,-0.0791
4.0000,0.0555,-0.0795
4.0000,0.0566,-0.0800
4.0000,0.0577,-0.0805
4.0000,0.0588,-0.0809
4.0000,0.0599,-0.0813
4.0000,0.0610,-0.0818
4.0000,0.0621,-0.0822
4.0000,0.0632,-0.0826
4.0000,0.0644,-0.0830
4.0000,0.0655,-0.0833
4.0000,0.0666,-0.0837
4.0000,0.0678,-0.0841
4.0000,0.0690,-0.0844
4.0000,0.0701,-0.0848
4.0000,0.0713,-0.0851
4.0000,0.0725,-0.0854
4.0000,0.0737,-0.0857
4.0000,0.0749,-0.0860
4.0000,0.0761,-0.0863
4.0000,0.0773,-0.0865
4.0000,0.0785,-0.0868
4.0000,0.0797,-0.0870
4.0000,0.0809,-0.0873
4.0000,0.0821,-0.0875
4.0000,0.0834,-0.0877
4.0000,0.0846,-0.0879
4.0000,0.0859,-0.0881
4.0000,0.0871,-0.0882
4.0000,0.0884,-0.0884
4.0000,0.0897,-0.0885
4.0000,0.0909,-0.0887
4.0000,0.0922,-0.0888
4.0000,0.0935,-0.0889
4.0000,0.0948,-0.0890
4.0000,0.0961,-0.0891
4.0000,0.0974,-0.0891
4.0000,0.0987,-0.0892
4.0000,0.1000,-0.0892
4.0000,0.1013,-0.0893
4.0000,0.1026,-0.0893
4.0000,0.1039,-0.0893
4.0000,0.1052,-0.0893
4.0000,0.1065,-0.0893
4.0000,0.1079,-0.0892
4.0000,0.1092,-0.0892
4.0000,0.1105,-0.0891
4.0000,0.1119,-0.0891
4.0000,0.1132,-0.0890
4.0000,0.1146,-0.0889
4.0000,0.1159,-0.0888
4.0000,0.1173,-0.0886
4.0000,0.1186,-0.0885
4.0000,0.1200,-0.0883
4.0000,0.1214,-0.0882
4.0000,0.1227,-0.0880
4.0000,0.1241,-0.0878
4.0000,0.1255,-0.0876
4.0000,0.1268,-0.0874
4.0000,0.1282,-0.0871
4.0000,0.1296,-0.0869
4.0000,0.1310,-0.0866
4.0000,0.1323,-0.0863
4.0000,0.1337,-0.0860
4.0000,0.1351,-0.0857
4.0000,0.1365,-0.0854
4.0000,0.1379,-0.0851
4.0000,0.1392,-0.0847
4.0000,0.1406,-0.0844
4.0000,0.1420,-0.0840
4.0000,0.1434,-0.0836
4.0000,0.1448,-0.0832
4.0000,0.1462,-0.0828
4.0000,0.1476,-0.0823
4.0000,0.1490,-0.0819
4.0000,0.1504,-0.0814
4.0000,0.1518,-0.0810
4.0000,0.1531,-0.0805
4.0000,0.1545,-0.0800
4.0000,0.1559,-0.0794
4.0000,0.1573,-0.0789
4.0000,0.1587,-0.0784
4.0000,0.1601,-0.0778
4.0000,0.1615,-0.0772
4.0000,0.1629,-0.0766
4.0000,0.1643,-0.0760
4.0000,0.1656,-0.0754
4.0000,0.1670,-0.0748
4.0000,0.1684,-0.0741
4.0000,0.1698,-0.0735
4.0000,0.1712,-0.0728
4.0000,0.1725,-0.0721
4.0000,0.1739,-0.0714
4.0000,0.1753,-0.0707
4.0000,0.1767,-0.0699
4.0000,0.1780,-0.0692
4.0000,0.1794,-0.0684
4.0000,0.1808,-0.0677
4.0000,0.1821,-0.0669
4.0000,0.1835,-0.0661
4.0000,0.1848,-0.0652
4.0000,0.1862,-0.0644
4.0000,0.1875,-0.0635
4.0000,0.1889,-0.0627
4.0000,0.1902,-0.0618
4.0000,0.1915,-0.0609
4.0000,0.1929,-0.0600
4.0000,0.1942,-0.0591
4.0000,0.1955,-0.0581
4.0000,0.1969,-0.0572
4.0000,0.1982,-0.0562
4.0000,0.1995,-0.0552
4.0000,0.2008,-0.0543
4.0000,0.2021,-0.0532
4.0000,0.2034,-0.0522
4.0000,0.2047,-0.0512
4.0000,0.2060,-0.0501
4.0000,0.2073,-0.0491
4.0000,0.2085,-0.0480
4.0000,0.2098,-0.0469
4.0000,0.2111,-0.0458
4.0000,0.2124,-0.0447
4.0000,0.2136,-0.0435
4.0000,0.2149,-0.0424
4.0000,0.2161,-0.0412
4.0000,0.2173,-0.0400
4.0000,0.2186,-0.0389
4.0000,0.2198,-0.0376
4.0000,0.2210,-0.0364
4.0000,0.2222,-0.0352
4.0000,0.2234,-0.0340
4.0000,0.2246,-0.0327
4.0000,0.2258,-0.0314
4.0000,0.2270,-0.0301
4.0000,0.2282,-0.0288
4.0000,0.2294,-0.0275
4.0000,0.2305,-0.0262
4.0000,0.2317,-0.0248
4.0000,0.2328,-0.0235
4.0000,0.2340,-0.0221
4.0000,0.2351,-0.0207
4.0000,0.2362,-0.0193
4.0000,0.2373,-0.0179
4.0000,0.2384,-0.0165
4.0000,0.2395,-0.0151
4.0000,0.2406,-0.0136
4.0000,0.2417,-0.0122
4.0000,0.2428,-0.0107
4.0000,0.2438,-0.0092
4.0000,0.2449,-0.0077
4.0000,0.2459,-0.0062
4.0000,0.2470,-0.0047
4.0000,0.2480,-0.0031
4.0000,0.2490,-0.0016
4.0000,0.2500,-0.0000
4.0000,0.2510,0.0016
4.0000,0.2520,0.0032
4.0000,0.2530,0.0048
4.0000,0.2539,0.0064
4.0000,0.2549,0.0080
4.0000,0.2558,0.0096
4.0000,0.2568,0.0113
4.0000,0.2577,0.0130
4.0000,0.2586,0.0146
4.0000,0.2595,0.0163
4.0000,0.2604,0.0180
4.0000,0.2613,0.0197
4.0000,0.2621,0.0215
4.0000,0.2630,0.0232
4.0000,0.2638,0.0249
4.0000,0.2647,0.0267
4.0000,0.2655,0.0285
4.0000,0.2663,0.0302
4.0000,0.2671,0.0320
4.0000,0.2679,0.0338
4.0000,0.2686,0.0357
4.0000,0.2694,0.0375
4.0000,0.2702,0.0393
4.0000,0.2709,0.0412
4.0000,0.2716,0.0430
4.0000,0.2723,0.0449
4.0000,0.2730,0.0468
4.0000,0.2737,0.0487
4.0000,0.2744,0.0506
4.0000,0.2750,0.0525
4.0000,0.2757,0.0544
4.0000,0.2763,0.0563
4.0000,0.2769,0.0583
4.0000,0.2775,0.0602
4.0000,0.2781,0.0622
4.0000,0.2787,0.0641
4.0000,0.2793,0.0661
4.0000,0.2798,0.0681
4.0000,0.2804,0.0701
4.0000,0.2809,0.0721
4.0000,0.2814,0.0741
4.0000,0.2819,0.0762
4.0000,0.2824,0.0782
4.0000,0.2828,0.0802
4.0000,0.2833,0.0823
4.0000,0.2837,0.0844
4.0000,0.2841,0.0864
4.0000,0.2845,0.0885
4.0000,0.2849,0.0906
4.0000,0.2853,0.0927
4.0000,0.2857,0.0948
4.0000,0.2860,0.0969
4.0000,0.2864,0.0990
4.0000,0.2867,0.1012
4.0000,0.2870,0.1033
4.0000,0.2873,0.1055
4.0000,0.2875,0.1076
4.0000,0.2878,0.1098
4.0000,0.2880,0.1119
4.0000,0.2882,0.1141
4.0000,0.2884,0.1163
4.0000,0.2886,0.1185
4.0000,0.2888,0.1207
4.0000,0.2890,0.1229
4.0000,0.2891,0.1251
4.0000,0.2892,0.1273
4.0000,0.2893,0.1295
4.0000,0.2894,0.1318
4.0000,0.2895,0.1340
4.0000,0.2895,0.1362
4.0000,0.2896,0.1385
4.0000,0.2896,0.1408
4.0000,0.2896,0.1430
4.0000,0.2896,0.1453
4.0000,0.2896,0.1475
4.0000,0.2895,0.1498
4.0000,0.2895,0.1521
4.0000,0.2894,0.1544
4.0000,0.2893,0.1567
4.0000,0.2892,0.1590
4.0000,0.2890,0.1613
4.0000,0.2889,0.1636
4.0000,0.2887,0.1659
4.0000,0.2886,0.1682
4.0000,0.2883,0.1705
4.0000,0.2881,0.1729
4.0000,0.2879,0.1752
4.0000,0.2876,0.1775
4.0000,0.2874,0.1798
4.0000,0.2871,0.1822
4.0000,0.2868,0.1845
4.0000,0.2864,0.1869
4.0000,0.2861,0.1892
4.0000,0.2857,0.1916
4.0000,0.2853,0.1939
4.0000,0.2849,0.1963
4.0000,0.2845,0.1986
4.0000,0.2841,0.2010
4.0000,0.2836,0.2034
4.0000,0.2832,0.2057
4.0000,0.2827,0.2081
4.0000,0.2822,0.2105
4.0000,0.2816,0.2128
4.0000,0.2811,0.2152
4.0000,0.2805,0.2176
4.0000,0.2799,0.2200
4.0000,0.2793,0.2223
4.0000,0.2787,0.2247
4.0000,0.2780,0.2271
4.0000,0.2774,0.2295
4.0000,0.2767,0.2319
4.0000,0.2760,0.2342
4.0000,0.2753,0.2366
4.0000,0.2745,0.2390
4.0000,0.2738,0.2414
4.0000,0.2730,0.2438
4.0000,0.2722,0.2461
4.0000,0.2714,0.2485
4.0000,0.2706,0.2509
4.0000,0.2697,0.2533
4.0000,0.2688,0.2557
4.0000,0.2680,0.2580
4.0000,0.2670,0.2604
4.0000,0.2661,0.2628
4.0000,0.2652,0.2652
4.0000,0.2642,0.2675
4.0000,0.2632,0.2699
4.0000,0.2622,0.2723
4.0000,0.2612,0.2746
4.0000,0.2601,0.2770
4.0000,0.2591,0.2794
4.0000,0.2580,0.2817
4.0000,0.2569,0.2841
4.0000,0.2557,0.2864
4.0000,0.2546,0.2888
4.0000,0.2534,0.2911
4.0000,0.2523,0.2935
4.0000,0.2511,0.2958
4.0000,0.2498,0.2982
4.0000,0.2486,0.3005
4.0000,0.2473,0.3028
4.0000,0.2461,0.3052
4.0000,0.2448,0.3075
4.0000,0.2434,0.3098
4.0000,0.2421,0.3121
4.0000,0.2407,0.3144
4.0000,0.2394,0.3167
4.0000,0.2380,0.3190
4.0000,0.2365,0.3213
4.0000,0.2351,0.3236
4.0000,0.2337,0.3259
4.0000,0.2322,0.3282
4.0000,0.2307,0.3304
4.0000,0.2292,0.3327
4.0000,0.2276,0.3350
4.0000,0.2261,0.3372
4.0000,0.2245,0.3395
4.0000,0.2229,0.3417
4.0000,0.2213,0.3439
4.0000,0.2197,0.3462
4.0000,0.2180,0.3484
4.0000,0.2164,0.3506
4.0000,0.2147,0.3528
4.0000,0.2130,0.3550
4.0000,0.2113,0.3572
4.0000,0.2095,0.3594
4.0000,0.2077,0.3616
4.0000,0.2060,0.3637
4.0000,0.2042,0.3659
4.0000,0.2023,0.3680
4.0000,0.2005,0.3702
4.0000,0.1986,0.3723
4.0000,0.1968,0.3745
4.0000,0.1949,0.3766
4.0000,0.1929,0.3787
4.0000,0.1910,0.3808
4.0000,0.1891,0.3829
4.0000,0.1871,0.3849
4.0000,0.1851,0.3870
4.0000,0.1831,0.3891
4.0000,0.1811,0.3911
4.0000,0.1790,0.3932
4.0000,0.1769,0.3952
4.0000,0.1749,0.3972
4.0000,0.1728,0.3992
4.0000,0.1706,0.4012
4.0000,0.1685,0.4032
4.0000,0.1663,0.4052
4.0000,0.1642,0.4071
4.0000,0.1620,0.4091
4.0000,0.1598,0.4110
4.0000,0.1575,0.4130
4.0000,0.1553,0.4149
4.0000,0.1530,0.4168
4.0000,0.1507,0.4187
4.0000,0.1484,0.4206
4.0000,0.1461,0.4224
4.0000,0.1438,0.4243
4.0000,0.1414,0.4261
4.0000,0.1391,0.4280
4.0000,0.1367,0.4298
4.0000,0.1343,0.4316
4.0000,0.1318,0.4334
4.0000,0.1294,0.4352
4.0000,0.1269,0.4369
4.0000,0.1245,0.4387
4.0000,0.1220,0.4404
4.0000,0.1195,0.4421
4.0000,0.1169,0.4439
4.0000,0.1144,0.4455
4.0000,0.1118,0.4472
4.0000,0.1093,0.4489
4.0000,0.1067,0.4505
4.0000,0.1041,0.4522
4.0000,0.1014,0.4538
4.0000,0.0988,0.4554
4.0000,0.0961,0.4570
4.0000,0.0935,0.4586
4.0000,0.0908,0.4601
4.0000,0.0881,0.4617
4.0000,0.0853,0.4632
4.0000,0.0826,0.4647
4.0000,0.0799,0.4662
4.0000,0.0771,0.4677
4.0000,0.0743,0.4692
4.0000,0.0715,0.4706
4.0000,0.0687,0.4720
4.0000,0.0659,0.4734
4.0000,0.0630,0.4748
4.0000,0.0602,0.4762
4.0000,0.0573,0.4776
4.0000,0.0544,0.4789
4.0000,0.0515,0.4802
4.0000,0.0486,0.4816
4.0000,0.0456,0.4828
4.0000,0.0427,0.4841
4.0000,0.0397,0.4854
4.0000,0.0368,0.4866
4.0000,0.0338,0.4878
4.0000,0.0308,0.4890
4.0000,0.0278,0.4902
4.0000,0.0247,0.4914
4.0000,0.0217,0.4925
4.0000,0.0186,0.4936
4.0000,0.0155,0.4948
4.0000,0.0125,0.4958
4.0000,0.0094,0.4969
4.0000,0.0063,0.4980
4.0000,0.0031,0.4990
4.0000,0.0000,0.5000
4.0000,-0.0031,0.5010
4.0000,-0.0063,0.5020
4.0000,-0.0095,0.5029
4.0000,-0.0127,0.5038
4.0000,-0.0159,0.5048
4.0000,-0.0191,0.5056
4.0000,-0.0223,0.5065
4.0000,-0.0255,0.5074
4.0000,-0.0288,0.5082
4.0000,-0.0320,0.5090
4.0000,-0.0353,0.5098
4.0000,-0.0386,0.5105
4.0000,-0.0419,0.5113
4.0000,-0.0452,0.5120
4.0000,-0.0485,0.5127
4.0000,-0.0518,0.5134
4.0000,-0.0551,0.5141
4.0000,-0.0585,0.5147
4.0000,-0.0618,0.5153
4.0000,-0.0652,0.5159
4.0000,-0.0685,0.5165
4.0000,-0.0719,0.5170
4.0000,-0.0753,0.5175
4.0000,-0.0787,0.5181
4.0000,-0.0821,0.5185
4.0000,-0.0855,0.5190
4.0000,-0.0890,0.5194
4.0000,-0.0924,0.5198
4.0000,-0.0959,0.5202
4.0000,-0.0993,0.5206
4.0000,-0.1028,0.5210
4.0000,-0.1062,0.5213
4.0000,-0.1097,0.5216
4.0000,-0.1132,0.5219
4.0000,-0.1167,0.5221
4.0000,-0.1202,0.5223
4.0000,-0.1237,0.5226
4.0000,-0.1272,0.5227
4.0000,-0.1308,0.5229
4.0000,-0.1343,0.5230
4.0000,-0.1378,0.5231
4.0000,-0.1414,0.5232
4.0000,-0.1449,0.5233
4.0000,-0.1485,0.5233
4.0000,-0.1521,0.5234
4.0000,-0.1556,0.5234
4.0000,-0.1592,0.5233
4.0000,-0.1628,0.5233
4.0000,-0.1664,0.5232
4.0000,-0.1700,0.5231
4.0000,-0.1736,0.5230
4.0000,-0.1772,0.5228
4.0000,-0.1808,0.5226
4.0000,-0.1844,0.5224
4.0000,-0.1880,0.5222
4.0000,-0.1916,0.5219
4.0000,-0.1952,0.5217
4.0000,-0.1989,0.5214
4.0000,-0.2025,0.5210
4.0000,-0.2061,0.5207
4.0000,-0.2098,0.5203
4.0000,-0.2134,0.5199
4.0000,-0.2171,0.5195
4.0000,-0.2207,0.5190
4.0000,-0.2244,0.5185
4.0000,-0.2280,0.5180
4.0000,-0.2317,0.5175
4.0000,-0.2354,0.5169
4.0000,-0.2390,0.5164
4.0000,-0.2427,0.5158
4.0000,-0.2464,0.5151
4.0000,-0.2500,0.5145
4.0000,-0.2537,0.5138
4.0000,-0.2574,0.5131
4.0000,-0.2610,0.5123
4.0000,-0.2647,0.5116
4.0000,-0.2684,0.5108
4.0000,-0.2721,0.5100
4.0000,-0.2757,0.5091
4.0000,-0.2794,0.5083
4.0000,-0.2831,0.5074
4.0000,-0.2868,0.5064
4.0000,-0.2904,0.5055
4.0000,-0.2941,0.5045
4.0000,-0.2978,0.5035
4.0000,-0.3015,0.5025
4.0000,-0.3051,0.5015
4.0000,-0.3088,0.5004
4.0000,-0.3125,0.4993
4.0000,-0.3161,0.4982
4.0000,-0.3198,0.4970
4.0000,-0.3235,0.4958
4.0000,-0.3271,0.4946
4.0000,-0.3308,0.4934
4.0000,-0.3344,0.4921
4.0000,-0.3381,0.4908
4.0000,-0.3417,0.4895
4.0000,-0.3454,0.4882
4.0000,-0.3490,0.4868
4.0000,-0.3527,0.4854
4.0000,-0.3563,0.4840
4.0000,-0.3599,0.4825
4.0000,-0.3636,0.4811
4.0000,-0.3672,0.4796
4.0000,-0.3708,0.4780
4.0000,-0.3744,0.4765
4.0000,-0.3780,0.4749
4.0000,-0.3816,0.4733
4.0000,-0.3852,0.4717
4.0000,-0.3888,0.4700
4.0000,-0.3924,0.4683
4.0000,-0.3960,0.4666
4.0000,-0.3996,0.4649
4.0000,-0.4031,0.4631
4.0000,-0.4067,0.4613
4.0000,-0.4103,0.4595
4.0000,-0.4138,0.4577
4.0000,-0.4174,0.4558
4.0000,-0.4209,0.4539
4.0000,-0.4244,0.4520
4.0000,-0.4279,0.4500
4.0000,-0.4315,0.4480
4.0000,-0.4350,0.4460
4.0000,-0.4385,0.4440
4.0000,-0.4419,0.4419
4.0000,-0.4454,0.4399
4.0000,-0.4489,0.4377
4.0000,-0.4524,0.4356
4.0000,-0.4558,0.4335
4.0000,-0.4593,0.4313
4.0000,-0.4627,0.4291
4.0000,-0.4661,0.4268
4.0000,-0.4695,0.4245
4.0000,-0.4729,0.4223
4.0000,-0.4763,0.4199
4.0000,-0.4797,0.4176
4.0000,-0.4831,0.4152
4.0000,-0.4864,0.4128
4.0000,-0.4898,0.4104
4.0000,-0.4931,0.4080
4.0000,-0.4965,0.4055
4.0000,-0.4998,0.4030
4.0000,-0.5031,0.4005
4.0000,-0.5064,0.3979
4.0000,-0.5096,0.3953
4.0000,-0.5129,0.3927
4.0000,-0.5162,0.3901
4.0000,-0.5194,0.3874
4.0000,-0.5226,0.3848
4.0000,-0.5259,0.3821
4.0000,-0.5291,0.3793
4.0000,-0.5323,0.3766
4.0000,-0.5354,0.3738
4.0000,-0.5386,0.3710
4.0000,-0.5417,0.3682
4.0000,-0.5449,0.3653
4.0000,-0.5480,0.3624
4.0000,-0.5511,0.3595
4.0000,-0.5542,0.3566
4.0000,-0.5573,0.3536
4.0000,-0.5603,0.3507
4.0000,-0.5634,0.3477
4.0000,-0.5664,0.3446
4.0000,-0.5694,0.3416
4.0000,-0.5724,0.3385
4.0000,-0.5754,0.3354
4.0000,-0.5783,0.3323
4.0000,-0.5813,0.3291
4.0000,-0.5842,0.3260
4.0000,-0.5871,0.3228
4.0000,-0.5900,0.3196
4.0000,-0.5929,0.3163
4.0000,-0.5958,0.3130
4.0000,-0.5986,0.3098
4.0000,-0.6014,0.3064
4.0000,-0.6042,0.3031
4.0000,-0.6070,0.2997
4.0000,-0.6098,0.2964
4.0000,-0.6125,0.2930
4.0000,-0.6153,0.2895
4.0000,-0.6180,0.2861
4.0000,-0.6207,0.2826
4.0000,-0.6234,0.2791
4.0000,-0.6260,0.2756
4.0000,-0.6287,0.2720
4.0000,-0.6313,0.2685
4.0000,-0.6339,0.2649
4.0000,-0.6365,0.2613
4.0000,-0.6390,0.2577
4.0000,-0.6415,0.2540
4.0000,-0.6441,0.2503
4.0000,-0.6466,0.2466
4.0000,-0.6490,0.2429
4.0000,-0.6515,0.2392
4.0000,-0.6539,0.2354
4.0000,-0.6563,0.2316
4.0000,-0.6587,0.2278
4.0000,-0.6611,0.2240
4.0000,-0.6634,0.2202
4.0000,-0.6657,0.2163
4.0000,-0.6680,0.2124
4.0000,-0.6703,0.2085
4.0000,-0.6726,0.2046
4.0000,-0.6748,0.2007
4.0000,-0.6770,0.1967
4.0000,-0.6792,0.1927
4.0000,-0.6814,0.1887
4.0000,-0.6835,0.1847
4.0000,-0.6856,0.1806
4.0000,-0.6877,0.1766
4.0000,-0.6898,0.1725
4.0000,-0.6918,0.1684
4.0000,-0.6938,0.1643
4.0000,-0.6958,0.1601
4.0000,-0.6978,0.1560
4.0000,-0.6997,0.1518
4.0000,-0.7016,0.1476
4.0000,-0.7035,0.1434
4.0000,-0.7054,0.1392
4.0000,-0.7072,0.1349
4.0000,-0.7091,0.1306
4.0000,-0.7109,0.1264
4.0000,-0.7126,0.1221
4.0000,-0.7144,0.1177
4.0000,-0.7161,0.1134
4.0000,-0.7178,0.1091
4.0000,-0.7194,0.1047
4.0000,-0.7211,0.1003
4.0000,-0.7227,0.0959
4.0000,-0.7242,0.0915
4.0000,-0.7258,0.0871
4.0000,-0.7273,0.0826
4.0000,-0.7288,0.0781
4.0000,-0.7303,0.0737
4.0000,-0.7317,0.0692
4.0000,-0.7332,0.0647
4.0000,-0.7345,0.0601
4.0000,-0.7359,0.0556
4.0000,-0.7372,0.0510
4.0000,-0.7385,0.0465
4.0000,-0.7398,0.0419
4.0000,-0.7411,0.0373
4.0000,-0.7423,0.0327
4.0000,-0.7435,0.0280
4.0000,-0.7446,0.0234
4.0000,-0.7458,0.0187
4.0000,-0.7469,0.0141
4.0000,-0.7479,0.0094
4.0000,-0.7490,0.0047
4.0000,-0.7500,0.0000
4.0000,-0.7510,-0.0047
4.0000,-0.7519,-0.0094
4.0000,-0.7529,-0.0142
4.0000,-0.7538,-0.0189
4.0000,-0.7546,-0.0237
4.0000,-0.7555,-0.0285
4.0000,-0.7563,-0.0333
4.0000,-0.7570,-0.0381
4.0000,-0.7578,-0.0429
4.0000,-0.7585,-0.0477
4.0000,-0.7592,-0.0526
4.0000,-0.7598,-0.0574
4.0000,-0.7605,-0.0623
4.0000,-0.7610,-0.0671
4.0000,-0.7616,-0.0720
4.0000,-0.7621,-0.0769
4.0000,-0.7626,-0.0818
4.0000,-0.7631,-0.0867
4.0000,-0.7635,-0.0916
4.0000,-0.7639,-0.0965
4.0000,-0.7643,-0.1014
4.0000,-0.7646,-0.1064
4.0000,-0.7649,-0.1113
4.0000,-0.7652,-0.1163
4.0000,-0.7655,-0.1212
4.0000,-0.7657,-0.1262
4.0000,-0.7658,-0.1312
4.0000,-0.7660,-0.1362
4.0000,-0.7661,-0.1412
4.0000,-0.7662,-0.1462
4.0000,-0.7662,-0.1512
4.0000,-0.7662,-0.1562
4.0000,-0.7662,-0.1612
4.0000,-0.7662,-0.1662
4.0000,-0.7661,-0.1712
4.0000,-0.7660,-0.1763
4.0000,-0.7658,-0.1813
4.0000,-0.7656,-0.1864
4.0000,-0.7654,-0.1914
4.0000,-0.7652,-0.1965
4.0000,-0.7649,-0.2015
4.0000,-0.7646,-0.2066
4.0000,-0.7642,-0.2117
4.0000,-0.7638,-0.2167
4.0000,-0.7634,-0.2218
4.0000,-0.7630,-0.2269
4.0000,-0.7625,-0.2320
4.0000,-0.7620,-0.2370
4.0000,-0.7614,-0.2421
4.0000,-0.7608,-0.2472
4.0000,-0.7602,-0.2523
4.0000,-0.7596,-0.2574
4.0000,-0.7589,-0.2625
4.0000,-0.7582,-0.2676
4.0000,-0.7574,-0.2727
4.0000,-0.7566,-0.2778
4.0000,-0.7558,-0.2829
4.0000,-0.7549,-0.2880
4.0000,-0.7540,-0.2931
4.0000,-0.7531,-0.2982
4.0000,-0.7522,-0.3033
4.0000,-0.7512,-0.3084
4.0000,-0.7501,-0.3135
4.0000,-0.7491,-0.3186
4.0000,-0.7480,-0.3237
4.0000,-0.7468,-0.3288
4.0000,-0.7457,-0.3339
4.0000,-0.7445,-0.3390
4.0000,-0.7432,-0.3441
4.0000,-0.7420,-0.3491
4.0000,-0.7407,-0.3542
4.0000,-0.7393,-0.3593
4.0000,-0.7379,-0.3644
4.0000,-0.7365,-0.3695
4.0000,-0.7351,-0.3745
4.0000,-0.7336,-0.3796
4.0000,-0.7321,-0.3847
4.0000,-0.7305,-0.3897
4.0000,-0.7290,-0.3948
4.0000,-0.7273,-0.3999
4.0000,-0.7257,-0.4049
4.0000,-0.7240,-0.4099
4.0000,-0.7223,-0.4150
4.0000,-0.7205,-0.4200
4.0000,-0.7187,-0.4250
4.0000,-0.7169,-0.4301
4.0000,-0.7150,-0.4351
4.0000,-0.7131,-0.4401
4.0000,-0.7112,-0.4451
4.0000,-0.7092,-0.4501
4.0000,-0.7072,-0.4551
4.0000,-0.7052,-0.4601
4.0000,-0.7031,-0.4650
4.0000,-0.7010,-0.4700
4.0000,-0.6989,-0.4750
4.0000,-0.6967,-0.4799
4.0000,-0.6945,-0.4849
4.0000,-0.6923,-0.4898
4.0000,-0.6900,-0.4947
4.0000,-0.6877,-0.4996
4.0000,-0.6853,-0.5045
4.0000,-0.6829,-0.5094
4.0000,-0.6805,-0.5143
4.0000,-0.6781,-0.5192
4.0000,-0.6756,-0.5240
4.0000,-0.6731,-0.5289
4.0000,-0.6705,-0.5337
4.0000,-0.6679,-0.5386
4.0000,-0.6653,-0.5434
4.0000,-0.6626,-0.5482
4.0000,-0.6600,-0.5530
4.0000,-0.6572,-0.5578
4.0000,-0.6545,-0.5625
4.0000,-0.6517,-0.5673
4.0000,-0.6488,-0.5720
4.0000,-0.6460,-0.5768
4.0000,-0.6431,-0.5815
4.0000,-0.6402,-0.5862
4.0000,-0.6372,-0.5909
4.0000,-0.6342,-0.5956
4.0000,-0.6312,-0.6002
4.0000,-0.6281,-0.6049
4.0000,-0.6250,-0.6095
4.0000,-0.6219,-0.6141
4.0000,-0.6187,-0.6187
4.0000,-0.6155,-0.6233
4.0000,-0.6123,-0.6279
4.0000,-0.6090,-0.6324
4.0000,-0.6057,-0.6370
4.0000,-0.6024,-0.6415
4.0000,-0.5990,-0.6460
4.0000,-0.5956,-0.6505
4.0000,-0.5922,-0.6550
4.0000,-0.5888,-0.6594
4.0000,-0.5853,-0.6638
4.0000,-0.5817,-0.6683
4.0000,-0.5782,-0.6727
4.0000,-0.5746,-0.6770
4.0000,-0.5710,-0.6814
4.0000,-0.5673,-0.6858
4.0000,-0.5636,-0.6901
4.0000,-0.5599,-0.6944
4.0000,-0.5561,-0.6987
4.0000,-0.5524,-0.7029
4.0000,-0.5486,-0.7072
4.0000,-0.5447,-0.7114
4.0000,-0.5408,-0.7156
4.0000,-0.5369,-0.7198
4.0000,-0.5330,-0.7240
4.0000,-0.5290,-0.7281
4.0000,-0.5250,-0.7322
4.0000,-0.5210,-0.7363
4.0000,-0.5169,-0.7404
4.0000,-0.5128,-0.7445
4.0000,-0.5087,-0.7485
4.0000,-0.5045,-0.7525
4.0000,-0.5003,-0.7565
4.0000,-0.4961,-0.7605
4.0000,-0.4919,-0.7644
4.0000,-0.4876,-0.7683
4.0000,-0.4833,-0.7722
4.0000,-0.4790,-0.7761
4.0000,-0.4746,-0.7800
4.0000,-0.4702,-0.7838
4.0000,-0.4658,-0.7876
4.0000,-0.4613,-0.7914
4.0000,-0.4568,-0.7951
4.0000,-0.4523,-0.7988
4.0000,-0.4478,-0.8025
4.0000,-0.4432,-0.8062
4.0000,-0.4386,-0.8099
4.0000,-0.4340,-0.8135
4.0000,-0.4293,-0.8171
4.0000,-0.4247,-0.8206
4.0000,-0.4199,-0.8242
4.0000,-0.4152,-0.8277
4.0000,-0.4104,-0.8312
4.0000,-0.4056,-0.8346
4.0000,-0.4008,-0.8381
4.0000,-0.3960,-0.8415
4.0000,-0.3911,-0.8449
4.0000,-0.3862,-0.8482
4.0000,-0.3813,-0.8515
4.0000,-0.3763,-0.8548
4.0000,-0.3713,-0.8581
4.0000,-0.3663,-0.8613
4.0000,-0.3613,-0.8645
4.0000,-0.3562,-0.8677
4.0000,-0.3511,-0.8709
4.0000,-0.3460,-0.8740
4.0000,-0.3409,-0.8771
4.0000,-0.3357,-0.8801
4.0000,-0.3306,-0.8832
4.0000,-0.3253,-0.8862
4.0000,-0.3201,-0.8891
4.0000,-0.3148,-0.8921
4.0000,-0.3096,-0.8950
4.0000,-0.3043,-0.8978
4.0000,-0.2989,-0.9007
4.0000,-0.2936,-0.9035
4.0000,-0.2882,-0.9063
4.0000,-0.2828,-0.9090
4.0000,-0.2774,-0.9117
4.0000,-0.2719,-0.9144
4.0000,-0.2664,-0.9171
4.0000,-0.2609,-0.9197
4.0000,-0.2554,-0.9223
4.0000,-0.2499,-0.9248
4.0000,-0.2443,-0.9274
4.0000,-0.2387,-0.9298
4.0000,-0.2331,-0.9323
4.0000,-0.2275,-0.9347
4.0000,-0.2219,-0.9371
4.0000,-0.2162,-0.9394
4.0000,-0.2105,-0.9418
4.0000,-0.2048,-0.9440
4.0000,-0.1991,-0.9463
4.0000,-0.1933,-0.9485
4.0000,-0.1875,-0.9507
4.0000,-0.1818,-0.9528
4.0000,-0.1760,-0.9549
4.0000,-0.1701,-0.9570
4.0000,-0.1643,-0.9590
4.0000,-0.1584,-0.9610
4.0000,-0.1525,-0.9630
4.0000,-0.1466,-0.9649
4.0000,-0.1407,-0.9668
4.0000,-0.1348,-0.9687
4.0000,-0.1288,-0.9705
4.0000,-0.1228,-0.9723
4.0000,-0.1168,-0.9740
4.0000,-0.1108,-0.9757
4.0000,-0.1048,-0.9774
4.0000,-0.0988,-0.9790
4.0000,-0.0927,-0.9806
4.0000,-0.0866,-0.9822
4.0000,-0.0805,-0.9837
4.0000,-0.0744,-0.9852
4.0000,-0.0683,-0.9866
4.0000,-0.0622,-0.9880
4.0000,-0.0560,-0.9894
4.0000,-0.0498,-0.9907
4.0000,-0.0437,-0.9920
4.0000,-0.0375,-0.9933
4.0000,-0.0313,-0.9945
4.0000,-0.0250,-0.9957
4.0000,-0.0188,-0.9968
4.0000,-0.0125,-0.9979
4.0000,-0.0063,-0.9990
4.0000,-0.0000,-1.0000
