1.0000,-0.0023,-0.0033
1.0000,0.0001,-0.0019
1.0000,0.0078,0.0049
1.0000,0.0028,-0.0010
1.0000,0.0008,-0.0039
1.0000,-0.0004,-0.0060
1.0000,0.0093,0.0030
1.0000,0.0019,-0.0052
1.0000,0.0143,0.0064
1.0000,0.0077,-0.0009
1.0000,0.0187,0.0093
1.0000,0.0104,0.0003
1.0000,0.0156,0.0049
1.0000,0.0188,0.0075
1.0000,0.0133,0.0014
1.0000,0.0235,0.0111
1.0000,0.0180,0.0050
1.0000,0.0210,0.0075
1.0000,0.0228,0.0088
1.0000,0.0156,0.0012
1.0000,0.0188,0.0040
1.0000,0.0177,0.0025
1.0000,0.0242,0.0087
1.0000,0.0211,0.0054
1.0000,0.0208,0.0047
1.0000,0.0224,0.0061
1.0000,0.0275,0.0110
1.0000,0.0189,0.0023
1.0000,0.0331,0.0164
1.0000,0.0328,0.0160
1.0000,0.0210,0.0041
1.0000,0.0275,0.0106
1.0000,0.0242,0.0073
1.0000,0.0266,0.0098
1.0000,0.0338,0.0170
1.0000,0.0254,0.0087
1.0000,0.0407,0.0242
1.0000,0.0373,0.0210
1.0000,0.0277,0.0116
1.0000,0.0404,0.0246
1.0000,0.0320,0.0165
1.0000,0.0425,0.0274
1.0000,0.0370,0.0222
1.0000,0.0344,0.0200
1.0000,0.0331,0.0193
1.0000,0.0329,0.0195
1.0000,0.0330,0.0201
1.0000,0.0441,0.0318
1.0000,0.0376,0.0259
1.0000,0.0468,0.0357
1.0000,0.0391,0.0287
1.0000,0.0443,0.0347
1.0000,0.0429,0.0340
1.0000,0.0410,0.0329
1.0000,0.0349,0.0276
1.0000,0.0395,0.0331
1.0000,0.0356,0.0300
1.0000,0.0496,0.0450
1.0000,0.0378,0.0342
1.0000,0.0484,0.0457
1.0000,0.0400,0.0384
1.0000,0.0375,0.0369
1.0000,0.0439,0.0445
1.0000,0.0444,0.0461
1.0000,0.0423,0.0452
1.0000,0.0369,0.0410
1.0000,0.0471,0.0525
1.0000,0.0402,0.0468
1.0000,0.0423,0.0503
1.0000,0.0448,0.0541
1.0000,0.0378,0.0485
1.0000,0.0463,0.0585
1.0000,0.0371,0.0506
1.0000,0.0421,0.0572
1.0000,0.0424,0.0590
1.0000,0.0512,0.0694
1.0000,0.0396,0.0593
1.0000,0.0402,0.0616
1.0000,0.0485,0.0715
1.0000,0.0410,0.0657
1.0000,0.0485,0.0748
1.0000,0.0374,0.0656
1.0000,0.0477,0.0776
1.0000,0.0334,0.0651
1.0000,0.0429,0.0764
1.0000,0.0384,0.0738
1.0000,0.0385,0.0758
1.0000,0.0428,0.0820
1.0000,0.0432,0.0844
1.0000,0.0379,0.0810
1.0000,0.0449,0.0900
1.0000,0.0425,0.0897
1.0000,0.0435,0.0927
1.0000,0.0302,0.0815
1.0000,0.0380,0.0914
1.0000,0.0391,0.0946
1.0000,0.0389,0.0966
1.0000,0.0354,0.0952
1.0000,0.0350,0.0969
1.0000,0.0238,0.0881
1.0000,0.0237,0.0901
1.0000,0.0244,0.0931
1.0000,0.0358,0.1068
1.0000,0.0286,0.1019
1.0000,0.0288,0.1044
1.0000,0.0327,0.1106
1.0000,0.0178,0.0981
1.0000,0.0241,0.1067
1.0000,0.0291,0.1142
1.0000,0.0218,0.1092
1.0000,0.0205,0.1103
1.0000,0.0198,0.1121
1.0000,0.0199,0.1147
1.0000,0.0088,0.1060
1.0000,0.0079,0.1076
1.0000,0.0162,0.1184
1.0000,0.0122,0.1168
1.0000,0.0180,0.1251
1.0000,0.0077,0.1174
1.0000,0.0155,0.1277
1.0000,0.0095,0.1243
1.0000,0.0103,0.1276
1.0000,-0.0045,0.1153
1.0000,-0.0057,0.1167
1.0000,-0.0000,0.1250
1.0000,-0.0078,0.1198
1.0000,-0.0041,0.1260
1.0000,-0.0017,0.1310
1.0000,-0.0141,0.1213
1.0000,-0.0048,0.1331
1.0000,-0.0162,0.1243
1.0000,-0.0170,0.1261
1.0000,-0.0055,0.1402
1.0000,-0.0099,0.1383
1.0000,-0.0167,0.1342
1.0000,-0.0135,0.1400
1.0000,-0.0257,0.1303
1.0000,-0.0152,0.1434
1.0000,-0.0313,0.1299
1.0000,-0.0231,0.1406
1.0000,-0.0311,0.1352
1.0000,-0.0292,0.1397
1.0000,-0.0343,0.1371
1.0000,-0.0351,0.1389
1.0000,-0.0367,0.1398
1.0000,-0.0392,0.1399
1.0000,-0.0380,0.1435
1.0000,-0.0475,0.1366
1.0000,-0.0440,0.1426
1.0000,-0.0497,0.1393
1.0000,-0.0526,0.1389
1.0000,-0.0523,0.1416
1.0000,-0.0465,0.1499
1.0000,-0.0491,0.1497
1.0000,-0.0629,0.1383
1.0000,-0.0571,0.1465
1.0000,-0.0690,0.1369
1.0000,-0.0596,0.1486
1.0000,-0.0666,0.1440
1.0000,-0.0687,0.1442
1.0000,-0.0643,0.1508
1.0000,-0.0800,0.1374
1.0000,-0.0814,0.1383
1.0000,-0.0847,0.1372
1.0000,-0.0782,0.1458
1.0000,-0.0845,0.1418
1.0000,-0.0845,0.1438
1.0000,-0.0827,0.1477
1.0000,-0.0901,0.1425
1.0000,-0.0857,0.1489
1.0000,-0.0977,0.1390
1.0000,-0.0964,0.1423
1.0000,-0.0904,0.1502
1.0000,-0.1049,0.1376
1.0000,-0.0977,0.1468
1.0000,-0.1030,0.1434
1.0000,-0.1003,0.1479
1.0000,-0.1039,0.1460
1.0000,-0.1048,0.1469
1.0000,-0.1224,0.1310
1.0000,-0.1164,0.1387
1.0000,-0.1148,0.1420
1.0000,-0.1275,0.1309
1.0000,-0.1265,0.1334
1.0000,-0.1243,0.1372
1.0000,-0.1331,0.1299
1.0000,-0.1320,0.1325
1.0000,-0.1345,0.1313
1.0000,-0.1307,0.1365
1.0000,-0.1365,0.1320
1.0000,-0.1388,0.1311
1.0000,-0.1500,0.1211
1.0000,-0.1519,0.1204
1.0000,-0.1497,0.1237
1.0000,-0.1475,0.1271
1.0000,-0.1530,0.1226
1.0000,-0.1533,0.1233
1.0000,-0.1625,0.1151
1.0000,-0.1612,0.1173
1.0000,-0.1649,0.1145
1.0000,-0.1571,0.1231
1.0000,-0.1699,0.1111
1.0000,-0.1668,0.1148
1.0000,-0.1746,0.1077
1.0000,-0.1712,0.1117
1.0000,-0.1698,0.1137
1.0000,-0.1792,0.1047
1.0000,-0.1831,0.1014
1.0000,-0.1838,0.1010
1.0000,-0.1765,0.1086
1.0000,-0.1840,0.1015
1.0000,-0.1828,0.1030
1.0000,-0.1964,0.0895
1.0000,-0.1942,0.0918
1.0000,-0.1973,0.0887
1.0000,-0.1983,0.0878
1.0000,-0.1974,0.0886
1.0000,-0.2019,0.0840
1.0000,-0.2044,0.0814
1.0000,-0.2122,0.0733
1.0000,-0.2104,0.0749
1.0000,-0.2102,0.0747
1.0000,-0.2099,0.0746
1.0000,-0.2169,0.0672
1.0000,-0.2188,0.0648
1.0000,-0.2079,0.0750
1.0000,-0.2173,0.0650
1.0000,-0.2244,0.0572
1.0000,-0.2257,0.0551
1.0000,-0.2166,0.0634
1.0000,-0.2311,0.0480
1.0000,-0.2241,0.0540
1.0000,-0.2328,0.0443
1.0000,-0.2261,0.0499
1.0000,-0.2252,0.0497
1.0000,-0.2305,0.0432
1.0000,-0.2278,0.0446
1.0000,-0.2396,0.0314
1.0000,-0.2434,0.0263
1.0000,-0.2345,0.0337
1.0000,-0.2381,0.0286
1.0000,-0.2401,0.0250
1.0000,-0.2415,0.0219
1.0000,-0.2457,0.0160
1.0000,-0.2481,0.0118
1.0000,-0.2535,0.0045
1.0000,-0.2520,0.0041
1.0000,-0.2417,0.0125
1.0000,-0.2443,0.0078
1.0000,-0.2564,-0.0064
1.0000,-0.2568,-0.0090
1.0000,-0.2560,-0.0104
1.0000,-0.2591,-0.0159
1.0000,-0.2587,-0.0178
1.0000,-0.2469,-0.0084
1.0000,-0.2540,-0.0180
1.0000,-0.2601,-0.0267
1.0000,-0.2646,-0.0338
1.0000,-0.2609,-0.0328
1.0000,-0.2512,-0.0259
1.0000,-0.2545,-0.0319
1.0000,-0.2523,-0.0326
1.0000,-0.2663,-0.0495
1.0000,-0.2648,-0.0511
1.0000,-0.2546,-0.0440
1.0000,-0.2625,-0.0550
1.0000,-0.2670,-0.0626
1.0000,-0.2572,-0.0561
1.0000,-0.2673,-0.0695
1.0000,-0.2594,-0.0650
1.0000,-0.2649,-0.0740
1.0000,-0.2600,-0.0726
1.0000,-0.2613,-0.0774
1.0000,-0.2692,-0.0889
1.0000,-0.2602,-0.0836
1.0000,-0.2691,-0.0963
1.0000,-0.2568,-0.0877
1.0000,-0.2624,-0.0972
1.0000,-0.2684,-0.1071
1.0000,-0.2679,-0.1106
1.0000,-0.2639,-0.1107
1.0000,-0.2541,-0.1049
1.0000,-0.2601,-0.1151
1.0000,-0.2564,-0.1156
1.0000,-0.2573,-0.1208
1.0000,-0.2523,-0.1201
1.0000,-0.2567,-0.1289
1.0000,-0.2490,-0.1256
1.0000,-0.2574,-0.1385
1.0000,-0.2604,-0.1459
1.0000,-0.2506,-0.1407
1.0000,-0.2518,-0.1466
1.0000,-0.2442,-0.1437
1.0000,-0.2530,-0.1572
1.0000,-0.2537,-0.1627
1.0000,-0.2516,-0.1654
1.0000,-0.2471,-0.1658
1.0000,-0.2523,-0.1760
1.0000,-0.2486,-0.1772
1.0000,-0.2427,-0.1763
1.0000,-0.2435,-0.1822
1.0000,-0.2467,-0.1905
1.0000,-0.2411,-0.1901
1.0000,-0.2376,-0.1918
1.0000,-0.2281,-0.1875
1.0000,-0.2409,-0.2056
1.0000,-0.2274,-0.1975
1.0000,-0.2373,-0.2127
1.0000,-0.2317,-0.2125
1.0000,-0.2281,-0.2143
1.0000,-0.2256,-0.2173
1.0000,-0.2207,-0.2180
1.0000,-0.2204,-0.2231
1.0000,-0.2187,-0.2271
1.0000,-0.2183,-0.2322
1.0000,-0.2119,-0.2316
1.0000,-0.2049,-0.2302
1.0000,-0.2083,-0.2394
1.0000,-0.2051,-0.2419
1.0000,-0.2037,-0.2463
1.0000,-0.2075,-0.2559
1.0000,-0.2031,-0.2573
1.0000,-0.1993,-0.2594
1.0000,-0.1904,-0.2564
1.0000,-0.1943,-0.2662
1.0000,-0.1905,-0.2683
1.0000,-0.1853,-0.2691
1.0000,-0.1760,-0.2658
1.0000,-0.1815,-0.2773
1.0000,-0.1764,-0.2782
1.0000,-0.1768,-0.2847
1.0000,-0.1666,-0.2805
1.0000,-0.1609,-0.2808
1.0000,-0.1639,-0.2899
1.0000,-0.1553,-0.2875
1.0000,-0.1587,-0.2970
1.0000,-0.1473,-0.2917
1.0000,-0.1465,-0.2971
1.0000,-0.1451,-0.3019
1.0000,-0.1430,-0.3059
1.0000,-0.1446,-0.3137
1.0000,-0.1300,-0.3053
1.0000,-0.1267,-0.3081
1.0000,-0.1304,-0.3180
1.0000,-0.1280,-0.3217
1.0000,-0.1202,-0.3202
1.0000,-0.1192,-0.3254
1.0000,-0.1189,-0.3313
1.0000,-0.1184,-0.3369
1.0000,-0.1006,-0.3254
1.0000,-0.1089,-0.3398
1.0000,-0.0959,-0.3330
1.0000,-0.1042,-0.3474
1.0000,-0.0899,-0.3393
1.0000,-0.0930,-0.3486
1.0000,-0.0815,-0.3432
1.0000,-0.0807,-0.3485
1.0000,-0.0833,-0.3572
1.0000,-0.0726,-0.3527
1.0000,-0.0739,-0.3600
1.0000,-0.0645,-0.3567
1.0000,-0.0516,-0.3499
1.0000,-0.0584,-0.3628
1.0000,-0.0471,-0.3575
1.0000,-0.0440,-0.3604
1.0000,-0.0485,-0.3708
1.0000,-0.0431,-0.3714
1.0000,-0.0350,-0.3693
1.0000,-0.0246,-0.3648
1.0000,-0.0183,-0.3643
1.0000,-0.0228,-0.3747
1.0000,-0.0191,-0.3769
1.0000,-0.0092,-0.3727
1.0000,-0.0036,-0.3729
1.0000,-0.0011,-0.3761
1.0000,0.0124,-0.3683
1.0000,0.0077,-0.3786
1.0000,0.0194,-0.3725
1.0000,0.0206,-0.3770
1.0000,0.0298,-0.3734
1.0000,0.0320,-0.3766
1.0000,0.0339,-0.3802
1.0000,0.0327,-0.3868
1.0000,0.0496,-0.3753
1.0000,0.0412,-0.3890
1.0000,0.0588,-0.3767
1.0000,0.0610,-0.3797
1.0000,0.0680,-0.3780
1.0000,0.0744,-0.3767
1.0000,0.0772,-0.3790
1.0000,0.0766,-0.3846
1.0000,0.0859,-0.3803
1.0000,0.0869,-0.3843
1.0000,0.0863,-0.3897
1.0000,0.1050,-0.3758
1.0000,0.1021,-0.3835
1.0000,0.1025,-0.3878
1.0000,0.1158,-0.3791
1.0000,0.1183,-0.3812
1.0000,0.1236,-0.3804
1.0000,0.1282,-0.3802
1.0000,0.1303,-0.3825
1.0000,0.1410,-0.3762
1.0000,0.1393,-0.3821
1.0000,0.1444,-0.3813
1.0000,0.1530,-0.3768
1.0000,0.1520,-0.3818
1.0000,0.1596,-0.3782
1.0000,0.1667,-0.3750
1.0000,0.1731,-0.3725
1.0000,0.1783,-0.3710
1.0000,0.1827,-0.3703
1.0000,0.1876,-0.3690
1.0000,0.1896,-0.3705
1.0000,0.1949,-0.3687
1.0000,0.2003,-0.3667
1.0000,0.2070,-0.3632
1.0000,0.2207,-0.3528
1.0000,0.2130,-0.3636
1.0000,0.2192,-0.3605
1.0000,0.2301,-0.3526
1.0000,0.2273,-0.3582
1.0000,0.2369,-0.3514
1.0000,0.2489,-0.3421
1.0000,0.2425,-0.3512
1.0000,0.2586,-0.3376
1.0000,0.2573,-0.3414
1.0000,0.2603,-0.3406
1.0000,0.2747,-0.3286
1.0000,0.2714,-0.3340
1.0000,0.2767,-0.3308
1.0000,0.2884,-0.3211
1.0000,0.2817,-0.3297
1.0000,0.2869,-0.3263
1.0000,0.3014,-0.3134
1.0000,0.2976,-0.3189
1.0000,0.3079,-0.3101
1.0000,0.3060,-0.3134
1.0000,0.3219,-0.2989
1.0000,0.3236,-0.2984
1.0000,0.3308,-0.2923
1.0000,0.3245,-0.2996
1.0000,0.3322,-0.2928
1.0000,0.3353,-0.2905
1.0000,0.3495,-0.2770
1.0000,0.3432,-0.2840
1.0000,0.3561,-0.2716
1.0000,0.3579,-0.2701
1.0000,0.3530,-0.2754
1.0000,0.3579,-0.2706
1.0000,0.3700,-0.2587
1.0000,0.3678,-0.2609
1.0000,0.3689,-0.2597
1.0000,0.3829,-0.2454
1.0000,0.3908,-0.2372
1.0000,0.3802,-0.2473
1.0000,0.3985,-0.2285
1.0000,0.4035,-0.2228
1.0000,0.4069,-0.2187
1.0000,0.4065,-0.2182
1.0000,0.4140,-0.2097
1.0000,0.4113,-0.2114
1.0000,0.4090,-0.2125
1.0000,0.4233,-0.1968
1.0000,0.4148,-0.2039
1.0000,0.4200,-0.1972
1.0000,0.4229,-0.1926
1.0000,0.4353,-0.1786
1.0000,0.4313,-0.1807
1.0000,0.4432,-0.1668
1.0000,0.4435,-0.1645
1.0000,0.4368,-0.1690
1.0000,0.4458,-0.1576
1.0000,0.4447,-0.1564
1.0000,0.4530,-0.1456
1.0000,0.4519,-0.1440
1.0000,0.4543,-0.1389
1.0000,0.4569,-0.1334
1.0000,0.4615,-0.1258
1.0000,0.4665,-0.1178
1.0000,0.4662,-0.1149
1.0000,0.4689,-0.1090
1.0000,0.4782,-0.0962
1.0000,0.4710,-0.1000
1.0000,0.4835,-0.0838
1.0000,0.4754,-0.0882
1.0000,0.4729,-0.0869
1.0000,0.4765,-0.0792
1.0000,0.4876,-0.0641
1.0000,0.4824,-0.0651
1.0000,0.4799,-0.0633
1.0000,0.4853,-0.0535
1.0000,0.4946,-0.0398
1.0000,0.4904,-0.0394
1.0000,0.4948,-0.0303
1.0000,0.5029,-0.0174
1.0000,0.4930,-0.0224
1.0000,0.5040,-0.0064
1.0000,0.4991,-0.0061
1.0000,0.4929,-0.0071
1.0000,0.4953,0.0006
1.0000,0.5035,0.0142
1.0000,0.4961,0.0124
1.0000,0.5004,0.0224
1.0000,0.4983,0.0260
1.0000,0.4980,0.0316
1.0000,0.5073,0.0468
1.0000,0.5026,0.0482
1.0000,0.5104,0.0621
1.0000,0.5005,0.0585
1.0000,0.5026,0.0668
1.0000,0.5063,0.0770
1.0000,0.5027,0.0800
1.0000,0.5082,0.0921
1.0000,0.5002,0.0908
1.0000,0.5066,0.1040
1.0000,0.5017,0.1060
1.0000,0.5097,0.1210
1.0000,0.5070,0.1255
1.0000,0.5040,0.1296
1.0000,0.4997,0.1326
1.0000,0.4948,0.1351
1.0000,0.5072,0.1549
1.0000,0.5083,0.1636
1.0000,0.4975,0.1604
1.0000,0.4984,0.1690
1.0000,0.4969,0.1753
1.0000,0.4915,0.1778
1.0000,0.4901,0.1844
1.0000,0.4957,0.1980
1.0000,0.4925,0.2030
1.0000,0.4911,0.2097
1.0000,0.4816,0.2085
1.0000,0.4886,0.2239
1.0000,0.4807,0.2244
1.0000,0.4890,0.2412
1.0000,0.4769,0.2377
1.0000,0.4738,0.2432
1.0000,0.4712,0.2493
1.0000,0.4716,0.2585
1.0000,0.4640,0.2598
1.0000,0.4640,0.2687
1.0000,0.4655,0.2792
1.0000,0.4621,0.2849
1.0000,0.4542,0.2861
1.0000,0.4539,0.2950
1.0000,0.4585,0.3088
1.0000,0.4436,0.3031
1.0000,0.4523,0.3213
1.0000,0.4445,0.3228
1.0000,0.4407,0.3285
1.0000,0.4393,0.3366
1.0000,0.4342,0.3411
1.0000,0.4342,0.3507
1.0000,0.4236,0.3497
1.0000,0.4220,0.3578
1.0000,0.4154,0.3610
1.0000,0.4189,0.3743
1.0000,0.4175,0.3828
1.0000,0.4044,0.3795
1.0000,0.4056,0.3907
1.0000,0.4008,0.3958
1.0000,0.3923,0.3973
1.0000,0.3833,0.3984
1.0000,0.3884,0.4135
1.0000,0.3787,0.4139
1.0000,0.3805,0.4258
1.0000,0.3655,0.4210
1.0000,0.3704,0.4361
1.0000,0.3681,0.4439
1.0000,0.3663,0.4524
1.0000,0.3572,0.4535
1.0000,0.3511,0.4577
1.0000,0.3490,0.4659
1.0000,0.3384,0.4656
1.0000,0.3252,0.4628
1.0000,0.3352,0.4831
1.0000,0.3203,0.4785
1.0000,0.3092,0.4777
1.0000,0.3124,0.4913
1.0000,0.3096,0.4989
1.0000,0.3024,0.5021
1.0000,0.2859,0.4959
1.0000,0.2834,0.5038
1.0000,0.2850,0.5158
1.0000,0.2750,0.5162
1.0000,0.2710,0.5226
1.0000,0.2658,0.5277
1.0000,0.2599,0.5322
1.0000,0.2546,0.5373
1.0000,0.2376,0.5306
1.0000,0.2406,0.5439
1.0000,0.2387,0.5523
1.0000,0.2188,0.5427
1.0000,0.2165,0.5507
1.0000,0.2179,0.5623
1.0000,0.2071,0.5618
1.0000,0.1916,0.5565
1.0000,0.1976,0.5726
1.0000,0.1894,0.5746
1.0000,0.1813,0.5766
1.0000,0.1702,0.5757
1.0000,0.1635,0.5790
1.0000,0.1544,0.5799
1.0000,0.1449,0.5804
1.0000,0.1444,0.5899
1.0000,0.1373,0.5927
1.0000,0.1224,0.5877
1.0000,0.1144,0.5895
1.0000,0.1161,0.6010
1.0000,0.1083,0.6030
1.0000,0.0985,0.6028
1.0000,0.0955,0.6095
1.0000,0.0914,0.6149
1.0000,0.0759,0.6090
1.0000,0.0717,0.6142
1.0000,0.0604,0.6123
1.0000,0.0576,0.6189
1.0000,0.0476,0.6182
1.0000,0.0333,0.6131
1.0000,0.0287,0.6177
1.0000,0.0193,0.6174
1.0000,0.0086,0.6158
1.0000,0.0067,0.6228
1.0000,-0.0047,0.6203
1.0000,-0.0085,0.6253
1.0000,-0.0211,0.6214
1.0000,-0.0275,0.6237
1.0000,-0.0345,0.6253
1.0000,-0.0436,0.6247
1.0000,-0.0459,0.6308
1.0000,-0.0558,0.6292
1.0000,-0.0647,0.6286
1.0000,-0.0657,0.6358
1.0000,-0.0822,0.6274
1.0000,-0.0862,0.6314
1.0000,-0.0917,0.6338
1.0000,-0.1085,0.6248
1.0000,-0.1043,0.6367
1.0000,-0.1146,0.6340
1.0000,-0.1282,0.6279
1.0000,-0.1335,0.6300
1.0000,-0.1467,0.6241
1.0000,-0.1494,0.6287
1.0000,-0.1558,0.6293
1.0000,-0.1740,0.6181
1.0000,-0.1823,0.6168
1.0000,-0.1901,0.6157
1.0000,-0.1915,0.6210
1.0000,-0.2005,0.6185
1.0000,-0.2083,0.6172
1.0000,-0.2173,0.6145
1.0000,-0.2233,0.6148
1.0000,-0.2362,0.6080
1.0000,-0.2489,0.6012
1.0000,-0.2539,0.6021
1.0000,-0.2621,0.5996
1.0000,-0.2655,0.6018
1.0000,-0.2720,0.6008
1.0000,-0.2817,0.5965
1.0000,-0.2868,0.5966
1.0000,-0.2906,0.5979
1.0000,-0.3043,0.5892
1.0000,-0.3139,0.5845
1.0000,-0.3126,0.5905
1.0000,-0.3344,0.5733
1.0000,-0.3385,0.5737
1.0000,-0.3370,0.5795
1.0000,-0.3487,0.5720
1.0000,-0.3533,0.5714
1.0000,-0.3627,0.5659
1.0000,-0.3807,0.5517
1.0000,-0.3763,0.5598
1.0000,-0.3831,0.5564
1.0000,-0.3927,0.5501
1.0000,-0.4008,0.5452
1.0000,-0.4062,0.5429
1.0000,-0.4154,0.5366
1.0000,-0.4255,0.5292
1.0000,-0.4374,0.5200
1.0000,-0.4366,0.5233
1.0000,-0.4428,0.5194
1.0000,-0.4576,0.5068
1.0000,-0.4557,0.5107
1.0000,-0.4721,0.4962
1.0000,-0.4697,0.5003
1.0000,-0.4903,0.4812
1.0000,-0.4911,0.4819
1.0000,-0.4955,0.4788
1.0000,-0.5072,0.4682
1.0000,-0.5022,0.4741
1.0000,-0.5156,0.4614
1.0000,-0.5277,0.4500
1.0000,-0.5344,0.4438
1.0000,-0.5295,0.4491
1.0000,-0.5351,0.4436
1.0000,-0.5463,0.4324
1.0000,-0.5465,0.4320
1.0000,-0.5650,0.4132
1.0000,-0.5661,0.4117
1.0000,-0.5756,0.4015
1.0000,-0.5730,0.4034
1.0000,-0.5787,0.3967
1.0000,-0.5884,0.3858
1.0000,-0.5988,0.3742
1.0000,-0.5946,0.3770
1.0000,-0.6112,0.3588
1.0000,-0.6092,0.3590
1.0000,-0.6153,0.3510
1.0000,-0.6286,0.3356
1.0000,-0.6195,0.3425
1.0000,-0.6402,0.3193
1.0000,-0.6367,0.3203
1.0000,-0.6398,0.3144
1.0000,-0.6545,0.2968
1.0000,-0.6569,0.2914
1.0000,-0.6521,0.2930
1.0000,-0.6643,0.2774
1.0000,-0.6649,0.2733
1.0000,-0.6652,0.2693
1.0000,-0.6658,0.2649
1.0000,-0.6774,0.2492
1.0000,-0.6821,0.2403
1.0000,-0.6860,0.2320
1.0000,-0.6959,0.2176
1.0000,-0.6896,0.2193
1.0000,-0.6969,0.2071
1.0000,-0.7070,0.1921
1.0000,-0.7086,0.1853
1.0000,-0.7136,0.1750
1.0000,-0.7111,0.1721
1.0000,-0.7130,0.1645
1.0000,-0.7208,0.1509
1.0000,-0.7140,0.1518
1.0000,-0.7150,0.1447
1.0000,-0.7290,0.1245
1.0000,-0.7275,0.1196
1.0000,-0.7372,0.1033
1.0000,-0.7289,0.1049
1.0000,-0.7294,0.0975
1.0000,-0.7285,0.0914
1.0000,-0.7382,0.0745
1.0000,-0.7476,0.0578
1.0000,-0.7380,0.0599
1.0000,-0.7426,0.0477
1.0000,-0.7406,0.0420
1.0000,-0.7509,0.0238
1.0000,-0.7400,0.0265
1.0000,-0.7520,0.0063
1.0000,-0.7520,-0.0020
1.0000,-0.7465,-0.0050
1.0000,-0.7587,-0.0259
1.0000,-0.7507,-0.0266
1.0000,-0.7485,-0.0333
1.0000,-0.7605,-0.0544
1.0000,-0.7549,-0.0580
1.0000,-0.7533,-0.0658
1.0000,-0.7594,-0.0813
1.0000,-0.7586,-0.0901
1.0000,-0.7539,-0.0951
1.0000,-0.7515,-0.1026
1.0000,-0.7526,-0.1137
1.0000,-0.7513,-0.1226
1.0000,-0.7572,-0.1387
1.0000,-0.7511,-0.1430
1.0000,-0.7455,-0.1479
1.0000,-0.7558,-0.1689
1.0000,-0.7454,-0.1692
1.0000,-0.7520,-0.1866
1.0000,-0.7504,-0.1961
1.0000,-0.7508,-0.2076
1.0000,-0.7494,-0.2174
1.0000,-0.7431,-0.2225
1.0000,-0.7421,-0.2330
1.0000,-0.7305,-0.2330
1.0000,-0.7381,-0.2522
1.0000,-0.7321,-0.2580
1.0000,-0.7361,-0.2739
1.0000,-0.7336,-0.2834
1.0000,-0.7283,-0.2903
1.0000,-0.7285,-0.3026
1.0000,-0.7162,-0.3026
1.0000,-0.7238,-0.3226
1.0000,-0.7204,-0.3317
1.0000,-0.7111,-0.3350
1.0000,-0.7101,-0.3467
1.0000,-0.7008,-0.3502
1.0000,-0.7008,-0.3631
1.0000,-0.6902,-0.3655
1.0000,-0.6869,-0.3752
1.0000,-0.6817,-0.3832
1.0000,-0.6876,-0.4022
1.0000,-0.6749,-0.4028
1.0000,-0.6771,-0.4184
1.0000,-0.6704,-0.4251
1.0000,-0.6701,-0.4384
1.0000,-0.6588,-0.4407
1.0000,-0.6649,-0.4604
1.0000,-0.6558,-0.4650
1.0000,-0.6401,-0.4631
1.0000,-0.6388,-0.4757
1.0000,-0.6305,-0.4813
1.0000,-0.6307,-0.4955
1.0000,-0.6255,-0.5043
1.0000,-0.6204,-0.5133
1.0000,-0.6081,-0.5151
1.0000,-0.6106,-0.5318
1.0000,-0.6017,-0.5371
1.0000,-0.5938,-0.5435
1.0000,-0.5974,-0.5614
1.0000,-0.5875,-0.5659
1.0000,-0.5704,-0.5632
1.0000,-0.5770,-0.5843
1.0000,-0.5695,-0.5912
1.0000,-0.5527,-0.5889
1.0000,-0.5575,-0.6083
1.0000,-0.5421,-0.6074
1.0000,-0.5402,-0.6201
1.0000,-0.5224,-0.6169
1.0000,-0.5269,-0.6360
1.0000,-0.5130,-0.6368
1.0000,-0.5013,-0.6397
1.0000,-0.4952,-0.6483
1.0000,-0.4942,-0.6620
1.0000,-0.4778,-0.6604
1.0000,-0.4749,-0.6721
1.0000,-0.4695,-0.6815
1.0000,-0.4612,-0.6879
1.0000,-0.4504,-0.6917
1.0000,-0.4498,-0.7058
1.0000,-0.4406,-0.7114
1.0000,-0.4292,-0.7146
1.0000,-0.4230,-0.7232
1.0000,-0.4182,-0.7330
1.0000,-0.3986,-0.7281
1.0000,-0.4013,-0.7454
1.0000,-0.3918,-0.7505
1.0000,-0.3752,-0.7485
1.0000,-0.3645,-0.7523
1.0000,-0.3568,-0.7592
1.0000,-0.3476,-0.7645
1.0000,-0.3395,-0.7709
1.0000,-0.3287,-0.7745
1.0000,-0.3192,-0.7794
1.0000,-0.3068,-0.7814
1.0000,-0.2961,-0.7850
1.0000,-0.2890,-0.7922
1.0000,-0.2746,-0.7920
1.0000,-0.2648,-0.7964
1.0000,-0.2667,-0.8124
1.0000,-0.2545,-0.8143
1.0000,-0.2484,-0.8222
1.0000,-0.2267,-0.8145
1.0000,-0.2271,-0.8288
1.0000,-0.2184,-0.8339
1.0000,-0.1989,-0.8282
1.0000,-0.1896,-0.8325
1.0000,-0.1813,-0.8379
1.0000,-0.1772,-0.8473
1.0000,-0.1634,-0.8471
1.0000,-0.1513,-0.8483
1.0000,-0.1391,-0.8494
1.0000,-0.1241,-0.8477
1.0000,-0.1138,-0.8505
1.0000,-0.1118,-0.8616
1.0000,-0.1008,-0.8635
1.0000,-0.0810,-0.8566
1.0000,-0.0762,-0.8646
1.0000,-0.0648,-0.8659
1.0000,-0.0501,-0.8637
1.0000,-0.0454,-0.8715
1.0000,-0.0337,-0.8722
1.0000,-0.0187,-0.8695
1.0000,-0.0184,-0.8813
1.0000,0.0021,-0.8729
1.0000,0.0159,-0.8710
1.0000,0.0145,-0.8843
1.0000,0.0261,-0.8843
1.0000,0.0417,-0.8803
1.0000,0.0523,-0.8812
1.0000,0.0613,-0.8835
1.0000,0.0816,-0.8745
1.0000,0.0959,-0.8712
1.0000,0.0971,-0.8811
1.0000,0.1088,-0.8802
1.0000,0.1199,-0.8797
1.0000,0.1259,-0.8843
1.0000,0.1411,-0.8795
1.0000,0.1617,-0.8692
1.0000,0.1629,-0.8781
1.0000,0.1748,-0.8762
1.0000,0.1926,-0.8682
1.0000,0.2045,-0.8660
1.0000,0.2077,-0.8724
1.0000,0.2215,-0.8679
1.0000,0.2277,-0.8710
1.0000,0.2449,-0.8629
1.0000,0.2594,-0.8573
1.0000,0.2681,-0.8574
1.0000,0.2774,-0.8566
1.0000,0.2955,-0.8470
1.0000,0.2974,-0.8534
1.0000,0.3187,-0.8402
1.0000,0.3248,-0.8420
1.0000,0.3285,-0.8461
1.0000,0.3414,-0.8408
1.0000,0.3618,-0.8278
1.0000,0.3605,-0.8364
1.0000,0.3845,-0.8194
1.0000,0.3812,-0.8296
1.0000,0.4035,-0.8141
1.0000,0.4090,-0.8151
1.0000,0.4163,-0.8142
1.0000,0.4359,-0.8007
1.0000,0.4337,-0.8089
1.0000,0.4546,-0.7938
1.0000,0.4668,-0.7873
1.0000,0.4732,-0.7863
1.0000,0.4813,-0.7834
1.0000,0.4911,-0.7786
1.0000,0.5047,-0.7699
1.0000,0.5135,-0.7658
1.0000,0.5222,-0.7615
1.0000,0.5271,-0.7609
1.0000,0.5373,-0.7547
1.0000,0.5556,-0.7403
1.0000,0.5585,-0.7411
1.0000,0.5792,-0.7238
1.0000,0.5846,-0.7217
1.0000,0.5985,-0.7109
1.0000,0.5961,-0.7162
1.0000,0.6043,-0.7106
1.0000,0.6158,-0.7016
1.0000,0.6364,-0.6832
1.0000,0.6347,-0.6869
1.0000,0.6525,-0.6710
1.0000,0.6589,-0.6661
1.0000,0.6616,-0.6649
1.0000,0.6759,-0.6518
1.0000,0.6879,-0.6408
1.0000,0.6870,-0.6425
1.0000,0.6993,-0.6308
1.0000,0.7174,-0.6130
1.0000,0.7257,-0.6049
1.0000,0.7336,-0.5969
1.0000,0.7349,-0.5953
1.0000,0.7397,-0.5900
1.0000,0.7511,-0.5779
1.0000,0.7648,-0.5633
1.0000,0.7687,-0.5583
1.0000,0.7702,-0.5554
1.0000,0.7879,-0.5362
1.0000,0.7988,-0.5235
1.0000,0.8001,-0.5201
1.0000,0.8075,-0.5105
1.0000,0.8091,-0.5066
1.0000,0.8128,-0.5002
1.0000,0.8324,-0.4777
1.0000,0.8276,-0.4794
1.0000,0.8441,-0.4596
1.0000,0.8461,-0.4541
1.0000,0.8526,-0.4439
1.0000,0.8593,-0.4332
1.0000,0.8700,-0.4184
1.0000,0.8732,-0.4109
1.0000,0.8725,-0.4069
1.0000,0.8919,-0.3828
1.0000,0.8912,-0.3784
1.0000,0.8989,-0.3655
1.0000,0.8984,-0.3605
1.0000,0.9013,-0.3520
1.0000,0.9048,-0.3426
1.0000,0.9135,-0.3278
1.0000,0.9254,-0.3097
1.0000,0.9330,-0.2956
1.0000,0.9272,-0.2946
1.0000,0.9349,-0.2800
1.0000,0.9336,-0.2742
1.0000,0.9411,-0.2594
1.0000,0.9492,-0.2437
1.0000,0.9572,-0.2280
1.0000,0.9644,-0.2128
1.0000,0.9650,-0.2041
1.0000,0.9678,-0.1929
1.0000,0.9686,-0.1835
1.0000,0.9753,-0.1680
1.0000,0.9782,-0.1562
1.0000,0.9743,-0.1509
1.0000,0.9770,-0.1389
1.0000,0.9820,-0.1243
1.0000,0.9842,-0.1123
1.0000,0.9908,-0.0957
1.0000,0.9924,-0.0839
1.0000,0.9938,-0.0723
1.0000,0.9975,-0.0580
1.0000,0.9967,-0.0481
1.0000,0.9959,-0.0380
1.0000,0.9962,-0.0265
1.0000,1.0015,-0.0100
1.0000,0.9935,-0.0065
2.0000,-0.0025,-0.0014
2.0000,0.0007,0.0027
2.0000,-0.0043,-0.0012
2.0000,-0.0028,0.0013
2.0000,0.0037,0.0090
2.0000,-0.0024,0.0041
2.0000,0.0059,0.0135
2.0000,0.0038,0.0126
2.0000,-0.0033,0.0067
2.0000,-0.0026,0.0086
2.0000,-0.0011,0.0113
2.0000,-0.0045,0.0092
2.0000,-0.0070,0.0079
2.0000,-0.0063,0.0099
2.0000,0.0024,0.0199
2.0000,-0.0102,0.0087
2.0000,-0.0103,0.0099
2.0000,-0.0010,0.0205
2.0000,-0.0033,0.0196
2.0000,0.0020,0.0264
2.0000,-0.0056,0.0202
2.0000,0.0004,0.0276
2.0000,-0.0062,0.0224
2.0000,-0.0129,0.0171
2.0000,-0.0082,0.0233
2.0000,-0.0052,0.0278
2.0000,-0.0047,0.0298
2.0000,-0.0080,0.0280
2.0000,-0.0119,0.0256
2.0000,-0.0080,0.0309
2.0000,-0.0174,0.0231
2.0000,-0.0089,0.0331
2.0000,-0.0182,0.0253
2.0000,-0.0151,0.0299
2.0000,-0.0131,0.0334
2.0000,-0.0216,0.0266
2.0000,-0.0150,0.0347
2.0000,-0.0160,0.0352
2.0000,-0.0232,0.0295
2.0000,-0.0255,0.0288
2.0000,-0.0216,0.0343
2.0000,-0.0176,0.0399
2.0000,-0.0182,0.0408
2.0000,-0.0175,0.0431
2.0000,-0.0183,0.0439
2.0000,-0.0205,0.0431
2.0000,-0.0217,0.0435
2.0000,-0.0320,0.0347
2.0000,-0.0218,0.0465
2.0000,-0.0356,0.0342
2.0000,-0.0310,0.0404
2.0000,-0.0331,0.0398
2.0000,-0.0379,0.0365
2.0000,-0.0307,0.0453
2.0000,-0.0335,0.0439
2.0000,-0.0371,0.0418
2.0000,-0.0427,0.0377
2.0000,-0.0317,0.0502
2.0000,-0.0476,0.0357
2.0000,-0.0446,0.0403
2.0000,-0.0417,0.0445
2.0000,-0.0391,0.0485
2.0000,-0.0370,0.0521
2.0000,-0.0538,0.0366
2.0000,-0.0505,0.0414
2.0000,-0.0442,0.0490
2.0000,-0.0455,0.0491
2.0000,-0.0550,0.0410
2.0000,-0.0496,0.0477
2.0000,-0.0497,0.0489
2.0000,-0.0614,0.0385
2.0000,-0.0560,0.0451
2.0000,-0.0653,0.0371
2.0000,-0.0575,0.0460
2.0000,-0.0585,0.0462
2.0000,-0.0681,0.0378
2.0000,-0.0694,0.0377
2.0000,-0.0708,0.0374
2.0000,-0.0619,0.0474
2.0000,-0.0614,0.0490
2.0000,-0.0647,0.0467
2.0000,-0.0639,0.0486
2.0000,-0.0696,0.0439
2.0000,-0.0784,0.0361
2.0000,-0.0717,0.0438
2.0000,-0.0807,0.0356
2.0000,-0.0822,0.0350
2.0000,-0.0752,0.0429
2.0000,-0.0727,0.0463
2.0000,-0.0889,0.0308
2.0000,-0.0866,0.0339
2.0000,-0.0860,0.0353
2.0000,-0.0835,0.0385
2.0000,-0.0861,0.0366
2.0000,-0.0952,0.0281
2.0000,-0.0883,0.0356
2.0000,-0.0880,0.0365
2.0000,-0.0981,0.0270
2.0000,-0.0870,0.0386
2.0000,-0.1013,0.0247
2.0000,-0.0914,0.0350
2.0000,-0.0898,0.0370
2.0000,-0.1001,0.0271
2.0000,-0.1045,0.0230
2.0000,-0.1033,0.0245
2.0000,-0.1033,0.0248
2.0000,-0.0980,0.0303
2.0000,-0.1013,0.0272
2.0000,-0.1046,0.0240
2.0000,-0.1098,0.0189
2.0000,-0.1077,0.0210
2.0000,-0.1173,0.0114
2.0000,-0.1177,0.0110
2.0000,-0.1085,0.0201
2.0000,-0.1115,0.0171
2.0000,-0.1082,0.0201
2.0000,-0.1196,0.0086
2.0000,-0.1159,0.0120
2.0000,-0.1243,0.0033
2.0000,-0.1190,0.0083
2.0000,-0.1192,0.0077
2.0000,-0.1186,0.0079
2.0000,-0.1155,0.0106
2.0000,-0.1255,0.0001
2.0000,-0.1269,-0.0019
2.0000,-0.1192,0.0052
2.0000,-0.1279,-0.0042
2.0000,-0.1326,-0.0095
2.0000,-0.1261,-0.0037
2.0000,-0.1326,-0.0110
2.0000,-0.1299,-0.0092
2.0000,-0.1256,-0.0057
2.0000,-0.1331,-0.0141
2.0000,-0.1396,-0.0215
2.0000,-0.1393,-0.0223
2.0000,-0.1294,-0.0135
2.0000,-0.1309,-0.0160
2.0000,-0.1419,-0.0282
2.0000,-0.1374,-0.0249
2.0000,-0.1440,-0.0327
2.0000,-0.1409,-0.0309
2.0000,-0.1445,-0.0359
2.0000,-0.1443,-0.0370
2.0000,-0.1444,-0.0385
2.0000,-0.1385,-0.0342
2.0000,-0.1470,-0.0441
2.0000,-0.1491,-0.0478
2.0000,-0.1352,-0.0356
2.0000,-0.1485,-0.0505
2.0000,-0.1403,-0.0440
2.0000,-0.1461,-0.0515
2.0000,-0.1383,-0.0456
2.0000,-0.1491,-0.0582
2.0000,-0.1444,-0.0554
2.0000,-0.1485,-0.0615
2.0000,-0.1476,-0.0625
2.0000,-0.1418,-0.0588
2.0000,-0.1370,-0.0561
2.0000,-0.1507,-0.0719
2.0000,-0.1382,-0.0616
2.0000,-0.1462,-0.0718
2.0000,-0.1448,-0.0726
2.0000,-0.1444,-0.0746
2.0000,-0.1404,-0.0729
2.0000,-0.1483,-0.0832
2.0000,-0.1502,-0.0875
2.0000,-0.1405,-0.0803
2.0000,-0.1399,-0.0822
2.0000,-0.1463,-0.0913
2.0000,-0.1453,-0.0928
2.0000,-0.1502,-0.1004
2.0000,-0.1490,-0.1019
2.0000,-0.1468,-0.1025
2.0000,-0.1341,-0.0926
2.0000,-0.1445,-0.1058
2.0000,-0.1368,-0.1010
2.0000,-0.1340,-0.1011
2.0000,-0.1439,-0.1140
2.0000,-0.1449,-0.1179
2.0000,-0.1373,-0.1134
2.0000,-0.1345,-0.1136
2.0000,-0.1323,-0.1145
2.0000,-0.1330,-0.1184
2.0000,-0.1285,-0.1171
2.0000,-0.1384,-0.1302
2.0000,-0.1277,-0.1227
2.0000,-0.1323,-0.1307
2.0000,-0.1329,-0.1346
2.0000,-0.1285,-0.1335
2.0000,-0.1341,-0.1425
2.0000,-0.1250,-0.1368
2.0000,-0.1357,-0.1511
2.0000,-0.1196,-0.1384
2.0000,-0.1204,-0.1428
2.0000,-0.1298,-0.1557
2.0000,-0.1156,-0.1452
2.0000,-0.1265,-0.1597
2.0000,-0.1172,-0.1540
2.0000,-0.1161,-0.1566
2.0000,-0.1188,-0.1631
2.0000,-0.1167,-0.1647
2.0000,-0.1117,-0.1635
2.0000,-0.1198,-0.1753
2.0000,-0.1081,-0.1675
2.0000,-0.1050,-0.1682
2.0000,-0.1075,-0.1747
2.0000,-0.1129,-0.1839
2.0000,-0.0998,-0.1748
2.0000,-0.1076,-0.1865
2.0000,-0.0972,-0.1801
2.0000,-0.1045,-0.1914
2.0000,-0.1013,-0.1922
2.0000,-0.0991,-0.1939
2.0000,-0.0894,-0.1883
2.0000,-0.0853,-0.1883
2.0000,-0.0874,-0.1945
2.0000,-0.0829,-0.1941
2.0000,-0.0852,-0.2005
2.0000,-0.0754,-0.1948
2.0000,-0.0824,-0.2059
2.0000,-0.0813,-0.2090
2.0000,-0.0801,-0.2120
2.0000,-0.0737,-0.2097
2.0000,-0.0736,-0.2139
2.0000,-0.0638,-0.2083
2.0000,-0.0739,-0.2226
2.0000,-0.0678,-0.2207
2.0000,-0.0637,-0.2208
2.0000,-0.0648,-0.2261
2.0000,-0.0632,-0.2288
2.0000,-0.0583,-0.2281
2.0000,-0.0450,-0.2191
2.0000,-0.0538,-0.2321
2.0000,-0.0452,-0.2278
2.0000,-0.0507,-0.2375
2.0000,-0.0387,-0.2297
2.0000,-0.0364,-0.2317
2.0000,-0.0324,-0.2319
2.0000,-0.0255,-0.2293
2.0000,-0.0244,-0.2325
2.0000,-0.0310,-0.2433
2.0000,-0.0199,-0.2363
2.0000,-0.0148,-0.2355
2.0000,-0.0236,-0.2485
2.0000,-0.0077,-0.2369
2.0000,-0.0130,-0.2464
2.0000,-0.0144,-0.2519
2.0000,-0.0137,-0.2554
2.0000,-0.0084,-0.2542
2.0000,0.0028,-0.2472
2.0000,-0.0038,-0.2580
2.0000,0.0049,-0.2533
2.0000,0.0059,-0.2565
2.0000,0.0173,-0.2491
2.0000,0.0214,-0.2491
2.0000,0.0138,-0.2608
2.0000,0.0236,-0.2550
2.0000,0.0184,-0.2641
2.0000,0.0298,-0.2568
2.0000,0.0365,-0.2540
2.0000,0.0412,-0.2533
2.0000,0.0345,-0.2639
2.0000,0.0498,-0.2524
2.0000,0.0418,-0.2644
2.0000,0.0550,-0.2549
2.0000,0.0502,-0.2636
2.0000,0.0539,-0.2636
2.0000,0.0588,-0.2625
2.0000,0.0663,-0.2586
2.0000,0.0621,-0.2666
2.0000,0.0684,-0.2639
2.0000,0.0797,-0.2562
2.0000,0.0728,-0.2667
2.0000,0.0835,-0.2595
2.0000,0.0794,-0.2672
2.0000,0.0945,-0.2554
2.0000,0.0850,-0.2684
2.0000,0.1019,-0.2549
2.0000,0.1040,-0.2562
2.0000,0.1027,-0.2607
2.0000,0.1044,-0.2623
2.0000,0.1152,-0.2547
2.0000,0.1185,-0.2545
2.0000,0.1142,-0.2620
2.0000,0.1191,-0.2602
2.0000,0.1279,-0.2544
2.0000,0.1286,-0.2566
2.0000,0.1381,-0.2500
2.0000,0.1342,-0.2569
2.0000,0.1429,-0.2509
2.0000,0.1372,-0.2594
2.0000,0.1482,-0.2512
2.0000,0.1546,-0.2474
2.0000,0.1597,-0.2449
2.0000,0.1567,-0.2505
2.0000,0.1675,-0.2422
2.0000,0.1685,-0.2436
2.0000,0.1715,-0.2430
2.0000,0.1726,-0.2442
2.0000,0.1747,-0.2443
2.0000,0.1769,-0.2444
2.0000,0.1862,-0.2372
2.0000,0.1842,-0.2413
2.0000,0.1864,-0.2410
2.0000,0.1876,-0.2418
2.0000,0.2005,-0.2308
2.0000,0.2057,-0.2275
2.0000,0.2091,-0.2258
2.0000,0.2129,-0.2236
2.0000,0.2088,-0.2294
2.0000,0.2125,-0.2272
2.0000,0.2207,-0.2205
2.0000,0.2184,-0.2242
2.0000,0.2188,-0.2252
2.0000,0.2262,-0.2190
2.0000,0.2320,-0.2144
2.0000,0.2329,-0.2146
2.0000,0.2460,-0.2027
2.0000,0.2441,-0.2056
2.0000,0.2485,-0.2020
2.0000,0.2459,-0.2055
2.0000,0.2581,-0.1940
2.0000,0.2604,-0.1924
2.0000,0.2613,-0.1922
2.0000,0.2594,-0.1945
2.0000,0.2679,-0.1865
2.0000,0.2718,-0.1830
2.0000,0.2739,-0.1812
2.0000,0.2808,-0.1745
2.0000,0.2771,-0.1783
2.0000,0.2845,-0.1710
2.0000,0.2785,-0.1770
2.0000,0.2926,-0.1628
2.0000,0.2938,-0.1614
2.0000,0.2922,-0.1627
2.0000,0.2940,-0.1606
2.0000,0.2985,-0.1557
2.0000,0.2987,-0.1550
2.0000,0.2980,-0.1551
2.0000,0.3043,-0.1481
2.0000,0.3158,-0.1359
2.0000,0.3128,-0.1380
2.0000,0.3227,-0.1272
2.0000,0.3183,-0.1305
2.0000,0.3143,-0.1335
2.0000,0.3275,-0.1191
2.0000,0.3270,-0.1183
2.0000,0.3296,-0.1144
2.0000,0.3300,-0.1125
2.0000,0.3251,-0.1160
2.0000,0.3430,-0.0964
2.0000,0.3344,-0.1033
2.0000,0.3386,-0.0973
2.0000,0.3423,-0.0918
2.0000,0.3502,-0.0819
2.0000,0.3526,-0.0775
2.0000,0.3464,-0.0815
2.0000,0.3458,-0.0800
2.0000,0.3542,-0.0692
2.0000,0.3573,-0.0638
2.0000,0.3512,-0.0674
2.0000,0.3627,-0.0534
2.0000,0.3524,-0.0610
2.0000,0.3680,-0.0427
2.0000,0.3648,-0.0431
2.0000,0.3707,-0.0343
2.0000,0.3592,-0.0428
2.0000,0.3726,-0.0263
2.0000,0.3621,-0.0337
2.0000,0.3768,-0.0157
2.0000,0.3749,-0.0143
2.0000,0.3776,-0.0081
2.0000,0.3787,-0.0036
2.0000,0.3662,-0.0125
2.0000,0.3811,0.0061
2.0000,0.3838,0.0126
2.0000,0.3810,0.0136
2.0000,0.3806,0.0171
2.0000,0.3830,0.0235
2.0000,0.3818,0.0265
2.0000,0.3730,0.0217
2.0000,0.3751,0.0282
2.0000,0.3817,0.0391
2.0000,0.3891,0.0509
2.0000,0.3824,0.0487
2.0000,0.3810,0.0519
2.0000,0.3833,0.0588
2.0000,0.3861,0.0663
2.0000,0.3750,0.0601
2.0000,0.3893,0.0793
2.0000,0.3866,0.0815
2.0000,0.3782,0.0782
2.0000,0.3906,0.0958
2.0000,0.3766,0.0869
2.0000,0.3775,0.0932
2.0000,0.3843,0.1053
2.0000,0.3800,0.1064
2.0000,0.3814,0.1134
2.0000,0.3816,0.1191
2.0000,0.3824,0.1256
2.0000,0.3754,0.1243
2.0000,0.3813,0.1360
2.0000,0.3772,0.1378
2.0000,0.3850,0.1515
2.0000,0.3786,0.1511
2.0000,0.3744,0.1531
2.0000,0.3794,0.1641
2.0000,0.3734,0.1644
2.0000,0.3648,0.1621
2.0000,0.3750,0.1786
2.0000,0.3768,0.1868
2.0000,0.3694,0.1858
2.0000,0.3663,0.1893
2.0000,0.3656,0.1952
2.0000,0.3595,0.1957
2.0000,0.3684,0.2113
2.0000,0.3646,0.2143
2.0000,0.3580,0.2146
2.0000,0.3590,0.2225
2.0000,0.3527,0.2232
2.0000,0.3513,0.2287
2.0000,0.3552,0.2397
2.0000,0.3460,0.2376
2.0000,0.3399,0.2387
2.0000,0.3478,0.2538
2.0000,0.3360,0.2492
2.0000,0.3341,0.2546
2.0000,0.3292,0.2571
2.0000,0.3327,0.2680
2.0000,0.3370,0.2797
2.0000,0.3343,0.2846
2.0000,0.3259,0.2837
2.0000,0.3227,0.2881
2.0000,0.3161,0.2891
2.0000,0.3250,0.3057
2.0000,0.3107,0.2991
2.0000,0.3141,0.3102
2.0000,0.3041,0.3080
2.0000,0.3084,0.3201
2.0000,0.3007,0.3202
2.0000,0.3044,0.3318
2.0000,0.2950,0.3303
2.0000,0.2922,0.3354
2.0000,0.2948,0.3461
2.0000,0.2794,0.3386
2.0000,0.2847,0.3519
2.0000,0.2806,0.3559
2.0000,0.2750,0.3584
2.0000,0.2755,0.3670
2.0000,0.2608,0.3604
2.0000,0.2544,0.3621
2.0000,0.2638,0.3797
2.0000,0.2571,0.3811
2.0000,0.2538,0.3860
2.0000,0.2454,0.3857
2.0000,0.2454,0.3939
2.0000,0.2409,0.3977
2.0000,0.2324,0.3974
2.0000,0.2260,0.3992
2.0000,0.2213,0.4028
2.0000,0.2150,0.4048
2.0000,0.2142,0.4122
2.0000,0.2114,0.4176
2.0000,0.1951,0.4096
2.0000,0.2017,0.4245
2.0000,0.1890,0.4200
2.0000,0.1910,0.4303
2.0000,0.1794,0.4269
2.0000,0.1740,0.4298
2.0000,0.1692,0.4331
2.0000,0.1650,0.4372
2.0000,0.1680,0.4484
2.0000,0.1622,0.4508
2.0000,0.1505,0.4473
2.0000,0.1398,0.4448
2.0000,0.1449,0.4581
2.0000,0.1297,0.4509
2.0000,0.1231,0.4525
2.0000,0.1314,0.4689
2.0000,0.1118,0.4573
2.0000,0.1200,0.4736
2.0000,0.1063,0.4680
2.0000,0.0968,0.4664
2.0000,0.1038,0.4814
2.0000,0.0977,0.4832
2.0000,0.0890,0.4824
2.0000,0.0837,0.4851
2.0000,0.0681,0.4772
2.0000,0.0722,0.4891
2.0000,0.0657,0.4905
2.0000,0.0550,0.4874
2.0000,0.0446,0.4847
2.0000,0.0479,0.4957
2.0000,0.0424,0.4978
2.0000,0.0345,0.4975
2.0000,0.0299,0.5004
2.0000,0.0123,0.4902
2.0000,0.0051,0.4904
2.0000,0.0132,0.5059
2.0000,0.0054,0.5054
2.0000,-0.0047,0.5026
2.0000,-0.0124,0.5020
2.0000,-0.0217,0.4999
2.0000,-0.0255,0.5032
2.0000,-0.0306,0.5051
2.0000,-0.0387,0.5040
2.0000,-0.0374,0.5122
2.0000,-0.0454,0.5110
2.0000,-0.0495,0.5137
2.0000,-0.0622,0.5077
2.0000,-0.0761,0.5004
2.0000,-0.0711,0.5120
2.0000,-0.0774,0.5122
2.0000,-0.0897,0.5064
2.0000,-0.0986,0.5038
2.0000,-0.0952,0.5134
2.0000,-0.1086,0.5063
2.0000,-0.1172,0.5038
2.0000,-0.1201,0.5069
2.0000,-0.1320,0.5010
2.0000,-0.1398,0.4991
2.0000,-0.1496,0.4950
2.0000,-0.1451,0.5053
2.0000,-0.1590,0.4970
2.0000,-0.1662,0.4954
2.0000,-0.1692,0.4978
2.0000,-0.1785,0.4939
2.0000,-0.1899,0.4877
2.0000,-0.1934,0.4894
2.0000,-0.1892,0.4987
2.0000,-0.1967,0.4962
2.0000,-0.2090,0.4887
2.0000,-0.2160,0.4866
2.0000,-0.2201,0.4872
2.0000,-0.2202,0.4917
2.0000,-0.2402,0.4761
2.0000,-0.2415,0.4793
2.0000,-0.2537,0.4714
2.0000,-0.2499,0.4794
2.0000,-0.2675,0.4659
2.0000,-0.2740,0.4633
2.0000,-0.2767,0.4645
2.0000,-0.2744,0.4706
2.0000,-0.2874,0.4612
2.0000,-0.2850,0.4672
2.0000,-0.2995,0.4562
2.0000,-0.3064,0.4525
2.0000,-0.3111,0.4511
2.0000,-0.3109,0.4543
2.0000,-0.3217,0.4466
2.0000,-0.3304,0.4407
2.0000,-0.3303,0.4435
2.0000,-0.3412,0.4353
2.0000,-0.3504,0.4286
2.0000,-0.3583,0.4231
2.0000,-0.3531,0.4306
2.0000,-0.3617,0.4241
2.0000,-0.3745,0.4134
2.0000,-0.3794,0.4104
2.0000,-0.3909,0.4007
2.0000,-0.3821,0.4111
2.0000,-0.3900,0.4048
2.0000,-0.3934,0.4028
2.0000,-0.4129,0.3846
2.0000,-0.4147,0.3839
2.0000,-0.4101,0.3895
2.0000,-0.4206,0.3799
2.0000,-0.4233,0.3781
2.0000,-0.4317,0.3703
2.0000,-0.4321,0.3704
2.0000,-0.4424,0.3605
2.0000,-0.4468,0.3564
2.0000,-0.4566,0.3467
2.0000,-0.4598,0.3435
2.0000,-0.4592,0.3440
2.0000,-0.4767,0.3262
2.0000,-0.4701,0.3323
2.0000,-0.4836,0.3184
2.0000,-0.4797,0.3216
2.0000,-0.4840,0.3165
2.0000,-0.4920,0.3076
2.0000,-0.4992,0.2993
2.0000,-0.4961,0.3012
2.0000,-0.5116,0.2843
2.0000,-0.5181,0.2763
2.0000,-0.5197,0.2732
2.0000,-0.5253,0.2658
2.0000,-0.5286,0.2607
2.0000,-0.5309,0.2563
2.0000,-0.5411,0.2439
2.0000,-0.5429,0.2399
2.0000,-0.5385,0.2418
2.0000,-0.5398,0.2380
2.0000,-0.5541,0.2210
2.0000,-0.5598,0.2124
2.0000,-0.5644,0.2049
2.0000,-0.5671,0.1991
2.0000,-0.5651,0.1978
2.0000,-0.5739,0.1856
2.0000,-0.5628,0.1932
2.0000,-0.5738,0.1786
2.0000,-0.5847,0.1639
2.0000,-0.5790,0.1657
2.0000,-0.5886,0.1520
2.0000,-0.5801,0.1563
2.0000,-0.5952,0.1369
2.0000,-0.5865,0.1411
2.0000,-0.6007,0.1224
2.0000,-0.5940,0.1244
2.0000,-0.5978,0.1157
2.0000,-0.6021,0.1064
2.0000,-0.6076,0.0957
2.0000,-0.6072,0.0910
2.0000,-0.6043,0.0884
2.0000,-0.6053,0.0820
2.0000,-0.6137,0.0679
2.0000,-0.6108,0.0650
2.0000,-0.6096,0.0603
2.0000,-0.6223,0.0415
2.0000,-0.6198,0.0379
2.0000,-0.6277,0.0237
2.0000,-0.6233,0.0217
2.0000,-0.6283,0.0102
2.0000,-0.6189,0.0128
2.0000,-0.6208,0.0042
2.0000,-0.6326,-0.0145
2.0000,-0.6222,-0.0112
2.0000,-0.6286,-0.0247
2.0000,-0.6260,-0.0294
2.0000,-0.6319,-0.0427
2.0000,-0.6323,-0.0506
2.0000,-0.6312,-0.0572
2.0000,-0.6359,-0.0696
2.0000,-0.6268,-0.0684
2.0000,-0.6272,-0.0768
2.0000,-0.6274,-0.0851
2.0000,-0.6364,-0.1023
2.0000,-0.6259,-0.1002
2.0000,-0.6299,-0.1126
2.0000,-0.6361,-0.1274
2.0000,-0.6202,-0.1202
2.0000,-0.6291,-0.1378
2.0000,-0.6313,-0.1489
2.0000,-0.6240,-0.1505
2.0000,-0.6321,-0.1677
2.0000,-0.6199,-0.1648
2.0000,-0.6204,-0.1746
2.0000,-0.6264,-0.1900
2.0000,-0.6193,-0.1923
2.0000,-0.6166,-0.1993
2.0000,-0.6223,-0.2146
2.0000,-0.6190,-0.2212
2.0000,-0.6100,-0.2221
2.0000,-0.6183,-0.2403
2.0000,-0.6136,-0.2457
2.0000,-0.5992,-0.2414
2.0000,-0.6089,-0.2615
2.0000,-0.6093,-0.2721
2.0000,-0.6009,-0.2742
2.0000,-0.5925,-0.2763
2.0000,-0.5897,-0.2841
2.0000,-0.5857,-0.2908
2.0000,-0.5858,-0.3017
2.0000,-0.5884,-0.3151
2.0000,-0.5857,-0.3233
2.0000,-0.5770,-0.3256
2.0000,-0.5766,-0.3362
2.0000,-0.5691,-0.3399
2.0000,-0.5684,-0.3504
2.0000,-0.5593,-0.3526
2.0000,-0.5673,-0.3719
2.0000,-0.5598,-0.3758
2.0000,-0.5486,-0.3761
2.0000,-0.5510,-0.3901
2.0000,-0.5447,-0.3954
2.0000,-0.5482,-0.4105
2.0000,-0.5426,-0.4166
2.0000,-0.5394,-0.4252
2.0000,-0.5241,-0.4217
2.0000,-0.5268,-0.4363
2.0000,-0.5237,-0.4451
2.0000,-0.5204,-0.4538
2.0000,-0.5164,-0.4618
2.0000,-0.5084,-0.4659
2.0000,-0.5053,-0.4748
2.0000,-0.4956,-0.4773
2.0000,-0.4829,-0.4768
2.0000,-0.4856,-0.4917
2.0000,-0.4767,-0.4950
2.0000,-0.4758,-0.5065
2.0000,-0.4702,-0.5131
2.0000,-0.4660,-0.5214
2.0000,-0.4624,-0.5300
2.0000,-0.4460,-0.5260
2.0000,-0.4352,-0.5277
2.0000,-0.4303,-0.5352
2.0000,-0.4370,-0.5544
2.0000,-0.4231,-0.5530
2.0000,-0.4213,-0.5636
2.0000,-0.4101,-0.5650
2.0000,-0.4123,-0.5797
2.0000,-0.3911,-0.5710
2.0000,-0.3928,-0.5852
2.0000,-0.3914,-0.5964
2.0000,-0.3776,-0.5951
2.0000,-0.3741,-0.6041
2.0000,-0.3614,-0.6040
2.0000,-0.3506,-0.6057
2.0000,-0.3521,-0.6197
2.0000,-0.3343,-0.6145
2.0000,-0.3322,-0.6248
2.0000,-0.3289,-0.6341
2.0000,-0.3143,-0.6319
2.0000,-0.3067,-0.6368
2.0000,-0.3069,-0.6495
2.0000,-0.2972,-0.6521
2.0000,-0.2953,-0.6627
2.0000,-0.2769,-0.6566
2.0000,-0.2705,-0.6626
2.0000,-0.2683,-0.6727
2.0000,-0.2597,-0.6764
2.0000,-0.2525,-0.6814
2.0000,-0.2475,-0.6887
2.0000,-0.2313,-0.6847
2.0000,-0.2317,-0.6972
2.0000,-0.2180,-0.6956
2.0000,-0.2093,-0.6990
2.0000,-0.2035,-0.7051
2.0000,-0.1938,-0.7074
2.0000,-0.1888,-0.7143
2.0000,-0.1673,-0.7047
2.0000,-0.1577,-0.7069
2.0000,-0.1489,-0.7099
2.0000,-0.1535,-0.7262
2.0000,-0.1351,-0.7194
2.0000,-0.1356,-0.7315
2.0000,-0.1120,-0.7193
2.0000,-0.1105,-0.7293
2.0000,-0.1040,-0.7341
2.0000,-0.0941,-0.7355
2.0000,-0.0851,-0.7377
2.0000,-0.0816,-0.7454
2.0000,-0.0666,-0.7414
2.0000,-0.0588,-0.7446
2.0000,-0.0477,-0.7444
2.0000,-0.0405,-0.7480
2.0000,-0.0291,-0.7474
2.0000,-0.0148,-0.7437
2.0000,-0.0166,-0.7562
2.0000,0.0034,-0.7466
2.0000,0.0092,-0.7512
2.0000,0.0246,-0.7461
2.0000,0.0273,-0.7535
2.0000,0.0354,-0.7556
2.0000,0.0521,-0.7488
2.0000,0.0619,-0.7489
2.0000,0.0610,-0.7596
2.0000,0.0758,-0.7544
2.0000,0.0780,-0.7618
2.0000,0.1011,-0.7481
2.0000,0.1059,-0.7527
2.0000,0.1065,-0.7613
2.0000,0.1216,-0.7553
2.0000,0.1388,-0.7472
2.0000,0.1494,-0.7454
2.0000,0.1474,-0.7561
2.0000,0.1592,-0.7529
2.0000,0.1767,-0.7439
2.0000,0.1876,-0.7414
2.0000,0.1978,-0.7395
2.0000,0.2064,-0.7391
2.0000,0.2180,-0.7354
2.0000,0.2173,-0.7440
2.0000,0.2252,-0.7438
2.0000,0.2329,-0.7437
2.0000,0.2480,-0.7360
2.0000,0.2597,-0.7316
2.0000,0.2701,-0.7284
2.0000,0.2826,-0.7229
2.0000,0.2802,-0.7322
2.0000,0.2967,-0.7224
2.0000,0.3077,-0.7180
2.0000,0.3109,-0.7212
2.0000,0.3177,-0.7207
2.0000,0.3334,-0.7111
2.0000,0.3425,-0.7080
2.0000,0.3449,-0.7114
2.0000,0.3693,-0.6927
2.0000,0.3748,-0.6927
2.0000,0.3849,-0.6879
2.0000,0.3973,-0.6808
2.0000,0.4007,-0.6824
2.0000,0.4032,-0.6848
2.0000,0.4207,-0.6720
2.0000,0.4280,-0.6692
2.0000,0.4365,-0.6651
2.0000,0.4377,-0.6681
2.0000,0.4548,-0.6551
2.0000,0.4625,-0.6512
2.0000,0.4754,-0.6421
2.0000,0.4833,-0.6377
2.0000,0.4860,-0.6383
2.0000,0.4978,-0.6297
2.0000,0.5028,-0.6278
2.0000,0.5115,-0.6219
2.0000,0.5164,-0.6196
2.0000,0.5369,-0.6016
2.0000,0.5347,-0.6061
2.0000,0.5467,-0.5963
2.0000,0.5517,-0.5933
2.0000,0.5654,-0.5813
2.0000,0.5717,-0.5766
2.0000,0.5805,-0.5692
2.0000,0.5891,-0.5619
2.0000,0.5984,-0.5536
2.0000,0.6094,-0.5435
2.0000,0.6071,-0.5465
2.0000,0.6178,-0.5363
2.0000,0.6199,-0.5345
2.0000,0.6286,-0.5259
2.0000,0.6365,-0.5179
2.0000,0.6486,-0.5056
2.0000,0.6500,-0.5038
2.0000,0.6661,-0.4871
2.0000,0.6637,-0.4887
2.0000,0.6806,-0.4707
2.0000,0.6747,-0.4755
2.0000,0.6886,-0.4603
2.0000,0.6946,-0.4527
2.0000,0.6966,-0.4489
2.0000,0.6994,-0.4442
2.0000,0.7059,-0.4355
2.0000,0.7231,-0.4160
2.0000,0.7231,-0.4136
2.0000,0.7344,-0.3996
2.0000,0.7356,-0.3955
2.0000,0.7504,-0.3777
2.0000,0.7434,-0.3814
2.0000,0.7586,-0.3628
2.0000,0.7646,-0.3531
2.0000,0.7600,-0.3539
2.0000,0.7758,-0.3340
2.0000,0.7776,-0.3281
2.0000,0.7866,-0.3147
2.0000,0.7869,-0.3098
2.0000,0.7921,-0.2999
2.0000,0.8030,-0.2840
2.0000,0.7945,-0.2873
2.0000,0.8079,-0.2687
2.0000,0.8076,-0.2635
2.0000,0.8190,-0.2464
2.0000,0.8189,-0.2406
2.0000,0.8155,-0.2380
2.0000,0.8229,-0.2243
2.0000,0.8258,-0.2150
2.0000,0.8247,-0.2094
2.0000,0.8298,-0.1976
2.0000,0.8456,-0.1748
2.0000,0.8378,-0.1754
2.0000,0.8480,-0.1579
2.0000,0.8540,-0.1444
2.0000,0.8578,-0.1329
2.0000,0.8604,-0.1225
2.0000,0.8602,-0.1146
2.0000,0.8505,-0.1161
2.0000,0.8650,-0.0932
2.0000,0.8691,-0.0805
2.0000,0.8584,-0.0825
2.0000,0.8627,-0.0693
2.0000,0.8755,-0.0474
2.0000,0.8730,-0.0406
2.0000,0.8740,-0.0303
2.0000,0.8648,-0.0299
2.0000,0.8786,-0.0064
2.0000,0.8743,-0.0007
2.0000,0.8828,0.0179
2.0000,0.8709,0.0162
2.0000,0.8746,0.0303
2.0000,0.8854,0.0517
2.0000,0.8715,0.0485
2.0000,0.8727,0.0606
2.0000,0.8838,0.0827
2.0000,0.8712,0.0813
2.0000,0.8770,0.0985
2.0000,0.8757,0.1086
2.0000,0.8740,0.1185
2.0000,0.8834,0.1397
2.0000,0.8734,0.1416
2.0000,0.8766,0.1569
2.0000,0.8675,0.1600
2.0000,0.8767,0.1816
2.0000,0.8779,0.1953
2.0000,0.8725,0.2026
2.0000,0.8638,0.2066
2.0000,0.8670,0.2227
2.0000,0.8620,0.2307
2.0000,0.8612,0.2431
2.0000,0.8667,0.2619
2.0000,0.8647,0.2733
2.0000,0.8547,0.2768
2.0000,0.8485,0.2843
2.0000,0.8486,0.2983
2.0000,0.8407,0.3042
2.0000,0.8387,0.3163
2.0000,0.8470,0.3387
2.0000,0.8383,0.3442
2.0000,0.8351,0.3554
2.0000,0.8313,0.3661
2.0000,0.8341,0.3835
2.0000,0.8303,0.3944
2.0000,0.8158,0.3946
2.0000,0.8076,0.4013
2.0000,0.8111,0.4198
2.0000,0.8029,0.4267
2.0000,0.8067,0.4457
2.0000,0.8016,0.4558
2.0000,0.7872,0.4568
2.0000,0.7905,0.4755
2.0000,0.7820,0.4825
2.0000,0.7697,0.4859
2.0000,0.7737,0.5056
2.0000,0.7636,0.5113
2.0000,0.7593,0.5228
2.0000,0.7518,0.5312
2.0000,0.7509,0.5463
2.0000,0.7474,0.5588
2.0000,0.7307,0.5583
2.0000,0.7223,0.5660
2.0000,0.7156,0.5755
2.0000,0.7202,0.5964
2.0000,0.7153,0.6078
2.0000,0.7005,0.6094
2.0000,0.6963,0.6218
2.0000,0.6948,0.6367
2.0000,0.6843,0.6428
2.0000,0.6774,0.6525
2.0000,0.6681,0.6598
2.0000,0.6620,0.6703
2.0000,0.6585,0.6835
2.0000,0.6443,0.6860
2.0000,0.6302,0.6887
2.0000,0.6265,0.7018
2.0000,0.6215,0.7136
2.0000,0.6123,0.7212
2.0000,0.6062,0.7320
2.0000,0.5875,0.7301
2.0000,0.5808,0.7403
2.0000,0.5712,0.7476
2.0000,0.5747,0.7680
2.0000,0.5558,0.7660
2.0000,0.5474,0.7744
2.0000,0.5330,0.7770
2.0000,0.5288,0.7897
2.0000,0.5200,0.7978
2.0000,0.5106,0.8052
2.0000,0.5046,0.8161
2.0000,0.4915,0.8198
2.0000,0.4887,0.8339
2.0000,0.4743,0.8363
2.0000,0.4557,0.8345
2.0000,0.4483,0.8438
2.0000,0.4406,0.8529
2.0000,0.4287,0.8577
2.0000,0.4292,0.8748
2.0000,0.4031,0.8654
2.0000,0.3955,0.8744
2.0000,0.3923,0.8877
2.0000,0.3831,0.8950
2.0000,0.3731,0.9015
2.0000,0.3582,0.9030
2.0000,0.3500,0.9112
2.0000,0.3321,0.9096
2.0000,0.3177,0.9114
2.0000,0.3174,0.9273
2.0000,0.3090,0.9350
2.0000,0.2941,0.9361
2.0000,0.2764,0.9344
2.0000,0.2616,0.9355
2.0000,0.2478,0.9375
2.0000,0.2499,0.9554
2.0000,0.2388,0.9600
2.0000,0.2222,0.9590
2.0000,0.2150,0.9672
2.0000,0.1926,0.9603
2.0000,0.1781,0.9611
2.0000,0.1785,0.9767
2.0000,0.1533,0.9667
2.0000,0.1418,0.9702
2.0000,0.1304,0.9737
2.0000,0.1217,0.9798
2.0000,0.1059,0.9787
2.0000,0.0946,0.9821
2.0000,0.0876,0.9895
2.0000,0.0763,0.9926
2.0000,0.0680,0.9986
2.0000,0.0541,0.9988
2.0000,0.0385,0.9972
2.0000,0.0329,1.0055
2.0000,0.0128,0.9992
2.0000,0.0004,1.0004
3.0000,-0.0034,-0.0024
3.0000,-0.0002,0.0018
3.0000,0.0010,0.0039
3.0000,-0.0007,0.0031
3.0000,-0.0030,0.0016
3.0000,-0.0054,0.0001
3.0000,-0.0031,0.0033
3.0000,-0.0128,-0.0057
3.0000,-0.0012,0.0067
3.0000,-0.0046,0.0040
3.0000,-0.0035,0.0059
3.0000,-0.0171,-0.0070
3.0000,-0.0063,0.0044
3.0000,-0.0194,-0.0081
3.0000,-0.0163,-0.0044
3.0000,-0.0083,0.0042
3.0000,-0.0118,0.0012
3.0000,-0.0169,-0.0034
3.0000,-0.0183,-0.0044
3.0000,-0.0140,0.0004
3.0000,-0.0224,-0.0076
3.0000,-0.0247,-0.0096
3.0000,-0.0264,-0.0109
3.0000,-0.0183,-0.0025
3.0000,-0.0263,-0.0102
3.0000,-0.0200,-0.0037
3.0000,-0.0197,-0.0033
3.0000,-0.0325,-0.0158
3.0000,-0.0256,-0.0089
3.0000,-0.0261,-0.0093
3.0000,-0.0277,-0.0108
3.0000,-0.0307,-0.0138
3.0000,-0.0355,-0.0186
3.0000,-0.0233,-0.0064
3.0000,-0.0309,-0.0142
3.0000,-0.0335,-0.0169
3.0000,-0.0357,-0.0192
3.0000,-0.0387,-0.0224
3.0000,-0.0388,-0.0228
3.0000,-0.0418,-0.0260
3.0000,-0.0412,-0.0257
3.0000,-0.0322,-0.0170
3.0000,-0.0328,-0.0181
3.0000,-0.0383,-0.0239
3.0000,-0.0424,-0.0285
3.0000,-0.0391,-0.0257
3.0000,-0.0442,-0.0313
3.0000,-0.0346,-0.0223
3.0000,-0.0369,-0.0252
3.0000,-0.0347,-0.0237
3.0000,-0.0448,-0.0344
3.0000,-0.0407,-0.0310
3.0000,-0.0465,-0.0376
3.0000,-0.0398,-0.0316
3.0000,-0.0371,-0.0298
3.0000,-0.0456,-0.0392
3.0000,-0.0449,-0.0393
3.0000,-0.0421,-0.0375
3.0000,-0.0370,-0.0333
3.0000,-0.0443,-0.0416
3.0000,-0.0477,-0.0460
3.0000,-0.0420,-0.0415
3.0000,-0.0482,-0.0488
3.0000,-0.0391,-0.0408
3.0000,-0.0523,-0.0552
3.0000,-0.0521,-0.0562
3.0000,-0.0452,-0.0505
3.0000,-0.0448,-0.0515
3.0000,-0.0418,-0.0497
3.0000,-0.0459,-0.0552
3.0000,-0.0432,-0.0539
3.0000,-0.0414,-0.0535
3.0000,-0.0493,-0.0629
3.0000,-0.0491,-0.0642
3.0000,-0.0376,-0.0542
3.0000,-0.0472,-0.0654
3.0000,-0.0378,-0.0575
3.0000,-0.0407,-0.0621
3.0000,-0.0458,-0.0688
3.0000,-0.0459,-0.0706
3.0000,-0.0354,-0.0618
3.0000,-0.0375,-0.0656
3.0000,-0.0386,-0.0685
3.0000,-0.0469,-0.0786
3.0000,-0.0470,-0.0805
3.0000,-0.0383,-0.0737
3.0000,-0.0392,-0.0765
3.0000,-0.0453,-0.0845
3.0000,-0.0411,-0.0822
3.0000,-0.0319,-0.0750
3.0000,-0.0423,-0.0874
3.0000,-0.0432,-0.0903
3.0000,-0.0366,-0.0858
3.0000,-0.0367,-0.0880
3.0000,-0.0391,-0.0925
3.0000,-0.0408,-0.0963
3.0000,-0.0324,-0.0900
3.0000,-0.0386,-0.0984
3.0000,-0.0363,-0.0983
3.0000,-0.0337,-0.0980
3.0000,-0.0332,-0.0996
3.0000,-0.0335,-0.1022
3.0000,-0.0263,-0.0973
3.0000,-0.0225,-0.0958
3.0000,-0.0257,-0.1013
3.0000,-0.0237,-0.1016
3.0000,-0.0293,-0.1096
3.0000,-0.0302,-0.1128
3.0000,-0.0225,-0.1076
3.0000,-0.0192,-0.1067
3.0000,-0.0116,-0.1015
3.0000,-0.0108,-0.1031
3.0000,-0.0170,-0.1117
3.0000,-0.0128,-0.1100
3.0000,-0.0118,-0.1115
3.0000,-0.0113,-0.1135
3.0000,-0.0157,-0.1203
3.0000,-0.0044,-0.1116
3.0000,-0.0119,-0.1216
3.0000,-0.0152,-0.1274
3.0000,-0.0085,-0.1233
3.0000,-0.0008,-0.1181
3.0000,-0.0093,-0.1292
3.0000,-0.0067,-0.1292
3.0000,0.0028,-0.1222
3.0000,-0.0042,-0.1318
3.0000,-0.0033,-0.1334
3.0000,0.0106,-0.1221
3.0000,0.0130,-0.1223
3.0000,0.0082,-0.1297
3.0000,0.0055,-0.1350
3.0000,0.0161,-0.1270
3.0000,0.0158,-0.1298
3.0000,0.0121,-0.1361
3.0000,0.0245,-0.1263
3.0000,0.0222,-0.1313
3.0000,0.0257,-0.1303
3.0000,0.0193,-0.1393
3.0000,0.0297,-0.1315
3.0000,0.0324,-0.1313
3.0000,0.0213,-0.1450
3.0000,0.0275,-0.1414
3.0000,0.0301,-0.1413
3.0000,0.0290,-0.1450
3.0000,0.0363,-0.1402
3.0000,0.0370,-0.1420
3.0000,0.0379,-0.1436
3.0000,0.0476,-0.1364
3.0000,0.0462,-0.1403
3.0000,0.0432,-0.1458
3.0000,0.0536,-0.1379
3.0000,0.0483,-0.1456
3.0000,0.0547,-0.1416
3.0000,0.0529,-0.1459
3.0000,0.0509,-0.1502
3.0000,0.0550,-0.1486
3.0000,0.0615,-0.1445
3.0000,0.0677,-0.1406
3.0000,0.0627,-0.1479
3.0000,0.0655,-0.1474
3.0000,0.0701,-0.1451
3.0000,0.0749,-0.1426
3.0000,0.0685,-0.1512
3.0000,0.0714,-0.1505
3.0000,0.0804,-0.1436
3.0000,0.0891,-0.1372
3.0000,0.0827,-0.1457
3.0000,0.0858,-0.1447
3.0000,0.0909,-0.1417
3.0000,0.0950,-0.1396
3.0000,0.0975,-0.1392
3.0000,0.0910,-0.1476
3.0000,0.0935,-0.1471
3.0000,0.1048,-0.1377
3.0000,0.0955,-0.1489
3.0000,0.1002,-0.1461
3.0000,0.1067,-0.1415
3.0000,0.1034,-0.1465
3.0000,0.1141,-0.1376
3.0000,0.1147,-0.1387
3.0000,0.1212,-0.1339
3.0000,0.1136,-0.1432
3.0000,0.1285,-0.1299
3.0000,0.1167,-0.1433
3.0000,0.1250,-0.1365
3.0000,0.1233,-0.1397
3.0000,0.1393,-0.1251
3.0000,0.1302,-0.1357
3.0000,0.1293,-0.1379
3.0000,0.1370,-0.1315
3.0000,0.1466,-0.1232
3.0000,0.1422,-0.1289
3.0000,0.1497,-0.1225
3.0000,0.1526,-0.1208
3.0000,0.1511,-0.1234
3.0000,0.1506,-0.1250
3.0000,0.1549,-0.1217
3.0000,0.1522,-0.1254
3.0000,0.1663,-0.1122
3.0000,0.1661,-0.1133
3.0000,0.1574,-0.1228
3.0000,0.1686,-0.1123
3.0000,0.1727,-0.1089
3.0000,0.1649,-0.1174
3.0000,0.1726,-0.1103
3.0000,0.1818,-0.1017
3.0000,0.1714,-0.1125
3.0000,0.1824,-0.1021
3.0000,0.1757,-0.1091
3.0000,0.1797,-0.1055
3.0000,0.1805,-0.1050
3.0000,0.1935,-0.0922
3.0000,0.1830,-0.1028
3.0000,0.1867,-0.0994
3.0000,0.1968,-0.0892
3.0000,0.1911,-0.0950
3.0000,0.1980,-0.0880
3.0000,0.2029,-0.0830
3.0000,0.2046,-0.0811
3.0000,0.1998,-0.0858
3.0000,0.2017,-0.0836
3.0000,0.2107,-0.0742
3.0000,0.2098,-0.0747
3.0000,0.2186,-0.0654
3.0000,0.2190,-0.0645
3.0000,0.2098,-0.0732
3.0000,0.2185,-0.0638
3.0000,0.2159,-0.0657
3.0000,0.2169,-0.0639
3.0000,0.2233,-0.0567
3.0000,0.2283,-0.0508
3.0000,0.2267,-0.0514
3.0000,0.2259,-0.0512
3.0000,0.2337,-0.0423
3.0000,0.2371,-0.0378
3.0000,0.2367,-0.0370
3.0000,0.2315,-0.0409
3.0000,0.2422,-0.0288
3.0000,0.2393,-0.0303
3.0000,0.2422,-0.0260
3.0000,0.2401,-0.0266
3.0000,0.2424,-0.0226
3.0000,0.2361,-0.0273
3.0000,0.2433,-0.0184
3.0000,0.2463,-0.0136
3.0000,0.2501,-0.0079
3.0000,0.2512,-0.0049
3.0000,0.2498,-0.0043
3.0000,0.2567,0.0046
3.0000,0.2475,-0.0025
3.0000,0.2438,-0.0040
3.0000,0.2569,0.0114
3.0000,0.2571,0.0138
3.0000,0.2482,0.0073
3.0000,0.2515,0.0130
3.0000,0.2496,0.0136
3.0000,0.2546,0.0212
3.0000,0.2557,0.0249
3.0000,0.2601,0.0319
3.0000,0.2656,0.0402
3.0000,0.2601,0.0375
3.0000,0.2607,0.0410
3.0000,0.2654,0.0487
3.0000,0.2660,0.0523
3.0000,0.2588,0.0482
3.0000,0.2627,0.0552
3.0000,0.2619,0.0576
3.0000,0.2648,0.0637
3.0000,0.2651,0.0673
3.0000,0.2603,0.0660
3.0000,0.2671,0.0762
3.0000,0.2691,0.0817
3.0000,0.2665,0.0827
3.0000,0.2667,0.0864
3.0000,0.2607,0.0841
3.0000,0.2535,0.0807
3.0000,0.2561,0.0871
3.0000,0.2619,0.0967
3.0000,0.2679,0.1067
3.0000,0.2576,0.1003
3.0000,0.2557,0.1025
3.0000,0.2658,0.1167
3.0000,0.2595,0.1145
3.0000,0.2631,0.1223
3.0000,0.2504,0.1138
3.0000,0.2631,0.1308
3.0000,0.2576,0.1297
3.0000,0.2596,0.1362
3.0000,0.2601,0.1412
3.0000,0.2521,0.1377
3.0000,0.2578,0.1480
3.0000,0.2539,0.1487
3.0000,0.2434,0.1429
3.0000,0.2516,0.1559
3.0000,0.2426,0.1516
3.0000,0.2486,0.1624
3.0000,0.2479,0.1666
3.0000,0.2432,0.1668
3.0000,0.2494,0.1780
3.0000,0.2405,0.1741
3.0000,0.2426,0.1813
3.0000,0.2349,0.1787
3.0000,0.2413,0.1902
3.0000,0.2325,0.1867
3.0000,0.2291,0.1886
3.0000,0.2301,0.1948
3.0000,0.2252,0.1952
3.0000,0.2278,0.2032
3.0000,0.2260,0.2068
3.0000,0.2206,0.2068
3.0000,0.2261,0.2178
3.0000,0.2145,0.2117
3.0000,0.2249,0.2277
3.0000,0.2217,0.2300
3.0000,0.2170,0.2310
3.0000,0.2173,0.2370
3.0000,0.2101,0.2354
3.0000,0.2132,0.2442
3.0000,0.2119,0.2487
3.0000,0.2016,0.2442
3.0000,0.2061,0.2545
3.0000,0.1965,0.2507
3.0000,0.2011,0.2612
3.0000,0.1907,0.2567
3.0000,0.1987,0.2706
3.0000,0.1913,0.2691
3.0000,0.1823,0.2661
3.0000,0.1803,0.2700
3.0000,0.1786,0.2744
3.0000,0.1703,0.2721
3.0000,0.1766,0.2844
3.0000,0.1670,0.2809
3.0000,0.1713,0.2912
3.0000,0.1615,0.2875
3.0000,0.1558,0.2879
3.0000,0.1584,0.2967
3.0000,0.1477,0.2922
3.0000,0.1476,0.2981
3.0000,0.1500,0.3067
3.0000,0.1487,0.3116
3.0000,0.1409,0.3099
3.0000,0.1453,0.3206
3.0000,0.1268,0.3082
3.0000,0.1332,0.3208
3.0000,0.1192,0.3129
3.0000,0.1302,0.3302
3.0000,0.1129,0.3190
3.0000,0.1164,0.3288
3.0000,0.1060,0.3246
3.0000,0.1130,0.3377
3.0000,0.0993,0.3302
3.0000,0.1068,0.3439
3.0000,0.0985,0.3418
3.0000,0.0922,0.3416
3.0000,0.0838,0.3394
3.0000,0.0788,0.3405
3.0000,0.0789,0.3468
3.0000,0.0794,0.3534
3.0000,0.0662,0.3463
3.0000,0.0742,0.3603
3.0000,0.0700,0.3622
3.0000,0.0658,0.3641
3.0000,0.0471,0.3514
3.0000,0.0504,0.3608
3.0000,0.0461,0.3625
3.0000,0.0486,0.3710
3.0000,0.0387,0.3670
3.0000,0.0328,0.3671
3.0000,0.0261,0.3663
3.0000,0.0259,0.3720
3.0000,0.0248,0.3767
3.0000,0.0072,0.3649
3.0000,0.0141,0.3776
3.0000,-0.0002,0.3691
3.0000,0.0070,0.3820
3.0000,-0.0060,0.3747
3.0000,-0.0079,0.3785
3.0000,-0.0151,0.3768
3.0000,-0.0228,0.3747
3.0000,-0.0253,0.3778
3.0000,-0.0308,0.3778
3.0000,-0.0316,0.3825
3.0000,-0.0463,0.3732
3.0000,-0.0509,0.3740
3.0000,-0.0522,0.3781
3.0000,-0.0507,0.3848
3.0000,-0.0508,0.3900
3.0000,-0.0595,0.3864
3.0000,-0.0667,0.3844
3.0000,-0.0666,0.3896
3.0000,-0.0734,0.3878
3.0000,-0.0801,0.3861
3.0000,-0.0855,0.3857
3.0000,-0.0921,0.3839
3.0000,-0.0989,0.3819
3.0000,-0.0960,0.3896
3.0000,-0.1060,0.3843
3.0000,-0.1195,0.3754
3.0000,-0.1133,0.3862
3.0000,-0.1188,0.3852
3.0000,-0.1340,0.3745
3.0000,-0.1286,0.3843
3.0000,-0.1362,0.3810
3.0000,-0.1498,0.3717
3.0000,-0.1478,0.3779
3.0000,-0.1547,0.3750
3.0000,-0.1613,0.3725
3.0000,-0.1666,0.3712
3.0000,-0.1721,0.3697
3.0000,-0.1791,0.3665
3.0000,-0.1729,0.3764
3.0000,-0.1896,0.3634
3.0000,-0.1870,0.3696
3.0000,-0.1984,0.3617
3.0000,-0.2055,0.3581
3.0000,-0.2089,0.3581
3.0000,-0.2120,0.3583
3.0000,-0.2149,0.3586
3.0000,-0.2212,0.3554
3.0000,-0.2208,0.3588
3.0000,-0.2232,0.3594
3.0000,-0.2307,0.3548
3.0000,-0.2370,0.3513
3.0000,-0.2519,0.3391
3.0000,-0.2423,0.3513
3.0000,-0.2527,0.3435
3.0000,-0.2548,0.3439
3.0000,-0.2620,0.3389
3.0000,-0.2629,0.3403
3.0000,-0.2784,0.3270
3.0000,-0.2785,0.3290
3.0000,-0.2767,0.3328
3.0000,-0.2851,0.3263
3.0000,-0.2937,0.3194
3.0000,-0.2918,0.3231
3.0000,-0.2951,0.3214
3.0000,-0.3057,0.3123
3.0000,-0.3195,0.2999
3.0000,-0.3159,0.3049
3.0000,-0.3220,0.2999
3.0000,-0.3186,0.3044
3.0000,-0.3309,0.2931
3.0000,-0.3311,0.2939
3.0000,-0.3316,0.2942
3.0000,-0.3350,0.2915
3.0000,-0.3410,0.2862
3.0000,-0.3581,0.2695
3.0000,-0.3532,0.2748
3.0000,-0.3660,0.2623
3.0000,-0.3716,0.2570
3.0000,-0.3706,0.2580
3.0000,-0.3796,0.2491
3.0000,-0.3686,0.2599
3.0000,-0.3879,0.2404
3.0000,-0.3772,0.2507
3.0000,-0.3935,0.2340
3.0000,-0.3894,0.2376
3.0000,-0.3962,0.2301
3.0000,-0.4026,0.2230
3.0000,-0.3990,0.2257
3.0000,-0.4141,0.2097
3.0000,-0.4109,0.2118
3.0000,-0.4074,0.2140
3.0000,-0.4219,0.1983
3.0000,-0.4138,0.2050
3.0000,-0.4240,0.1932
3.0000,-0.4347,0.1809
3.0000,-0.4236,0.1902
3.0000,-0.4333,0.1787
3.0000,-0.4407,0.1693
3.0000,-0.4428,0.1652
3.0000,-0.4505,0.1553
3.0000,-0.4491,0.1544
3.0000,-0.4496,0.1514
3.0000,-0.4521,0.1464
3.0000,-0.4583,0.1376
3.0000,-0.4630,0.1302
3.0000,-0.4653,0.1250
3.0000,-0.4588,0.1286
3.0000,-0.4647,0.1196
3.0000,-0.4739,0.1072
3.0000,-0.4648,0.1130
3.0000,-0.4646,0.1098
3.0000,-0.4722,0.0987
3.0000,-0.4735,0.0938
3.0000,-0.4738,0.0897
3.0000,-0.4825,0.0773
3.0000,-0.4752,0.0805
3.0000,-0.4781,0.0736
3.0000,-0.4889,0.0586
3.0000,-0.4806,0.0626
3.0000,-0.4843,0.0546
3.0000,-0.4846,0.0498
3.0000,-0.4989,0.0309
3.0000,-0.4885,0.0366
3.0000,-0.4905,0.0298
3.0000,-0.4950,0.0204
3.0000,-0.4899,0.0204
3.0000,-0.5047,0.0005
3.0000,-0.4970,0.0030
3.0000,-0.4962,-0.0015
3.0000,-0.4941,-0.0049
3.0000,-0.5041,-0.0204
3.0000,-0.5072,-0.0292
3.0000,-0.5112,-0.0389
3.0000,-0.5085,-0.0421
3.0000,-0.5045,-0.0440
3.0000,-0.4992,-0.0447
3.0000,-0.5039,-0.0556
3.0000,-0.5117,-0.0697
3.0000,-0.5036,-0.0679
3.0000,-0.5034,-0.0741
3.0000,-0.5022,-0.0795
3.0000,-0.5115,-0.0954
3.0000,-0.5062,-0.0968
3.0000,-0.5113,-0.1088
3.0000,-0.4991,-0.1035
3.0000,-0.4994,-0.1108
3.0000,-0.5047,-0.1232
3.0000,-0.5046,-0.1302
3.0000,-0.5040,-0.1369
3.0000,-0.5041,-0.1444
3.0000,-0.5019,-0.1497
3.0000,-0.5005,-0.1558
3.0000,-0.4935,-0.1564
3.0000,-0.4974,-0.1680
3.0000,-0.4965,-0.1749
3.0000,-0.4964,-0.1827
3.0000,-0.5000,-0.1943
3.0000,-0.4938,-0.1961
3.0000,-0.4964,-0.2068
3.0000,-0.4886,-0.2072
3.0000,-0.4958,-0.2227
3.0000,-0.4876,-0.2229
3.0000,-0.4822,-0.2259
3.0000,-0.4817,-0.2340
3.0000,-0.4760,-0.2368
3.0000,-0.4832,-0.2526
3.0000,-0.4805,-0.2587
3.0000,-0.4760,-0.2629
3.0000,-0.4697,-0.2655
3.0000,-0.4756,-0.2803
3.0000,-0.4640,-0.2777
3.0000,-0.4592,-0.2819
3.0000,-0.4535,-0.2854
3.0000,-0.4608,-0.3019
3.0000,-0.4595,-0.3098
3.0000,-0.4491,-0.3087
3.0000,-0.4467,-0.3157
3.0000,-0.4385,-0.3169
3.0000,-0.4419,-0.3297
3.0000,-0.4377,-0.3350
3.0000,-0.4341,-0.3410
3.0000,-0.4352,-0.3517
3.0000,-0.4334,-0.3596
3.0000,-0.4280,-0.3639
3.0000,-0.4278,-0.3734
3.0000,-0.4236,-0.3790
3.0000,-0.4064,-0.3716
3.0000,-0.4066,-0.3817
3.0000,-0.4056,-0.3906
3.0000,-0.3963,-0.3913
3.0000,-0.3961,-0.4011
3.0000,-0.3850,-0.4001
3.0000,-0.3840,-0.4091
3.0000,-0.3804,-0.4156
3.0000,-0.3788,-0.4241
3.0000,-0.3688,-0.4243
3.0000,-0.3608,-0.4265
3.0000,-0.3603,-0.4361
3.0000,-0.3603,-0.4464
3.0000,-0.3509,-0.4473
3.0000,-0.3543,-0.4609
3.0000,-0.3511,-0.4680
3.0000,-0.3327,-0.4599
3.0000,-0.3303,-0.4678
3.0000,-0.3311,-0.4790
3.0000,-0.3174,-0.4756
3.0000,-0.3097,-0.4783
3.0000,-0.3183,-0.4973
3.0000,-0.3092,-0.4985
3.0000,-0.3073,-0.5069
3.0000,-0.2953,-0.5053
3.0000,-0.2951,-0.5155
3.0000,-0.2858,-0.5166
3.0000,-0.2695,-0.5107
3.0000,-0.2703,-0.5219
3.0000,-0.2710,-0.5330
3.0000,-0.2599,-0.5321
3.0000,-0.2586,-0.5413
3.0000,-0.2474,-0.5404
3.0000,-0.2398,-0.5431
3.0000,-0.2282,-0.5418
3.0000,-0.2286,-0.5525
3.0000,-0.2245,-0.5587
3.0000,-0.2190,-0.5634
3.0000,-0.2003,-0.5549
3.0000,-0.2042,-0.5691
3.0000,-0.1966,-0.5717
3.0000,-0.1922,-0.5774
3.0000,-0.1822,-0.5775
3.0000,-0.1711,-0.5765
3.0000,-0.1723,-0.5878
3.0000,-0.1587,-0.5843
3.0000,-0.1479,-0.5834
3.0000,-0.1381,-0.5835
3.0000,-0.1331,-0.5885
3.0000,-0.1346,-0.5998
3.0000,-0.1202,-0.5953
3.0000,-0.1146,-0.5995
3.0000,-0.0996,-0.5942
3.0000,-0.0949,-0.5993
3.0000,-0.0952,-0.6091
3.0000,-0.0895,-0.6130
3.0000,-0.0770,-0.6101
3.0000,-0.0757,-0.6183
3.0000,-0.0641,-0.6160
3.0000,-0.0481,-0.6095
3.0000,-0.0501,-0.6207
3.0000,-0.0335,-0.6133
3.0000,-0.0249,-0.6140
3.0000,-0.0227,-0.6208
3.0000,-0.0215,-0.6286
3.0000,-0.0129,-0.6290
3.0000,0.0036,-0.6214
3.0000,0.0126,-0.6212
3.0000,0.0163,-0.6263
3.0000,0.0189,-0.6324
3.0000,0.0284,-0.6314
3.0000,0.0411,-0.6272
3.0000,0.0414,-0.6353
3.0000,0.0586,-0.6264
3.0000,0.0569,-0.6365
3.0000,0.0737,-0.6278
3.0000,0.0779,-0.6317
3.0000,0.0818,-0.6357
3.0000,0.1007,-0.6248
3.0000,0.1113,-0.6220
3.0000,0.1146,-0.6264
3.0000,0.1228,-0.6258
3.0000,0.1349,-0.6212
3.0000,0.1349,-0.6286
3.0000,0.1466,-0.6242
3.0000,0.1572,-0.6208
3.0000,0.1567,-0.6285
3.0000,0.1611,-0.6311
3.0000,0.1722,-0.6268
3.0000,0.1811,-0.6247
3.0000,0.1868,-0.6257
3.0000,0.2081,-0.6109
3.0000,0.2079,-0.6176
3.0000,0.2093,-0.6225
3.0000,0.2212,-0.6169
3.0000,0.2268,-0.6174
3.0000,0.2393,-0.6108
3.0000,0.2524,-0.6036
3.0000,0.2608,-0.6009
3.0000,0.2624,-0.6050
3.0000,0.2704,-0.6024
3.0000,0.2867,-0.5915
3.0000,0.2891,-0.5943
3.0000,0.2925,-0.5960
3.0000,0.3018,-0.5918
3.0000,0.3204,-0.5780
3.0000,0.3195,-0.5836
3.0000,0.3234,-0.5843
3.0000,0.3285,-0.5837
3.0000,0.3511,-0.5654
3.0000,0.3538,-0.5669
3.0000,0.3572,-0.5675
3.0000,0.3655,-0.5631
3.0000,0.3725,-0.5599
3.0000,0.3813,-0.5547
3.0000,0.3827,-0.5568
3.0000,0.3969,-0.5460
3.0000,0.4008,-0.5452
3.0000,0.4132,-0.5359
3.0000,0.4141,-0.5379
3.0000,0.4229,-0.5319
3.0000,0.4391,-0.5183
3.0000,0.4442,-0.5156
3.0000,0.4495,-0.5127
3.0000,0.4479,-0.5165
3.0000,0.4697,-0.4967
3.0000,0.4619,-0.5063
3.0000,0.4816,-0.4884
3.0000,0.4901,-0.4814
3.0000,0.4969,-0.4760
3.0000,0.5016,-0.4726
3.0000,0.4972,-0.4781
3.0000,0.5170,-0.4593
3.0000,0.5157,-0.4614
3.0000,0.5151,-0.4626
3.0000,0.5311,-0.4471
3.0000,0.5292,-0.4493
3.0000,0.5391,-0.4396
3.0000,0.5479,-0.4308
3.0000,0.5575,-0.4210
3.0000,0.5594,-0.4188
3.0000,0.5592,-0.4185
3.0000,0.5764,-0.4008
3.0000,0.5824,-0.3940
3.0000,0.5764,-0.3990
3.0000,0.5821,-0.3922
3.0000,0.5916,-0.3814
3.0000,0.6014,-0.3702
3.0000,0.5997,-0.3703
3.0000,0.6098,-0.3585
3.0000,0.6245,-0.3418
3.0000,0.6234,-0.3409
3.0000,0.6231,-0.3389
3.0000,0.6339,-0.3257
3.0000,0.6333,-0.3237
3.0000,0.6374,-0.3168
3.0000,0.6467,-0.3047
3.0000,0.6592,-0.2891
3.0000,0.6527,-0.2924
3.0000,0.6583,-0.2834
3.0000,0.6667,-0.2715
3.0000,0.6735,-0.2610
3.0000,0.6782,-0.2524
3.0000,0.6827,-0.2439
3.0000,0.6846,-0.2378
3.0000,0.6839,-0.2342
3.0000,0.6919,-0.2216
3.0000,0.6965,-0.2124
3.0000,0.6994,-0.2047
3.0000,0.6940,-0.2050
3.0000,0.7016,-0.1924
3.0000,0.7104,-0.1782
3.0000,0.7114,-0.1717
3.0000,0.7210,-0.1566
3.0000,0.7108,-0.1610
3.0000,0.7257,-0.1401
3.0000,0.7240,-0.1357
3.0000,0.7285,-0.1250
3.0000,0.7317,-0.1153
3.0000,0.7359,-0.1045
3.0000,0.7332,-0.1005
3.0000,0.7350,-0.0919
3.0000,0.7353,-0.0846
3.0000,0.7445,-0.0682
3.0000,0.7338,-0.0716
3.0000,0.7450,-0.0529
3.0000,0.7496,-0.0407
3.0000,0.7393,-0.0432
3.0000,0.7441,-0.0305
3.0000,0.7448,-0.0218
3.0000,0.7479,-0.0104
3.0000,0.7563,0.0063
3.0000,0.7586,0.0171
3.0000,0.7539,0.0210
3.0000,0.7480,0.0239
3.0000,0.7584,0.0433
3.0000,0.7539,0.0478
3.0000,0.7482,0.0513
3.0000,0.7544,0.0668
3.0000,0.7589,0.0808
3.0000,0.7551,0.0867
3.0000,0.7534,0.0946
3.0000,0.7505,0.1016
3.0000,0.7586,0.1197
3.0000,0.7493,0.1205
3.0000,0.7444,0.1260
3.0000,0.7521,0.1440
3.0000,0.7575,0.1599
3.0000,0.7477,0.1608
3.0000,0.7561,0.1799
3.0000,0.7450,0.1797
3.0000,0.7426,0.1883
3.0000,0.7425,0.1993
3.0000,0.7445,0.2125
3.0000,0.7409,0.2203
3.0000,0.7376,0.2284
3.0000,0.7300,0.2324
3.0000,0.7420,0.2561
3.0000,0.7342,0.2601
3.0000,0.7315,0.2693
3.0000,0.7333,0.2831
3.0000,0.7236,0.2855
3.0000,0.7153,0.2894
3.0000,0.7234,0.3098
3.0000,0.7107,0.3095
3.0000,0.7152,0.3265
3.0000,0.7105,0.3344
3.0000,0.7136,0.3503
3.0000,0.7057,0.3551
3.0000,0.6980,0.3603
3.0000,0.6905,0.3658
3.0000,0.6876,0.3759
3.0000,0.6805,0.3819
3.0000,0.6845,0.3991
3.0000,0.6771,0.4050
3.0000,0.6723,0.4136
3.0000,0.6707,0.4254
3.0000,0.6661,0.4344
3.0000,0.6684,0.4503
3.0000,0.6537,0.4492
3.0000,0.6572,0.4664
3.0000,0.6416,0.4646
3.0000,0.6462,0.4830
3.0000,0.6425,0.4933
3.0000,0.6363,0.5010
3.0000,0.6243,0.5031
3.0000,0.6149,0.5077
3.0000,0.6204,0.5274
3.0000,0.6074,0.5285
3.0000,0.6082,0.5436
3.0000,0.5960,0.5456
3.0000,0.5957,0.5597
3.0000,0.5847,0.5631
3.0000,0.5729,0.5657
3.0000,0.5791,0.5864
3.0000,0.5598,0.5815
3.0000,0.5592,0.5954
3.0000,0.5535,0.6043
3.0000,0.5505,0.6158
3.0000,0.5378,0.6177
3.0000,0.5309,0.6254
3.0000,0.5156,0.6247
3.0000,0.5094,0.6332
3.0000,0.5108,0.6493
3.0000,0.5058,0.6589
3.0000,0.4862,0.6540
3.0000,0.4877,0.6702
3.0000,0.4728,0.6700
3.0000,0.4666,0.6785
3.0000,0.4591,0.6858
3.0000,0.4518,0.6931
3.0000,0.4391,0.6951
3.0000,0.4375,0.7082
3.0000,0.4307,0.7161
3.0000,0.4117,0.7118
3.0000,0.4179,0.7327
3.0000,0.3963,0.7258
3.0000,0.3932,0.7373
3.0000,0.3882,0.7469
3.0000,0.3790,0.7523
3.0000,0.3613,0.7492
3.0000,0.3638,0.7662
3.0000,0.3551,0.7720
3.0000,0.3340,0.7653
3.0000,0.3260,0.7719
3.0000,0.3271,0.7874
3.0000,0.3042,0.7788
3.0000,0.2997,0.7887
3.0000,0.2890,0.7922
3.0000,0.2788,0.7962
3.0000,0.2774,0.8091
3.0000,0.2666,0.8123
3.0000,0.2589,0.8187
3.0000,0.2440,0.8178
3.0000,0.2280,0.8158
3.0000,0.2158,0.8175
3.0000,0.2122,0.8277
3.0000,0.2070,0.8363
3.0000,0.1881,0.8310
3.0000,0.1754,0.8320
3.0000,0.1707,0.8408
3.0000,0.1600,0.8436
3.0000,0.1527,0.8498
3.0000,0.1393,0.8497
3.0000,0.1355,0.8591
3.0000,0.1133,0.8500
3.0000,0.1090,0.8588
3.0000,0.0938,0.8565
3.0000,0.0945,0.8702
3.0000,0.0790,0.8674
3.0000,0.0602,0.8613
3.0000,0.0481,0.8618
3.0000,0.0384,0.8646
3.0000,0.0267,0.8652
3.0000,0.0270,0.8778
3.0000,0.0146,0.8776
3.0000,0.0007,0.8757
3.0000,-0.0056,0.8813
3.0000,-0.0219,0.8769
3.0000,-0.0371,0.8733
3.0000,-0.0491,0.8729
3.0000,-0.0626,0.8709
3.0000,-0.0738,0.8711
3.0000,-0.0806,0.8755
3.0000,-0.0958,0.8713
3.0000,-0.1057,0.8724
3.0000,-0.1112,0.8777
3.0000,-0.1285,0.8712
3.0000,-0.1378,0.8724
3.0000,-0.1381,0.8825
3.0000,-0.1621,0.8688
3.0000,-0.1589,0.8821
3.0000,-0.1705,0.8805
3.0000,-0.1954,0.8654
3.0000,-0.2058,0.8647
3.0000,-0.2061,0.8740
3.0000,-0.2274,0.8620
3.0000,-0.2415,0.8572
3.0000,-0.2509,0.8568
3.0000,-0.2518,0.8649
3.0000,-0.2610,0.8645
3.0000,-0.2812,0.8528
3.0000,-0.2949,0.8476
3.0000,-0.2941,0.8567
3.0000,-0.3177,0.8412
3.0000,-0.3247,0.8421
3.0000,-0.3292,0.8454
3.0000,-0.3408,0.8414
3.0000,-0.3537,0.8359
3.0000,-0.3606,0.8362
3.0000,-0.3695,0.8345
3.0000,-0.3807,0.8301
3.0000,-0.4059,0.8117
3.0000,-0.4099,0.8142
3.0000,-0.4118,0.8187
3.0000,-0.4375,0.7992
3.0000,-0.4423,0.8003
3.0000,-0.4448,0.8036
3.0000,-0.4655,0.7885
3.0000,-0.4645,0.7950
3.0000,-0.4886,0.7761
3.0000,-0.4866,0.7831
3.0000,-0.4992,0.7754
3.0000,-0.5173,0.7619
3.0000,-0.5267,0.7570
3.0000,-0.5366,0.7513
3.0000,-0.5406,0.7515
3.0000,-0.5485,0.7475
3.0000,-0.5565,0.7431
3.0000,-0.5773,0.7258
3.0000,-0.5827,0.7237
3.0000,-0.5955,0.7139
3.0000,-0.5968,0.7154
3.0000,-0.6048,0.7101
3.0000,-0.6218,0.6955
3.0000,-0.6356,0.6840
3.0000,-0.6387,0.6829
3.0000,-0.6421,0.6814
3.0000,-0.6627,0.6624
3.0000,-0.6651,0.6614
3.0000,-0.6728,0.6549
3.0000,-0.6898,0.6389
3.0000,-0.6938,0.6357
3.0000,-0.6991,0.6309
3.0000,-0.7146,0.6158
3.0000,-0.7241,0.6064
3.0000,-0.7269,0.6036
3.0000,-0.7353,0.5949
3.0000,-0.7486,0.5811
3.0000,-0.7485,0.5805
3.0000,-0.7534,0.5747
3.0000,-0.7652,0.5618
3.0000,-0.7788,0.5468
3.0000,-0.7799,0.5441
3.0000,-0.7928,0.5295
3.0000,-0.7947,0.5256
3.0000,-0.8138,0.5043
3.0000,-0.8085,0.5072
3.0000,-0.8138,0.4992
3.0000,-0.8271,0.4830
3.0000,-0.8357,0.4714
3.0000,-0.8481,0.4556
3.0000,-0.8479,0.4523
3.0000,-0.8611,0.4354
3.0000,-0.8607,0.4319
3.0000,-0.8669,0.4215
3.0000,-0.8749,0.4091
3.0000,-0.8713,0.4082
3.0000,-0.8863,0.3884
3.0000,-0.8840,0.3857
3.0000,-0.9020,0.3624
3.0000,-0.8993,0.3596
3.0000,-0.9141,0.3392
3.0000,-0.9095,0.3379
3.0000,-0.9104,0.3309
3.0000,-0.9279,0.3072
3.0000,-0.9226,0.3060
3.0000,-0.9294,0.2925
3.0000,-0.9289,0.2861
3.0000,-0.9450,0.2628
3.0000,-0.9493,0.2512
3.0000,-0.9524,0.2406
3.0000,-0.9609,0.2243
3.0000,-0.9641,0.2131
3.0000,-0.9635,0.2055
3.0000,-0.9663,0.1944
3.0000,-0.9666,0.1855
3.0000,-0.9667,0.1767
3.0000,-0.9809,0.1535
3.0000,-0.9760,0.1492
3.0000,-0.9823,0.1335
3.0000,-0.9847,0.1216
3.0000,-0.9809,0.1156
3.0000,-0.9891,0.0974
3.0000,-0.9891,0.0873
3.0000,-0.9843,0.0817
3.0000,-0.9959,0.0596
3.0000,-1.0002,0.0446
3.0000,-0.9990,0.0349
3.0000,-1.0005,0.0223
3.0000,-0.9974,0.0141
3.0000,-1.0053,-0.0053
4.0000,0.0009,-0.0001
4.0000,-0.0020,-0.0040
4.0000,0.0012,-0.0019
4.0000,-0.0004,-0.0046
4.0000,0.0009,-0.0044
4.0000,-0.0060,-0.0125
4.0000,0.0073,-0.0003
4.0000,-0.0044,-0.0132
4.0000,0.0058,-0.0042
4.0000,-0.0033,-0.0145
4.0000,0.0078,-0.0046
4.0000,-0.0057,-0.0194
4.0000,0.0081,-0.0068
4.0000,-0.0044,-0.0206
4.0000,0.0005,-0.0171
4.0000,0.0014,-0.0175
4.0000,0.0094,-0.0108
4.0000,0.0011,-0.0205
4.0000,-0.0020,-0.0250
4.0000,-0.0026,-0.0269
4.0000,-0.0010,-0.0267
4.0000,0.0072,-0.0200
4.0000,0.0012,-0.0274
4.0000,0.0031,-0.0269
4.0000,0.0025,-0.0290
4.0000,0.0151,-0.0179
4.0000,0.0044,-0.0300
4.0000,0.0057,-0.0302
4.0000,0.0062,-0.0313
4.0000,0.0183,-0.0206
4.0000,0.0095,-0.0310
4.0000,0.0085,-0.0335
4.0000,0.0195,-0.0240
4.0000,0.0206,-0.0244
4.0000,0.0133,-0.0333
4.0000,0.0189,-0.0293
4.0000,0.0239,-0.0258
4.0000,0.0166,-0.0346
4.0000,0.0193,-0.0334
4.0000,0.0179,-0.0365
4.0000,0.0186,-0.0373
4.0000,0.0201,-0.0374
4.0000,0.0243,-0.0347
4.0000,0.0162,-0.0443
4.0000,0.0176,-0.0445
4.0000,0.0207,-0.0429
4.0000,0.0199,-0.0453
4.0000,0.0238,-0.0429
4.0000,0.0267,-0.0416
4.0000,0.0309,-0.0389
4.0000,0.0241,-0.0472
4.0000,0.0343,-0.0386
4.0000,0.0387,-0.0357
4.0000,0.0406,-0.0354
4.0000,0.0368,-0.0406
4.0000,0.0294,-0.0495
4.0000,0.0297,-0.0507
4.0000,0.0456,-0.0363
4.0000,0.0323,-0.0511
4.0000,0.0405,-0.0443
4.0000,0.0455,-0.0408
4.0000,0.0503,-0.0374
4.0000,0.0470,-0.0421
4.0000,0.0462,-0.0443
4.0000,0.0501,-0.0418
4.0000,0.0525,-0.0407
4.0000,0.0430,-0.0516
4.0000,0.0448,-0.0511
4.0000,0.0598,-0.0375
4.0000,0.0485,-0.0501
4.0000,0.0539,-0.0459
4.0000,0.0599,-0.0412
4.0000,0.0651,-0.0373
4.0000,0.0670,-0.0366
4.0000,0.0668,-0.0379
4.0000,0.0585,-0.0475
4.0000,0.0694,-0.0377
4.0000,0.0702,-0.0380
4.0000,0.0635,-0.0458
4.0000,0.0645,-0.0459
4.0000,0.0718,-0.0397
4.0000,0.0636,-0.0489
4.0000,0.0680,-0.0455
4.0000,0.0669,-0.0476
4.0000,0.0785,-0.0369
4.0000,0.0779,-0.0385
4.0000,0.0724,-0.0449
4.0000,0.0714,-0.0468
4.0000,0.0765,-0.0424
4.0000,0.0763,-0.0434
4.0000,0.0820,-0.0385
4.0000,0.0777,-0.0436
4.0000,0.0872,-0.0347
4.0000,0.0925,-0.0302
4.0000,0.0806,-0.0427
4.0000,0.0902,-0.0337
4.0000,0.0863,-0.0382
4.0000,0.0863,-0.0387
4.0000,0.0909,-0.0347
4.0000,0.1001,-0.0260
4.0000,0.1033,-0.0231
4.0000,0.1008,-0.0260
4.0000,0.1042,-0.0230
4.0000,0.0980,-0.0295
4.0000,0.1015,-0.0263
4.0000,0.1031,-0.0250
4.0000,0.1006,-0.0277
4.0000,0.1008,-0.0276
4.0000,0.1026,-0.0260
4.0000,0.1102,-0.0185
4.0000,0.1081,-0.0206
4.0000,0.1056,-0.0232
4.0000,0.1153,-0.0134
4.0000,0.1077,-0.0210
4.0000,0.1100,-0.0185
4.0000,0.1202,-0.0081
4.0000,0.1153,-0.0129
4.0000,0.1223,-0.0056
4.0000,0.1144,-0.0132
4.0000,0.1266,-0.0007
4.0000,0.1164,-0.0106
4.0000,0.1253,-0.0012
4.0000,0.1203,-0.0058
4.0000,0.1282,0.0026
4.0000,0.1281,0.0031
4.0000,0.1305,0.0061
4.0000,0.1232,-0.0006
4.0000,0.1314,0.0083
4.0000,0.1227,0.0003
4.0000,0.1347,0.0131
4.0000,0.1353,0.0145
4.0000,0.1247,0.0048
4.0000,0.1306,0.0116
4.0000,0.1300,0.0120
4.0000,0.1400,0.0230
4.0000,0.1287,0.0127
4.0000,0.1331,0.0183
4.0000,0.1359,0.0222
4.0000,0.1372,0.0247
4.0000,0.1413,0.0300
4.0000,0.1333,0.0233
4.0000,0.1394,0.0307
4.0000,0.1363,0.0290
4.0000,0.1432,0.0373
4.0000,0.1329,0.0285
4.0000,0.1349,0.0320
4.0000,0.1357,0.0344
4.0000,0.1447,0.0450
4.0000,0.1429,0.0449
4.0000,0.1385,0.0422
4.0000,0.1372,0.0426
4.0000,0.1417,0.0489
4.0000,0.1493,0.0584
4.0000,0.1483,0.0593
4.0000,0.1469,0.0598
4.0000,0.1521,0.0671
4.0000,0.1419,0.0588
4.0000,0.1495,0.0686
4.0000,0.1412,0.0624
4.0000,0.1392,0.0626
4.0000,0.1413,0.0668
4.0000,0.1384,0.0663
4.0000,0.1500,0.0802
4.0000,0.1516,0.0841
4.0000,0.1367,0.0716
4.0000,0.1500,0.0874
4.0000,0.1486,0.0884
4.0000,0.1422,0.0845
4.0000,0.1515,0.0964
4.0000,0.1437,0.0913
4.0000,0.1387,0.0889
4.0000,0.1385,0.0914
4.0000,0.1487,0.1044
4.0000,0.1378,0.0963
4.0000,0.1345,0.0958
4.0000,0.1384,0.1026
4.0000,0.1440,0.1110
4.0000,0.1343,0.1043
4.0000,0.1457,0.1187
4.0000,0.1344,0.1105
4.0000,0.1392,0.1183
4.0000,0.1448,0.1270
4.0000,0.1414,0.1268
4.0000,0.1416,0.1302
4.0000,0.1375,0.1293
4.0000,0.1295,0.1246
4.0000,0.1267,0.1250
4.0000,0.1330,0.1347
4.0000,0.1350,0.1400
4.0000,0.1248,0.1333
4.0000,0.1344,0.1462
4.0000,0.1286,0.1439
4.0000,0.1239,0.1427
4.0000,0.1190,0.1414
4.0000,0.1165,0.1425
4.0000,0.1294,0.1590
4.0000,0.1274,0.1606
4.0000,0.1225,0.1593
4.0000,0.1120,0.1525
4.0000,0.1105,0.1548
4.0000,0.1201,0.1681
4.0000,0.1189,0.1707
4.0000,0.1108,0.1664
4.0000,0.1148,0.1742
4.0000,0.1056,0.1688
4.0000,0.1016,0.1688
4.0000,0.0997,0.1707
4.0000,0.1126,0.1875
4.0000,0.1054,0.1843
4.0000,0.0979,0.1807
4.0000,0.0999,0.1868
4.0000,0.0930,0.1838
4.0000,0.0992,0.1941
4.0000,0.0892,0.1881
4.0000,0.0991,0.2021
4.0000,0.0968,0.2039
4.0000,0.0942,0.2054
4.0000,0.0784,0.1937
4.0000,0.0857,0.2051
4.0000,0.0732,0.1968
4.0000,0.0779,0.2056
4.0000,0.0726,0.2044
4.0000,0.0725,0.2086
4.0000,0.0740,0.2142
4.0000,0.0619,0.2063
4.0000,0.0646,0.2133
4.0000,0.0708,0.2237
4.0000,0.0663,0.2234
4.0000,0.0561,0.2174
4.0000,0.0639,0.2295
4.0000,0.0506,0.2204
4.0000,0.0553,0.2293
4.0000,0.0488,0.2271
4.0000,0.0524,0.2350
4.0000,0.0452,0.2320
4.0000,0.0470,0.2381
4.0000,0.0420,0.2373
4.0000,0.0429,0.2425
4.0000,0.0369,0.2407
4.0000,0.0237,0.2317
4.0000,0.0202,0.2325
4.0000,0.0303,0.2467
4.0000,0.0222,0.2430
4.0000,0.0137,0.2386
4.0000,0.0108,0.2399
4.0000,0.0079,0.2413
4.0000,0.0055,0.2430
4.0000,0.0028,0.2445
4.0000,0.0064,0.2523
4.0000,0.0040,0.2540
4.0000,0.0048,0.2589
4.0000,-0.0083,0.2500
4.0000,-0.0038,0.2586
4.0000,-0.0135,0.2530
4.0000,-0.0213,0.2492
4.0000,-0.0163,0.2583
4.0000,-0.0260,0.2525
4.0000,-0.0246,0.2580
4.0000,-0.0276,0.2590
4.0000,-0.0252,0.2653
4.0000,-0.0345,0.2600
4.0000,-0.0386,0.2597
4.0000,-0.0405,0.2618
4.0000,-0.0471,0.2590
4.0000,-0.0445,0.2655
4.0000,-0.0473,0.2664
4.0000,-0.0638,0.2538
4.0000,-0.0645,0.2568
4.0000,-0.0595,0.2655
4.0000,-0.0619,0.2668
4.0000,-0.0682,0.2641
4.0000,-0.0730,0.2629
4.0000,-0.0820,0.2575
4.0000,-0.0762,0.2668
4.0000,-0.0871,0.2594
4.0000,-0.0886,0.2614
4.0000,-0.0919,0.2615
4.0000,-0.0880,0.2688
4.0000,-0.1058,0.2543
4.0000,-0.1074,0.2560
4.0000,-0.1055,0.2612
4.0000,-0.1180,0.2519
4.0000,-0.1128,0.2603
4.0000,-0.1155,0.2607
4.0000,-0.1177,0.2615
4.0000,-0.1243,0.2579
4.0000,-0.1353,0.2500
4.0000,-0.1400,0.2481
4.0000,-0.1396,0.2514
4.0000,-0.1350,0.2589
4.0000,-0.1361,0.2606
4.0000,-0.1497,0.2496
4.0000,-0.1508,0.2512
4.0000,-0.1491,0.2555
4.0000,-0.1581,0.2490
4.0000,-0.1647,0.2449
4.0000,-0.1640,0.2480
4.0000,-0.1738,0.2407
4.0000,-0.1728,0.2439
4.0000,-0.1801,0.2390
4.0000,-0.1841,0.2371
4.0000,-0.1872,0.2362
4.0000,-0.1939,0.2315
4.0000,-0.1955,0.2320
4.0000,-0.1915,0.2379
4.0000,-0.2036,0.2277
4.0000,-0.1958,0.2373
4.0000,-0.2076,0.2273
4.0000,-0.2020,0.2345
4.0000,-0.2171,0.2211
4.0000,-0.2126,0.2271
4.0000,-0.2207,0.2205
4.0000,-0.2186,0.2241
4.0000,-0.2330,0.2110
4.0000,-0.2281,0.2172
4.0000,-0.2280,0.2184
4.0000,-0.2345,0.2131
4.0000,-0.2447,0.2039
4.0000,-0.2408,0.2088
4.0000,-0.2413,0.2093
4.0000,-0.2422,0.2091
4.0000,-0.2554,0.1967
4.0000,-0.2617,0.1911
4.0000,-0.2659,0.1875
4.0000,-0.2589,0.1951
4.0000,-0.2630,0.1914
4.0000,-0.2690,0.1858
4.0000,-0.2685,0.1866
4.0000,-0.2828,0.1725
4.0000,-0.2845,0.1709
4.0000,-0.2896,0.1659
4.0000,-0.2833,0.1722
4.0000,-0.2905,0.1649
4.0000,-0.2958,0.1595
4.0000,-0.2879,0.1671
4.0000,-0.2938,0.1608
4.0000,-0.2987,0.1554
4.0000,-0.2942,0.1594
4.0000,-0.3050,0.1481
4.0000,-0.3131,0.1393
4.0000,-0.3140,0.1376
4.0000,-0.3123,0.1385
4.0000,-0.3203,0.1296
4.0000,-0.3261,0.1228
4.0000,-0.3227,0.1250
4.0000,-0.3223,0.1243
4.0000,-0.3243,0.1211
4.0000,-0.3212,0.1228
4.0000,-0.3346,0.1079
4.0000,-0.3282,0.1128
4.0000,-0.3395,0.0999
4.0000,-0.3413,0.0964
4.0000,-0.3359,0.1001
4.0000,-0.3427,0.0914
4.0000,-0.3403,0.0919
4.0000,-0.3427,0.0874
4.0000,-0.3541,0.0739
4.0000,-0.3453,0.0805
4.0000,-0.3543,0.0691
4.0000,-0.3518,0.0693
4.0000,-0.3606,0.0580
4.0000,-0.3553,0.0607
4.0000,-0.3649,0.0485
4.0000,-0.3671,0.0435
4.0000,-0.3549,0.0529
4.0000,-0.3710,0.0339
4.0000,-0.3603,0.0417
4.0000,-0.3704,0.0286
4.0000,-0.3684,0.0273
4.0000,-0.3664,0.0261
4.0000,-0.3674,0.0217
4.0000,-0.3667,0.0191
4.0000,-0.3665,0.0158
4.0000,-0.3771,0.0016
4.0000,-0.3726,0.0024
4.0000,-0.3734,-0.0022
4.0000,-0.3691,-0.0017
4.0000,-0.3852,-0.0217
4.0000,-0.3817,-0.0222
4.0000,-0.3807,-0.0253
4.0000,-0.3849,-0.0337
4.0000,-0.3834,-0.0364
4.0000,-0.3745,-0.0319
4.0000,-0.3878,-0.0496
4.0000,-0.3798,-0.0461
4.0000,-0.3889,-0.0598
4.0000,-0.3788,-0.0544
4.0000,-0.3856,-0.0659
4.0000,-0.3775,-0.0626
4.0000,-0.3779,-0.0679
4.0000,-0.3822,-0.0772
4.0000,-0.3812,-0.0812
4.0000,-0.3874,-0.0925
4.0000,-0.3878,-0.0982
4.0000,-0.3780,-0.0936
4.0000,-0.3792,-0.1002
4.0000,-0.3782,-0.1046
4.0000,-0.3850,-0.1169
4.0000,-0.3740,-0.1115
4.0000,-0.3806,-0.1238
4.0000,-0.3762,-0.1251
4.0000,-0.3723,-0.1271
4.0000,-0.3822,-0.1428
4.0000,-0.3772,-0.1437
4.0000,-0.3819,-0.1544
4.0000,-0.3727,-0.1513
4.0000,-0.3790,-0.1638
4.0000,-0.3713,-0.1623
4.0000,-0.3662,-0.1634
4.0000,-0.3789,-0.1825
4.0000,-0.3772,-0.1872
4.0000,-0.3665,-0.1829
4.0000,-0.3632,-0.1862
4.0000,-0.3702,-0.1998
4.0000,-0.3712,-0.2075
4.0000,-0.3656,-0.2086
4.0000,-0.3608,-0.2106
4.0000,-0.3595,-0.2161
4.0000,-0.3536,-0.2171
4.0000,-0.3543,-0.2247
4.0000,-0.3594,-0.2369
4.0000,-0.3486,-0.2331
4.0000,-0.3481,-0.2397
4.0000,-0.3431,-0.2418
4.0000,-0.3498,-0.2558
4.0000,-0.3399,-0.2532
4.0000,-0.3453,-0.2659
4.0000,-0.3341,-0.2620
4.0000,-0.3334,-0.2687
4.0000,-0.3386,-0.2814
4.0000,-0.3343,-0.2845
4.0000,-0.3207,-0.2785
4.0000,-0.3172,-0.2826
4.0000,-0.3234,-0.2964
4.0000,-0.3110,-0.2916
4.0000,-0.3113,-0.2996
4.0000,-0.3172,-0.3133
4.0000,-0.3149,-0.3188
4.0000,-0.3032,-0.3149
4.0000,-0.3033,-0.3228
4.0000,-0.2923,-0.3198
4.0000,-0.2871,-0.3224
4.0000,-0.2980,-0.3412
4.0000,-0.2924,-0.3437
4.0000,-0.2866,-0.3458
4.0000,-0.2775,-0.3447
4.0000,-0.2802,-0.3555
4.0000,-0.2679,-0.3513
4.0000,-0.2659,-0.3574
4.0000,-0.2627,-0.3623
4.0000,-0.2622,-0.3698
4.0000,-0.2495,-0.3654
4.0000,-0.2455,-0.3695
4.0000,-0.2473,-0.3795
4.0000,-0.2501,-0.3904
4.0000,-0.2340,-0.3826
4.0000,-0.2380,-0.3948
4.0000,-0.2269,-0.3919
4.0000,-0.2281,-0.4014
4.0000,-0.2284,-0.4099
4.0000,-0.2214,-0.4111
4.0000,-0.2114,-0.4094
4.0000,-0.2069,-0.4131
4.0000,-0.2105,-0.4250
4.0000,-0.2008,-0.4236
4.0000,-0.1920,-0.4230
4.0000,-0.1897,-0.4290
4.0000,-0.1770,-0.4245
4.0000,-0.1793,-0.4350
4.0000,-0.1701,-0.4341
4.0000,-0.1726,-0.4448
4.0000,-0.1647,-0.4451
4.0000,-0.1558,-0.4444
4.0000,-0.1485,-0.4453
4.0000,-0.1449,-0.4499
4.0000,-0.1417,-0.4548
4.0000,-0.1332,-0.4544
4.0000,-0.1372,-0.4665
4.0000,-0.1305,-0.4680
4.0000,-0.1221,-0.4676
4.0000,-0.1096,-0.4632
4.0000,-0.1085,-0.4701
4.0000,-0.1002,-0.4698
4.0000,-0.1023,-0.4799
4.0000,-0.0853,-0.4708
4.0000,-0.0793,-0.4727
4.0000,-0.0774,-0.4787
4.0000,-0.0783,-0.4874
4.0000,-0.0751,-0.4921
4.0000,-0.0586,-0.4834
4.0000,-0.0611,-0.4935
4.0000,-0.0573,-0.4974
4.0000,-0.0374,-0.4852
4.0000,-0.0303,-0.4857
4.0000,-0.0358,-0.4988
4.0000,-0.0246,-0.4950
4.0000,-0.0146,-0.4925
4.0000,-0.0094,-0.4947
4.0000,-0.0077,-0.5004
4.0000,-0.0076,-0.5076
4.0000,0.0003,-0.5070
4.0000,0.0079,-0.5065
4.0000,0.0138,-0.5078
4.0000,0.0184,-0.5103
4.0000,0.0344,-0.5013
4.0000,0.0360,-0.5067
4.0000,0.0370,-0.5126
4.0000,0.0559,-0.5005
4.0000,0.0519,-0.5113
4.0000,0.0699,-0.5000
4.0000,0.0719,-0.5046
4.0000,0.0840,-0.4991
4.0000,0.0784,-0.5112
4.0000,0.0941,-0.5019
4.0000,0.0893,-0.5131
4.0000,0.1006,-0.5081
4.0000,0.1098,-0.5051
4.0000,0.1112,-0.5098
4.0000,0.1225,-0.5046
4.0000,0.1347,-0.4983
4.0000,0.1427,-0.4962
4.0000,0.1454,-0.4993
4.0000,0.1491,-0.5013
4.0000,0.1482,-0.5078
4.0000,0.1635,-0.4981
4.0000,0.1632,-0.5038
4.0000,0.1719,-0.5004
4.0000,0.1765,-0.5011
4.0000,0.1819,-0.5009
4.0000,0.1881,-0.4998
4.0000,0.1990,-0.4939
4.0000,0.2053,-0.4925
4.0000,0.2093,-0.4932
4.0000,0.2282,-0.4790
4.0000,0.2206,-0.4913
4.0000,0.2372,-0.4792
4.0000,0.2396,-0.4812
4.0000,0.2545,-0.4706
4.0000,0.2605,-0.4687
4.0000,0.2635,-0.4699
4.0000,0.2711,-0.4662
4.0000,0.2749,-0.4663
4.0000,0.2817,-0.4633
4.0000,0.2803,-0.4684
4.0000,0.2847,-0.4675
4.0000,0.2908,-0.4648
4.0000,0.3066,-0.4523
4.0000,0.3074,-0.4548
4.0000,0.3183,-0.4470
4.0000,0.3209,-0.4473
4.0000,0.3260,-0.4452
4.0000,0.3379,-0.4360
4.0000,0.3403,-0.4362
4.0000,0.3537,-0.4253
4.0000,0.3610,-0.4204
4.0000,0.3640,-0.4197
4.0000,0.3661,-0.4198
4.0000,0.3708,-0.4170
4.0000,0.3810,-0.4087
4.0000,0.3905,-0.4011
4.0000,0.3926,-0.4006
4.0000,0.3931,-0.4016
4.0000,0.4008,-0.3953
4.0000,0.4131,-0.3843
4.0000,0.4133,-0.3853
4.0000,0.4134,-0.3863
4.0000,0.4230,-0.3775
4.0000,0.4317,-0.3697
4.0000,0.4274,-0.3746
4.0000,0.4341,-0.3684
4.0000,0.4449,-0.3580
4.0000,0.4435,-0.3597
4.0000,0.4511,-0.3522
4.0000,0.4547,-0.3486
4.0000,0.4590,-0.3441
4.0000,0.4648,-0.3381
4.0000,0.4739,-0.3286
4.0000,0.4794,-0.3226
4.0000,0.4913,-0.3100
4.0000,0.4859,-0.3146
4.0000,0.4910,-0.3085
4.0000,0.4915,-0.3070
4.0000,0.5013,-0.2960
4.0000,0.5131,-0.2829
4.0000,0.5156,-0.2789
4.0000,0.5146,-0.2782
4.0000,0.5222,-0.2689
4.0000,0.5176,-0.2716
4.0000,0.5249,-0.2623
4.0000,0.5287,-0.2564
4.0000,0.5393,-0.2435
4.0000,0.5381,-0.2422
4.0000,0.5400,-0.2378
4.0000,0.5490,-0.2261
4.0000,0.5572,-0.2150
4.0000,0.5530,-0.2163
4.0000,0.5623,-0.2039
4.0000,0.5703,-0.1926
4.0000,0.5721,-0.1875
4.0000,0.5680,-0.1880
4.0000,0.5759,-0.1765
4.0000,0.5722,-0.1764
4.0000,0.5733,-0.1714
4.0000,0.5889,-0.1518
4.0000,0.5823,-0.1541
4.0000,0.5833,-0.1488
4.0000,0.5937,-0.1340
4.0000,0.5930,-0.1301
4.0000,0.5964,-0.1219
4.0000,0.6021,-0.1114
4.0000,0.6014,-0.1071
4.0000,0.6020,-0.1014
4.0000,0.6107,-0.0874
4.0000,0.6120,-0.0808
4.0000,0.6175,-0.0697
4.0000,0.6057,-0.0759
4.0000,0.6104,-0.0654
4.0000,0.6164,-0.0535
4.0000,0.6099,-0.0539
4.0000,0.6217,-0.0360
4.0000,0.6221,-0.0293
4.0000,0.6170,-0.0280
4.0000,0.6243,-0.0142
4.0000,0.6163,-0.0155
4.0000,0.6214,-0.0036
4.0000,0.6195,0.0014
4.0000,0.6190,0.0079
4.0000,0.6229,0.0190
4.0000,0.6328,0.0362
4.0000,0.6251,0.0359
4.0000,0.6331,0.0514
4.0000,0.6325,0.0585
4.0000,0.6245,0.0583
4.0000,0.6323,0.0739
4.0000,0.6235,0.0731
4.0000,0.6268,0.0845
4.0000,0.6273,0.0932
4.0000,0.6257,0.0999
4.0000,0.6235,0.1062
4.0000,0.6323,0.1236
4.0000,0.6345,0.1344
4.0000,0.6281,0.1368
4.0000,0.6331,0.1507
4.0000,0.6326,0.1591
4.0000,0.6289,0.1646
4.0000,0.6173,0.1621
4.0000,0.6255,0.1796
4.0000,0.6136,0.1772
4.0000,0.6135,0.1865
4.0000,0.6126,0.1953
4.0000,0.6139,0.2062
4.0000,0.6211,0.2233
4.0000,0.6147,0.2268
4.0000,0.6185,0.2405
4.0000,0.6143,0.2464
4.0000,0.5996,0.2419
4.0000,0.6057,0.2582
4.0000,0.6062,0.2691
4.0000,0.5948,0.2682
4.0000,0.5980,0.2819
4.0000,0.5957,0.2901
4.0000,0.5838,0.2889
4.0000,0.5832,0.2991
4.0000,0.5844,0.3111
4.0000,0.5775,0.3151
4.0000,0.5767,0.3254
4.0000,0.5793,0.3390
4.0000,0.5649,0.3357
4.0000,0.5692,0.3512
4.0000,0.5678,0.3611
4.0000,0.5546,0.3593
4.0000,0.5587,0.3747
4.0000,0.5605,0.3881
4.0000,0.5565,0.3956
4.0000,0.5423,0.3929
4.0000,0.5345,0.3968
4.0000,0.5372,0.4112
4.0000,0.5256,0.4114
4.0000,0.5286,0.4262
4.0000,0.5257,0.4352
4.0000,0.5117,0.4331
4.0000,0.5147,0.4481
4.0000,0.5148,0.4602
4.0000,0.4977,0.4552
4.0000,0.4947,0.4642
4.0000,0.4946,0.4763
4.0000,0.4879,0.4818
4.0000,0.4768,0.4829
4.0000,0.4856,0.5039
4.0000,0.4786,0.5092
4.0000,0.4721,0.5151
4.0000,0.4560,0.5113
4.0000,0.4528,0.5205
4.0000,0.4491,0.5292
4.0000,0.4501,0.5426
4.0000,0.4445,0.5494
4.0000,0.4353,0.5527
4.0000,0.4240,0.5538
4.0000,0.4250,0.5674
4.0000,0.4081,0.5630
4.0000,0.4128,0.5801
4.0000,0.3909,0.5708
4.0000,0.3897,0.5821
4.0000,0.3881,0.5931
4.0000,0.3852,0.6027
4.0000,0.3749,0.6049
4.0000,0.3658,0.6084
4.0000,0.3621,0.6171
4.0000,0.3443,0.6119
4.0000,0.3395,0.6196
4.0000,0.3374,0.6300
4.0000,0.3228,0.6279
4.0000,0.3239,0.6415
4.0000,0.3183,0.6484
4.0000,0.3079,0.6504
4.0000,0.2961,0.6510
4.0000,0.2819,0.6492
4.0000,0.2740,0.6537
4.0000,0.2743,0.6663
4.0000,0.2630,0.6674
4.0000,0.2497,0.6663
4.0000,0.2429,0.6718
4.0000,0.2365,0.6777
4.0000,0.2380,0.6913
4.0000,0.2309,0.6963
4.0000,0.2193,0.6969
4.0000,0.2066,0.6962
4.0000,0.2060,0.7076
4.0000,0.1976,0.7112
4.0000,0.1850,0.7105
4.0000,0.1739,0.7113
4.0000,0.1594,0.7086
4.0000,0.1572,0.7182
4.0000,0.1398,0.7124
4.0000,0.1421,0.7264
4.0000,0.1364,0.7322
4.0000,0.1164,0.7237
4.0000,0.1182,0.7370
4.0000,0.0957,0.7258
4.0000,0.1002,0.7416
4.0000,0.0904,0.7430
4.0000,0.0771,0.7409
4.0000,0.0686,0.7434
4.0000,0.0528,0.7387
4.0000,0.0415,0.7383
4.0000,0.0405,0.7481
4.0000,0.0214,0.7397
4.0000,0.0165,0.7455
4.0000,0.0129,0.7524
4.0000,0.0039,0.7539
4.0000,-0.0115,0.7489
4.0000,-0.0143,0.7564
4.0000,-0.0345,0.7463
4.0000,-0.0305,0.7604
4.0000,-0.0523,0.7486
4.0000,-0.0646,0.7462
4.0000,-0.0653,0.7553
4.0000,-0.0693,0.7609
4.0000,-0.0783,0.7615
4.0000,-0.0946,0.7547
4.0000,-0.1016,0.7570
4.0000,-0.1137,0.7541
4.0000,-0.1265,0.7505
4.0000,-0.1348,0.7511
4.0000,-0.1416,0.7532
4.0000,-0.1554,0.7481
4.0000,-0.1585,0.7536
4.0000,-0.1675,0.7532
4.0000,-0.1853,0.7438
4.0000,-0.1862,0.7511
4.0000,-0.1975,0.7479
4.0000,-0.2184,0.7350
4.0000,-0.2225,0.7388
4.0000,-0.2257,0.7433
4.0000,-0.2417,0.7349
4.0000,-0.2474,0.7366
4.0000,-0.2660,0.7253
4.0000,-0.2718,0.7266
4.0000,-0.2787,0.7268
4.0000,-0.2892,0.7232
4.0000,-0.2972,0.7219
4.0000,-0.3098,0.7158
4.0000,-0.3126,0.7195
4.0000,-0.3251,0.7133
4.0000,-0.3344,0.7101
4.0000,-0.3447,0.7058
4.0000,-0.3570,0.6993
4.0000,-0.3619,0.7001
4.0000,-0.3752,0.6923
4.0000,-0.3770,0.6959
4.0000,-0.3892,0.6889
4.0000,-0.4034,0.6797
4.0000,-0.4126,0.6753
4.0000,-0.4176,0.6751
4.0000,-0.4278,0.6694
4.0000,-0.4366,0.6650
4.0000,-0.4444,0.6614
4.0000,-0.4462,0.6637
4.0000,-0.4554,0.6584
4.0000,-0.4714,0.6460
4.0000,-0.4763,0.6447
4.0000,-0.4833,0.6410
4.0000,-0.5007,0.6268
4.0000,-0.5011,0.6294
4.0000,-0.5149,0.6185
4.0000,-0.5232,0.6128
4.0000,-0.5269,0.6116
4.0000,-0.5380,0.6029
4.0000,-0.5475,0.5955
4.0000,-0.5576,0.5874
4.0000,-0.5569,0.5899
4.0000,-0.5648,0.5835
4.0000,-0.5728,0.5770
4.0000,-0.5855,0.5654
4.0000,-0.5895,0.5625
4.0000,-0.6028,0.5501
4.0000,-0.6159,0.5376
4.0000,-0.6153,0.5388
4.0000,-0.6215,0.5328
4.0000,-0.6389,0.5156
4.0000,-0.6404,0.5140
4.0000,-0.6453,0.5089
4.0000,-0.6546,0.4992
4.0000,-0.6547,0.4985
4.0000,-0.6715,0.4809
4.0000,-0.6809,0.4705
4.0000,-0.6813,0.4689
4.0000,-0.6802,0.4686
4.0000,-0.6879,0.4594
4.0000,-0.6963,0.4493
4.0000,-0.7048,0.4388
4.0000,-0.7088,0.4326
4.0000,-0.7168,0.4224
4.0000,-0.7291,0.4076
4.0000,-0.7273,0.4067
4.0000,-0.7451,0.3860
4.0000,-0.7427,0.3853
4.0000,-0.7493,0.3755
4.0000,-0.7491,0.3723
4.0000,-0.7534,0.3643
4.0000,-0.7646,0.3493
4.0000,-0.7634,0.3464
4.0000,-0.7803,0.3254
4.0000,-0.7823,0.3190
4.0000,-0.7904,0.3063
4.0000,-0.7951,0.2969
4.0000,-0.7898,0.2972
4.0000,-0.7945,0.2874
4.0000,-0.7970,0.2795
4.0000,-0.8132,0.2578
4.0000,-0.8082,0.2572
4.0000,-0.8241,0.2354
4.0000,-0.8249,0.2285
4.0000,-0.8177,0.2295
4.0000,-0.8271,0.2137
4.0000,-0.8343,0.1999
4.0000,-0.8280,0.1994
4.0000,-0.8351,0.1853
4.0000,-0.8433,0.1699
4.0000,-0.8470,0.1589
4.0000,-0.8533,0.1451
4.0000,-0.8566,0.1342
4.0000,-0.8489,0.1340
4.0000,-0.8623,0.1125
4.0000,-0.8650,0.1016
4.0000,-0.8600,0.0982
4.0000,-0.8667,0.0829
4.0000,-0.8608,0.0801
4.0000,-0.8668,0.0652
4.0000,-0.8656,0.0573
4.0000,-0.8745,0.0392
4.0000,-0.8640,0.0403
4.0000,-0.8725,0.0221
4.0000,-0.8750,0.0099
4.0000,-0.8713,0.0037
4.0000,-0.8746,-0.0097
4.0000,-0.8844,-0.0297
4.0000,-0.8744,-0.0301
4.0000,-0.8737,-0.0400
4.0000,-0.8846,-0.0616
4.0000,-0.8806,-0.0684
4.0000,-0.8811,-0.0800
4.0000,-0.8731,-0.0831
4.0000,-0.8709,-0.0923
4.0000,-0.8816,-0.1145
4.0000,-0.8805,-0.1250
4.0000,-0.8835,-0.1398
4.0000,-0.8738,-0.1421
4.0000,-0.8775,-0.1578
4.0000,-0.8744,-0.1670
4.0000,-0.8743,-0.1792
4.0000,-0.8670,-0.1844
4.0000,-0.8696,-0.1997
4.0000,-0.8756,-0.2184
4.0000,-0.8686,-0.2242
4.0000,-0.8703,-0.2390
4.0000,-0.8658,-0.2477
4.0000,-0.8571,-0.2523
4.0000,-0.8583,-0.2669
4.0000,-0.8492,-0.2714
4.0000,-0.8503,-0.2862
4.0000,-0.8458,-0.2954
4.0000,-0.8399,-0.3035
4.0000,-0.8497,-0.3272
4.0000,-0.8454,-0.3371
4.0000,-0.8392,-0.3452
4.0000,-0.8381,-0.3584
4.0000,-0.8362,-0.3710
4.0000,-0.8246,-0.3740
4.0000,-0.8305,-0.3946
4.0000,-0.8168,-0.3956
4.0000,-0.8113,-0.4051
4.0000,-0.8097,-0.4185
4.0000,-0.8073,-0.4311
4.0000,-0.8083,-0.4473
4.0000,-0.7978,-0.4521
4.0000,-0.7890,-0.4586
4.0000,-0.7824,-0.4675
4.0000,-0.7785,-0.4790
4.0000,-0.7790,-0.4952
4.0000,-0.7705,-0.5023
4.0000,-0.7604,-0.5081
4.0000,-0.7640,-0.5275
4.0000,-0.7596,-0.5390
4.0000,-0.7536,-0.5490
4.0000,-0.7467,-0.5581
4.0000,-0.7305,-0.5580
4.0000,-0.7342,-0.5779
4.0000,-0.7273,-0.5872
4.0000,-0.7224,-0.5987
4.0000,-0.7066,-0.5992
4.0000,-0.7096,-0.6186
4.0000,-0.6941,-0.6195
4.0000,-0.6928,-0.6347
4.0000,-0.6798,-0.6383
4.0000,-0.6691,-0.6441
4.0000,-0.6590,-0.6507
4.0000,-0.6545,-0.6628
4.0000,-0.6500,-0.6751
4.0000,-0.6395,-0.6813
4.0000,-0.6412,-0.6997
4.0000,-0.6345,-0.7098
4.0000,-0.6187,-0.7108
4.0000,-0.6064,-0.7153
4.0000,-0.6064,-0.7322
4.0000,-0.5925,-0.7351
4.0000,-0.5908,-0.7503
4.0000,-0.5763,-0.7527
4.0000,-0.5750,-0.7683
4.0000,-0.5546,-0.7648
4.0000,-0.5507,-0.7777
4.0000,-0.5418,-0.7858
4.0000,-0.5304,-0.7913
4.0000,-0.5151,-0.7929
4.0000,-0.5167,-0.8114
4.0000,-0.5093,-0.8207
4.0000,-0.4974,-0.8257
4.0000,-0.4870,-0.8322
4.0000,-0.4750,-0.8370
4.0000,-0.4626,-0.8414
4.0000,-0.4592,-0.8547
4.0000,-0.4396,-0.8518
4.0000,-0.4328,-0.8618
4.0000,-0.4202,-0.8658
4.0000,-0.4178,-0.8801
4.0000,-0.3982,-0.8771
4.0000,-0.3843,-0.8797
4.0000,-0.3715,-0.8834
4.0000,-0.3660,-0.8944
4.0000,-0.3629,-0.9077
4.0000,-0.3401,-0.9012
4.0000,-0.3358,-0.9133
4.0000,-0.3232,-0.9169
4.0000,-0.3075,-0.9174
4.0000,-0.2981,-0.9241
4.0000,-0.2960,-0.9380
4.0000,-0.2742,-0.9322
4.0000,-0.2666,-0.9405
4.0000,-0.2578,-0.9476
4.0000,-0.2471,-0.9526
4.0000,-0.2327,-0.9538
4.0000,-0.2148,-0.9516
4.0000,-0.2111,-0.9633
4.0000,-0.1927,-0.9603
4.0000,-0.1811,-0.9641
4.0000,-0.1772,-0.9754
4.0000,-0.1554,-0.9687
4.0000,-0.1538,-0.9821
4.0000,-0.1434,-0.9867
4.0000,-0.1250,-0.9831
4.0000,-0.1045,-0.9774
4.0000,-0.0938,-0.9813
4.0000,-0.0871,-0.9890
4.0000,-0.0725,-0.9888
4.0000,-0.0624,-0.9930
4.0000,-0.0426,-0.9873
4.0000,-0.0374,-0.9962
4.0000,-0.0253,-0.9979
4.0000,-0.0202,-1.0065
4.0000,0.0005,-0.9995
