1.0000,0.0010,0.0000
1.0000,0.0020,0.0001
1.0000,0.0030,0.0002
1.0000,0.0040,0.0003
1.0000,0.0050,0.0005
1.0000,0.0060,0.0007
1.0000,0.0069,0.0009
1.0000,0.0079,0.0012
1.0000,0.0089,0.0015
1.0000,0.0098,0.0019
1.0000,0.0108,0.0023
1.0000,0.0117,0.0027
1.0000,0.0126,0.0032
1.0000,0.0135,0.0037
1.0000,0.0144,0.0042
1.0000,0.0153,0.0048
1.0000,0.0161,0.0054
1.0000,0.0170,0.0060
1.0000,0.0178,0.0067
1.0000,0.0186,0.0074
1.0000,0.0194,0.0081
1.0000,0.0201,0.0089
1.0000,0.0209,0.0097
1.0000,0.0216,0.0105
1.0000,0.0223,0.0113
1.0000,0.0229,0.0122
1.0000,0.0236,0.0132
1.0000,0.0242,0.0141
1.0000,0.0248,0.0151
1.0000,0.0253,0.0161
1.0000,0.0259,0.0171
1.0000,0.0264,0.0182
1.0000,0.0268,0.0192
1.0000,0.0273,0.0203
1.0000,0.0277,0.0215
1.0000,0.0280,0.0226
1.0000,0.0284,0.0238
1.0000,0.0287,0.0250
1.0000,0.0289,0.0262
1.0000,0.0292,0.0274
1.0000,0.0294,0.0286
1.0000,0.0295,0.0299
1.0000,0.0296,0.0312
1.0000,0.0297,0.0325
1.0000,0.0298,0.0338
1.0000,0.0298,0.0351
1.0000,0.0297,0.0364
1.0000,0.0297,0.0377
1.0000,0.0295,0.0391
1.0000,0.0294,0.0405
1.0000,0.0292,0.0418
1.0000,0.0290,0.0432
1.0000,0.0287,0.0446
1.0000,0.0284,0.0460
1.0000,0.0280,0.0473
1.0000,0.0276,0.0487
1.0000,0.0271,0.0501
1.0000,0.0267,0.0515
1.0000,0.0261,0.0529
1.0000,0.0255,0.0543
1.0000,0.0249,0.0557
1.0000,0.0243,0.0571
1.0000,0.0236,0.0584
1.0000,0.0228,0.0598
1.0000,0.0220,0.0612
1.0000,0.0212,0.0625
1.0000,0.0203,0.0638
1.0000,0.0194,0.0652
1.0000,0.0184,0.0665
1.0000,0.0174,0.0678
1.0000,0.0164,0.0691
1.0000,0.0153,0.0704
1.0000,0.0141,0.0716
1.0000,0.0130,0.0729
1.0000,0.0117,0.0741
1.0000,0.0105,0.0753
1.0000,0.0092,0.0765
1.0000,0.0078,0.0776
1.0000,0.0064,0.0787
1.0000,0.0050,0.0798
1.0000,0.0036,0.0809
1.0000,0.0021,0.0820
1.0000,0.0005,0.0830
1.0000,-0.0011,0.0840
1.0000,-0.0027,0.0850
1.0000,-0.0043,0.0859
1.0000,-0.0060,0.0868
1.0000,-0.0077,0.0877
1.0000,-0.0095,0.0885
1.0000,-0.0113,0.0893
1.0000,-0.0131,0.0901
1.0000,-0.0150,0.0908
1.0000,-0.0169,0.0915
1.0000,-0.0188,0.0921
1.0000,-0.0207,0.0927
1.0000,-0.0227,0.0933
1.0000,-0.0247,0.0938
1.0000,-0.0267,0.0943
1.0000,-0.0288,0.0947
1.0000,-0.0309,0.0951
1.0000,-0.0330,0.0955
1.0000,-0.0352,0.0958
1.0000,-0.0373,0.0960
1.0000,-0.0395,0.0962
1.0000,-0.0417,0.0964
1.0000,-0.0439,0.0965
1.0000,-0.0462,0.0965
1.0000,-0.0484,0.0965
1.0000,-0.0507,0.0965
1.0000,-0.0530,0.0964
1.0000,-0.0553,0.0962
1.0000,-0.0576,0.0960
1.0000,-0.0599,0.0958
1.0000,-0.0623,0.0955
1.0000,-0.0646,0.0951
1.0000,-0.0670,0.0947
1.0000,-0.0694,0.0942
1.0000,-0.0717,0.0937
1.0000,-0.0741,0.0931
1.0000,-0.0765,0.0925
1.0000,-0.0789,0.0918
1.0000,-0.0813,0.0910
1.0000,-0.0836,0.0902
1.0000,-0.0860,0.0893
1.0000,-0.0884,0.0884
1.0000,-0.0908,0.0874
1.0000,-0.0931,0.0864
1.0000,-0.0955,0.0852
1.0000,-0.0978,0.0841
1.0000,-0.1002,0.0829
1.0000,-0.1025,0.0816
1.0000,-0.1048,0.0802
1.0000,-0.1071,0.0788
1.0000,-0.1094,0.0774
1.0000,-0.1117,0.0759
1.0000,-0.1139,0.0743
1.0000,-0.1161,0.0727
1.0000,-0.1183,0.0710
1.0000,-0.1205,0.0692
1.0000,-0.1227,0.0674
1.0000,-0.1248,0.0656
1.0000,-0.1269,0.0637
1.0000,-0.1290,0.0617
1.0000,-0.1311,0.0597
1.0000,-0.1331,0.0576
1.0000,-0.1351,0.0554
1.0000,-0.1370,0.0533
1.0000,-0.1389,0.0510
1.0000,-0.1408,0.0487
1.0000,-0.1427,0.0464
1.0000,-0.1445,0.0439
1.0000,-0.1462,0.0415
1.0000,-0.1480,0.0390
1.0000,-0.1496,0.0364
1.0000,-0.1513,0.0338
1.0000,-0.1529,0.0312
1.0000,-0.1544,0.0284
1.0000,-0.1559,0.0257
1.0000,-0.1573,0.0229
1.0000,-0.1587,0.0201
1.0000,-0.1601,0.0172
1.0000,-0.1614,0.0142
1.0000,-0.1626,0.0113
1.0000,-0.1638,0.0082
1.0000,-0.1649,0.0052
1.0000,-0.1660,0.0021
1.0000,-0.1670,-0.0010
1.0000,-0.1679,-0.0042
1.0000,-0.1688,-0.0074
1.0000,-0.1697,-0.0107
1.0000,-0.1704,-0.0140
1.0000,-0.1711,-0.0173
1.0000,-0.1718,-0.0206
1.0000,-0.1723,-0.0240
1.0000,-0.1728,-0.0274
1.0000,-0.1733,-0.0308
1.0000,-0.1737,-0.0343
1.0000,-0.1740,-0.0377
1.0000,-0.1742,-0.0412
1.0000,-0.1743,-0.0448
1.0000,-0.1744,-0.0483
1.0000,-0.1745,-0.0519
1.0000,-0.1744,-0.0555
1.0000,-0.1743,-0.0591
1.0000,-0.1741,-0.0627
1.0000,-0.1738,-0.0663
1.0000,-0.1734,-0.0699
1.0000,-0.1730,-0.0736
1.0000,-0.1725,-0.0772
1.0000,-0.1719,-0.0809
1.0000,-0.1713,-0.0846
1.0000,-0.1705,-0.0882
1.0000,-0.1697,-0.0919
1.0000,-0.1688,-0.0956
1.0000,-0.1678,-0.0993
1.0000,-0.1668,-0.1029
1.0000,-0.1657,-0.1066
1.0000,-0.1645,-0.1103
1.0000,-0.1632,-0.1139
1.0000,-0.1618,-0.1176
1.0000,-0.1604,-0.1212
1.0000,-0.1588,-0.1248
1.0000,-0.1572,-0.1284
1.0000,-0.1555,-0.1320
1.0000,-0.1538,-0.1356
1.0000,-0.1519,-0.1391
1.0000,-0.1500,-0.1426
1.0000,-0.1480,-0.1462
1.0000,-0.1459,-0.1496
1.0000,-0.1438,-0.1531
1.0000,-0.1415,-0.1565
1.0000,-0.1392,-0.1599
1.0000,-0.1368,-0.1633
1.0000,-0.1343,-0.1666
1.0000,-0.1318,-0.1699
1.0000,-0.1291,-0.1731
1.0000,-0.1264,-0.1764
1.0000,-0.1237,-0.1795
1.0000,-0.1208,-0.1827
1.0000,-0.1179,-0.1858
1.0000,-0.1149,-0.1888
1.0000,-0.1118,-0.1918
1.0000,-0.1087,-0.1947
1.0000,-0.1054,-0.1976
1.0000,-0.1021,-0.2005
1.0000,-0.0988,-0.2033
1.0000,-0.0954,-0.2060
1.0000,-0.0919,-0.2087
1.0000,-0.0883,-0.2113
1.0000,-0.0847,-0.2138
1.0000,-0.0810,-0.2163
1.0000,-0.0772,-0.2188
1.0000,-0.0734,-0.2211
1.0000,-0.0695,-0.2234
1.0000,-0.0656,-0.2257
1.0000,-0.0616,-0.2278
1.0000,-0.0575,-0.2299
1.0000,-0.0534,-0.2319
1.0000,-0.0492,-0.2339
1.0000,-0.0450,-0.2357
1.0000,-0.0407,-0.2375
1.0000,-0.0364,-0.2393
1.0000,-0.0320,-0.2409
1.0000,-0.0275,-0.2424
1.0000,-0.0231,-0.2439
1.0000,-0.0185,-0.2453
1.0000,-0.0140,-0.2466
1.0000,-0.0093,-0.2478
1.0000,-0.0047,-0.2490
1.0000,-0.0000,-0.2500
1.0000,0.0047,-0.2510
1.0000,0.0095,-0.2518
1.0000,0.0143,-0.2526
1.0000,0.0191,-0.2533
1.0000,0.0240,-0.2539
1.0000,0.0289,-0.2544
1.0000,0.0338,-0.2548
1.0000,0.0388,-0.2551
1.0000,0.0437,-0.2553
1.0000,0.0487,-0.2554
1.0000,0.0537,-0.2554
1.0000,0.0588,-0.2553
1.0000,0.0638,-0.2551
1.0000,0.0689,-0.2549
1.0000,0.0739,-0.2545
1.0000,0.0790,-0.2540
1.0000,0.0841,-0.2534
1.0000,0.0892,-0.2527
1.0000,0.0943,-0.2519
1.0000,0.0994,-0.2510
1.0000,0.1045,-0.2500
1.0000,0.1096,-0.2489
1.0000,0.1147,-0.2477
1.0000,0.1198,-0.2464
1.0000,0.1248,-0.2450
1.0000,0.1299,-0.2435
1.0000,0.1350,-0.2419
1.0000,0.1400,-0.2402
1.0000,0.1450,-0.2383
1.0000,0.1500,-0.2364
1.0000,0.1550,-0.2344
1.0000,0.1600,-0.2322
1.0000,0.1649,-0.2300
1.0000,0.1698,-0.2276
1.0000,0.1747,-0.2252
1.0000,0.1795,-0.2226
1.0000,0.1843,-0.2200
1.0000,0.1891,-0.2172
1.0000,0.1938,-0.2144
1.0000,0.1985,-0.2114
1.0000,0.2032,-0.2083
1.0000,0.2078,-0.2052
1.0000,0.2123,-0.2019
1.0000,0.2168,-0.1985
1.0000,0.2213,-0.1951
1.0000,0.2257,-0.1915
1.0000,0.2300,-0.1879
1.0000,0.2343,-0.1841
1.0000,0.2385,-0.1803
1.0000,0.2427,-0.1763
1.0000,0.2468,-0.1723
1.0000,0.2508,-0.1682
1.0000,0.2548,-0.1640
1.0000,0.2587,-0.1597
1.0000,0.2625,-0.1553
1.0000,0.2663,-0.1508
1.0000,0.2700,-0.1462
1.0000,0.2735,-0.1416
1.0000,0.2771,-0.1368
1.0000,0.2805,-0.1320
1.0000,0.2838,-0.1271
1.0000,0.2871,-0.1221
1.0000,0.2903,-0.1170
1.0000,0.2934,-0.1119
1.0000,0.2964,-0.1067
1.0000,0.2993,-0.1014
1.0000,0.3021,-0.0961
1.0000,0.3048,-0.0906
1.0000,0.3074,-0.0851
1.0000,0.3099,-0.0796
1.0000,0.3124,-0.0740
1.0000,0.3147,-0.0683
1.0000,0.3169,-0.0625
1.0000,0.3190,-0.0567
1.0000,0.3210,-0.0508
1.0000,0.3229,-0.0449
1.0000,0.3247,-0.0389
1.0000,0.3263,-0.0329
1.0000,0.3279,-0.0268
1.0000,0.3293,-0.0207
1.0000,0.3307,-0.0146
1.0000,0.3319,-0.0083
1.0000,0.3330,-0.0021
1.0000,0.3340,0.0042
1.0000,0.3348,0.0105
1.0000,0.3356,0.0169
1.0000,0.3362,0.0233
1.0000,0.3367,0.0297
1.0000,0.3371,0.0361
1.0000,0.3373,0.0426
1.0000,0.3374,0.0491
1.0000,0.3374,0.0556
1.0000,0.3373,0.0622
1.0000,0.3371,0.0687
1.0000,0.3367,0.0753
1.0000,0.3362,0.0818
1.0000,0.3355,0.0884
1.0000,0.3348,0.0950
1.0000,0.3339,0.1016
1.0000,0.3329,0.1082
1.0000,0.3317,0.1147
1.0000,0.3304,0.1213
1.0000,0.3290,0.1279
1.0000,0.3275,0.1344
1.0000,0.3258,0.1410
1.0000,0.3240,0.1475
1.0000,0.3221,0.1540
1.0000,0.3200,0.1605
1.0000,0.3178,0.1670
1.0000,0.3155,0.1734
1.0000,0.3130,0.1798
1.0000,0.3104,0.1862
1.0000,0.3077,0.1926
1.0000,0.3049,0.1989
1.0000,0.3019,0.2052
1.0000,0.2988,0.2114
1.0000,0.2955,0.2176
1.0000,0.2922,0.2237
1.0000,0.2887,0.2298
1.0000,0.2851,0.2358
1.0000,0.2814,0.2418
1.0000,0.2775,0.2478
1.0000,0.2735,0.2536
1.0000,0.2694,0.2594
1.0000,0.2652,0.2652
1.0000,0.2608,0.2708
1.0000,0.2563,0.2764
1.0000,0.2518,0.2820
1.0000,0.2470,0.2874
1.0000,0.2422,0.2928
1.0000,0.2373,0.2981
1.0000,0.2322,0.3033
1.0000,0.2271,0.3084
1.0000,0.2218,0.3135
1.0000,0.2164,0.3184
1.0000,0.2109,0.3233
1.0000,0.2053,0.3281
1.0000,0.1996,0.3327
1.0000,0.1938,0.3373
1.0000,0.1879,0.3418
1.0000,0.1819,0.3461
1.0000,0.1758,0.3504
1.0000,0.1696,0.3545
1.0000,0.1633,0.3586
1.0000,0.1569,0.3625
1.0000,0.1504,0.3663
1.0000,0.1438,0.3700
1.0000,0.1372,0.3736
1.0000,0.1304,0.3771
1.0000,0.1236,0.3804
1.0000,0.1167,0.3836
1.0000,0.1097,0.3867
1.0000,0.1027,0.3897
1.0000,0.0955,0.3925
1.0000,0.0883,0.3952
1.0000,0.0811,0.3978
1.0000,0.0738,0.4003
1.0000,0.0664,0.4026
1.0000,0.0589,0.4047
1.0000,0.0514,0.4068
1.0000,0.0438,0.4087
1.0000,0.0362,0.4104
1.0000,0.0285,0.4120
1.0000,0.0208,0.4135
1.0000,0.0130,0.4148
1.0000,0.0052,0.4160
1.0000,-0.0026,0.4170
1.0000,-0.0105,0.4179
1.0000,-0.0184,0.4186
1.0000,-0.0264,0.4192
1.0000,-0.0343,0.4196
1.0000,-0.0424,0.4199
1.0000,-0.0504,0.4200
1.0000,-0.0584,0.4200
1.0000,-0.0665,0.4198
1.0000,-0.0746,0.4194
1.0000,-0.0826,0.4189
1.0000,-0.0907,0.4183
1.0000,-0.0988,0.4175
1.0000,-0.1069,0.4165
1.0000,-0.1150,0.4154
1.0000,-0.1231,0.4141
1.0000,-0.1312,0.4126
1.0000,-0.1393,0.4110
1.0000,-0.1474,0.4093
1.0000,-0.1554,0.4074
1.0000,-0.1634,0.4053
1.0000,-0.1714,0.4031
1.0000,-0.1794,0.4007
1.0000,-0.1873,0.3981
1.0000,-0.1953,0.3954
1.0000,-0.2031,0.3926
1.0000,-0.2110,0.3895
1.0000,-0.2188,0.3864
1.0000,-0.2265,0.3830
1.0000,-0.2342,0.3795
1.0000,-0.2419,0.3759
1.0000,-0.2495,0.3721
1.0000,-0.2570,0.3682
1.0000,-0.2645,0.3641
1.0000,-0.2719,0.3598
1.0000,-0.2793,0.3554
1.0000,-0.2866,0.3508
1.0000,-0.2938,0.3461
1.0000,-0.3009,0.3413
1.0000,-0.3080,0.3363
1.0000,-0.3149,0.3312
1.0000,-0.3218,0.3259
1.0000,-0.3286,0.3205
1.0000,-0.3353,0.3149
1.0000,-0.3419,0.3092
1.0000,-0.3485,0.3033
1.0000,-0.3549,0.2974
1.0000,-0.3612,0.2912
1.0000,-0.3674,0.2850
1.0000,-0.3735,0.2786
1.0000,-0.3795,0.2721
1.0000,-0.3854,0.2655
1.0000,-0.3912,0.2587
1.0000,-0.3968,0.2518
1.0000,-0.4024,0.2448
1.0000,-0.4078,0.2377
1.0000,-0.4131,0.2305
1.0000,-0.4182,0.2231
1.0000,-0.4232,0.2156
1.0000,-0.4281,0.2081
1.0000,-0.4329,0.2004
1.0000,-0.4375,0.1926
1.0000,-0.4420,0.1847
1.0000,-0.4463,0.1767
1.0000,-0.4505,0.1686
1.0000,-0.4545,0.1604
1.0000,-0.4584,0.1521
1.0000,-0.4622,0.1438
1.0000,-0.4657,0.1353
1.0000,-0.4692,0.1268
1.0000,-0.4725,0.1181
1.0000,-0.4756,0.1094
1.0000,-0.4785,0.1007
1.0000,-0.4813,0.0918
1.0000,-0.4840,0.0829
1.0000,-0.4864,0.0739
1.0000,-0.4887,0.0649
1.0000,-0.4908,0.0558
1.0000,-0.4928,0.0466
1.0000,-0.4946,0.0374
1.0000,-0.4962,0.0281
1.0000,-0.4976,0.0188
1.0000,-0.4989,0.0094
1.0000,-0.5000,0.0000
1.0000,-0.5009,-0.0094
1.0000,-0.5016,-0.0189
1.0000,-0.5022,-0.0284
1.0000,-0.5026,-0.0380
1.0000,-0.5028,-0.0475
1.0000,-0.5028,-0.0571
1.0000,-0.5026,-0.0667
1.0000,-0.5022,-0.0763
1.0000,-0.5017,-0.0859
1.0000,-0.5010,-0.0956
1.0000,-0.5001,-0.1052
1.0000,-0.4990,-0.1148
1.0000,-0.4977,-0.1245
1.0000,-0.4962,-0.1341
1.0000,-0.4946,-0.1437
1.0000,-0.4927,-0.1533
1.0000,-0.4907,-0.1628
1.0000,-0.4885,-0.1724
1.0000,-0.4861,-0.1819
1.0000,-0.4835,-0.1914
1.0000,-0.4807,-0.2009
1.0000,-0.4778,-0.2103
1.0000,-0.4746,-0.2197
1.0000,-0.4713,-0.2290
1.0000,-0.4678,-0.2383
1.0000,-0.4641,-0.2476
1.0000,-0.4602,-0.2568
1.0000,-0.4562,-0.2659
1.0000,-0.4519,-0.2750
1.0000,-0.4475,-0.2840
1.0000,-0.4429,-0.2929
1.0000,-0.4381,-0.3018
1.0000,-0.4332,-0.3106
1.0000,-0.4280,-0.3193
1.0000,-0.4227,-0.3279
1.0000,-0.4173,-0.3364
1.0000,-0.4116,-0.3449
1.0000,-0.4058,-0.3532
1.0000,-0.3998,-0.3615
1.0000,-0.3936,-0.3697
1.0000,-0.3873,-0.3777
1.0000,-0.3808,-0.3857
1.0000,-0.3742,-0.3935
1.0000,-0.3674,-0.4012
1.0000,-0.3604,-0.4088
1.0000,-0.3533,-0.4163
1.0000,-0.3460,-0.4237
1.0000,-0.3386,-0.4309
1.0000,-0.3310,-0.4380
1.0000,-0.3233,-0.4450
1.0000,-0.3154,-0.4518
1.0000,-0.3074,-0.4585
1.0000,-0.2992,-0.4650
1.0000,-0.2909,-0.4715
1.0000,-0.2825,-0.4777
1.0000,-0.2740,-0.4838
1.0000,-0.2653,-0.4898
1.0000,-0.2564,-0.4956
1.0000,-0.2475,-0.5012
1.0000,-0.2384,-0.5067
1.0000,-0.2293,-0.5120
1.0000,-0.2200,-0.5172
1.0000,-0.2105,-0.5222
1.0000,-0.2010,-0.5270
1.0000,-0.1914,-0.5316
1.0000,-0.1817,-0.5361
1.0000,-0.1718,-0.5403
1.0000,-0.1619,-0.5444
1.0000,-0.1519,-0.5484
1.0000,-0.1418,-0.5521
1.0000,-0.1316,-0.5556
1.0000,-0.1213,-0.5590
1.0000,-0.1109,-0.5622
1.0000,-0.1005,-0.5651
1.0000,-0.0899,-0.5679
1.0000,-0.0794,-0.5705
1.0000,-0.0687,-0.5729
1.0000,-0.0580,-0.5751
1.0000,-0.0472,-0.5771
1.0000,-0.0364,-0.5789
1.0000,-0.0255,-0.5804
1.0000,-0.0146,-0.5818
1.0000,-0.0037,-0.5830
1.0000,0.0073,-0.5840
1.0000,0.0184,-0.5847
1.0000,0.0294,-0.5853
1.0000,0.0405,-0.5856
1.0000,0.0517,-0.5857
1.0000,0.0628,-0.5856
1.0000,0.0739,-0.5853
1.0000,0.0851,-0.5848
1.0000,0.0963,-0.5841
1.0000,0.1075,-0.5832
1.0000,0.1186,-0.5820
1.0000,0.1298,-0.5807
1.0000,0.1410,-0.5791
1.0000,0.1521,-0.5773
1.0000,0.1632,-0.5753
1.0000,0.1743,-0.5731
1.0000,0.1854,-0.5706
1.0000,0.1965,-0.5680
1.0000,0.2075,-0.5651
1.0000,0.2185,-0.5620
1.0000,0.2294,-0.5587
1.0000,0.2403,-0.5552
1.0000,0.2511,-0.5515
1.0000,0.2619,-0.5476
1.0000,0.2726,-0.5435
1.0000,0.2833,-0.5391
1.0000,0.2939,-0.5345
1.0000,0.3044,-0.5298
1.0000,0.3148,-0.5248
1.0000,0.3252,-0.5196
1.0000,0.3355,-0.5142
1.0000,0.3457,-0.5087
1.0000,0.3558,-0.5029
1.0000,0.3658,-0.4969
1.0000,0.3757,-0.4907
1.0000,0.3855,-0.4843
1.0000,0.3952,-0.4777
1.0000,0.4048,-0.4709
1.0000,0.4143,-0.4640
1.0000,0.4236,-0.4568
1.0000,0.4328,-0.4495
1.0000,0.4419,-0.4419
1.0000,0.4509,-0.4342
1.0000,0.4598,-0.4263
1.0000,0.4685,-0.4183
1.0000,0.4770,-0.4100
1.0000,0.4854,-0.4016
1.0000,0.4937,-0.3930
1.0000,0.5018,-0.3842
1.0000,0.5098,-0.3753
1.0000,0.5176,-0.3662
1.0000,0.5252,-0.3569
1.0000,0.5327,-0.3475
1.0000,0.5400,-0.3379
1.0000,0.5471,-0.3282
1.0000,0.5541,-0.3183
1.0000,0.5608,-0.3083
1.0000,0.5674,-0.2982
1.0000,0.5738,-0.2879
1.0000,0.5801,-0.2774
1.0000,0.5861,-0.2669
1.0000,0.5920,-0.2562
1.0000,0.5976,-0.2453
1.0000,0.6031,-0.2344
1.0000,0.6083,-0.2233
1.0000,0.6133,-0.2122
1.0000,0.6182,-0.2009
1.0000,0.6228,-0.1895
1.0000,0.6272,-0.1780
1.0000,0.6315,-0.1664
1.0000,0.6354,-0.1547
1.0000,0.6392,-0.1429
1.0000,0.6428,-0.1310
1.0000,0.6461,-0.1191
1.0000,0.6492,-0.1070
1.0000,0.6521,-0.0949
1.0000,0.6548,-0.0827
1.0000,0.6572,-0.0705
1.0000,0.6594,-0.0582
1.0000,0.6614,-0.0458
1.0000,0.6632,-0.0334
1.0000,0.6647,-0.0209
1.0000,0.6659,-0.0084
1.0000,0.6670,0.0042
1.0000,0.6678,0.0168
1.0000,0.6684,0.0294
1.0000,0.6687,0.0421
1.0000,0.6688,0.0547
1.0000,0.6686,0.0674
1.0000,0.6682,0.0802
1.0000,0.6676,0.0929
1.0000,0.6667,0.1056
1.0000,0.6656,0.1183
1.0000,0.6642,0.1310
1.0000,0.6626,0.1437
1.0000,0.6607,0.1564
1.0000,0.6586,0.1691
1.0000,0.6563,0.1818
1.0000,0.6537,0.1944
1.0000,0.6509,0.2070
1.0000,0.6478,0.2195
1.0000,0.6445,0.2320
1.0000,0.6409,0.2445
1.0000,0.6372,0.2569
1.0000,0.6331,0.2693
1.0000,0.6288,0.2816
1.0000,0.6243,0.2938
1.0000,0.6196,0.3059
1.0000,0.6146,0.3180
1.0000,0.6094,0.3300
1.0000,0.6039,0.3420
1.0000,0.5982,0.3538
1.0000,0.5923,0.3655
1.0000,0.5861,0.3772
1.0000,0.5798,0.3887
1.0000,0.5731,0.4001
1.0000,0.5663,0.4114
1.0000,0.5593,0.4227
1.0000,0.5520,0.4337
1.0000,0.5445,0.4447
1.0000,0.5368,0.4555
1.0000,0.5288,0.4662
1.0000,0.5207,0.4768
1.0000,0.5123,0.4872
1.0000,0.5038,0.4975
1.0000,0.4950,0.5076
1.0000,0.4860,0.5176
1.0000,0.4769,0.5274
1.0000,0.4675,0.5370
1.0000,0.4579,0.5465
1.0000,0.4482,0.5558
1.0000,0.4382,0.5650
1.0000,0.4281,0.5739
1.0000,0.4178,0.5827
1.0000,0.4073,0.5913
1.0000,0.3966,0.5997
1.0000,0.3858,0.6079
1.0000,0.3748,0.6159
1.0000,0.3636,0.6238
1.0000,0.3523,0.6314
1.0000,0.3408,0.6388
1.0000,0.3291,0.6460
1.0000,0.3173,0.6530
1.0000,0.3054,0.6597
1.0000,0.2933,0.6663
1.0000,0.2811,0.6726
1.0000,0.2687,0.6787
1.0000,0.2562,0.6846
1.0000,0.2436,0.6903
1.0000,0.2309,0.6957
1.0000,0.2180,0.7009
1.0000,0.2051,0.7058
1.0000,0.1920,0.7105
1.0000,0.1788,0.7150
1.0000,0.1655,0.7192
1.0000,0.1521,0.7232
1.0000,0.1387,0.7269
1.0000,0.1251,0.7304
1.0000,0.1115,0.7336
1.0000,0.0978,0.7365
1.0000,0.0840,0.7392
1.0000,0.0701,0.7417
1.0000,0.0562,0.7439
1.0000,0.0422,0.7458
1.0000,0.0282,0.7475
1.0000,0.0141,0.7489
1.0000,0.0000,0.7500
1.0000,-0.0142,0.7509
1.0000,-0.0283,0.7515
1.0000,-0.0426,0.7518
1.0000,-0.0568,0.7519
1.0000,-0.0711,0.7516
1.0000,-0.0853,0.7512
1.0000,-0.0996,0.7504
1.0000,-0.1139,0.7494
1.0000,-0.1281,0.7481
1.0000,-0.1424,0.7465
1.0000,-0.1567,0.7447
1.0000,-0.1709,0.7426
1.0000,-0.1851,0.7402
1.0000,-0.1993,0.7376
1.0000,-0.2134,0.7346
1.0000,-0.2275,0.7314
1.0000,-0.2416,0.7280
1.0000,-0.2556,0.7242
1.0000,-0.2696,0.7202
1.0000,-0.2835,0.7159
1.0000,-0.2973,0.7114
1.0000,-0.3110,0.7066
1.0000,-0.3247,0.7015
1.0000,-0.3383,0.6961
1.0000,-0.3518,0.6905
1.0000,-0.3653,0.6847
1.0000,-0.3786,0.6785
1.0000,-0.3918,0.6721
1.0000,-0.4049,0.6655
1.0000,-0.4179,0.6586
1.0000,-0.4308,0.6514
1.0000,-0.4436,0.6440
1.0000,-0.4562,0.6363
1.0000,-0.4688,0.6284
1.0000,-0.4811,0.6203
1.0000,-0.4934,0.6119
1.0000,-0.5055,0.6032
1.0000,-0.5174,0.5944
1.0000,-0.5292,0.5852
1.0000,-0.5408,0.5759
1.0000,-0.5522,0.5663
1.0000,-0.5635,0.5565
1.0000,-0.5746,0.5465
1.0000,-0.5856,0.5362
1.0000,-0.5963,0.5257
1.0000,-0.6069,0.5151
1.0000,-0.6173,0.5042
1.0000,-0.6275,0.4931
1.0000,-0.6374,0.4817
1.0000,-0.6472,0.4702
1.0000,-0.6568,0.4585
1.0000,-0.6661,0.4466
1.0000,-0.6753,0.4345
1.0000,-0.6842,0.4222
1.0000,-0.6929,0.4098
1.0000,-0.7014,0.3971
1.0000,-0.7096,0.3843
1.0000,-0.7176,0.3713
1.0000,-0.7254,0.3582
1.0000,-0.7329,0.3449
1.0000,-0.7402,0.3314
1.0000,-0.7472,0.3178
1.0000,-0.7540,0.3040
1.0000,-0.7605,0.2901
1.0000,-0.7668,0.2761
1.0000,-0.7728,0.2619
1.0000,-0.7786,0.2476
1.0000,-0.7841,0.2331
1.0000,-0.7893,0.2186
1.0000,-0.7942,0.2039
1.0000,-0.7989,0.1891
1.0000,-0.8033,0.1743
1.0000,-0.8074,0.1593
1.0000,-0.8113,0.1442
1.0000,-0.8148,0.1291
1.0000,-0.8181,0.1138
1.0000,-0.8211,0.0985
1.0000,-0.8238,0.0831
1.0000,-0.8262,0.0676
1.0000,-0.8284,0.0521
1.0000,-0.8302,0.0365
1.0000,-0.8317,0.0209
1.0000,-0.8330,0.0052
1.0000,-0.8339,-0.0105
1.0000,-0.8346,-0.0262
1.0000,-0.8349,-0.0420
1.0000,-0.8350,-0.0578
1.0000,-0.8348,-0.0736
1.0000,-0.8342,-0.0894
1.0000,-0.8334,-0.1053
1.0000,-0.8322,-0.1211
1.0000,-0.8308,-0.1369
1.0000,-0.8290,-0.1528
1.0000,-0.8270,-0.1686
1.0000,-0.8246,-0.1843
1.0000,-0.8220,-0.2001
1.0000,-0.8191,-0.2158
1.0000,-0.8158,-0.2315
1.0000,-0.8122,-0.2471
1.0000,-0.8084,-0.2627
1.0000,-0.8042,-0.2782
1.0000,-0.7998,-0.2936
1.0000,-0.7951,-0.3090
1.0000,-0.7900,-0.3243
1.0000,-0.7847,-0.3396
1.0000,-0.7791,-0.3547
1.0000,-0.7731,-0.3698
1.0000,-0.7669,-0.3847
1.0000,-0.7604,-0.3996
1.0000,-0.7536,-0.4143
1.0000,-0.7465,-0.4289
1.0000,-0.7392,-0.4434
1.0000,-0.7315,-0.4578
1.0000,-0.7236,-0.4721
1.0000,-0.7154,-0.4862
1.0000,-0.7069,-0.5002
1.0000,-0.6982,-0.5140
1.0000,-0.6892,-0.5277
1.0000,-0.6799,-0.5412
1.0000,-0.6703,-0.5546
1.0000,-0.6605,-0.5677
1.0000,-0.6505,-0.5808
1.0000,-0.6401,-0.5936
1.0000,-0.6296,-0.6063
1.0000,-0.6187,-0.6187
1.0000,-0.6076,-0.6310
1.0000,-0.5963,-0.6431
1.0000,-0.5848,-0.6549
1.0000,-0.5730,-0.6666
1.0000,-0.5609,-0.6781
1.0000,-0.5487,-0.6893
1.0000,-0.5362,-0.7003
1.0000,-0.5235,-0.7111
1.0000,-0.5106,-0.7216
1.0000,-0.4974,-0.7320
1.0000,-0.4841,-0.7420
1.0000,-0.4706,-0.7519
1.0000,-0.4568,-0.7615
1.0000,-0.4429,-0.7708
1.0000,-0.4288,-0.7799
1.0000,-0.4144,-0.7887
1.0000,-0.4000,-0.7973
1.0000,-0.3853,-0.8056
1.0000,-0.3705,-0.8136
1.0000,-0.3554,-0.8214
1.0000,-0.3403,-0.8289
1.0000,-0.3250,-0.8361
1.0000,-0.3095,-0.8430
1.0000,-0.2939,-0.8496
1.0000,-0.2781,-0.8560
1.0000,-0.2622,-0.8620
1.0000,-0.2462,-0.8677
1.0000,-0.2301,-0.8732
1.0000,-0.2138,-0.8784
1.0000,-0.1974,-0.8832
1.0000,-0.1809,-0.8877
1.0000,-0.1644,-0.8920
1.0000,-0.1477,-0.8959
1.0000,-0.1309,-0.8995
1.0000,-0.1141,-0.9028
1.0000,-0.0971,-0.9058
1.0000,-0.0801,-0.9085
1.0000,-0.0631,-0.9108
1.0000,-0.0459,-0.9128
1.0000,-0.0287,-0.9145
1.0000,-0.0115,-0.9159
1.0000,0.0058,-0.9170
1.0000,0.0231,-0.9177
1.0000,0.0404,-0.9181
1.0000,0.0578,-0.9182
1.0000,0.0751,-0.9179
1.0000,0.0925,-0.9173
1.0000,0.1099,-0.9164
1.0000,0.1273,-0.9152
1.0000,0.1447,-0.9136
1.0000,0.1621,-0.9117
1.0000,0.1794,-0.9095
1.0000,0.1967,-0.9069
1.0000,0.2140,-0.9040
1.0000,0.2313,-0.9008
1.0000,0.2485,-0.8972
1.0000,0.2656,-0.8933
1.0000,0.2827,-0.8891
1.0000,0.2998,-0.8846
1.0000,0.3167,-0.8797
1.0000,0.3336,-0.8745
1.0000,0.3504,-0.8690
1.0000,0.3671,-0.8632
1.0000,0.3837,-0.8570
1.0000,0.4002,-0.8505
1.0000,0.4166,-0.8437
1.0000,0.4329,-0.8366
1.0000,0.4491,-0.8292
1.0000,0.4651,-0.8215
1.0000,0.4810,-0.8134
1.0000,0.4968,-0.8050
1.0000,0.5124,-0.7964
1.0000,0.5279,-0.7874
1.0000,0.5432,-0.7781
1.0000,0.5584,-0.7686
1.0000,0.5734,-0.7587
1.0000,0.5882,-0.7485
1.0000,0.6028,-0.7381
1.0000,0.6173,-0.7274
1.0000,0.6316,-0.7164
1.0000,0.6456,-0.7051
1.0000,0.6595,-0.6935
1.0000,0.6731,-0.6817
1.0000,0.6866,-0.6695
1.0000,0.6998,-0.6572
1.0000,0.7128,-0.6445
1.0000,0.7256,-0.6316
1.0000,0.7381,-0.6185
1.0000,0.7504,-0.6051
1.0000,0.7625,-0.5915
1.0000,0.7743,-0.5776
1.0000,0.7859,-0.5635
1.0000,0.7972,-0.5491
1.0000,0.8082,-0.5345
1.0000,0.8190,-0.5198
1.0000,0.8295,-0.5047
1.0000,0.8397,-0.4895
1.0000,0.8497,-0.4741
1.0000,0.8594,-0.4585
1.0000,0.8687,-0.4426
1.0000,0.8778,-0.4266
1.0000,0.8866,-0.4104
1.0000,0.8951,-0.3940
1.0000,0.9033,-0.3775
1.0000,0.9112,-0.3608
1.0000,0.9188,-0.3439
1.0000,0.9260,-0.3268
1.0000,0.9330,-0.3096
1.0000,0.9396,-0.2923
1.0000,0.9459,-0.2748
1.0000,0.9519,-0.2572
1.0000,0.9575,-0.2394
1.0000,0.9628,-0.2216
1.0000,0.9678,-0.2036
1.0000,0.9725,-0.1855
1.0000,0.9768,-0.1673
1.0000,0.9807,-0.1490
1.0000,0.9844,-0.1306
1.0000,0.9876,-0.1122
1.0000,0.9906,-0.0936
1.0000,0.9932,-0.0750
1.0000,0.9954,-0.0563
1.0000,0.9973,-0.0376
1.0000,0.9988,-0.0188
1.0000,1.0000,-0.0000
2.0000,-0.0000,0.0010
2.0000,-0.0001,0.0020
2.0000,-0.0002,0.0030
2.0000,-0.0003,0.0040
2.0000,-0.0005,0.0050
2.0000,-0.0007,0.0060
2.0000,-0.0009,0.0069
2.0000,-0.0012,0.0079
2.0000,-0.0015,0.0089
2.0000,-0.0019,0.0098
2.0000,-0.0023,0.0108
2.0000,-0.0027,0.0117
2.0000,-0.0032,0.0126
2.0000,-0.0037,0.0135
2.0000,-0.0042,0.0144
2.0000,-0.0048,0.0153
2.0000,-0.0054,0.0161
2.0000,-0.0060,0.0170
2.0000,-0.0067,0.0178
2.0000,-0.0074,0.0186
2.0000,-0.0081,0.0194
2.0000,-0.0089,0.0201
2.0000,-0.0097,0.0209
2.0000,-0.0105,0.0216
2.0000,-0.0113,0.0223
2.0000,-0.0122,0.0229
2.0000,-0.0132,0.0236
2.0000,-0.0141,0.0242
2.0000,-0.0151,0.0248
2.0000,-0.0161,0.0253
2.0000,-0.0171,0.0259
2.0000,-0.0182,0.0264
2.0000,-0.0192,0.0268
2.0000,-0.0203,0.0273
2.0000,-0.0215,0.0277
2.0000,-0.0226,0.0280
2.0000,-0.0238,0.0284
2.0000,-0.0250,0.0287
2.0000,-0.0262,0.0289
2.0000,-0.0274,0.0292
2.0000,-0.0286,0.0294
2.0000,-0.0299,0.0295
2.0000,-0.0312,0.0296
2.0000,-0.0325,0.0297
2.0000,-0.0338,0.0298
2.0000,-0.0351,0.0298
2.0000,-0.0364,0.0297
2.0000,-0.0377,0.0297
2.0000,-0.0391,0.0295
2.0000,-0.0405,0.0294
2.0000,-0.0418,0.0292
2.0000,-0.0432,0.0290
2.0000,-0.0446,0.0287
2.0000,-0.0460,0.0284
2.0000,-0.0473,0.0280
2.0000,-0.0487,0.0276
2.0000,-0.0501,0.0271
2.0000,-0.0515,0.0267
2.0000,-0.0529,0.0261
2.0000,-0.0543,0.0255
2.0000,-0.0557,0.0249
2.0000,-0.0571,0.0243
2.0000,-0.0584,0.0236
2.0000,-0.0598,0.0228
2.0000,-0.0612,0.0220
2.0000,-0.0625,0.0212
2.0000,-0.0638,0.0203
2.0000,-0.0652,0.0194
2.0000,-0.0665,0.0184
2.0000,-0.0678,0.0174
2.0000,-0.0691,0.0164
2.0000,-0.0704,0.0153
2.0000,-0.0716,0.0141
2.0000,-0.0729,0.0130
2.0000,-0.0741,0.0117
2.0000,-0.0753,0.0105
2.0000,-0.0765,0.0092
2.0000,-0.0776,0.0078
2.0000,-0.0787,0.0064
2.0000,-0.0798,0.0050
2.0000,-0.0809,0.0036
2.0000,-0.0820,0.0021
2.0000,-0.0830,0.0005
2.0000,-0.0840,-0.0011
2.0000,-0.0850,-0.0027
2.0000,-0.0859,-0.0043
2.0000,-0.0868,-0.0060
2.0000,-0.0877,-0.0077
2.0000,-0.0885,-0.0095
2.0000,-0.0893,-0.0113
2.0000,-0.0901,-0.0131
2.0000,-0.0908,-0.0150
2.0000,-0.0915,-0.0169
2.0000,-0.0921,-0.0188
2.0000,-0.0927,-0.0207
2.0000,-0.0933,-0.0227
2.0000,-0.0938,-0.0247
2.0000,-0.0943,-0.0267
2.0000,-0.0947,-0.0288
2.0000,-0.0951,-0.0309
2.0000,-0.0955,-0.0330
2.0000,-0.0958,-0.0352
2.0000,-0.0960,-0.0373
2.0000,-0.0962,-0.0395
2.0000,-0.0964,-0.0417
2.0000,-0.0965,-0.0439
2.0000,-0.0965,-0.0462
2.0000,-0.0965,-0.0484
2.0000,-0.0965,-0.0507
2.0000,-0.0964,-0.0530
2.0000,-0.0962,-0.0553
2.0000,-0.0960,-0.0576
2.0000,-0.0958,-0.0599
2.0000,-0.0955,-0.0623
2.0000,-0.0951,-0.0646
2.0000,-0.0947,-0.0670
2.0000,-0.0942,-0.0694
2.0000,-0.0937,-0.0717
2.0000,-0.0931,-0.0741
2.0000,-0.0925,-0.0765
2.0000,-0.0918,-0.0789
2.0000,-0.0910,-0.0813
2.0000,-0.0902,-0.0836
2.0000,-0.0893,-0.0860
2.0000,-0.0884,-0.0884
2.0000,-0.0874,-0.0908
2.0000,-0.0864,-0.0931
2.0000,-0.0852,-0.0955
2.0000,-0.0841,-0.0978
2.0000,-0.0829,-0.1002
2.0000,-0.0816,-0.1025
2.0000,-0.0802,-0.1048
2.0000,-0.0788,-0.1071
2.0000,-0.0774,-0.1094
2.0000,-0.0759,-0.1117
2.0000,-0.0743,-0.1139
2.0000,-0.0727,-0.1161
2.0000,-0.0710,-0.1183
2.0000,-0.0692,-0.1205
2.0000,-0.0674,-0.1227
2.0000,-0.0656,-0.1248
2.0000,-0.0637,-0.1269
2.0000,-0.0617,-0.1290
2.0000,-0.0597,-0.1311
2.0000,-0.0576,-0.1331
2.0000,-0.0554,-0.1351
2.0000,-0.0533,-0.1370
2.0000,-0.0510,-0.1389
2.0000,-0.0487,-0.1408
2.0000,-0.0464,-0.1427
2.0000,-0.0439,-0.1445
2.0000,-0.0415,-0.1462
2.0000,-0.0390,-0.1480
2.0000,-0.0364,-0.1496
2.0000,-0.0338,-0.1513
2.0000,-0.0312,-0.1529
2.0000,-0.0284,-0.1544
2.0000,-0.0257,-0.1559
2.0000,-0.0229,-0.1573
2.0000,-0.0201,-0.1587
2.0000,-0.0172,-0.1601
2.0000,-0.0142,-0.1614
2.0000,-0.0113,-0.1626
2.0000,-0.0082,-0.1638
2.0000,-0.0052,-0.1649
2.0000,-0.0021,-0.1660
2.0000,0.0010,-0.1670
2.0000,0.0042,-0.1679
2.0000,0.0074,-0.1688
2.0000,0.0107,-0.1697
2.0000,0.0140,-0.1704
2.0000,0.0173,-0.1711
2.0000,0.0206,-0.1718
2.0000,0.0240,-0.1723
2.0000,0.0274,-0.1728
2.0000,0.0308,-0.1733
2.0000,0.0343,-0.1737
2.0000,0.0377,-0.1740
2.0000,0.0412,-0.1742
2.0000,0.0448,-0.1743
2.0000,0.0483,-0.1744
2.0000,0.0519,-0.1745
2.0000,0.0555,-0.1744
2.0000,0.0591,-0.1743
2.0000,0.0627,-0.1741
2.0000,0.0663,-0.1738
2.0000,0.0699,-0.1734
2.0000,0.0736,-0.1730
2.0000,0.0772,-0.1725
2.0000,0.0809,-0.1719
2.0000,0.0846,-0.1713
2.0000,0.0882,-0.1705
2.0000,0.0919,-0.1697
2.0000,0.0956,-0.1688
2.0000,0.0993,-0.1678
2.0000,0.1029,-0.1668
2.0000,0.1066,-0.1657
2.0000,0.1103,-0.1645
2.0000,0.1139,-0.1632
2.0000,0.1176,-0.1618
2.0000,0.1212,-0.1604
2.0000,0.1248,-0.1588
2.0000,0.1284,-0.1572
2.0000,0.1320,-0.1555
2.0000,0.1356,-0.1538
2.0000,0.1391,-0.1519
2.0000,0.1426,-0.1500
2.0000,0.1462,-0.1480
2.0000,0.1496,-0.1459
2.0000,0.1531,-0.1438
2.0000,0.1565,-0.1415
2.0000,0.1599,-0.1392
2.0000,0.1633,-0.1368
2.0000,0.1666,-0.1343
2.0000,0.1699,-0.1318
2.0000,0.1731,-0.1291
2.0000,0.1764,-0.1264
2.0000,0.1795,-0.1237
2.0000,0.1827,-0.1208
2.0000,0.1858,-0.1179
2.0000,0.1888,-0.1149
2.0000,0.1918,-0.1118
2.0000,0.1947,-0.1087
2.0000,0.1976,-0.1054
2.0000,0.2005,-0.1021
2.0000,0.2033,-0.0988
2.0000,0.2060,-0.0954
2.0000,0.2087,-0.0919
2.0000,0.2113,-0.0883
2.0000,0.2138,-0.0847
2.0000,0.2163,-0.0810
2.0000,0.2188,-0.0772
2.0000,0.2211,-0.0734
2.0000,0.2234,-0.0695
2.0000,0.2257,-0.0656
2.0000,0.2278,-0.0616
2.0000,0.2299,-0.0575
2.0000,0.2319,-0.0534
2.0000,0.2339,-0.0492
2.0000,0.2357,-0.0450
2.0000,0.2375,-0.0407
2.0000,0.2393,-0.0364
2.0000,0.2409,-0.0320
2.0000,0.2424,-0.0275
2.0000,0.2439,-0.0231
2.0000,0.2453,-0.0185
2.0000,0.2466,-0.0140
2.0000,0.2478,-0.0093
2.0000,0.2490,-0.0047
2.0000,0.2500,-0.0000
2.0000,0.2510,0.0047
2.0000,0.2518,0.0095
2.0000,0.2526,0.0143
2.0000,0.2533,0.0191
2.0000,0.2539,0.0240
2.0000,0.2544,0.0289
2.0000,0.2548,0.0338
2.0000,0.2551,0.0388
2.0000,0.2553,0.0437
2.0000,0.2554,0.0487
2.0000,0.2554,0.0537
2.0000,0.2553,0.0588
2.0000,0.2551,0.0638
2.0000,0.2549,0.0689
2.0000,0.2545,0.0739
2.0000,0.2540,0.0790
2.0000,0.2534,0.0841
2.0000,0.2527,0.0892
2.0000,0.2519,0.0943
2.0000,0.2510,0.0994
2.0000,0.2500,0.1045
2.0000,0.2489,0.1096
2.0000,0.2477,0.1147
2.0000,0.2464,0.1198
2.0000,0.2450,0.1248
2.0000,0.2435,0.1299
2.0000,0.2419,0.1350
2.0000,0.2402,0.1400
2.0000,0.2383,0.1450
2.0000,0.2364,0.1500
2.0000,0.2344,0.1550
2.0000,0.2322,0.1600
2.0000,0.2300,0.1649
2.0000,0.2276,0.1698
2.0000,0.2252,0.1747
2.0000,0.2226,0.1795
2.0000,0.2200,0.1843
2.0000,0.2172,0.1891
2.0000,0.2144,0.1938
2.0000,0.2114,0.1985
2.0000,0.2083,0.2032
2.0000,0.2052,0.2078
2.0000,0.2019,0.2123
2.0000,0.1985,0.2168
2.0000,0.1951,0.2213
2.0000,0.1915,0.2257
2.0000,0.1879,0.2300
2.0000,0.1841,0.2343
2.0000,0.1803,0.2385
2.0000,0.1763,0.2427
2.0000,0.1723,0.2468
2.0000,0.1682,0.2508
2.0000,0.1640,0.2548
2.0000,0.1597,0.2587
2.0000,0.1553,0.2625
2.0000,0.1508,0.2663
2.0000,0.1462,0.2700
2.0000,0.1416,0.2735
2.0000,0.1368,0.2771
2.0000,0.1320,0.2805
2.0000,0.1271,0.2838
2.0000,0.1221,0.2871
2.0000,0.1170,0.2903
2.0000,0.1119,0.2934
2.0000,0.1067,0.2964
2.0000,0.1014,0.2993
2.0000,0.0961,0.3021
2.0000,0.0906,0.3048
2.0000,0.0851,0.3074
2.0000,0.0796,0.3099
2.0000,0.0740,0.3124
2.0000,0.0683,0.3147
2.0000,0.0625,0.3169
2.0000,0.0567,0.3190
2.0000,0.0508,0.3210
2.0000,0.0449,0.3229
2.0000,0.0389,0.3247
2.0000,0.0329,0.3263
2.0000,0.0268,0.3279
2.0000,0.0207,0.3293
2.0000,0.0146,0.3307
2.0000,0.0083,0.3319
2.0000,0.0021,0.3330
2.0000,-0.0042,0.3340
2.0000,-0.0105,0.3348
2.0000,-0.0169,0.3356
2.0000,-0.0233,0.3362
2.0000,-0.0297,0.3367
2.0000,-0.0361,0.3371
2.0000,-0.0426,0.3373
2.0000,-0.0491,0.3374
2.0000,-0.0556,0.3374
2.0000,-0.0622,0.3373
2.0000,-0.0687,0.3371
2.0000,-0.0753,0.3367
2.0000,-0.0818,0.3362
2.0000,-0.0884,0.3355
2.0000,-0.0950,0.3348
2.0000,-0.1016,0.3339
2.0000,-0.1082,0.3329
2.0000,-0.1147,0.3317
2.0000,-0.1213,0.3304
2.0000,-0.1279,0.3290
2.0000,-0.1344,0.3275
2.0000,-0.1410,0.3258
2.0000,-0.1475,0.3240
2.0000,-0.1540,0.3221
2.0000,-0.1605,0.3200
2.0000,-0.1670,0.3178
2.0000,-0.1734,0.3155
2.0000,-0.1798,0.3130
2.0000,-0.1862,0.3104
2.0000,-0.1926,0.3077
2.0000,-0.1989,0.3049
2.0000,-0.2052,0.3019
2.0000,-0.2114,0.2988
2.0000,-0.2176,0.2955
2.0000,-0.2237,0.2922
2.0000,-0.2298,0.2887
2.0000,-0.2358,0.2851
2.0000,-0.2418,0.2814
2.0000,-0.2478,0.2775
2.0000,-0.2536,0.2735
2.0000,-0.2594,0.2694
2.0000,-0.2652,0.2652
2.0000,-0.2708,0.2608
2.0000,-0.2764,0.2563
2.0000,-0.2820,0.2518
2.0000,-0.2874,0.2470
2.0000,-0.2928,0.2422
2.0000,-0.2981,0.2373
2.0000,-0.3033,0.2322
2.0000,-0.3084,0.2271
2.0000,-0.3135,0.2218
2.0000,-0.3184,0.2164
2.0000,-0.3233,0.2109
2.0000,-0.3281,0.2053
2.0000,-0.3327,0.1996
2.0000,-0.3373,0.1938
2.0000,-0.3418,0.1879
2.0000,-0.3461,0.1819
2.0000,-0.3504,0.1758
2.0000,-0.3545,0.1696
2.0000,-0.3586,0.1633
2.0000,-0.3625,0.1569
2.0000,-0.3663,0.1504
2.0000,-0.3700,0.1438
2.0000,-0.3736,0.1372
2.0000,-0.3771,0.1304
2.0000,-0.3804,0.1236
2.0000,-0.3836,0.1167
2.0000,-0.3867,0.1097
2.0000,-0.3897,0.1027
2.0000,-0.3925,0.0955
2.0000,-0.3952,0.0883
2.0000,-0.3978,0.0811
2.0000,-0.4003,0.0738
2.0000,-0.4026,0.0664
2.0000,-0.4047,0.0589
2.0000,-0.4068,0.0514
2.0000,-0.4087,0.0438
2.0000,-0.4104,0.0362
2.0000,-0.4120,0.0285
2.0000,-0.4135,0.0208
2.0000,-0.4148,0.0130
2.0000,-0.4160,0.0052
2.0000,-0.4170,-0.0026
2.0000,-0.4179,-0.0105
2.0000,-0.4186,-0.0184
2.0000,-0.4192,-0.0264
2.0000,-0.4196,-0.0343
2.0000,-0.4199,-0.0424
2.0000,-0.4200,-0.0504
2.0000,-0.4200,-0.0584
2.0000,-0.4198,-0.0665
2.0000,-0.4194,-0.0746
2.0000,-0.4189,-0.0826
2.0000,-0.4183,-0.0907
2.0000,-0.4175,-0.0988
2.0000,-0.4165,-0.1069
2.0000,-0.4154,-0.1150
2.0000,-0.4141,-0.1231
2.0000,-0.4126,-0.1312
2.0000,-0.4110,-0.1393
2.0000,-0.4093,-0.1474
2.0000,-0.4074,-0.1554
2.0000,-0.4053,-0.1634
2.0000,-0.4031,-0.1714
2.0000,-0.4007,-0.1794
2.0000,-0.3981,-0.1873
2.0000,-0.3954,-0.1953
2.0000,-0.3926,-0.2031
2.0000,-0.3895,-0.2110
2.0000,-0.3864,-0.2188
2.0000,-0.3830,-0.2265
2.0000,-0.3795,-0.2342
2.0000,-0.3759,-0.2419
2.0000,-0.3721,-0.2495
2.0000,-0.3682,-0.2570
2.0000,-0.3641,-0.2645
2.0000,-0.3598,-0.2719
2.0000,-0.3554,-0.2793
2.0000,-0.3508,-0.2866
2.0000,-0.3461,-0.2938
2.0000,-0.3413,-0.3009
2.0000,-0.3363,-0.3080
2.0000,-0.3312,-0.3149
2.0000,-0.3259,-0.3218
2.0000,-0.3205,-0.3286
2.0000,-0.3149,-0.3353
2.0000,-0.3092,-0.3419
2.0000,-0.3033,-0.3485
2.0000,-0.2974,-0.3549
2.0000,-0.2912,-0.3612
2.0000,-0.2850,-0.3674
2.0000,-0.2786,-0.3735
2.0000,-0.2721,-0.3795
2.0000,-0.2655,-0.3854
2.0000,-0.2587,-0.3912
2.0000,-0.2518,-0.3968
2.0000,-0.2448,-0.4024
2.0000,-0.2377,-0.4078
2.0000,-0.2305,-0.4131
2.0000,-0.2231,-0.4182
2.0000,-0.2156,-0.4232
2.0000,-0.2081,-0.4281
2.0000,-0.2004,-0.4329
2.0000,-0.1926,-0.4375
2.0000,-0.1847,-0.4420
2.0000,-0.1767,-0.4463
2.0000,-0.1686,-0.4505
2.0000,-0.1604,-0.4545
2.0000,-0.1521,-0.4584
2.0000,-0.1438,-0.4622
2.0000,-0.1353,-0.4657
2.0000,-0.1268,-0.4692
2.0000,-0.1181,-0.4725
2.0000,-0.1094,-0.4756
2.0000,-0.1007,-0.4785
2.0000,-0.0918,-0.4813
2.0000,-0.0829,-0.4840
2.0000,-0.0739,-0.4864
2.0000,-0.0649,-0.4887
2.0000,-0.0558,-0.4908
2.0000,-0.0466,-0.4928
2.0000,-0.0374,-0.4946
2.0000,-0.0281,-0.4962
2.0000,-0.0188,-0.4976
2.0000,-0.0094,-0.4989
2.0000,-0.0000,-0.5000
2.0000,0.0094,-0.5009
2.0000,0.0189,-0.5016
2.0000,0.0284,-0.5022
2.0000,0.0380,-0.5026
2.0000,0.0475,-0.5028
2.0000,0.0571,-0.5028
2.0000,0.0667,-0.5026
2.0000,0.0763,-0.5022
2.0000,0.0859,-0.5017
2.0000,0.0956,-0.5010
2.0000,0.1052,-0.5001
2.0000,0.1148,-0.4990
2.0000,0.1245,-0.4977
2.0000,0.1341,-0.4962
2.0000,0.1437,-0.4946
2.0000,0.1533,-0.4927
2.0000,0.1628,-0.4907
2.0000,0.1724,-0.4885
2.0000,0.1819,-0.4861
2.0000,0.1914,-0.4835
2.0000,0.2009,-0.4807
2.0000,0.2103,-0.4778
2.0000,0.2197,-0.4746
2.0000,0.2290,-0.4713
2.0000,0.2383,-0.4678
2.0000,0.2476,-0.4641
2.0000,0.2568,-0.4602
2.0000,0.2659,-0.4562
2.0000,0.2750,-0.4519
2.0000,0.2840,-0.4475
2.0000,0.2929,-0.4429
2.0000,0.3018,-0.4381
2.0000,0.3106,-0.4332
2.0000,0.3193,-0.4280
2.0000,0.3279,-0.4227
2.0000,0.3364,-0.4173
2.0000,0.3449,-0.4116
2.0000,0.3532,-0.4058
2.0000,0.3615,-0.3998
2.0000,0.3697,-0.3936
2.0000,0.3777,-0.3873
2.0000,0.3857,-0.3808
2.0000,0.3935,-0.3742
2.0000,0.4012,-0.3674
2.0000,0.4088,-0.3604
2.0000,0.4163,-0.3533
2.0000,0.4237,-0.3460
2.0000,0.4309,-0.3386
2.0000,0.4380,-0.3310
2.0000,0.4450,-0.3233
2.0000,0.4518,-0.3154
2.0000,0.4585,-0.3074
2.0000,0.4650,-0.2992
2.0000,0.4715,-0.2909
2.0000,0.4777,-0.2825
2.0000,0.4838,-0.2740
2.0000,0.4898,-0.2653
2.0000,0.4956,-0.2564
2.0000,0.5012,-0.2475
2.0000,0.5067,-0.2384
2.0000,0.5120,-0.2293
2.0000,0.5172,-0.2200
2.0000,0.5222,-0.2105
2.0000,0.5270,-0.2010
2.0000,0.5316,-0.1914
2.0000,0.5361,-0.1817
2.0000,0.5403,-0.1718
2.0000,0.5444,-0.1619
2.0000,0.5484,-0.1519
2.0000,0.5521,-0.1418
2.0000,0.5556,-0.1316
2.0000,0.5590,-0.1213
2.0000,0.5622,-0.1109
2.0000,0.5651,-0.1005
2.0000,0.5679,-0.0899
2.0000,0.5705,-0.0794
2.0000,0.5729,-0.0687
2.0000,0.5751,-0.0580
2.0000,0.5771,-0.0472
2.0000,0.5789,-0.0364
2.0000,0.5804,-0.0255
2.0000,0.5818,-0.0146
2.0000,0.5830,-0.0037
2.0000,0.5840,0.0073
2.0000,0.5847,0.0184
2.0000,0.5853,0.0294
2.0000,0.5856,0.0405
2.0000,0.5857,0.0517
2.0000,0.5856,0.0628
2.0000,0.5853,0.0739
2.0000,0.5848,0.0851
2.0000,0.5841,0.0963
2.0000,0.5832,0.1075
2.0000,0.5820,0.1186
2.0000,0.5807,0.1298
2.0000,0.5791,0.1410
2.0000,0.5773,0.1521
2.0000,0.5753,0.1632
2.0000,0.5731,0.1743
2.0000,0.5706,0.1854
2.0000,0.5680,0.1965
2.0000,0.5651,0.2075
2.0000,0.5620,0.2185
2.0000,0.5587,0.2294
2.0000,0.5552,0.2403
2.0000,0.5515,0.2511
2.0000,0.5476,0.2619
2.0000,0.5435,0.2726
2.0000,0.5391,0.2833
2.0000,0.5345,0.2939
2.0000,0.5298,0.3044
2.0000,0.5248,0.3148
2.0000,0.5196,0.3252
2.0000,0.5142,0.3355
2.0000,0.5087,0.3457
2.0000,0.5029,0.3558
2.0000,0.4969,0.3658
2.0000,0.4907,0.3757
2.0000,0.4843,0.3855
2.0000,0.4777,0.3952
2.0000,0.4709,0.4048
2.0000,0.4640,0.4143
2.0000,0.4568,0.4236
2.0000,0.4495,0.4328
2.0000,0.4419,0.4419
2.0000,0.4342,0.4509
2.0000,0.4263,0.4598
2.0000,0.4183,0.4685
2.0000,0.4100,0.4770
2.0000,0.4016,0.4854
2.0000,0.3930,0.4937
2.0000,0.3842,0.5018
2.0000,0.3753,0.5098
2.0000,0.3662,0.5176
2.0000,0.3569,0.5252
2.0000,0.3475,0.5327
2.0000,0.3379,0.5400
2.0000,0.3282,0.5471
2.0000,0.3183,0.5541
2.0000,0.3083,0.5608
2.0000,0.2982,0.5674
2.0000,0.2879,0.5738
2.0000,0.2774,0.5801
2.0000,0.2669,0.5861
2.0000,0.2562,0.5920
2.0000,0.2453,0.5976
2.0000,0.2344,0.6031
2.0000,0.2233,0.6083
2.0000,0.2122,0.6133
2.0000,0.2009,0.6182
2.0000,0.1895,0.6228
2.0000,0.1780,0.6272
2.0000,0.1664,0.6315
2.0000,0.1547,0.6354
2.0000,0.1429,0.6392
2.0000,0.1310,0.6428
2.0000,0.1191,0.6461
2.0000,0.1070,0.6492
2.0000,0.0949,0.6521
2.0000,0.0827,0.6548
2.0000,0.0705,0.6572
2.0000,0.0582,0.6594
2.0000,0.0458,0.6614
2.0000,0.0334,0.6632
2.0000,0.0209,0.6647
2.0000,0.0084,0.6659
2.0000,-0.0042,0.6670
2.0000,-0.0168,0.6678
2.0000,-0.0294,0.6684
2.0000,-0.0421,0.6687
2.0000,-0.0547,0.6688
2.0000,-0.0674,0.6686
2.0000,-0.0802,0.6682
2.0000,-0.0929,0.6676
2.0000,-0.1056,0.6667
2.0000,-0.1183,0.6656
2.0000,-0.1310,0.6642
2.0000,-0.1437,0.6626
2.0000,-0.1564,0.6607
2.0000,-0.1691,0.6586
2.0000,-0.1818,0.6563
2.0000,-0.1944,0.6537
2.0000,-0.2070,0.6509
2.0000,-0.2195,0.6478
2.0000,-0.2320,0.6445
2.0000,-0.2445,0.6409
2.0000,-0.2569,0.6372
2.0000,-0.2693,0.6331
2.0000,-0.2816,0.6288
2.0000,-0.2938,0.6243
2.0000,-0.3059,0.6196
2.0000,-0.3180,0.6146
2.0000,-0.3300,0.6094
2.0000,-0.3420,0.6039
2.0000,-0.3538,0.5982
2.0000,-0.3655,0.5923
2.0000,-0.3772,0.5861
2.0000,-0.3887,0.5798
2.0000,-0.4001,0.5731
2.0000,-0.4114,0.5663
2.0000,-0.4227,0.5593
2.0000,-0.4337,0.5520
2.0000,-0.4447,0.5445
2.0000,-0.4555,0.5368
2.0000,-0.4662,0.5288
2.0000,-0.4768,0.5207
2.0000,-0.4872,0.5123
2.0000,-0.4975,0.5038
2.0000,-0.5076,0.4950
2.0000,-0.5176,0.4860
2.0000,-0.5274,0.4769
2.0000,-0.5370,0.4675
2.0000,-0.5465,0.4579
2.0000,-0.5558,0.4482
2.0000,-0.5650,0.4382
2.0000,-0.5739,0.4281
2.0000,-0.5827,0.4178
2.0000,-0.5913,0.4073
2.0000,-0.5997,0.3966
2.0000,-0.6079,0.3858
2.0000,-0.6159,0.3748
2.0000,-0.6238,0.3636
2.0000,-0.6314,0.3523
2.0000,-0.6388,0.3408
2.0000,-0.6460,0.3291
2.0000,-0.6530,0.3173
2.0000,-0.6597,0.3054
2.0000,-0.6663,0.2933
2.0000,-0.6726,0.2811
2.0000,-0.6787,0.2687
2.0000,-0.6846,0.2562
2.0000,-0.6903,0.2436
2.0000,-0.6957,0.2309
2.0000,-0.7009,0.2180
2.0000,-0.7058,0.2051
2.0000,-0.7105,0.1920
2.0000,-0.7150,0.1788
2.0000,-0.7192,0.1655
2.0000,-0.7232,0.1521
2.0000,-0.7269,0.1387
2.0000,-0.7304,0.1251
2.0000,-0.7336,0.1115
2.0000,-0.7365,0.0978
2.0000,-0.7392,0.0840
2.0000,-0.7417,0.0701
2.0000,-0.7439,0.0562
2.0000,-0.7458,0.0422
2.0000,-0.7475,0.0282
2.0000,-0.7489,0.0141
2.0000,-0.7500,0.0000
2.0000,-0.7509,-0.0142
2.0000,-0.7515,-0.0283
2.0000,-0.7518,-0.0426
2.0000,-0.7519,-0.0568
2.0000,-0.7516,-0.0711
2.0000,-0.7512,-0.0853
2.0000,-0.7504,-0.0996
2.0000,-0.7494,-0.1139
2.0000,-0.7481,-0.1281
2.0000,-0.7465,-0.1424
2.0000,-0.7447,-0.1567
2.0000,-0.7426,-0.1709
2.0000,-0.7402,-0.1851
2.0000,-0.7376,-0.1993
2.0000,-0.7346,-0.2134
2.0000,-0.7314,-0.2275
2.0000,-0.7280,-0.2416
2.0000,-0.7242,-0.2556
2.0000,-0.7202,-0.2696
2.0000,-0.7159,-0.2835
2.0000,-0.7114,-0.2973
2.0000,-0.7066,-0.3110
2.0000,-0.7015,-0.3247
2.0000,-0.6961,-0.3383
2.0000,-0.6905,-0.3518
2.0000,-0.6847,-0.3653
2.0000,-0.6785,-0.3786
2.0000,-0.6721,-0.3918
2.0000,-0.6655,-0.4049
2.0000,-0.6586,-0.4179
2.0000,-0.6514,-0.4308
2.0000,-0.6440,-0.4436
2.0000,-0.6363,-0.4562
2.0000,-0.6284,-0.4688
2.0000,-0.6203,-0.4811
2.0000,-0.6119,-0.4934
2.0000,-0.6032,-0.5055
2.0000,-0.5944,-0.5174
2.0000,-0.5852,-0.5292
2.0000,-0.5759,-0.5408
2.0000,-0.5663,-0.5522
2.0000,-0.5565,-0.5635
2.0000,-0.5465,-0.5746
2.0000,-0.5362,-0.5856
2.0000,-0.5257,-0.5963
2.0000,-0.5151,-0.6069
2.0000,-0.5042,-0.6173
2.0000,-0.4931,-0.6275
2.0000,-0.4817,-0.6374
2.0000,-0.4702,-0.6472
2.0000,-0.4585,-0.6568
2.0000,-0.4466,-0.6661
2.0000,-0.4345,-0.6753
2.0000,-0.4222,-0.6842
2.0000,-0.4098,-0.6929
2.0000,-0.3971,-0.7014
2.0000,-0.3843,-0.7096
2.0000,-0.3713,-0.7176
2.0000,-0.3582,-0.7254
2.0000,-0.3449,-0.7329
2.0000,-0.3314,-0.7402
2.0000,-0.3178,-0.7472
2.0000,-0.3040,-0.7540
2.0000,-0.2901,-0.7605
2.0000,-0.2761,-0.7668
2.0000,-0.2619,-0.7728
2.0000,-0.2476,-0.7786
2.0000,-0.2331,-0.7841
2.0000,-0.2186,-0.7893
2.0000,-0.2039,-0.7942
2.0000,-0.1891,-0.7989
2.0000,-0.1743,-0.8033
2.0000,-0.1593,-0.8074
2.0000,-0.1442,-0.8113
2.0000,-0.1291,-0.8148
2.0000,-0.1138,-0.8181
2.0000,-0.0985,-0.8211
2.0000,-0.0831,-0.8238
2.0000,-0.0676,-0.8262
2.0000,-0.0521,-0.8284
2.0000,-0.0365,-0.8302
2.0000,-0.0209,-0.8317
2.0000,-0.0052,-0.8330
2.0000,0.0105,-0.8339
2.0000,0.0262,-0.8346
2.0000,0.0420,-0.8349
2.0000,0.0578,-0.8350
2.0000,0.0736,-0.8348
2.0000,0.0894,-0.8342
2.0000,0.1053,-0.8334
2.0000,0.1211,-0.8322
2.0000,0.1369,-0.8308
2.0000,0.1528,-0.8290
2.0000,0.1686,-0.8270
2.0000,0.1843,-0.8246
2.0000,0.2001,-0.8220
2.0000,0.2158,-0.8191
2.0000,0.2315,-0.8158
2.0000,0.2471,-0.8122
2.0000,0.2627,-0.8084
2.0000,0.2782,-0.8042
2.0000,0.2936,-0.7998
2.0000,0.3090,-0.7951
2.0000,0.3243,-0.7900
2.0000,0.3396,-0.7847
2.0000,0.3547,-0.7791
2.0000,0.3698,-0.7731
2.0000,0.3847,-0.7669
2.0000,0.3996,-0.7604
2.0000,0.4143,-0.7536
2.0000,0.4289,-0.7465
2.0000,0.4434,-0.7392
2.0000,0.4578,-0.7315
2.0000,0.4721,-0.7236
2.0000,0.4862,-0.7154
2.0000,0.5002,-0.7069
2.0000,0.5140,-0.6982
2.0000,0.5277,-0.6892
2.0000,0.5412,-0.6799
2.0000,0.5546,-0.6703
2.0000,0.5677,-0.6605
2.0000,0.5808,-0.6505
2.0000,0.5936,-0.6401
2.0000,0.6063,-0.6296
2.0000,0.6187,-0.6187
2.0000,0.6310,-0.6076
2.0000,0.6431,-0.5963
2.0000,0.6549,-0.5848
2.0000,0.6666,-0.5730
2.0000,0.6781,-0.5609
2.0000,0.6893,-0.5487
2.0000,0.7003,-0.5362
2.0000,0.7111,-0.5235
2.0000,0.7216,-0.5106
2.0000,0.7320,-0.4974
2.0000,0.7420,-0.4841
2.0000,0.7519,-0.4706
2.0000,0.7615,-0.4568
2.0000,0.7708,-0.4429
2.0000,0.7799,-0.4288
2.0000,0.7887,-0.4144
2.0000,0.7973,-0.4000
2.0000,0.8056,-0.3853
2.0000,0.8136,-0.3705
2.0000,0.8214,-0.3554
2.0000,0.8289,-0.3403
2.0000,0.8361,-0.3250
2.0000,0.8430,-0.3095
2.0000,0.8496,-0.2939
2.0000,0.8560,-0.2781
2.0000,0.8620,-0.2622
2.0000,0.8677,-0.2462
2.0000,0.8732,-0.2301
2.0000,0.8784,-0.2138
2.0000,0.8832,-0.1974
2.0000,0.8877,-0.1809
2.0000,0.8920,-0.1644
2.0000,0.8959,-0.1477
2.0000,0.8995,-0.1309
2.0000,0.9028,-0.1141
2.0000,0.9058,-0.0971
2.0000,0.9085,-0.0801
2.0000,0.9108,-0.0631
2.0000,0.9128,-0.0459
2.0000,0.9145,-0.0287
2.0000,0.9159,-0.0115
2.0000,0.9170,0.0058
2.0000,0.9177,0.0231
2.0000,0.9181,0.0404
2.0000,0.9182,0.0578
2.0000,0.9179,0.0751
2.0000,0.9173,0.0925
2.0000,0.9164,0.1099
2.0000,0.9152,0.1273
2.0000,0.9136,0.1447
2.0000,0.9117,0.1621
2.0000,0.9095,0.1794
2.0000,0.9069,0.1967
2.0000,0.9040,0.2140
2.0000,0.9008,0.2313
2.0000,0.8972,0.2485
2.0000,0.8933,0.2656
2.0000,0.8891,0.2827
2.0000,0.8846,0.2998
2.0000,0.8797,0.3167
2.0000,0.8745,0.3336
2.0000,0.8690,0.3504
2.0000,0.8632,0.3671
2.0000,0.8570,0.3837
2.0000,0.8505,0.4002
2.0000,0.8437,0.4166
2.0000,0.8366,0.4329
2.0000,0.8292,0.4491
2.0000,0.8215,0.4651
2.0000,0.8134,0.4810
2.0000,0.8050,0.4968
2.0000,0.7964,0.5124
2.0000,0.7874,0.5279
2.0000,0.7781,0.5432
2.0000,0.7686,0.5584
2.0000,0.7587,0.5734
2.0000,0.7485,0.5882
2.0000,0.7381,0.6028
2.0000,0.7274,0.6173
2.0000,0.7164,0.6316
2.0000,0.7051,0.6456
2.0000,0.6935,0.6595
2.0000,0.6817,0.6731
2.0000,0.6695,0.6866
2.0000,0.6572,0.6998
2.0000,0.6445,0.7128
2.0000,0.6316,0.7256
2.0000,0.6185,0.7381
2.0000,0.6051,0.7504
2.0000,0.5915,0.7625
2.0000,0.5776,0.7743
2.0000,0.5635,0.7859
2.0000,0.5491,0.7972
2.0000,0.5345,0.8082
2.0000,0.5198,0.8190
2.0000,0.5047,0.8295
2.0000,0.4895,0.8397
2.0000,0.4741,0.8497
2.0000,0.4585,0.8594
2.0000,0.4426,0.8687
2.0000,0.4266,0.8778
2.0000,0.4104,0.8866
2.0000,0.3940,0.8951
2.0000,0.3775,0.9033
2.0000,0.3608,0.9112
2.0000,0.3439,0.9188
2.0000,0.3268,0.9260
2.0000,0.3096,0.9330
2.0000,0.2923,0.9396
2.0000,0.2748,0.9459
2.0000,0.2572,0.9519
2.0000,0.2394,0.9575
2.0000,0.2216,0.9628
2.0000,0.2036,0.9678
2.0000,0.1855,0.9725
2.0000,0.1673,0.9768
2.0000,0.1490,0.9807
2.0000,0.1306,0.9844
2.0000,0.1122,0.9876
2.0000,0.0936,0.9906
2.0000,0.0750,0.9932
2.0000,0.0563,0.9954
2.0000,0.0376,0.9973
2.0000,0.0188,0.9988
2.0000,-0.0000,1.0000
3.0000,-0.0010,-0.0000
3.0000,-0.0020,-0.0001
3.0000,-0.0030,-0.0002
3.0000,-0.0040,-0.0003
3.0000,-0.0050,-0.0005
3.0000,-0.0060,-0.0007
3.0000,-0.0069,-0.0009
3.0000,-0.0079,-0.0012
3.0000,-0.0089,-0.0015
3.0000,-0.0098,-0.0019
3.0000,-0.0108,-0.0023
3.0000,-0.0117,-0.0027
3.0000,-0.0126,-0.0032
3.0000,-0.0135,-0.0037
3.0000,-0.0144,-0.0042
3.0000,-0.0153,-0.0048
3.0000,-0.0161,-0.0054
3.0000,-0.0170,-0.0060
3.0000,-0.0178,-0.0067
3.0000,-0.0186,-0.0074
3.0000,-0.0194,-0.0081
3.0000,-0.0201,-0.0089
3.0000,-0.0209,-0.0097
3.0000,-0.0216,-0.0105
3.0000,-0.0223,-0.0113
3.0000,-0.0229,-0.0122
3.0000,-0.0236,-0.0132
3.0000,-0.0242,-0.0141
3.0000,-0.0248,-0.0151
3.0000,-0.0253,-0.0161
3.0000,-0.0259,-0.0171
3.0000,-0.0264,-0.0182
3.0000,-0.0268,-0.0192
3.0000,-0.0273,-0.0203
3.0000,-0.0277,-0.0215
3.0000,-0.0280,-0.0226
3.0000,-0.0284,-0.0238
3.0000,-0.0287,-0.0250
3.0000,-0.0289,-0.0262
3.0000,-0.0292,-0.0274
3.0000,-0.0294,-0.0286
3.0000,-0.0295,-0.0299
3.0000,-0.0296,-0.0312
3.0000,-0.0297,-0.0325
3.0000,-0.0298,-0.0338
3.0000,-0.0298,-0.0351
3.0000,-0.0297,-0.0364
3.0000,-0.0297,-0.0377
3.0000,-0.0295,-0.0391
3.0000,-0.0294,-0.0405
3.0000,-0.0292,-0.0418
3.0000,-0.0290,-0.0432
3.0000,-0.0287,-0.0446
3.0000,-0.0284,-0.0460
3.0000,-0.0280,-0.0473
3.0000,-0.0276,-0.0487
3.0000,-0.0271,-0.0501
3.0000,-0.0267,-0.0515
3.0000,-0.0261,-0.0529
3.0000,-0.0255,-0.0543
3.0000,-0.0249,-0.0557
3.0000,-0.0243,-0.0571
3.0000,-0.0236,-0.0584
3.0000,-0.0228,-0.0598
3.0000,-0.0220,-0.0612
3.0000,-0.0212,-0.0625
3.0000,-0.0203,-0.0638
3.0000,-0.0194,-0.0652
3.0000,-0.0184,-0.0665
3.0000,-0.0174,-0.0678
3.0000,-0.0164,-0.0691
3.0000,-0.0153,-0.0704
3.0000,-0.0141,-0.0716
3.0000,-0.0130,-0.0729
3.0000,-0.0117,-0.0741
3.0000,-0.0105,-0.0753
3.0000,-0.0092,-0.0765
3.0000,-0.0078,-0.0776
3.0000,-0.0064,-0.0787
3.0000,-0.0050,-0.0798
3.0000,-0.0036,-0.0809
3.0000,-0.0021,-0.0820
3.0000,-0.0005,-0.0830
3.0000,0.0011,-0.0840
3.0000,0.0027,-0.0850
3.0000,0.0043,-0.0859
3.0000,0.0060,-0.0868
3.0000,0.0077,-0.0877
3.0000,0.0095,-0.0885
3.0000,0.0113,-0.0893
3.0000,0.0131,-0.0901
3.0000,0.0150,-0.0908
3.0000,0.0169,-0.0915
3.0000,0.0188,-0.0921
3.0000,0.0207,-0.0927
3.0000,0.0227,-0.0933
3.0000,0.0247,-0.0938
3.0000,0.0267,-0.0943
3.0000,0.0288,-0.0947
3.0000,0.0309,-0.0951
3.0000,0.0330,-0.0955
3.0000,0.0352,-0.0958
3.0000,0.0373,-0.0960
3.0000,0.0395,-0.0962
3.0000,0.0417,-0.0964
3.0000,0.0439,-0.0965
3.0000,0.0462,-0.0965
3.0000,0.0484,-0.0965
3.0000,0.0507,-0.0965
3.0000,0.0530,-0.0964
3.0000,0.0553,-0.0962
3.0000,0.0576,-0.0960
3.0000,0.0599,-0.0958
3.0000,0.0623,-0.0955
3.0000,0.0646,-0.0951
3.0000,0.0670,-0.0947
3.0000,0.0694,-0.0942
3.0000,0.0717,-0.0937
3.0000,0.0741,-0.0931
3.0000,0.0765,-0.0925
3.0000,0.0789,-0.0918
3.0000,0.0813,-0.0910
3.0000,0.0836,-0.0902
3.0000,0.0860,-0.0893
3.0000,0.0884,-0.0884
3.0000,0.0908,-0.0874
3.0000,0.0931,-0.0864
3.0000,0.0955,-0.0852
3.0000,0.0978,-0.0841
3.0000,0.1002,-0.0829
3.0000,0.1025,-0.0816
3.0000,0.1048,-0.0802
3.0000,0.1071,-0.0788
3.0000,0.1094,-0.0774
3.0000,0.1117,-0.0759
3.0000,0.1139,-0.0743
3.0000,0.1161,-0.0727
3.0000,0.1183,-0.0710
3.0000,0.1205,-0.0692
3.0000,0.1227,-0.0674
3.0000,0.1248,-0.0656
3.0000,0.1269,-0.0637
3.0000,0.1290,-0.0617
3.0000,0.1311,-0.0597
3.0000,0.1331,-0.0576
3.0000,0.1351,-0.0554
3.0000,0.1370,-0.0533
3.0000,0.1389,-0.0510
3.0000,0.1408,-0.0487
3.0000,0.1427,-0.0464
3.0000,0.1445,-0.0439
3.0000,0.1462,-0.0415
3.0000,0.1480,-0.0390
3.0000,0.1496,-0.0364
3.0000,0.1513,-0.0338
3.0000,0.1529,-0.0312
3.0000,0.1544,-0.0284
3.0000,0.1559,-0.0257
3.0000,0.1573,-0.0229
3.0000,0.1587,-0.0201
3.0000,0.1601,-0.0172
3.0000,0.1614,-0.0142
3.0000,0.1626,-0.0113
3.0000,0.1638,-0.0082
3.0000,0.1649,-0.0052
3.0000,0.1660,-0.0021
3.0000,0.1670,0.0010
3.0000,0.1679,0.0042
3.0000,0.1688,0.0074
3.0000,0.1697,0.0107
3.0000,0.1704,0.0140
3.0000,0.1711,0.0173
3.0000,0.1718,0.0206
3.0000,0.1723,0.0240
3.0000,0.1728,0.0274
3.0000,0.1733,0.0308
3.0000,0.1737,0.0343
3.0000,0.1740,0.0377
3.0000,0.1742,0.0412
3.0000,0.1743,0.0448
3.0000,0.1744,0.0483
3.0000,0.1745,0.0519
3.0000,0.1744,0.0555
3.0000,0.1743,0.0591
3.0000,0.1741,0.0627
3.0000,0.1738,0.0663
3.0000,0.1734,0.0699
3.0000,0.1730,0.0736
3.0000,0.1725,0.0772
3.0000,0.1719,0.0809
3.0000,0.1713,0.0846
3.0000,0.1705,0.0882
3.0000,0.1697,0.0919
3.0000,0.1688,0.0956
3.0000,0.1678,0.0993
3.0000,0.1668,0.1029
3.0000,0.1657,0.1066
3.0000,0.1645,0.1103
3.0000,0.1632,0.1139
3.0000,0.1618,0.1176
3.0000,0.1604,0.1212
3.0000,0.1588,0.1248
3.0000,0.1572,0.1284
3.0000,0.1555,0.1320
3.0000,0.1538,0.1356
3.0000,0.1519,0.1391
3.0000,0.1500,0.1426
3.0000,0.1480,0.1462
3.0000,0.1459,0.1496
3.0000,0.1438,0.1531
3.0000,0.1415,0.1565
3.0000,0.1392,0.1599
3.0000,0.1368,0.1633
3.0000,0.1343,0.1666
3.0000,0.1318,0.1699
3.0000,0.1291,0.1731
3.0000,0.1264,0.1764
3.0000,0.1237,0.1795
3.0000,0.1208,0.1827
3.0000,0.1179,0.1858
3.0000,0.1149,0.1888
3.0000,0.1118,0.1918
3.0000,0.1087,0.1947
3.0000,0.1054,0.1976
3.0000,0.1021,0.2005
3.0000,0.0988,0.2033
3.0000,0.0954,0.2060
3.0000,0.0919,0.2087
3.0000,0.0883,0.2113
3.0000,0.0847,0.2138
3.0000,0.0810,0.2163
3.0000,0.0772,0.2188
3.0000,0.0734,0.2211
3.0000,0.0695,0.2234
3.0000,0.0656,0.2257
3.0000,0.0616,0.2278
3.0000,0.0575,0.2299
3.0000,0.0534,0.2319
3.0000,0.0492,0.2339
3.0000,0.0450,0.2357
3.0000,0.0407,0.2375
3.0000,0.0364,0.2393
3.0000,0.0320,0.2409
3.0000,0.0275,0.2424
3.0000,0.0231,0.2439
3.0000,0.0185,0.2453
3.0000,0.0140,0.2466
3.0000,0.0093,0.2478
3.0000,0.0047,0.2490
3.0000,0.0000,0.2500
3.0000,-0.0047,0.2510
3.0000,-0.0095,0.2518
3.0000,-0.0143,0.2526
3.0000,-0.0191,0.2533
3.0000,-0.0240,0.2539
3.0000,-0.0289,0.2544
3.0000,-0.0338,0.2548
3.0000,-0.0388,0.2551
3.0000,-0.0437,0.2553
3.0000,-0.0487,0.2554
3.0000,-0.0537,0.2554
3.0000,-0.0588,0.2553
3.0000,-0.0638,0.2551
3.0000,-0.0689,0.2549
3.0000,-0.0739,0.2545
3.0000,-0.0790,0.2540
3.0000,-0.0841,0.2534
3.0000,-0.0892,0.2527
3.0000,-0.0943,0.2519
3.0000,-0.0994,0.2510
3.0000,-0.1045,0.2500
3.0000,-0.1096,0.2489
3.0000,-0.1147,0.2477
3.0000,-0.1198,0.2464
3.0000,-0.1248,0.2450
3.0000,-0.1299,0.2435
3.0000,-0.1350,0.2419
3.0000,-0.1400,0.2402
3.0000,-0.1450,0.2383
3.0000,-0.1500,0.2364
3.0000,-0.1550,0.2344
3.0000,-0.1600,0.2322
3.0000,-0.1649,0.2300
3.0000,-0.1698,0.2276
3.0000,-0.1747,0.2252
3.0000,-0.1795,0.2226
3.0000,-0.1843,0.2200
3.0000,-0.1891,0.2172
3.0000,-0.1938,0.2144
3.0000,-0.1985,0.2114
3.0000,-0.2032,0.2083
3.0000,-0.2078,0.2052
3.0000,-0.2123,0.2019
3.0000,-0.2168,0.1985
3.0000,-0.2213,0.1951
3.0000,-0.2257,0.1915
3.0000,-0.2300,0.1879
3.0000,-0.2343,0.1841
3.0000,-0.2385,0.1803
3.0000,-0.2427,0.1763
3.0000,-0.2468,0.1723
3.0000,-0.2508,0.1682
3.0000,-0.2548,0.1640
3.0000,-0.2587,0.1597
3.0000,-0.2625,0.1553
3.0000,-0.2663,0.1508
3.0000,-0.2700,0.1462
3.0000,-0.2735,0.1416
3.0000,-0.2771,0.1368
3.0000,-0.2805,0.1320
3.0000,-0.2838,0.1271
3.0000,-0.2871,0.1221
3.0000,-0.2903,0.1170
3.0000,-0.2934,0.1119
3.0000,-0.2964,0.1067
3.0000,-0.2993,0.1014
3.0000,-0.3021,0.0961
3.0000,-0.3048,0.0906
3.0000,-0.3074,0.0851
3.0000,-0.3099,0.0796
3.0000,-0.3124,0.0740
3.0000,-0.3147,0.0683
3.0000,-0.3169,0.0625
3.0000,-0.3190,0.0567
3.0000,-0.3210,0.0508
3.0000,-0.3229,0.0449
3.0000,-0.3247,0.0389
3.0000,-0.3263,0.0329
3.0000,-0.3279,0.0268
3.0000,-0.3293,0.0207
3.0000,-0.3307,0.0146
3.0000,-0.3319,0.0083
3.0000,-0.3330,0.0021
3.0000,-0.3340,-0.0042
3.0000,-0.3348,-0.0105
3.0000,-0.3356,-0.0169
3.0000,-0.3362,-0.0233
3.0000,-0.3367,-0.0297
3.0000,-0.3371,-0.0361
3.0000,-0.3373,-0.0426
3.0000,-0.3374,-0.0491
3.0000,-0.3374,-0.0556
3.0000,-0.3373,-0.0622
3.0000,-0.3371,-0.0687
3.0000,-0.3367,-0.0753
3.0000,-0.3362,-0.0818
3.0000,-0.3355,-0.0884
3.0000,-0.3348,-0.0950
3.0000,-0.3339,-0.1016
3.0000,-0.3329,-0.1082
3.0000,-0.3317,-0.1147
3.0000,-0.3304,-0.1213
3.0000,-0.3290,-0.1279
3.0000,-0.3275,-0.1344
3.0000,-0.3258,-0.1410
3.0000,-0.3240,-0.1475
3.0000,-0.3221,-0.1540
3.0000,-0.3200,-0.1605
3.0000,-0.3178,-0.1670
3.0000,-0.3155,-0.1734
3.0000,-0.3130,-0.1798
3.0000,-0.3104,-0.1862
3.0000,-0.3077,-0.1926
3.0000,-0.3049,-0.1989
3.0000,-0.3019,-0.2052
3.0000,-0.2988,-0.2114
3.0000,-0.2955,-0.2176
3.0000,-0.2922,-0.2237
3.0000,-0.2887,-0.2298
3.0000,-0.2851,-0.2358
3.0000,-0.2814,-0.2418
3.0000,-0.2775,-0.2478
3.0000,-0.2735,-0.2536
3.0000,-0.2694,-0.2594
3.0000,-0.2652,-0.2652
3.0000,-0.2608,-0.2708
3.0000,-0.2563,-0.2764
3.0000,-0.2518,-0.2820
3.0000,-0.2470,-0.2874
3.0000,-0.2422,-0.2928
3.0000,-0.2373,-0.2981
3.0000,-0.2322,-0.3033
3.0000,-0.2271,-0.3084
3.0000,-0.2218,-0.3135
3.0000,-0.2164,-0.3184
3.0000,-0.2109,-0.3233
3.0000,-0.2053,-0.3281
3.0000,-0.1996,-0.3327
3.0000,-0.1938,-0.3373
3.0000,-0.1879,-0.3418
3.0000,-0.1819,-0.3461
3.0000,-0.1758,-0.3504
3.0000,-0.1696,-0.3545
3.0000,-0.1633,-0.3586
3.0000,-0.1569,-0.3625
3.0000,-0.1504,-0.3663
3.0000,-0.1438,-0.3700
3.0000,-0.1372,-0.3736
3.0000,-0.1304,-0.3771
3.0000,-0.1236,-0.3804
3.0000,-0.1167,-0.3836
3.0000,-0.1097,-0.3867
3.0000,-0.1027,-0.3897
3.0000,-0.0955,-0.3925
3.0000,-0.0883,-0.3952
3.0000,-0.0811,-0.3978
3.0000,-0.0738,-0.4003
3.0000,-0.0664,-0.4026
3.0000,-0.0589,-0.4047
3.0000,-0.0514,-0.4068
3.0000,-0.0438,-0.4087
3.0000,-0.0362,-0.4104
3.0000,-0.0285,-0.4120
3.0000,-0.0208,-0.4135
3.0000,-0.0130,-0.4148
3.0000,-0.0052,-0.4160
3.0000,0.0026,-0.4170
3.0000,0.0105,-0.4179
3.0000,0.0184,-0.4186
3.0000,0.0264,-0.4192
3.0000,0.0343,-0.4196
3.0000,0.0424,-0.4199
3.0000,0.0504,-0.4200
3.0000,0.0584,-0.4200
3.0000,0.0665,-0.4198
3.0000,0.0746,-0.4194
3.0000,0.0826,-0.4189
3.0000,0.0907,-0.4183
3.0000,0.0988,-0.4175
3.0000,0.1069,-0.4165
3.0000,0.1150,-0.4154
3.0000,0.1231,-0.4141
3.0000,0.1312,-0.4126
3.0000,0.1393,-0.4110
3.0000,0.1474,-0.4093
3.0000,0.1554,-0.4074
3.0000,0.1634,-0.4053
3.0000,0.1714,-0.4031
3.0000,0.1794,-0.4007
3.0000,0.1873,-0.3981
3.0000,0.1953,-0.3954
3.0000,0.2031,-0.3926
3.0000,0.2110,-0.3895
3.0000,0.2188,-0.3864
3.0000,0.2265,-0.3830
3.0000,0.2342,-0.3795
3.0000,0.2419,-0.3759
3.0000,0.2495,-0.3721
3.0000,0.2570,-0.3682
3.0000,0.2645,-0.3641
3.0000,0.2719,-0.3598
3.0000,0.2793,-0.3554
3.0000,0.2866,-0.3508
3.0000,0.2938,-0.3461
3.0000,0.3009,-0.3413
3.0000,0.3080,-0.3363
3.0000,0.3149,-0.3312
3.0000,0.3218,-0.3259
3.0000,0.3286,-0.3205
3.0000,0.3353,-0.3149
3.0000,0.3419,-0.3092
3.0000,0.3485,-0.3033
3.0000,0.3549,-0.2974
3.0000,0.3612,-0.2912
3.0000,0.3674,-0.2850
3.0000,0.3735,-0.2786
3.0000,0.3795,-0.2721
3.0000,0.3854,-0.2655
3.0000,0.3912,-0.2587
3.0000,0.3968,-0.2518
3.0000,0.4024,-0.2448
3.0000,0.4078,-0.2377
3.0000,0.4131,-0.2305
3.0000,0.4182,-0.2231
3.0000,0.4232,-0.2156
3.0000,0.4281,-0.2081
3.0000,0.4329,-0.2004
3.0000,0.4375,-0.1926
3.0000,0.4420,-0.1847
3.0000,0.4463,-0.1767
3.0000,0.4505,-0.1686
3.0000,0.4545,-0.1604
3.0000,0.4584,-0.1521
3.0000,0.4622,-0.1438
3.0000,0.4657,-0.1353
3.0000,0.4692,-0.1268
3.0000,0.4725,-0.1181
3.0000,0.4756,-0.1094
3.0000,0.4785,-0.1007
3.0000,0.4813,-0.0918
3.0000,0.4840,-0.0829
3.0000,0.4864,-0.0739
3.0000,0.4887,-0.0649
3.0000,0.4908,-0.0558
3.0000,0.4928,-0.0466
3.0000,0.4946,-0.0374
3.0000,0.4962,-0.0281
3.0000,0.4976,-0.0188
3.0000,0.4989,-0.0094
3.0000,0.5000,-0.0000
3.0000,0.5009,0.0094
3.0000,0.5016,0.0189
3.0000,0.5022,0.0284
3.0000,0.5026,0.0380
3.0000,0.5028,0.0475
3.0000,0.5028,0.0571
3.0000,0.5026,0.0667
3.0000,0.5022,0.0763
3.0000,0.5017,0.0859
3.0000,0.5010,0.0956
3.0000,0.5001,0.1052
3.0000,0.4990,0.1148
3.0000,0.4977,0.1245
3.0000,0.4962,0.1341
3.0000,0.4946,0.1437
3.0000,0.4927,0.1533
3.0000,0.4907,0.1628
3.0000,0.4885,0.1724
3.0000,0.4861,0.1819
3.0000,0.4835,0.1914
3.0000,0.4807,0.2009
3.0000,0.4778,0.2103
3.0000,0.4746,0.2197
3.0000,0.4713,0.2290
3.0000,0.4678,0.2383
3.0000,0.4641,0.2476
3.0000,0.4602,0.2568
3.0000,0.4562,0.2659
3.0000,0.4519,0.2750
3.0000,0.4475,0.2840
3.0000,0.4429,0.2929
3.0000,0.4381,0.3018
3.0000,0.4332,0.3106
3.0000,0.4280,0.3193
3.0000,0.4227,0.3279
3.0000,0.4173,0.3364
3.0000,0.4116,0.3449
3.0000,0.4058,0.3532
3.0000,0.3998,0.3615
3.0000,0.3936,0.3697
3.0000,0.3873,0.3777
3.0000,0.3808,0.3857
3.0000,0.3742,0.3935
3.0000,0.3674,0.4012
3.0000,0.3604,0.4088
3.0000,0.3533,0.4163
3.0000,0.3460,0.4237
3.0000,0.3386,0.4309
3.0000,0.3310,0.4380
3.0000,0.3233,0.4450
3.0000,0.3154,0.4518
3.0000,0.3074,0.4585
3.0000,0.2992,0.4650
3.0000,0.2909,0.4715
3.0000,0.2825,0.4777
3.0000,0.2740,0.4838
3.0000,0.2653,0.4898
3.0000,0.2564,0.4956
3.0000,0.2475,0.5012
3.0000,0.2384,0.5067
3.0000,0.2293,0.5120
3.0000,0.2200,0.5172
3.0000,0.2105,0.5222
3.0000,0.2010,0.5270
3.0000,0.1914,0.5316
3.0000,0.1817,0.5361
3.0000,0.1718,0.5403
3.0000,0.1619,0.5444
3.0000,0.1519,0.5484
3.0000,0.1418,0.5521
3.0000,0.1316,0.5556
3.0000,0.1213,0.5590
3.0000,0.1109,0.5622
3.0000,0.1005,0.5651
3.0000,0.0899,0.5679
3.0000,0.0794,0.5705
3.0000,0.0687,0.5729
3.0000,0.0580,0.5751
3.0000,0.0472,0.5771
3.0000,0.0364,0.5789
3.0000,0.0255,0.5804
3.0000,0.0146,0.5818
3.0000,0.0037,0.5830
3.0000,-0.0073,0.5840
3.0000,-0.0184,0.5847
3.0000,-0.0294,0.5853
3.0000,-0.0405,0.5856
3.0000,-0.0517,0.5857
3.0000,-0.0628,0.5856
3.0000,-0.0739,0.5853
3.0000,-0.0851,0.5848
3.0000,-0.0963,0.5841
3.0000,-0.1075,0.5832
3.0000,-0.1186,0.5820
3.0000,-0.1298,0.5807
3.0000,-0.1410,0.5791
3.0000,-0.1521,0.5773
3.0000,-0.1632,0.5753
3.0000,-0.1743,0.5731
3.0000,-0.1854,0.5706
3.0000,-0.1965,0.5680
3.0000,-0.2075,0.5651
3.0000,-0.2185,0.5620
3.0000,-0.2294,0.5587
3.0000,-0.2403,0.5552
3.0000,-0.2511,0.5515
3.0000,-0.2619,0.5476
3.0000,-0.2726,0.5435
3.0000,-0.2833,0.5391
3.0000,-0.2939,0.5345
3.0000,-0.3044,0.5298
3.0000,-0.3148,0.5248
3.0000,-0.3252,0.5196
3.0000,-0.3355,0.5142
3.0000,-0.3457,0.5087
3.0000,-0.3558,0.5029
3.0000,-0.3658,0.4969
3.0000,-0.3757,0.4907
3.0000,-0.3855,0.4843
3.0000,-0.3952,0.4777
3.0000,-0.4048,0.4709
3.0000,-0.4143,0.4640
3.0000,-0.4236,0.4568
3.0000,-0.4328,0.4495
3.0000,-0.4419,0.4419
3.0000,-0.4509,0.4342
3.0000,-0.4598,0.4263
3.0000,-0.4685,0.4183
3.0000,-0.4770,0.4100
3.0000,-0.4854,0.4016
3.0000,-0.4937,0.3930
3.0000,-0.5018,0.3842
3.0000,-0.5098,0.3753
3.0000,-0.5176,0.3662
3.0000,-0.5252,0.3569
3.0000,-0.5327,0.3475
3.0000,-0.5400,0.3379
3.0000,-0.5471,0.3282
3.0000,-0.5541,0.3183
3.0000,-0.5608,0.3083
3.0000,-0.5674,0.2982
3.0000,-0.5738,0.2879
3.0000,-0.5801,0.2774
3.0000,-0.5861,0.2669
3.0000,-0.5920,0.2562
3.0000,-0.5976,0.2453
3.0000,-0.6031,0.2344
3.0000,-0.6083,0.2233
3.0000,-0.6133,0.2122
3.0000,-0.6182,0.2009
3.0000,-0.6228,0.1895
3.0000,-0.6272,0.1780
3.0000,-0.6315,0.1664
3.0000,-0.6354,0.1547
3.0000,-0.6392,0.1429
3.0000,-0.6428,0.1310
3.0000,-0.6461,0.1191
3.0000,-0.6492,0.1070
3.0000,-0.6521,0.0949
3.0000,-0.6548,0.0827
3.0000,-0.6572,0.0705
3.0000,-0.6594,0.0582
3.0000,-0.6614,0.0458
3.0000,-0.6632,0.0334
3.0000,-0.6647,0.0209
3.0000,-0.6659,0.0084
3.0000,-0.6670,-0.0042
3.0000,-0.6678,-0.0168
3.0000,-0.6684,-0.0294
3.0000,-0.6687,-0.0421
3.0000,-0.6688,-0.0547
3.0000,-0.6686,-0.0674
3.0000,-0.6682,-0.0802
3.0000,-0.6676,-0.0929
3.0000,-0.6667,-0.1056
3.0000,-0.6656,-0.1183
3.0000,-0.6642,-0.1310
3.0000,-0.6626,-0.1437
3.0000,-0.6607,-0.1564
3.0000,-0.6586,-0.1691
3.0000,-0.6563,-0.1818
3.0000,-0.6537,-0.1944
3.0000,-0.6509,-0.2070
3.0000,-0.6478,-0.2195
3.0000,-0.6445,-0.2320
3.0000,-0.6409,-0.2445
3.0000,-0.6372,-0.2569
3.0000,-0.6331,-0.2693
3.0000,-0.6288,-0.2816
3.0000,-0.6243,-0.2938
3.0000,-0.6196,-0.3059
3.0000,-0.6146,-0.3180
3.0000,-0.6094,-0.3300
3.0000,-0.6039,-0.3420
3.0000,-0.5982,-0.3538
3.0000,-0.5923,-0.3655
3.0000,-0.5861,-0.3772
3.0000,-0.5798,-0.3887
3.0000,-0.5731,-0.4001
3.0000,-0.5663,-0.4114
3.0000,-0.5593,-0.4227
3.0000,-0.5520,-0.4337
3.0000,-0.5445,-0.4447
3.0000,-0.5368,-0.4555
3.0000,-0.5288,-0.4662
3.0000,-0.5207,-0.4768
3.0000,-0.5123,-0.4872
3.0000,-0.5038,-0.4975
3.0000,-0.4950,-0.5076
3.0000,-0.4860,-0.5176
3.0000,-0.4769,-0.5274
3.0000,-0.4675,-0.5370
3.0000,-0.4579,-0.5465
3.0000,-0.4482,-0.5558
3.0000,-0.4382,-0.5650
3.0000,-0.4281,-0.5739
3.0000,-0.4178,-0.5827
3.0000,-0.4073,-0.5913
3.0000,-0.3966,-0.5997
3.0000,-0.3858,-0.6079
3.0000,-0.3748,-0.6159
3.0000,-0.3636,-0.6238
3.0000,-0.3523,-0.6314
3.0000,-0.3408,-0.6388
3.0000,-0.3291,-0.6460
3.0000,-0.3173,-0.6530
3.0000,-0.3054,-0.6597
3.0000,-0.2933,-0.6663
3.0000,-0.2811,-0.6726
3.0000,-0.2687,-0.6787
3.0000,-0.2562,-0.6846
3.0000,-0.2436,-0.6903
3.0000,-0.2309,-0.6957
3.0000,-0.2180,-0.7009
3.0000,-0.2051,-0.7058
3.0000,-0.1920,-0.7105
3.0000,-0.1788,-0.7150
3.0000,-0.1655,-0.7192
3.0000,-0.1521,-0.7232
3.0000,-0.1387,-0.7269
3.0000,-0.1251,-0.7304
3.0000,-0.1115,-0.7336
3.0000,-0.0978,-0.7365
3.0000,-0.0840,-0.7392
3.0000,-0.0701,-0.7417
3.0000,-0.0562,-0.7439
3.0000,-0.0422,-0.7458
3.0000,-0.0282,-0.7475
3.0000,-0.0141,-0.7489
3.0000,-0.0000,-0.7500
3.0000,0.0142,-0.7509
3.0000,0.0283,-0.7515
3.0000,0.0426,-0.7518
3.0000,0.0568,-0.7519
3.0000,0.0711,-0.7516
3.0000,0.0853,-0.7512
3.0000,0.0996,-0.7504
3.0000,0.1139,-0.7494
3.0000,0.1281,-0.7481
3.0000,0.1424,-0.7465
3.0000,0.1567,-0.7447
3.0000,0.1709,-0.7426
3.0000,0.1851,-0.7402
3.0000,0.1993,-0.7376
3.0000,0.2134,-0.7346
3.0000,0.2275,-0.7314
3.0000,0.2416,-0.7280
3.0000,0.2556,-0.7242
3.0000,0.2696,-0.7202
3.0000,0.2835,-0.7159
3.0000,0.2973,-0.7114
3.0000,0.3110,-0.7066
3.0000,0.3247,-0.7015
3.0000,0.3383,-0.6961
3.0000,0.3518,-0.6905
3.0000,0.3653,-0.6847
3.0000,0.3786,-0.6785
3.0000,0.3918,-0.6721
3.0000,0.4049,-0.6655
3.0000,0.4179,-0.6586
3.0000,0.4308,-0.6514
3.0000,0.4436,-0.6440
3.0000,0.4562,-0.6363
3.0000,0.4688,-0.6284
3.0000,0.4811,-0.6203
3.0000,0.4934,-0.6119
3.0000,0.5055,-0.6032
3.0000,0.5174,-0.5944
3.0000,0.5292,-0.5852
3.0000,0.5408,-0.5759
3.0000,0.5522,-0.5663
3.0000,0.5635,-0.5565
3.0000,0.5746,-0.5465
3.0000,0.5856,-0.5362
3.0000,0.5963,-0.5257
3.0000,0.6069,-0.5151
3.0000,0.6173,-0.5042
3.0000,0.6275,-0.4931
3.0000,0.6374,-0.4817
3.0000,0.6472,-0.4702
3.0000,0.6568,-0.4585
3.0000,0.6661,-0.4466
3.0000,0.6753,-0.4345
3.0000,0.6842,-0.4222
3.0000,0.6929,-0.4098
3.0000,0.7014,-0.3971
3.0000,0.7096,-0.3843
3.0000,0.7176,-0.3713
3.0000,0.7254,-0.3582
3.0000,0.7329,-0.3449
3.0000,0.7402,-0.3314
3.0000,0.7472,-0.3178
3.0000,0.7540,-0.3040
3.0000,0.7605,-0.2901
3.0000,0.7668,-0.2761
3.0000,0.7728,-0.2619
3.0000,0.7786,-0.2476
3.0000,0.7841,-0.2331
3.0000,0.7893,-0.2186
3.0000,0.7942,-0.2039
3.0000,0.7989,-0.1891
3.0000,0.8033,-0.1743
3.0000,0.8074,-0.1593
3.0000,0.8113,-0.1442
3.0000,0.8148,-0.1291
3.0000,0.8181,-0.1138
3.0000,0.8211,-0.0985
3.0000,0.8238,-0.0831
3.0000,0.8262,-0.0676
3.0000,0.8284,-0.0521
3.0000,0.8302,-0.0365
3.0000,0.8317,-0.0209
3.0000,0.8330,-0.0052
3.0000,0.8339,0.0105
3.0000,0.8346,0.0262
3.0000,0.8349,0.0420
3.0000,0.8350,0.0578
3.0000,0.8348,0.0736
3.0000,0.8342,0.0894
3.0000,0.8334,0.1053
3.0000,0.8322,0.1211
3.0000,0.8308,0.1369
3.0000,0.8290,0.1528
3.0000,0.8270,0.1686
3.0000,0.8246,0.1843
3.0000,0.8220,0.2001
3.0000,0.8191,0.2158
3.0000,0.8158,0.2315
3.0000,0.8122,0.2471
3.0000,0.8084,0.2627
3.0000,0.8042,0.2782
3.0000,0.7998,0.2936
3.0000,0.7951,0.3090
3.0000,0.7900,0.3243
3.0000,0.7847,0.3396
3.0000,0.7791,0.3547
3.0000,0.7731,0.3698
3.0000,0.7669,0.3847
3.0000,0.7604,0.3996
3.0000,0.7536,0.4143
3.0000,0.7465,0.4289
3.0000,0.7392,0.4434
3.0000,0.7315,0.4578
3.0000,0.7236,0.4721
3.0000,0.7154,0.4862
3.0000,0.7069,0.5002
3.0000,0.6982,0.5140
3.0000,0.6892,0.5277
3.0000,0.6799,0.5412
3.0000,0.6703,0.5546
3.0000,0.6605,0.5677
3.0000,0.6505,0.5808
3.0000,0.6401,0.5936
3.0000,0.6296,0.6063
3.0000,0.6187,0.6187
3.0000,0.6076,0.6310
3.0000,0.5963,0.6431
3.0000,0.5848,0.6549
3.0000,0.5730,0.6666
3.0000,0.5609,0.6781
3.0000,0.5487,0.6893
3.0000,0.5362,0.7003
3.0000,0.5235,0.7111
3.0000,0.5106,0.7216
3.0000,0.4974,0.7320
3.0000,0.4841,0.7420
3.0000,0.4706,0.7519
3.0000,0.4568,0.7615
3.0000,0.4429,0.7708
3.0000,0.4288,0.7799
3.0000,0.4144,0.7887
3.0000,0.4000,0.7973
3.0000,0.3853,0.8056
3.0000,0.3705,0.8136
3.0000,0.3554,0.8214
3.0000,0.3403,0.8289
3.0000,0.3250,0.8361
3.0000,0.3095,0.8430
3.0000,0.2939,0.8496
3.0000,0.2781,0.8560
3.0000,0.2622,0.8620
3.0000,0.2462,0.8677
3.0000,0.2301,0.8732
3.0000,0.2138,0.8784
3.0000,0.1974,0.8832
3.0000,0.1809,0.8877
3.0000,0.1644,0.8920
3.0000,0.1477,0.8959
3.0000,0.1309,0.8995
3.0000,0.1141,0.9028
3.0000,0.0971,0.9058
3.0000,0.0801,0.9085
3.0000,0.0631,0.9108
3.0000,0.0459,0.9128
3.0000,0.0287,0.9145
3.0000,0.0115,0.9159
3.0000,-0.0058,0.9170
3.0000,-0.0231,0.9177
3.0000,-0.0404,0.9181
3.0000,-0.0578,0.9182
3.0000,-0.0751,0.9179
3.0000,-0.0925,0.9173
3.0000,-0.1099,0.9164
3.0000,-0.1273,0.9152
3.0000,-0.1447,0.9136
3.0000,-0.1621,0.9117
3.0000,-0.1794,0.9095
3.0000,-0.1967,0.9069
3.0000,-0.2140,0.9040
3.0000,-0.2313,0.9008
3.0000,-0.2485,0.8972
3.0000,-0.2656,0.8933
3.0000,-0.2827,0.8891
3.0000,-0.2998,0.8846
3.0000,-0.3167,0.8797
3.0000,-0.3336,0.8745
3.0000,-0.3504,0.8690
3.0000,-0.3671,0.8632
3.0000,-0.3837,0.8570
3.0000,-0.4002,0.8505
3.0000,-0.4166,0.8437
3.0000,-0.4329,0.8366
3.0000,-0.4491,0.8292
3.0000,-0.4651,0.8215
3.0000,-0.4810,0.8134
3.0000,-0.4968,0.8050
3.0000,-0.5124,0.7964
3.0000,-0.5279,0.7874
3.0000,-0.5432,0.7781
3.0000,-0.5584,0.7686
3.0000,-0.5734,0.7587
3.0000,-0.5882,0.7485
3.0000,-0.6028,0.7381
3.0000,-0.6173,0.7274
3.0000,-0.6316,0.7164
3.0000,-0.6456,0.7051
3.0000,-0.6595,0.6935
3.0000,-0.6731,0.6817
3.0000,-0.6866,0.6695
3.0000,-0.6998,0.6572
3.0000,-0.7128,0.6445
3.0000,-0.7256,0.6316
3.0000,-0.7381,0.6185
3.0000,-0.7504,0.6051
3.0000,-0.7625,0.5915
3.0000,-0.7743,0.5776
3.0000,-0.7859,0.5635
3.0000,-0.7972,0.5491
3.0000,-0.8082,0.5345
3.0000,-0.8190,0.5198
3.0000,-0.8295,0.5047
3.0000,-0.8397,0.4895
3.0000,-0.8497,0.4741
3.0000,-0.8594,0.4585
3.0000,-0.8687,0.4426
3.0000,-0.8778,0.4266
3.0000,-0.8866,0.4104
3.0000,-0.8951,0.3940
3.0000,-0.9033,0.3775
3.0000,-0.9112,0.3608
3.0000,-0.9188,0.3439
3.0000,-0.9260,0.3268
3.0000,-0.9330,0.3096
3.0000,-0.9396,0.2923
3.0000,-0.9459,0.2748
3.0000,-0.9519,0.2572
3.0000,-0.9575,0.2394
3.0000,-0.9628,0.2216
3.0000,-0.9678,0.2036
3.0000,-0.9725,0.1855
3.0000,-0.9768,0.1673
3.0000,-0.9807,0.1490
3.0000,-0.9844,0.1306
3.0000,-0.9876,0.1122
3.0000,-0.9906,0.0936
3.0000,-0.9932,0.0750
3.0000,-0.9954,0.0563
3.0000,-0.9973,0.0376
3.0000,-0.9988,0.0188
3.0000,-1.0000,0.0000
4.0000,0.0000,-0.0010
4.0000,0.0001,-0.0020
4.0000,0.0002,-0.0030
4.0000,0.0003,-0.0040
4.0000,0.0005,-0.0050
4.0000,0.0007,-0.0060
4.0000,0.0009,-0.0069
4.0000,0.0012,-0.0079
4.0000,0.0015,-0.0089
4.0000,0.0019,-0.0098
4.0000,0.0023,-0.0108
4.0000,0.0027,-0.0117
4.0000,0.0032,-0.0126
4.0000,0.0037,-0.0135
4.0000,0.0042,-0.0144
4.0000,0.0048,-0.0153
4.0000,0.0054,-0.0161
4.0000,0.0060,-0.0170
4.0000,0.0067,-0.0178
4.0000,0.0074,-0.0186
4.0000,0.0081,-0.0194
4.0000,0.0089,-0.0201
4.0000,0.0097,-0.0209
4.0000,0.0105,-0.0216
4.0000,0.0113,-0.0223
4.0000,0.0122,-0.0229
4.0000,0.0132,-0.0236
4.0000,0.0141,-0.0242
4.0000,0.0151,-0.0248
4.0000,0.0161,-0.0253
4.0000,0.0171,-0.0259
4.0000,0.0182,-0.0264
4.0000,0.0192,-0.0268
4.0000,0.0203,-0.0273
4.0000,0.0215,-0.0277
4.0000,0.0226,-0.0280
4.0000,0.0238,-0.0284
4.0000,0.0250,-0.0287
4.0000,0.0262,-0.0289
4.0000,0.0274,-0.0292
4.0000,0.0286,-0.0294
4.0000,0.0299,-0.0295
4.0000,0.0312,-0.0296
4.0000,0.0325,-0.0297
4.0000,0.0338,-0.0298
4.0000,0.0351,-0.0298
4.0000,0.0364,-0.0297
4.0000,0.0377,-0.0297
4.0000,0.0391,-0.0295
4.0000,0.0405,-0.0294
4.0000,0.0418,-0.0292
4.0000,0.0432,-0.0290
4.0000,0.0446,-0.0287
4.0000,0.0460,-0.0284
4.0000,0.0473,-0.0280
4.0000,0.0487,-0.0276
4.0000,0.0501,-0.0271
4.0000,0.0515,-0.0267
4.0000,0.0529,-0.0261
4.0000,0.0543,-0.0255
4.0000,0.0557,-0.0249
4.0000,0.0571,-0.0243
4.0000,0.0584,-0.0236
4.0000,0.0598,-0.0228
4.0000,0.0612,-0.0220
4.0000,0.0625,-0.0212
4.0000,0.0638,-0.0203
4.0000,0.0652,-0.0194
4.0000,0.0665,-0.0184
4.0000,0.0678,-0.0174
4.0000,0.0691,-0.0164
4.0000,0.0704,-0.0153
4.0000,0.0716,-0.0141
4.0000,0.0729,-0.0130
4.0000,0.0741,-0.0117
4.0000,0.0753,-0.0105
4.0000,0.0765,-0.0092
4.0000,0.0776,-0.0078
4.0000,0.0787,-0.0064
4.0000,0.0798,-0.0050
4.0000,0.0809,-0.0036
4.0000,0.0820,-0.0021
4.0000,0.0830,-0.0005
4.0000,0.0840,0.0011
4.0000,0.0850,0.0027
4.0000,0.0859,0.0043
4.0000,0.0868,0.0060
4.0000,0.0877,0.0077
4.0000,0.0885,0.0095
4.0000,0.0893,0.0113
4.0000,0.0901,0.0131
4.0000,0.0908,0.0150
4.0000,0.0915,0.0169
4.0000,0.0921,0.0188
4.0000,0.0927,0.0207
4.0000,0.0933,0.0227
4.0000,0.0938,0.0247
4.0000,0.0943,0.0267
4.0000,0.0947,0.0288
4.0000,0.0951,0.0309
4.0000,0.0955,0.0330
4.0000,0.0958,0.0352
4.0000,0.0960,0.0373
4.0000,0.0962,0.0395
4.0000,0.0964,0.0417
4.0000,0.0965,0.0439
4.0000,0.0965,0.0462
4.0000,0.0965,0.0484
4.0000,0.0965,0.0507
4.0000,0.0964,0.0530
4.0000,0.0962,0.0553
4.0000,0.0960,0.0576
4.0000,0.0958,0.0599
4.0000,0.0955,0.0623
4.0000,0.0951,0.0646
4.0000,0.0947,0.0670
4.0000,0.0942,0.0694
4.0000,0.0937,0.0717
4.0000,0.0931,0.0741
4.0000,0.0925,0.0765
4.0000,0.0918,0.0789
4.0000,0.0910,0.0813
4.0000,0.0902,0.0836
4.0000,0.0893,0.0860
4.0000,0.0884,0.0884
4.0000,0.0874,0.0908
4.0000,0.0864,0.0931
4.0000,0.0852,0.0955
4.0000,0.0841,0.0978
4.0000,0.0829,0.1002
4.0000,0.0816,0.1025
4.0000,0.0802,0.1048
4.0000,0.0788,0.1071
4.0000,0.0774,0.1094
4.0000,0.0759,0.1117
4.0000,0.0743,0.1139
4.0000,0.0727,0.1161
4.0000,0.0710,0.1183
4.0000,0.0692,0.1205
4.0000,0.0674,0.1227
4.0000,0.0656,0.1248
4.0000,0.0637,0.1269
4.0000,0.0617,0.1290
4.0000,0.0597,0.1311
4.0000,0.0576,0.1331
4.0000,0.0554,0.1351
4.0000,0.0533,0.1370
4.0000,0.0510,0.1389
4.0000,0.0487,0.1408
4.0000,0.0464,0.1427
4.0000,0.0439,0.1445
4.0000,0.0415,0.1462
4.0000,0.0390,0.1480
4.0000,0.0364,0.1496
4.0000,0.0338,0.1513
4.0000,0.0312,0.1529
4.0000,0.0284,0.1544
4.0000,0.0257,0.1559
4.0000,0.0229,0.1573
4.0000,0.0201,0.1587
4.0000,0.0172,0.1601
4.0000,0.0142,0.1614
4.0000,0.0113,0.1626
4.0000,0.0082,0.1638
4.0000,0.0052,0.1649
4.0000,0.0021,0.1660
4.0000,-0.0010,0.1670
4.0000,-0.0042,0.1679
4.0000,-0.0074,0.1688
4.0000,-0.0107,0.1697
4.0000,-0.0140,0.1704
4.0000,-0.0173,0.1711
4.0000,-0.0206,0.1718
4.0000,-0.0240,0.1723
4.0000,-0.0274,0.1728
4.0000,-0.0308,0.1733
4.0000,-0.0343,0.1737
4.0000,-0.0377,0.1740
4.0000,-0.0412,0.1742
4.0000,-0.0448,0.1743
4.0000,-0.0483,0.1744
4.0000,-0.0519,0.1745
4.0000,-0.0555,0.1744
4.0000,-0.0591,0.1743
4.0000,-0.0627,0.1741
4.0000,-0.0663,0.1738
4.0000,-0.0699,0.1734
4.0000,-0.0736,0.1730
4.0000,-0.0772,0.1725
4.0000,-0.0809,0.1719
4.0000,-0.0846,0.1713
4.0000,-0.0882,0.1705
4.0000,-0.0919,0.1697
4.0000,-0.0956,0.1688
4.0000,-0.0993,0.1678
4.0000,-0.1029,0.1668
4.0000,-0.1066,0.1657
4.0000,-0.1103,0.1645
4.0000,-0.1139,0.1632
4.0000,-0.1176,0.1618
4.0000,-0.1212,0.1604
4.0000,-0.1248,0.1588
4.0000,-0.1284,0.1572
4.0000,-0.1320,0.1555
4.0000,-0.1356,0.1538
4.0000,-0.1391,0.1519
4.0000,-0.1426,0.1500
4.0000,-0.1462,0.1480
4.0000,-0.1496,0.1459
4.0000,-0.1531,0.1438
4.0000,-0.1565,0.1415
4.0000,-0.1599,0.1392
4.0000,-0.1633,0.1368
4.0000,-0.1666,0.1343
4.0000,-0.1699,0.1318
4.0000,-0.1731,0.1291
4.0000,-0.1764,0.1264
4.0000,-0.1795,0.1237
4.0000,-0.1827,0.1208
4.0000,-0.1858,0.1179
4.0000,-0.1888,0.1149
4.0000,-0.1918,0.1118
4.0000,-0.1947,0.1087
4.0000,-0.1976,0.1054
4.0000,-0.2005,0.1021
4.0000,-0.2033,0.0988
4.0000,-0.2060,0.0954
4.0000,-0.2087,0.0919
4.0000,-0.2113,0.0883
4.0000,-0.2138,0.0847
4.0000,-0.2163,0.0810
4.0000,-0.2188,0.0772
4.0000,-0.2211,0.0734
4.0000,-0.2234,0.0695
4.0000,-0.2257,0.0656
4.0000,-0.2278,0.0616
4.0000,-0.2299,0.0575
4.0000,-0.2319,0.0534
4.0000,-0.2339,0.0492
4.0000,-0.2357,0.0450
4.0000,-0.2375,0.0407
4.0000,-0.2393,0.0364
4.0000,-0.2409,0.0320
4.0000,-0.2424,0.0275
4.0000,-0.2439,0.0231
4.0000,-0.2453,0.0185
4.0000,-0.2466,0.0140
4.0000,-0.2478,0.0093
4.0000,-0.2490,0.0047
4.0000,-0.2500,0.0000
4.0000,-0.2510,-0.0047
4.0000,-0.2518,-0.0095
4.0000,-0.2526,-0.0143
4.0000,-0.2533,-0.0191
4.0000,-0.2539,-0.0240
4.0000,-0.2544,-0.0289
4.0000,-0.2548,-0.0338
4.0000,-0.2551,-0.0388
4.0000,-0.2553,-0.0437
4.0000,-0.2554,-0.0487
4.0000,-0.2554,-0.0537
4.0000,-0.2553,-0.0588
4.0000,-0.2551,-0.0638
4.0000,-0.2549,-0.0689
4.0000,-0.2545,-0.0739
4.0000,-0.2540,-0.0790
4.0000,-0.2534,-0.0841
4.0000,-0.2527,-0.0892
4.0000,-0.2519,-0.0943
4.0000,-0.2510,-0.0994
4.0000,-0.2500,-0.1045
4.0000,-0.2489,-0.1096
4.0000,-0.2477,-0.1147
4.0000,-0.2464,-0.1198
4.0000,-0.2450,-0.1248
4.0000,-0.2435,-0.1299
4.0000,-0.2419,-0.1350
4.0000,-0.2402,-0.1400
4.0000,-0.2383,-0.1450
4.0000,-0.2364,-0.1500
4.0000,-0.2344,-0.1550
4.0000,-0.2322,-0.1600
4.0000,-0.2300,-0.1649
4.0000,-0.2276,-0.1698
4.0000,-0.2252,-0.1747
4.0000,-0.2226,-0.1795
4.0000,-0.2200,-0.1843
4.0000,-0.2172,-0.1891
4.0000,-0.2144,-0.1938
4.0000,-0.2114,-0.1985
4.0000,-0.2083,-0.2032
4.0000,-0.2052,-0.2078
4.0000,-0.2019,-0.2123
4.0000,-0.1985,-0.2168
4.0000,-0.1951,-0.2213
4.0000,-0.1915,-0.2257
4.0000,-0.1879,-0.2300
4.0000,-0.1841,-0.2343
4.0000,-0.1803,-0.2385
4.0000,-0.1763,-0.2427
4.0000,-0.1723,-0.2468
4.0000,-0.1682,-0.2508
4.0000,-0.1640,-0.2548
4.0000,-0.1597,-0.2587
4.0000,-0.1553,-0.2625
4.0000,-0.1508,-0.2663
4.0000,-0.1462,-0.2700
4.0000,-0.1416,-0.2735
4.0000,-0.1368,-0.2771
4.0000,-0.1320,-0.2805
4.0000,-0.1271,-0.2838
4.0000,-0.1221,-0.2871
4.0000,-0.1170,-0.2903
4.0000,-0.1119,-0.2934
4.0000,-0.1067,-0.2964
4.0000,-0.1014,-0.2993
4.0000,-0.0961,-0.3021
4.0000,-0.0906,-0.3048
4.0000,-0.0851,-0.3074
4.0000,-0.0796,-0.3099
4.0000,-0.0740,-0.3124
4.0000,-0.0683,-0.3147
4.0000,-0.0625,-0.3169
4.0000,-0.0567,-0.3190
4.0000,-0.0508,-0.3210
4.0000,-0.0449,-0.3229
4.0000,-0.0389,-0.3247
4.0000,-0.0329,-0.3263
4.0000,-0.0268,-0.3279
4.0000,-0.0207,-0.3293
4.0000,-0.0146,-0.3307
4.0000,-0.0083,-0.3319
4.0000,-0.0021,-0.3330
4.0000,0.0042,-0.3340
4.0000,0.0105,-0.3348
4.0000,0.0169,-0.3356
4.0000,0.0233,-0.3362
4.0000,0.0297,-0.3367
4.0000,0.0361,-0.3371
4.0000,0.0426,-0.3373
4.0000,0.0491,-0.3374
4.0000,0.0556,-0.3374
4.0000,0.0622,-0.3373
4.0000,0.0687,-0.3371
4.0000,0.0753,-0.3367
4.0000,0.0818,-0.3362
4.0000,0.0884,-0.3355
4.0000,0.0950,-0.3348
4.0000,0.1016,-0.3339
4.0000,0.1082,-0.3329
4.0000,0.1147,-0.3317
4.0000,0.1213,-0.3304
4.0000,0.1279,-0.3290
4.0000,0.1344,-0.3275
4.0000,0.1410,-0.3258
4.0000,0.1475,-0.3240
4.0000,0.1540,-0.3221
4.0000,0.1605,-0.3200
4.0000,0.1670,-0.3178
4.0000,0.1734,-0.3155
4.0000,0.1798,-0.3130
4.0000,0.1862,-0.3104
4.0000,0.1926,-0.3077
4.0000,0.1989,-0.3049
4.0000,0.2052,-0.3019
4.0000,0.2114,-0.2988
4.0000,0.2176,-0.2955
4.0000,0.2237,-0.2922
4.0000,0.2298,-0.2887
4.0000,0.2358,-0.2851
4.0000,0.2418,-0.2814
4.0000,0.2478,-0.2775
4.0000,0.2536,-0.2735
4.0000,0.2594,-0.2694
4.0000,0.2652,-0.2652
4.0000,0.2708,-0.2608
4.0000,0.2764,-0.2563
4.0000,0.2820,-0.2518
4.0000,0.2874,-0.2470
4.0000,0.2928,-0.2422
4.0000,0.2981,-0.2373
4.0000,0.3033,-0.2322
4.0000,0.3084,-0.2271
4.0000,0.3135,-0.2218
4.0000,0.3184,-0.2164
4.0000,0.3233,-0.2109
4.0000,0.3281,-0.2053
4.0000,0.3327,-0.1996
4.0000,0.3373,-0.1938
4.0000,0.3418,-0.1879
4.0000,0.3461,-0.1819
4.0000,0.3504,-0.1758
4.0000,0.3545,-0.1696
4.0000,0.3586,-0.1633
4.0000,0.3625,-0.1569
4.0000,0.3663,-0.1504
4.0000,0.3700,-0.1438
4.0000,0.3736,-0.1372
4.0000,0.3771,-0.1304
4.0000,0.3804,-0.1236
4.0000,0.3836,-0.1167
4.0000,0.3867,-0.1097
4.0000,0.3897,-0.1027
4.0000,0.3925,-0.0955
4.0000,0.3952,-0.0883
4.0000,0.3978,-0.0811
4.0000,0.4003,-0.0738
4.0000,0.4026,-0.0664
4.0000,0.4047,-0.0589
4.0000,0.4068,-0.0514
4.0000,0.4087,-0.0438
4.0000,0.4104,-0.0362
4.0000,0.4120,-0.0285
4.0000,0.4135,-0.0208
4.0000,0.4148,-0.0130
4.0000,0.4160,-0.0052
4.0000,0.4170,0.0026
4.0000,0.4179,0.0105
4.0000,0.4186,0.0184
4.0000,0.4192,0.0264
4.0000,0.4196,0.0343
4.0000,0.4199,0.0424
4.0000,0.4200,0.0504
4.0000,0.4200,0.0584
4.0000,0.4198,0.0665
4.0000,0.4194,0.0746
4.0000,0.4189,0.0826
4.0000,0.4183,0.0907
4.0000,0.4175,0.0988
4.0000,0.4165,0.1069
4.0000,0.4154,0.1150
4.0000,0.4141,0.1231
4.0000,0.4126,0.1312
4.0000,0.4110,0.1393
4.0000,0.4093,0.1474
4.0000,0.4074,0.1554
4.0000,0.4053,0.1634
4.0000,0.4031,0.1714
4.0000,0.4007,0.1794
4.0000,0.3981,0.1873
4.0000,0.3954,0.1953
4.0000,0.3926,0.2031
4.0000,0.3895,0.2110
4.0000,0.3864,0.2188
4.0000,0.3830,0.2265
4.0000,0.3795,0.2342
4.0000,0.3759,0.2419
4.0000,0.3721,0.2495
4.0000,0.3682,0.2570
4.0000,0.3641,0.2645
4.0000,0.3598,0.2719
4.0000,0.3554,0.2793
4.0000,0.3508,0.2866
4.0000,0.3461,0.2938
4.0000,0.3413,0.3009
4.0000,0.3363,0.3080
4.0000,0.3312,0.3149
4.0000,0.3259,0.3218
4.0000,0.3205,0.3286
4.0000,0.3149,0.3353
4.0000,0.3092,0.3419
4.0000,0.3033,0.3485
4.0000,0.2974,0.3549
4.0000,0.2912,0.3612
4.0000,0.2850,0.3674
4.0000,0.2786,0.3735
4.0000,0.2721,0.3795
4.0000,0.2655,0.3854
4.0000,0.2587,0.3912
4.0000,0.2518,0.3968
4.0000,0.2448,0.4024
4.0000,0.2377,0.4078
4.0000,0.2305,0.4131
4.0000,0.2231,0.4182
4.0000,0.2156,0.4232
4.0000,0.2081,0.4281
4.0000,0.2004,0.4329
4.0000,0.1926,0.4375
4.0000,0.1847,0.4420
4.0000,0.1767,0.4463
4.0000,0.1686,0.4505
4.0000,0.1604,0.4545
4.0000,0.1521,0.4584
4.0000,0.1438,0.4622
4.0000,0.1353,0.4657
4.0000,0.1268,0.4692
4.0000,0.1181,0.4725
4.0000,0.1094,0.4756
4.0000,0.1007,0.4785
4.0000,0.0918,0.4813
4.0000,0.0829,0.4840
4.0000,0.0739,0.4864
4.0000,0.0649,0.4887
4.0000,0.0558,0.4908
4.0000,0.0466,0.4928
4.0000,0.0374,0.4946
4.0000,0.0281,0.4962
4.0000,0.0188,0.4976
4.0000,0.0094,0.4989
4.0000,0.0000,0.5000
4.0000,-0.0094,0.5009
4.0000,-0.0189,0.5016
4.0000,-0.0284,0.5022
4.0000,-0.0380,0.5026
4.0000,-0.0475,0.5028
4.0000,-0.0571,0.5028
4.0000,-0.0667,0.5026
4.0000,-0.0763,0.5022
4.0000,-0.0859,0.5017
4.0000,-0.0956,0.5010
4.0000,-0.1052,0.5001
4.0000,-0.1148,0.4990
4.0000,-0.1245,0.4977
4.0000,-0.1341,0.4962
4.0000,-0.1437,0.4946
4.0000,-0.1533,0.4927
4.0000,-0.1628,0.4907
4.0000,-0.1724,0.4885
4.0000,-0.1819,0.4861
4.0000,-0.1914,0.4835
4.0000,-0.2009,0.4807
4.0000,-0.2103,0.4778
4.0000,-0.2197,0.4746
4.0000,-0.2290,0.4713
4.0000,-0.2383,0.4678
4.0000,-0.2476,0.4641
4.0000,-0.2568,0.4602
4.0000,-0.2659,0.4562
4.0000,-0.2750,0.4519
4.0000,-0.2840,0.4475
4.0000,-0.2929,0.4429
4.0000,-0.3018,0.4381
4.0000,-0.3106,0.4332
4.0000,-0.3193,0.4280
4.0000,-0.3279,0.4227
4.0000,-0.3364,0.4173
4.0000,-0.3449,0.4116
4.0000,-0.3532,0.4058
4.0000,-0.3615,0.3998
4.0000,-0.3697,0.3936
4.0000,-0.3777,0.3873
4.0000,-0.3857,0.3808
4.0000,-0.3935,0.3742
4.0000,-0.4012,0.3674
4.0000,-0.4088,0.3604
4.0000,-0.4163,0.3533
4.0000,-0.4237,0.3460
4.0000,-0.4309,0.3386
4.0000,-0.4380,0.3310
4.0000,-0.4450,0.3233
4.0000,-0.4518,0.3154
4.0000,-0.4585,0.3074
4.0000,-0.4650,0.2992
4.0000,-0.4715,0.2909
4.0000,-0.4777,0.2825
4.0000,-0.4838,0.2740
4.0000,-0.4898,0.2653
4.0000,-0.4956,0.2564
4.0000,-0.5012,0.2475
4.0000,-0.5067,0.2384
4.0000,-0.5120,0.2293
4.0000,-0.5172,0.2200
4.0000,-0.5222,0.2105
4.0000,-0.5270,0.2010
4.0000,-0.5316,0.1914
4.0000,-0.5361,0.1817
4.0000,-0.5403,0.1718
4.0000,-0.5444,0.1619
4.0000,-0.5484,0.1519
4.0000,-0.5521,0.1418
4.0000,-0.5556,0.1316
4.0000,-0.5590,0.1213
4.0000,-0.5622,0.1109
4.0000,-0.5651,0.1005
4.0000,-0.5679,0.0899
4.0000,-0.5705,0.0794
4.0000,-0.5729,0.0687
4.0000,-0.5751,0.0580
4.0000,-0.5771,0.0472
4.0000,-0.5789,0.0364
4.0000,-0.5804,0.0255
4.0000,-0.5818,0.0146
4.0000,-0.5830,0.0037
4.0000,-0.5840,-0.0073
4.0000,-0.5847,-0.0184
4.0000,-0.5853,-0.0294
4.0000,-0.5856,-0.0405
4.0000,-0.5857,-0.0517
4.0000,-0.5856,-0.0628
4.0000,-0.5853,-0.0739
4.0000,-0.5848,-0.0851
4.0000,-0.5841,-0.0963
4.0000,-0.5832,-0.1075
4.0000,-0.5820,-0.1186
4.0000,-0.5807,-0.1298
4.0000,-0.5791,-0.1410
4.0000,-0.5773,-0.1521
4.0000,-0.5753,-0.1632
4.0000,-0.5731,-0.1743
4.0000,-0.5706,-0.1854
4.0000,-0.5680,-0.1965
4.0000,-0.5651,-0.2075
4.0000,-0.5620,-0.2185
4.0000,-0.5587,-0.2294
4.0000,-0.5552,-0.2403
4.0000,-0.5515,-0.2511
4.0000,-0.5476,-0.2619
4.0000,-0.5435,-0.2726
4.0000,-0.5391,-0.2833
4.0000,-0.5345,-0.2939
4.0000,-0.5298,-0.3044
4.0000,-0.5248,-0.3148
4.0000,-0.5196,-0.3252
4.0000,-0.5142,-0.3355
4.0000,-0.5087,-0.3457
4.0000,-0.5029,-0.3558
4.0000,-0.4969,-0.3658
4.0000,-0.4907,-0.3757
4.0000,-0.4843,-0.3855
4.0000,-0.4777,-0.3952
4.0000,-0.4709,-0.4048
4.0000,-0.4640,-0.4143
4.0000,-0.4568,-0.4236
4.0000,-0.4495,-0.4328
4.0000,-0.4419,-0.4419
4.0000,-0.4342,-0.4509
4.0000,-0.4263,-0.4598
4.0000,-0.4183,-0.4685
4.0000,-0.4100,-0.4770
4.0000,-0.4016,-0.4854
4.0000,-0.3930,-0.4937
4.0000,-0.3842,-0.5018
4.0000,-0.3753,-0.5098
4.0000,-0.3662,-0.5176
4.0000,-0.3569,-0.5252
4.0000,-0.3475,-0.5327
4.0000,-0.3379,-0.5400
4.0000,-0.3282,-0.5471
4.0000,-0.3183,-0.5541
4.0000,-0.3083,-0.5608
4.0000,-0.2982,-0.5674
4.0000,-0.2879,-0.5738
4.0000,-0.2774,-0.5801
4.0000,-0.2669,-0.5861
4.0000,-0.2562,-0.5920
4.0000,-0.2453,-0.5976
4.0000,-0.2344,-0.6031
4.0000,-0.2233,-0.6083
4.0000,-0.2122,-0.6133
4.0000,-0.2009,-0.6182
4.0000,-0.1895,-0.6228
4.0000,-0.1780,-0.6272
4.0000,-0.1664,-0.6315
4.0000,-0.1547,-0.6354
4.0000,-0.1429,-0.6392
4.0000,-0.1310,-0.6428
4.0000,-0.1191,-0.6461
4.0000,-0.1070,-0.6492
4.0000,-0.0949,-0.6521
4.0000,-0.0827,-0.6548
4.0000,-0.0705,-0.6572
4.0000,-0.0582,-0.6594
4.0000,-0.0458,-0.6614
4.0000,-0.0334,-0.6632
4.0000,-0.0209,-0.6647
4.0000,-0.0084,-0.6659
4.0000,0.0042,-0.6670
4.0000,0.0168,-0.6678
4.0000,0.0294,-0.6684
4.0000,0.0421,-0.6687
4.0000,0.0547,-0.6688
4.0000,0.0674,-0.6686
4.0000,0.0802,-0.6682
4.0000,0.0929,-0.6676
4.0000,0.1056,-0.6667
4.0000,0.1183,-0.6656
4.0000,0.1310,-0.6642
4.0000,0.1437,-0.6626
4.0000,0.1564,-0.6607
4.0000,0.1691,-0.6586
4.0000,0.1818,-0.6563
4.0000,0.1944,-0.6537
4.0000,0.2070,-0.6509
4.0000,0.2195,-0.6478
4.0000,0.2320,-0.6445
4.0000,0.2445,-0.6409
4.0000,0.2569,-0.6372
4.0000,0.2693,-0.6331
4.0000,0.2816,-0.6288
4.0000,0.2938,-0.6243
4.0000,0.3059,-0.6196
4.0000,0.3180,-0.6146
4.0000,0.3300,-0.6094
4.0000,0.3420,-0.6039
4.0000,0.3538,-0.5982
4.0000,0.3655,-0.5923
4.0000,0.3772,-0.5861
4.0000,0.3887,-0.5798
4.0000,0.4001,-0.5731
4.0000,0.4114,-0.5663
4.0000,0.4227,-0.5593
4.0000,0.4337,-0.5520
4.0000,0.4447,-0.5445
4.0000,0.4555,-0.5368
4.0000,0.4662,-0.5288
4.0000,0.4768,-0.5207
4.0000,0.4872,-0.5123
4.0000,0.4975,-0.5038
4.0000,0.5076,-0.4950
4.0000,0.5176,-0.4860
4.0000,0.5274,-0.4769
4.0000,0.5370,-0.4675
4.0000,0.5465,-0.4579
4.0000,0.5558,-0.4482
4.0000,0.5650,-0.4382
4.0000,0.5739,-0.4281
4.0000,0.5827,-0.4178
4.0000,0.5913,-0.4073
4.0000,0.5997,-0.3966
4.0000,0.6079,-0.3858
4.0000,0.6159,-0.3748
4.0000,0.6238,-0.3636
4.0000,0.6314,-0.3523
4.0000,0.6388,-0.3408
4.0000,0.6460,-0.3291
4.0000,0.6530,-0.3173
4.0000,0.6597,-0.3054
4.0000,0.6663,-0.2933
4.0000,0.6726,-0.2811
4.0000,0.6787,-0.2687
4.0000,0.6846,-0.2562
4.0000,0.6903,-0.2436
4.0000,0.6957,-0.2309
4.0000,0.7009,-0.2180
4.0000,0.7058,-0.2051
4.0000,0.7105,-0.1920
4.0000,0.7150,-0.1788
4.0000,0.7192,-0.1655
4.0000,0.7232,-0.1521
4.0000,0.7269,-0.1387
4.0000,0.7304,-0.1251
4.0000,0.7336,-0.1115
4.0000,0.7365,-0.0978
4.0000,0.7392,-0.0840
4.0000,0.7417,-0.0701
4.0000,0.7439,-0.0562
4.0000,0.7458,-0.0422
4.0000,0.7475,-0.0282
4.0000,0.7489,-0.0141
4.0000,0.7500,-0.0000
4.0000,0.7509,0.0142
4.0000,0.7515,0.0283
4.0000,0.7518,0.0426
4.0000,0.7519,0.0568
4.0000,0.7516,0.0711
4.0000,0.7512,0.0853
4.0000,0.7504,0.0996
4.0000,0.7494,0.1139
4.0000,0.7481,0.1281
4.0000,0.7465,0.1424
4.0000,0.7447,0.1567
4.0000,0.7426,0.1709
4.0000,0.7402,0.1851
4.0000,0.7376,0.1993
4.0000,0.7346,0.2134
4.0000,0.7314,0.2275
4.0000,0.7280,0.2416
4.0000,0.7242,0.2556
4.0000,0.7202,0.2696
4.0000,0.7159,0.2835
4.0000,0.7114,0.2973
4.0000,0.7066,0.3110
4.0000,0.7015,0.3247
4.0000,0.6961,0.3383
4.0000,0.6905,0.3518
4.0000,0.6847,0.3653
4.0000,0.6785,0.3786
4.0000,0.6721,0.3918
4.0000,0.6655,0.4049
4.0000,0.6586,0.4179
4.0000,0.6514,0.4308
4.0000,0.6440,0.4436
4.0000,0.6363,0.4562
4.0000,0.6284,0.4688
4.0000,0.6203,0.4811
4.0000,0.6119,0.4934
4.0000,0.6032,0.5055
4.0000,0.5944,0.5174
4.0000,0.5852,0.5292
4.0000,0.5759,0.5408
4.0000,0.5663,0.5522
4.0000,0.5565,0.5635
4.0000,0.5465,0.5746
4.0000,0.5362,0.5856
4.0000,0.5257,0.5963
4.0000,0.5151,0.6069
4.0000,0.5042,0.6173
4.0000,0.4931,0.6275
4.0000,0.4817,0.6374
4.0000,0.4702,0.6472
4.0000,0.4585,0.6568
4.0000,0.4466,0.6661
4.0000,0.4345,0.6753
4.0000,0.4222,0.6842
4.0000,0.4098,0.6929
4.0000,0.3971,0.7014
4.0000,0.3843,0.7096
4.0000,0.3713,0.7176
4.0000,0.3582,0.7254
4.0000,0.3449,0.7329
4.0000,0.3314,0.7402
4.0000,0.3178,0.7472
4.0000,0.3040,0.7540
4.0000,0.2901,0.7605
4.0000,0.2761,0.7668
4.0000,0.2619,0.7728
4.0000,0.2476,0.7786
4.0000,0.2331,0.7841
4.0000,0.2186,0.7893
4.0000,0.2039,0.7942
4.0000,0.1891,0.7989
4.0000,0.1743,0.8033
4.0000,0.1593,0.8074
4.0000,0.1442,0.8113
4.0000,0.1291,0.8148
4.0000,0.1138,0.8181
4.0000,0.0985,0.8211
4.0000,0.0831,0.8238
4.0000,0.0676,0.8262
4.0000,0.0521,0.8284
4.0000,0.0365,0.8302
4.0000,0.0209,0.8317
4.0000,0.0052,0.8330
4.0000,-0.0105,0.8339
4.0000,-0.0262,0.8346
4.0000,-0.0420,0.8349
4.0000,-0.0578,0.8350
4.0000,-0.0736,0.8348
4.0000,-0.0894,0.8342
4.0000,-0.1053,0.8334
4.0000,-0.1211,0.8322
4.0000,-0.1369,0.8308
4.0000,-0.1528,0.8290
4.0000,-0.1686,0.8270
4.0000,-0.1843,0.8246
4.0000,-0.2001,0.8220
4.0000,-0.2158,0.8191
4.0000,-0.2315,0.8158
4.0000,-0.2471,0.8122
4.0000,-0.2627,0.8084
4.0000,-0.2782,0.8042
4.0000,-0.2936,0.7998
4.0000,-0.3090,0.7951
4.0000,-0.3243,0.7900
4.0000,-0.3396,0.7847
4.0000,-0.3547,0.7791
4.0000,-0.3698,0.7731
4.0000,-0.3847,0.7669
4.0000,-0.3996,0.7604
4.0000,-0.4143,0.7536
4.0000,-0.4289,0.7465
4.0000,-0.4434,0.7392
4.0000,-0.4578,0.7315
4.0000,-0.4721,0.7236
4.0000,-0.4862,0.7154
4.0000,-0.5002,0.7069
4.0000,-0.5140,0.6982
4.0000,-0.5277,0.6892
4.0000,-0.5412,0.6799
4.0000,-0.5546,0.6703
4.0000,-0.5677,0.6605
4.0000,-0.5808,0.6505
4.0000,-0.5936,0.6401
4.0000,-0.6063,0.6296
4.0000,-0.6187,0.6187
4.0000,-0.6310,0.6076
4.0000,-0.6431,0.5963
4.0000,-0.6549,0.5848
4.0000,-0.6666,0.5730
4.0000,-0.6781,0.5609
4.0000,-0.6893,0.5487
4.0000,-0.7003,0.5362
4.0000,-0.7111,0.5235
4.0000,-0.7216,0.5106
4.0000,-0.7320,0.4974
4.0000,-0.7420,0.4841
4.0000,-0.7519,0.4706
4.0000,-0.7615,0.4568
4.0000,-0.7708,0.4429
4.0000,-0.7799,0.4288
4.0000,-0.7887,0.4144
4.0000,-0.7973,0.4000
4.0000,-0.8056,0.3853
4.0000,-0.8136,0.3705
4.0000,-0.8214,0.3554
4.0000,-0.8289,0.3403
4.0000,-0.8361,0.3250
4.0000,-0.8430,0.3095
4.0000,-0.8496,0.2939
4.0000,-0.8560,0.2781
4.0000,-0.8620,0.2622
4.0000,-0.8677,0.2462
4.0000,-0.8732,0.2301
4.0000,-0.8784,0.2138
4.0000,-0.8832,0.1974
4.0000,-0.8877,0.1809
4.0000,-0.8920,0.1644
4.0000,-0.8959,0.1477
4.0000,-0.8995,0.1309
4.0000,-0.9028,0.1141
4.0000,-0.9058,0.0971
4.0000,-0.9085,0.0801
4.0000,-0.9108,0.0631
4.0000,-0.9128,0.0459
4.0000,-0.9145,0.0287
4.0000,-0.9159,0.0115
4.0000,-0.9170,-0.0058
4.0000,-0.9177,-0.0231
4.0000,-0.9181,-0.0404
4.0000,-0.9182,-0.0578
4.0000,-0.9179,-0.0751
4.0000,-0.9173,-0.0925
4.0000,-0.9164,-0.1099
4.0000,-0.9152,-0.1273
4.0000,-0.9136,-0.1447
4.0000,-0.9117,-0.1621
4.0000,-0.9095,-0.1794
4.0000,-0.9069,-0.1967
4.0000,-0.9040,-0.2140
4.0000,-0.9008,-0.2313
4.0000,-0.8972,-0.2485
4.0000,-0.8933,-0.2656
4.0000,-0.8891,-0.2827
4.0000,-0.8846,-0.2998
4.0000,-0.8797,-0.3167
4.0000,-0.8745,-0.3336
4.0000,-0.8690,-0.3504
4.0000,-0.8632,-0.3671
4.0000,-0.8570,-0.3837
4.0000,-0.8505,-0.4002
4.0000,-0.8437,-0.4166
4.0000,-0.8366,-0.4329
4.0000,-0.8292,-0.4491
4.0000,-0.8215,-0.4651
4.0000,-0.8134,-0.4810
4.0000,-0.8050,-0.4968
4.0000,-0.7964,-0.5124
4.0000,-0.7874,-0.5279
4.0000,-0.7781,-0.5432
4.0000,-0.7686,-0.5584
4.0000,-0.7587,-0.5734
4.0000,-0.7485,-0.5882
4.0000,-0.7381,-0.6028
4.0000,-0.7274,-0.6173
4.0000,-0.7164,-0.6316
4.0000,-0.7051,-0.6456
4.0000,-0.6935,-0.6595
4.0000,-0.6817,-0.6731
4.0000,-0.6695,-0.6866
4.0000,-0.6572,-0.6998
4.0000,-0.6445,-0.7128
4.0000,-0.6316,-0.7256
4.0000,-0.6185,-0.7381
4.0000,-0.6051,-0.7504
4.0000,-0.5915,-0.7625
4.0000,-0.5776,-0.7743
4.0000,-0.5635,-0.7859
4.0000,-0.5491,-0.7972
4.0000,-0.5345,-0.8082
4.0000,-0.5198,-0.8190
4.0000,-0.5047,-0.8295
4.0000,-0.4895,-0.8397
4.0000,-0.4741,-0.8497
4.0000,-0.4585,-0.8594
4.0000,-0.4426,-0.8687
4.0000,-0.4266,-0.8778
4.0000,-0.4104,-0.8866
4.0000,-0.3940,-0.8951
4.0000,-0.3775,-0.9033
4.0000,-0.3608,-0.9112
4.0000,-0.3439,-0.9188
4.0000,-0.3268,-0.9260
4.0000,-0.3096,-0.9330
4.0000,-0.2923,-0.9396
4.0000,-0.2748,-0.9459
4.0000,-0.2572,-0.9519
4.0000,-0.2394,-0.9575
4.0000,-0.2216,-0.9628
4.0000,-0.2036,-0.9678
4.0000,-0.1855,-0.9725
4.0000,-0.1673,-0.9768
4.0000,-0.1490,-0.9807
4.0000,-0.1306,-0.9844
4.0000,-0.1122,-0.9876
4.0000,-0.0936,-0.9906
4.0000,-0.0750,-0.9932
4.0000,-0.0563,-0.9954
4.0000,-0.0376,-0.9973
4.0000,-0.0188,-0.9988
4.0000,-0.0000,-1.0000
