1.0000,-0.0430,-0.0440
1.0000,-0.0378,-0.0398
1.0000,0.1298,0.1269
1.0000,-0.0789,-0.0829
1.0000,-0.0239,-0.0289
1.0000,0.0092,0.0032
1.0000,0.1241,0.1171
1.0000,0.1313,0.1233
1.0000,0.0575,0.0486
1.0000,0.0208,0.0109
1.0000,-0.0436,-0.0545
1.0000,-0.0350,-0.0469
1.0000,0.0088,-0.0041
1.0000,-0.0946,-0.1084
1.0000,0.0087,-0.0062
1.0000,-0.0505,-0.0663
1.0000,-0.0947,-0.1114
1.0000,0.0396,0.0218
1.0000,0.0430,0.0242
1.0000,-0.0174,-0.0371
1.0000,0.0998,0.0792
1.0000,0.0254,0.0037
1.0000,-0.0558,-0.0784
1.0000,-0.0071,-0.0307
1.0000,-0.0256,-0.0501
1.0000,0.1503,0.1248
1.0000,0.1346,0.1082
1.0000,0.0887,0.0613
1.0000,0.1416,0.1132
1.0000,0.1289,0.0996
1.0000,0.0844,0.0541
1.0000,-0.0758,-0.1069
1.0000,-0.0836,-0.1157
1.0000,-0.0868,-0.1199
1.0000,0.1517,0.1177
1.0000,0.1071,0.0721
1.0000,0.0973,0.0614
1.0000,0.0368,-0.0000
1.0000,0.0201,-0.0177
1.0000,-0.0552,-0.0939
1.0000,-0.0855,-0.1252
1.0000,0.1299,0.0893
1.0000,0.1058,0.0642
1.0000,0.0042,-0.0382
1.0000,0.0614,0.0181
1.0000,0.1429,0.0986
1.0000,0.1248,0.0795
1.0000,0.0042,-0.0419
1.0000,0.1259,0.0788
1.0000,0.1023,0.0543
1.0000,0.0119,-0.0370
1.0000,0.1734,0.1236
1.0000,0.0175,-0.0333
1.0000,0.0720,0.0203
1.0000,0.1306,0.0780
1.0000,-0.0645,-0.1180
1.0000,0.0004,-0.0540
1.0000,0.1078,0.0525
1.0000,0.1075,0.0513
1.0000,-0.0229,-0.0800
1.0000,0.1817,0.1237
1.0000,0.1467,0.0878
1.0000,0.0362,-0.0236
1.0000,0.0351,-0.0256
1.0000,0.0487,-0.0129
1.0000,-0.0482,-0.1107
1.0000,-0.0385,-0.1019
1.0000,0.1911,0.1268
1.0000,0.0014,-0.0638
1.0000,0.0597,-0.0063
1.0000,0.0971,0.0301
1.0000,0.0280,-0.0398
1.0000,0.0915,0.0228
1.0000,-0.0358,-0.1054
1.0000,0.0404,-0.0300
1.0000,0.0955,0.0241
1.0000,-0.0167,-0.0889
1.0000,0.0341,-0.0390
1.0000,0.0829,0.0090
1.0000,0.0528,-0.0220
1.0000,0.1184,0.0427
1.0000,-0.0223,-0.0989
1.0000,0.0664,-0.0110
1.0000,-0.0357,-0.1139
1.0000,0.1827,0.1035
1.0000,0.1222,0.0422
1.0000,0.0796,-0.0013
1.0000,0.0776,-0.0041
1.0000,0.1746,0.0920
1.0000,0.1713,0.0879
1.0000,0.1411,0.0568
1.0000,0.0468,-0.0383
1.0000,0.0643,-0.0216
1.0000,0.0809,-0.0059
1.0000,0.0897,0.0020
1.0000,0.1005,0.0120
1.0000,0.1860,0.0967
1.0000,0.2003,0.1101
1.0000,0.1767,0.0856
1.0000,0.1406,0.0488
1.0000,-0.0025,-0.0952
1.0000,0.0554,-0.0381
1.0000,0.2055,0.1111
1.0000,0.1722,0.0771
1.0000,0.0819,-0.0141
1.0000,0.0261,-0.0707
1.0000,0.2336,0.1359
1.0000,0.2180,0.1196
1.0000,0.0424,-0.0569
1.0000,0.0210,-0.0791
1.0000,0.2080,0.1071
1.0000,0.1787,0.0769
1.0000,0.0497,-0.0529
1.0000,0.0907,-0.0126
1.0000,0.1925,0.0883
1.0000,0.0370,-0.0679
1.0000,0.0161,-0.0897
1.0000,0.2318,0.1252
1.0000,0.0905,-0.0169
1.0000,0.1895,0.0813
1.0000,0.0757,-0.0333
1.0000,0.1780,0.0682
1.0000,0.1267,0.0162
1.0000,0.0168,-0.0945
1.0000,0.1594,0.0473
1.0000,0.0163,-0.0966
1.0000,0.1759,0.0622
1.0000,0.1635,0.0490
1.0000,0.0640,-0.0513
1.0000,0.2479,0.1318
1.0000,0.0921,-0.0248
1.0000,0.0397,-0.0779
1.0000,0.2440,0.1256
1.0000,0.1194,0.0002
1.0000,0.1585,0.0385
1.0000,0.0919,-0.0289
1.0000,0.2332,0.1117
1.0000,0.0317,-0.0906
1.0000,0.1945,0.0715
1.0000,0.0790,-0.0448
1.0000,0.2578,0.1333
1.0000,0.0535,-0.0718
1.0000,0.1852,0.0592
1.0000,0.1192,-0.0076
1.0000,0.1447,0.0171
1.0000,0.1535,0.0251
1.0000,0.0694,-0.0597
1.0000,0.2596,0.1298
1.0000,0.1033,-0.0273
1.0000,0.1515,0.0202
1.0000,0.1449,0.0129
1.0000,0.2010,0.0682
1.0000,0.0497,-0.0839
1.0000,0.1426,0.0083
1.0000,0.2759,0.1408
1.0000,0.0809,-0.0549
1.0000,0.2635,0.1270
1.0000,0.0827,-0.0545
1.0000,0.0688,-0.0691
1.0000,0.1045,-0.0342
1.0000,0.2287,0.0893
1.0000,0.0745,-0.0657
1.0000,0.0724,-0.0685
1.0000,0.1690,0.0274
1.0000,0.0987,-0.0436
1.0000,0.1031,-0.0399
1.0000,0.0869,-0.0568
1.0000,0.0409,-0.1036
1.0000,0.0603,-0.0848
1.0000,0.1746,0.0287
1.0000,0.0734,-0.0731
1.0000,0.1101,-0.0372
1.0000,0.2650,0.1171
1.0000,0.1072,-0.0414
1.0000,0.1858,0.0364
1.0000,0.1497,-0.0003
1.0000,0.1844,0.0337
1.0000,0.2870,0.1355
1.0000,0.1286,-0.0235
1.0000,0.2165,0.0637
1.0000,0.2834,0.1299
1.0000,0.2222,0.0680
1.0000,0.1635,0.0086
1.0000,0.1438,-0.0118
1.0000,0.0682,-0.0880
1.0000,0.1949,0.0379
1.0000,0.1382,-0.0195
1.0000,0.0888,-0.0695
1.0000,0.1744,0.0154
1.0000,0.1136,-0.0460
1.0000,0.1893,0.0290
1.0000,0.2452,0.0842
1.0000,0.1079,-0.0538
1.0000,0.2606,0.0983
1.0000,0.2836,0.1207
1.0000,0.0769,-0.0867
1.0000,0.1858,0.0215
1.0000,0.0899,-0.0751
1.0000,0.2467,0.0811
1.0000,0.1147,-0.0515
1.0000,0.1920,0.0251
1.0000,0.1568,-0.0107
1.0000,0.1345,-0.0337
1.0000,0.2533,0.0844
1.0000,0.1922,0.0228
1.0000,0.2414,0.0713
1.0000,0.3238,0.1531
1.0000,0.2024,0.0310
1.0000,0.1195,-0.0526
1.0000,0.3179,0.1452
1.0000,0.1868,0.0135
1.0000,0.2070,0.0331
1.0000,0.3323,0.1578
1.0000,0.2629,0.0877
1.0000,0.2102,0.0344
1.0000,0.2942,0.1178
1.0000,0.1468,-0.0302
1.0000,0.2429,0.0652
1.0000,0.2383,0.0600
1.0000,0.1970,0.0181
1.0000,0.3279,0.1484
1.0000,0.2290,0.0488
1.0000,0.2928,0.1120
1.0000,0.1798,-0.0015
1.0000,0.2791,0.0971
1.0000,0.1049,-0.0777
1.0000,0.2773,0.0942
1.0000,0.2342,0.0505
1.0000,0.2813,0.0969
1.0000,0.2596,0.0747
1.0000,0.2960,0.1105
1.0000,0.1744,-0.0118
1.0000,0.1327,-0.0540
1.0000,0.2540,0.0667
1.0000,0.3513,0.1634
1.0000,0.3471,0.1586
1.0000,0.2057,0.0167
1.0000,0.2929,0.1033
1.0000,0.3119,0.1217
1.0000,0.3450,0.1542
1.0000,0.1718,-0.0195
1.0000,0.3491,0.1571
1.0000,0.2385,0.0460
1.0000,0.2203,0.0272
1.0000,0.1815,-0.0121
1.0000,0.3625,0.1683
1.0000,0.3023,0.1076
1.0000,0.1982,0.0029
1.0000,0.2497,0.0538
1.0000,0.2075,0.0110
1.0000,0.2321,0.0351
1.0000,0.1760,-0.0215
1.0000,0.3346,0.1365
1.0000,0.2634,0.0648
1.0000,0.1794,-0.0198
1.0000,0.2067,0.0070
1.0000,0.2944,0.0942
1.0000,0.1713,-0.0295
1.0000,0.3624,0.1610
1.0000,0.3434,0.1415
1.0000,0.2876,0.0852
1.0000,0.2548,0.0519
1.0000,0.2455,0.0420
1.0000,0.3169,0.1129
1.0000,0.3058,0.1013
1.0000,0.3420,0.1369
1.0000,0.3701,0.1645
1.0000,0.3362,0.1302
1.0000,0.3002,0.0936
1.0000,0.1567,-0.0505
1.0000,0.3805,0.1729
1.0000,0.3137,0.1055
1.0000,0.3583,0.1496
1.0000,0.2688,0.0597
1.0000,0.3468,0.1371
1.0000,0.2401,0.0300
1.0000,0.2336,0.0230
1.0000,0.3721,0.1609
1.0000,0.1695,-0.0422
1.0000,0.3208,0.1086
1.0000,0.3773,0.1647
1.0000,0.3974,0.1842
1.0000,0.2762,0.0626
1.0000,0.4020,0.1878
1.0000,0.2028,-0.0118
1.0000,0.2943,0.0792
1.0000,0.3028,0.0872
1.0000,0.1855,-0.0306
1.0000,0.3255,0.1089
1.0000,0.2883,0.0712
1.0000,0.2252,0.0077
1.0000,0.3218,0.1039
1.0000,0.3932,0.1747
1.0000,0.2080,-0.0109
1.0000,0.2102,-0.0091
1.0000,0.3530,0.1331
1.0000,0.3073,0.0870
1.0000,0.2653,0.0446
1.0000,0.2554,0.0342
1.0000,0.2685,0.0469
1.0000,0.2984,0.0762
1.0000,0.3602,0.1376
1.0000,0.2835,0.0604
1.0000,0.2551,0.0317
1.0000,0.2318,0.0079
1.0000,0.3493,0.1250
1.0000,0.3315,0.1066
1.0000,0.2684,0.0431
1.0000,0.4117,0.1860
1.0000,0.3945,0.1684
1.0000,0.3939,0.1673
1.0000,0.3496,0.1226
1.0000,0.2669,0.0395
1.0000,0.2386,0.0107
1.0000,0.3637,0.1354
1.0000,0.2367,0.0080
1.0000,0.3901,0.1609
1.0000,0.3858,0.1562
1.0000,0.3841,0.1542
1.0000,0.2757,0.0453
1.0000,0.4241,0.1934
1.0000,0.4244,0.1932
1.0000,0.3665,0.1349
1.0000,0.3075,0.0755
1.0000,0.2489,0.0165
1.0000,0.2120,-0.0208
1.0000,0.2172,-0.0160
1.0000,0.3908,0.1571
1.0000,0.2311,-0.0029
1.0000,0.3553,0.1209
1.0000,0.3267,0.0919
1.0000,0.3251,0.0899
1.0000,0.3363,0.1007
1.0000,0.4385,0.2025
1.0000,0.4100,0.1736
1.0000,0.4345,0.1978
1.0000,0.2014,-0.0357
1.0000,0.2352,-0.0023
1.0000,0.3261,0.0882
1.0000,0.2015,-0.0367
1.0000,0.2506,0.0120
1.0000,0.3918,0.1528
1.0000,0.3462,0.1069
1.0000,0.4064,0.1667
1.0000,0.2992,0.0591
1.0000,0.2431,0.0027
1.0000,0.2190,-0.0218
1.0000,0.3053,0.0641
1.0000,0.3092,0.0677
1.0000,0.3988,0.1570
1.0000,0.3462,0.1040
1.0000,0.2371,-0.0055
1.0000,0.4576,0.2147
1.0000,0.3257,0.0824
1.0000,0.2885,0.0449
1.0000,0.3185,0.0745
1.0000,0.4253,0.1811
1.0000,0.2374,-0.0072
1.0000,0.4296,0.1847
1.0000,0.4189,0.1736
1.0000,0.3958,0.1502
1.0000,0.2376,-0.0083
1.0000,0.3919,0.1457
1.0000,0.4175,0.1709
1.0000,0.2740,0.0271
1.0000,0.4366,0.1894
1.0000,0.4009,0.1534
1.0000,0.2750,0.0271
1.0000,0.4046,0.1564
1.0000,0.4369,0.1884
1.0000,0.3296,0.0808
1.0000,0.3043,0.0552
1.0000,0.2644,0.0151
1.0000,0.4583,0.2086
1.0000,0.3987,0.1487
1.0000,0.4195,0.1692
1.0000,0.3114,0.0608
1.0000,0.3360,0.0851
1.0000,0.2639,0.0127
1.0000,0.3313,0.0798
1.0000,0.2677,0.0159
1.0000,0.4411,0.1891
1.0000,0.4767,0.2244
1.0000,0.3084,0.0558
1.0000,0.3565,0.1037
1.0000,0.3741,0.1209
1.0000,0.2936,0.0402
1.0000,0.4071,0.1534
1.0000,0.3001,0.0461
1.0000,0.4440,0.1898
1.0000,0.2590,0.0045
1.0000,0.2520,-0.0028
1.0000,0.3052,0.0501
1.0000,0.2885,0.0332
1.0000,0.4893,0.2337
1.0000,0.4919,0.2361
1.0000,0.4211,0.1650
1.0000,0.3615,0.1052
1.0000,0.3046,0.0480
1.0000,0.4992,0.2424
1.0000,0.3426,0.0856
1.0000,0.3217,0.0644
1.0000,0.3849,0.1274
1.0000,0.2643,0.0065
1.0000,0.4863,0.2283
1.0000,0.3616,0.1033
1.0000,0.3872,0.1287
1.0000,0.3779,0.1192
1.0000,0.4128,0.1539
1.0000,0.4721,0.2129
1.0000,0.2992,0.0398
1.0000,0.3423,0.0826
1.0000,0.4975,0.2376
1.0000,0.3049,0.0448
1.0000,0.4809,0.2207
1.0000,0.4466,0.1861
1.0000,0.3505,0.0898
1.0000,0.4950,0.2341
1.0000,0.3334,0.0723
1.0000,0.3977,0.1364
1.0000,0.3208,0.0593
1.0000,0.5244,0.2627
1.0000,0.5140,0.2521
1.0000,0.3524,0.0903
1.0000,0.3296,0.0673
1.0000,0.5244,0.2619
1.0000,0.3407,0.0780
1.0000,0.5023,0.2394
1.0000,0.3526,0.0895
1.0000,0.2787,0.0155
1.0000,0.4005,0.1371
1.0000,0.4761,0.2125
1.0000,0.4167,0.1529
1.0000,0.2921,0.0282
1.0000,0.4605,0.1964
1.0000,0.4707,0.2065
1.0000,0.4026,0.1382
1.0000,0.4014,0.1368
1.0000,0.3459,0.0811
1.0000,0.4974,0.2324
1.0000,0.3564,0.0913
1.0000,0.3853,0.1200
1.0000,0.3297,0.0643
1.0000,0.2989,0.0333
1.0000,0.4837,0.2180
1.0000,0.3980,0.1322
1.0000,0.5413,0.2753
1.0000,0.4310,0.1648
1.0000,0.4924,0.2262
1.0000,0.4934,0.2269
1.0000,0.3820,0.1154
1.0000,0.4240,0.1573
1.0000,0.5426,0.2757
1.0000,0.5364,0.2694
1.0000,0.3091,0.0420
1.0000,0.3345,0.0672
1.0000,0.3512,0.0839
1.0000,0.5391,0.2716
1.0000,0.5389,0.2713
1.0000,0.4707,0.2030
1.0000,0.4848,0.2169
1.0000,0.5502,0.2823
1.0000,0.3655,0.0975
1.0000,0.5188,0.2507
1.0000,0.4919,0.2236
1.0000,0.5296,0.2612
1.0000,0.4956,0.2272
1.0000,0.3864,0.1178
1.0000,0.4392,0.1705
1.0000,0.4156,0.1468
1.0000,0.4382,0.1694
1.0000,0.3574,0.0885
1.0000,0.3595,0.0905
1.0000,0.3385,0.0694
1.0000,0.3372,0.0680
1.0000,0.3346,0.0653
1.0000,0.4307,0.1614
1.0000,0.3551,0.0857
1.0000,0.3931,0.1235
1.0000,0.3501,0.0805
1.0000,0.5004,0.2307
1.0000,0.5608,0.2910
1.0000,0.3959,0.1261
1.0000,0.3421,0.0722
1.0000,0.5400,0.2700
1.0000,0.5682,0.2982
1.0000,0.4565,0.1864
1.0000,0.5796,0.3095
1.0000,0.3565,0.0863
1.0000,0.3869,0.1167
1.0000,0.4598,0.1895
1.0000,0.3804,0.1101
1.0000,0.4592,0.1888
1.0000,0.4962,0.2258
1.0000,0.5778,0.3073
1.0000,0.5467,0.2763
1.0000,0.3430,0.0725
1.0000,0.4090,0.1385
1.0000,0.5575,0.2869
1.0000,0.5313,0.2607
1.0000,0.4234,0.1527
1.0000,0.3826,0.1119
1.0000,0.3825,0.1118
1.0000,0.3842,0.1135
1.0000,0.4418,0.1711
1.0000,0.4240,0.1533
1.0000,0.5080,0.2372
1.0000,0.4405,0.1698
1.0000,0.5332,0.2625
1.0000,0.4342,0.1635
1.0000,0.5365,0.2657
1.0000,0.5263,0.2555
1.0000,0.3837,0.1130
1.0000,0.5528,0.2821
1.0000,0.5190,0.2482
1.0000,0.5413,0.2705
1.0000,0.5688,0.2980
1.0000,0.4631,0.1924
1.0000,0.4640,0.1933
1.0000,0.5009,0.2302
1.0000,0.5089,0.2382
1.0000,0.4112,0.1405
1.0000,0.4598,0.1891
1.0000,0.5340,0.2634
1.0000,0.5843,0.3137
1.0000,0.4225,0.1519
1.0000,0.4770,0.2064
1.0000,0.3909,0.1204
1.0000,0.5657,0.2953
1.0000,0.3687,0.0982
1.0000,0.4525,0.1821
1.0000,0.4844,0.2141
1.0000,0.5045,0.2342
1.0000,0.4079,0.1376
1.0000,0.5774,0.3072
1.0000,0.4136,0.1434
1.0000,0.5184,0.2483
1.0000,0.4211,0.1510
1.0000,0.5776,0.3076
1.0000,0.5911,0.3211
1.0000,0.3718,0.1020
1.0000,0.3756,0.1057
1.0000,0.5568,0.2871
1.0000,0.6203,0.3506
1.0000,0.3964,0.1268
1.0000,0.3870,0.1174
1.0000,0.4851,0.2157
1.0000,0.5366,0.2672
1.0000,0.3780,0.1087
1.0000,0.4919,0.2227
1.0000,0.4380,0.1689
1.0000,0.3787,0.1096
1.0000,0.4820,0.2130
1.0000,0.5865,0.3176
1.0000,0.5908,0.3220
1.0000,0.4351,0.1664
1.0000,0.4222,0.1536
1.0000,0.5189,0.2504
1.0000,0.3890,0.1206
1.0000,0.5056,0.2373
1.0000,0.6000,0.3319
1.0000,0.5539,0.2859
1.0000,0.5041,0.2362
1.0000,0.5910,0.3231
1.0000,0.4702,0.2025
1.0000,0.6002,0.3326
1.0000,0.4655,0.1980
1.0000,0.4778,0.2104
1.0000,0.4423,0.1751
1.0000,0.5865,0.3194
1.0000,0.6244,0.3575
1.0000,0.6306,0.3637
1.0000,0.5434,0.2767
1.0000,0.4563,0.1898
1.0000,0.5056,0.2392
1.0000,0.5522,0.2860
1.0000,0.5816,0.3155
1.0000,0.5872,0.3213
1.0000,0.4979,0.2321
1.0000,0.6305,0.3648
1.0000,0.4230,0.1574
1.0000,0.5362,0.2708
1.0000,0.3975,0.1323
1.0000,0.5200,0.2549
1.0000,0.4734,0.2084
1.0000,0.5661,0.3014
1.0000,0.4777,0.2131
1.0000,0.5156,0.2512
1.0000,0.5123,0.2480
1.0000,0.4719,0.2078
1.0000,0.5649,0.3010
1.0000,0.5140,0.2503
1.0000,0.4912,0.2276
1.0000,0.4481,0.1847
1.0000,0.4384,0.1752
1.0000,0.4111,0.1481
1.0000,0.5817,0.3189
1.0000,0.5689,0.3063
1.0000,0.5615,0.2991
1.0000,0.5853,0.3231
1.0000,0.5722,0.3102
1.0000,0.4600,0.1982
1.0000,0.6007,0.3391
1.0000,0.4546,0.1932
1.0000,0.4445,0.1833
1.0000,0.4558,0.1948
1.0000,0.5885,0.3277
1.0000,0.4891,0.2286
1.0000,0.5741,0.3138
1.0000,0.6185,0.3583
1.0000,0.6191,0.3592
1.0000,0.6309,0.3712
1.0000,0.4446,0.1852
1.0000,0.6371,0.3778
1.0000,0.4604,0.2014
1.0000,0.5615,0.3027
1.0000,0.5140,0.2554
1.0000,0.5020,0.2437
1.0000,0.4885,0.2305
1.0000,0.6213,0.3635
1.0000,0.5685,0.3110
1.0000,0.4790,0.2217
1.0000,0.6446,0.3875
1.0000,0.5295,0.2727
1.0000,0.4682,0.2116
1.0000,0.6720,0.4157
1.0000,0.5971,0.3410
1.0000,0.4640,0.2082
1.0000,0.6535,0.3980
1.0000,0.5695,0.3142
1.0000,0.5821,0.3270
1.0000,0.5326,0.2779
1.0000,0.5057,0.2513
1.0000,0.4544,0.2002
1.0000,0.4756,0.2217
1.0000,0.4928,0.2392
1.0000,0.5787,0.3253
1.0000,0.5516,0.2985
1.0000,0.4351,0.1823
1.0000,0.6017,0.3492
1.0000,0.4770,0.2248
1.0000,0.4589,0.2070
1.0000,0.4368,0.1851
1.0000,0.5401,0.2888
1.0000,0.6586,0.4076
1.0000,0.6567,0.4059
1.0000,0.5929,0.3424
1.0000,0.4603,0.2101
1.0000,0.5872,0.3374
1.0000,0.4722,0.2227
1.0000,0.6829,0.4337
1.0000,0.5734,0.3245
1.0000,0.5884,0.3398
1.0000,0.6183,0.3701
1.0000,0.6330,0.3850
1.0000,0.6822,0.4345
1.0000,0.5263,0.2790
1.0000,0.5799,0.3329
1.0000,0.6134,0.3668
1.0000,0.6987,0.4524
1.0000,0.5458,0.2998
1.0000,0.5155,0.2698
1.0000,0.4616,0.2163
1.0000,0.5324,0.2874
1.0000,0.5465,0.3019
1.0000,0.6680,0.4238
1.0000,0.6008,0.3569
1.0000,0.6122,0.3687
1.0000,0.5198,0.2766
1.0000,0.5473,0.3045
1.0000,0.5303,0.2878
1.0000,0.4850,0.2429
1.0000,0.6176,0.3758
1.0000,0.6682,0.4268
1.0000,0.6643,0.4233
1.0000,0.6481,0.4074
1.0000,0.6083,0.3680
1.0000,0.5704,0.3305
1.0000,0.7072,0.4677
1.0000,0.7027,0.4636
1.0000,0.5504,0.3116
1.0000,0.7135,0.4751
1.0000,0.6449,0.4069
1.0000,0.6157,0.3781
1.0000,0.6336,0.3964
1.0000,0.5529,0.3160
1.0000,0.5111,0.2747
1.0000,0.4801,0.2441
1.0000,0.6165,0.3809
1.0000,0.5395,0.3043
1.0000,0.4822,0.2473
1.0000,0.7071,0.4727
1.0000,0.4866,0.2526
1.0000,0.6728,0.4391
1.0000,0.6305,0.3973
1.0000,0.5806,0.3478
1.0000,0.6202,0.3879
1.0000,0.6864,0.4545
1.0000,0.5416,0.3101
1.0000,0.5298,0.2987
1.0000,0.6716,0.4410
1.0000,0.5454,0.3152
1.0000,0.6985,0.4687
1.0000,0.6476,0.4182
1.0000,0.5739,0.3449
1.0000,0.6675,0.4390
1.0000,0.6483,0.4203
1.0000,0.5432,0.3156
1.0000,0.6714,0.4443
1.0000,0.6030,0.3763
1.0000,0.7256,0.4994
1.0000,0.4903,0.2644
1.0000,0.6571,0.4317
1.0000,0.4826,0.2576
1.0000,0.5459,0.3214
1.0000,0.6107,0.3867
1.0000,0.5590,0.3354
1.0000,0.6461,0.4231
1.0000,0.6691,0.4465
1.0000,0.6515,0.4294
1.0000,0.7269,0.5053
1.0000,0.6995,0.4783
1.0000,0.5533,0.3326
1.0000,0.6541,0.4339
1.0000,0.4834,0.2637
1.0000,0.6956,0.4763
1.0000,0.6952,0.4764
1.0000,0.6999,0.4816
1.0000,0.6391,0.4213
1.0000,0.4905,0.2732
1.0000,0.6864,0.4696
1.0000,0.5385,0.3222
1.0000,0.5447,0.3289
1.0000,0.5472,0.3319
1.0000,0.6282,0.4134
1.0000,0.5547,0.3405
1.0000,0.5178,0.3041
1.0000,0.4998,0.2865
1.0000,0.5150,0.3022
1.0000,0.7457,0.5335
1.0000,0.5888,0.3771
1.0000,0.6776,0.4664
1.0000,0.7290,0.5183
1.0000,0.6580,0.4479
1.0000,0.5510,0.3414
1.0000,0.6636,0.4545
1.0000,0.7241,0.5155
1.0000,0.6190,0.4110
1.0000,0.5572,0.3497
1.0000,0.5562,0.3492
1.0000,0.5825,0.3762
1.0000,0.6559,0.4501
1.0000,0.7110,0.5057
1.0000,0.5075,0.3028
1.0000,0.7253,0.5211
1.0000,0.5463,0.3427
1.0000,0.7450,0.5419
1.0000,0.7455,0.5430
1.0000,0.5790,0.3770
1.0000,0.5520,0.3506
1.0000,0.7108,0.5099
1.0000,0.6084,0.4081
1.0000,0.5417,0.3420
1.0000,0.6675,0.4684
1.0000,0.6638,0.4652
1.0000,0.5982,0.4003
1.0000,0.6860,0.4886
1.0000,0.5378,0.3410
1.0000,0.6810,0.4848
1.0000,0.6234,0.4278
1.0000,0.5504,0.3553
1.0000,0.7202,0.5257
1.0000,0.5641,0.3702
1.0000,0.6052,0.4119
1.0000,0.6651,0.4724
1.0000,0.6403,0.4483
1.0000,0.6167,0.4253
1.0000,0.7380,0.5471
1.0000,0.7323,0.5420
1.0000,0.6476,0.4580
1.0000,0.6413,0.4523
1.0000,0.6124,0.4240
1.0000,0.6338,0.4460
1.0000,0.5731,0.3859
1.0000,0.6118,0.4253
1.0000,0.6416,0.4556
1.0000,0.6782,0.4928
1.0000,0.7163,0.5317
1.0000,0.5737,0.3897
1.0000,0.7434,0.5600
1.0000,0.5404,0.3576
1.0000,0.6598,0.4776
1.0000,0.7050,0.5235
1.0000,0.5558,0.3749
1.0000,0.6952,0.5150
1.0000,0.5650,0.3854
1.0000,0.5224,0.3434
1.0000,0.5718,0.3935
1.0000,0.7589,0.5812
1.0000,0.6061,0.4291
1.0000,0.6375,0.4611
1.0000,0.5248,0.3492
1.0000,0.6223,0.4473
1.0000,0.5748,0.4005
1.0000,0.6140,0.4403
1.0000,0.5861,0.4131
1.0000,0.6047,0.4324
1.0000,0.7168,0.5451
1.0000,0.7448,0.5739
1.0000,0.6367,0.4664
1.0000,0.5467,0.3770
1.0000,0.6917,0.5228
1.0000,0.5911,0.4229
1.0000,0.5392,0.3716
1.0000,0.7558,0.5889
1.0000,0.6058,0.4396
1.0000,0.5520,0.3865
1.0000,0.5814,0.4166
1.0000,0.7194,0.5553
1.0000,0.7002,0.5368
1.0000,0.6990,0.5363
1.0000,0.6318,0.4699
1.0000,0.6021,0.4409
1.0000,0.6178,0.4572
1.0000,0.7220,0.5622
1.0000,0.6728,0.5137
1.0000,0.6786,0.5202
1.0000,0.7473,0.5896
1.0000,0.7199,0.5629
1.0000,0.7685,0.6122
1.0000,0.5452,0.3897
1.0000,0.6373,0.4825
1.0000,0.6533,0.4992
1.0000,0.7525,0.5992
1.0000,0.6975,0.5449
1.0000,0.5407,0.3889
1.0000,0.6950,0.5439
1.0000,0.6064,0.4561
1.0000,0.7676,0.6180
1.0000,0.6359,0.4870
1.0000,0.7713,0.6231
1.0000,0.7744,0.6270
1.0000,0.6829,0.5362
1.0000,0.6540,0.5082
1.0000,0.6406,0.4955
1.0000,0.6958,0.5514
1.0000,0.6188,0.4753
1.0000,0.6384,0.4956
1.0000,0.5856,0.4435
1.0000,0.7518,0.6105
1.0000,0.7527,0.6122
1.0000,0.6934,0.5536
1.0000,0.6914,0.5524
1.0000,0.5727,0.4345
1.0000,0.5839,0.4465
1.0000,0.6744,0.5378
1.0000,0.7349,0.5991
1.0000,0.7601,0.6251
1.0000,0.7211,0.5868
1.0000,0.6746,0.5412
1.0000,0.6014,0.4688
1.0000,0.7920,0.6601
1.0000,0.7049,0.5738
1.0000,0.6137,0.4834
1.0000,0.5734,0.4440
1.0000,0.6028,0.4742
1.0000,0.7933,0.6654
1.0000,0.5478,0.4208
1.0000,0.5983,0.4721
1.0000,0.6425,0.5171
1.0000,0.6849,0.5603
1.0000,0.5927,0.4689
1.0000,0.7423,0.6194
1.0000,0.6938,0.5717
1.0000,0.7259,0.6046
1.0000,0.6037,0.4832
1.0000,0.7566,0.6370
1.0000,0.7952,0.6764
1.0000,0.6385,0.5205
1.0000,0.6939,0.5768
1.0000,0.8006,0.6843
1.0000,0.6384,0.5229
1.0000,0.6082,0.4936
1.0000,0.6093,0.4956
1.0000,0.7508,0.6379
1.0000,0.6647,0.5527
1.0000,0.6526,0.5414
1.0000,0.7577,0.6474
1.0000,0.7602,0.6507
1.0000,0.6162,0.5076
1.0000,0.5675,0.4598
1.0000,0.7468,0.6399
1.0000,0.6655,0.5595
1.0000,0.7634,0.6582
1.0000,0.7246,0.6204
1.0000,0.8102,0.7068
1.0000,0.5916,0.4891
1.0000,0.7583,0.6567
1.0000,0.6195,0.5187
1.0000,0.8000,0.7001
1.0000,0.7250,0.6260
1.0000,0.6924,0.5943
1.0000,0.5797,0.4825
1.0000,0.7933,0.6970
1.0000,0.6626,0.5672
1.0000,0.7778,0.6833
1.0000,0.7352,0.6415
1.0000,0.7259,0.6332
1.0000,0.6483,0.5565
1.0000,0.5828,0.4919
1.0000,0.6956,0.6056
1.0000,0.6261,0.5370
1.0000,0.7310,0.6429
1.0000,0.7636,0.6764
1.0000,0.6943,0.6080
1.0000,0.6649,0.5795
1.0000,0.6880,0.6036
1.0000,0.6666,0.5831
1.0000,0.7766,0.6939
1.0000,0.6537,0.5720
1.0000,0.7132,0.6325
1.0000,0.5740,0.4942
1.0000,0.6649,0.5860
1.0000,0.6126,0.5347
1.0000,0.6959,0.6188
1.0000,0.6012,0.5251
1.0000,0.7000,0.6249
1.0000,0.7636,0.6894
1.0000,0.6014,0.5282
1.0000,0.7609,0.6886
1.0000,0.7347,0.6634
1.0000,0.7423,0.6719
1.0000,0.6899,0.6205
1.0000,0.8201,0.7517
1.0000,0.7724,0.7049
1.0000,0.6688,0.6023
1.0000,0.7761,0.7106
1.0000,0.7600,0.6954
1.0000,0.6001,0.5365
1.0000,0.6025,0.5399
1.0000,0.7397,0.6781
1.0000,0.6898,0.6292
1.0000,0.6071,0.5475
1.0000,0.6379,0.5792
1.0000,0.7969,0.7392
1.0000,0.6446,0.5879
1.0000,0.8214,0.7657
1.0000,0.6499,0.5952
1.0000,0.6658,0.6121
1.0000,0.6977,0.6449
1.0000,0.7575,0.7058
1.0000,0.6057,0.5549
1.0000,0.7346,0.6848
1.0000,0.7383,0.6896
1.0000,0.5771,0.5293
1.0000,0.7038,0.6571
1.0000,0.6977,0.6521
1.0000,0.6817,0.6370
1.0000,0.7229,0.6792
1.0000,0.8056,0.7629
1.0000,0.7093,0.6677
1.0000,0.7652,0.7246
1.0000,0.7330,0.6934
1.0000,0.7713,0.7327
1.0000,0.8034,0.7659
1.0000,0.6879,0.6514
1.0000,0.5793,0.5438
1.0000,0.7758,0.7414
1.0000,0.7693,0.7359
1.0000,0.6583,0.6260
1.0000,0.7856,0.7543
1.0000,0.7137,0.6835
1.0000,0.6481,0.6189
1.0000,0.7186,0.6905
1.0000,0.7277,0.7006
1.0000,0.7218,0.6958
1.0000,0.6793,0.6543
1.0000,0.6734,0.6495
1.0000,0.8186,0.7958
1.0000,0.6531,0.6313
1.0000,0.7327,0.7120
1.0000,0.7061,0.6865
1.0000,0.7337,0.7151
1.0000,0.7542,0.7367
1.0000,0.7390,0.7226
1.0000,0.6930,0.6776
1.0000,0.6077,0.5935
1.0000,0.7972,0.7840
1.0000,0.6573,0.6452
1.0000,0.6212,0.6102
1.0000,0.6136,0.6037
1.0000,0.8146,0.8058
1.0000,0.5807,0.5729
1.0000,0.7443,0.7377
1.0000,0.6658,0.6603
1.0000,0.6728,0.6683
1.0000,0.6910,0.6876
1.0000,0.7006,0.6984
1.0000,0.6331,0.6320
1.0000,0.8135,0.8135
2.0000,-0.0451,-0.0441
2.0000,-0.1033,-0.1012
2.0000,-0.0385,-0.0355
2.0000,0.1208,0.1249
2.0000,-0.0316,-0.0265
2.0000,-0.0347,-0.0287
2.0000,0.0390,0.0460
2.0000,0.0363,0.0444
2.0000,-0.0321,-0.0230
2.0000,0.0744,0.0845
2.0000,0.1000,0.1111
2.0000,0.1056,0.1177
2.0000,0.0478,0.0609
2.0000,0.0523,0.0664
2.0000,0.0214,0.0366
2.0000,0.0546,0.0708
2.0000,-0.0753,-0.0580
2.0000,0.1245,0.1427
2.0000,-0.1195,-0.1003
2.0000,-0.0861,-0.0657
2.0000,-0.0187,0.0026
2.0000,-0.0172,0.0052
2.0000,0.0040,0.0274
2.0000,-0.0284,-0.0039
2.0000,0.1005,0.1260
2.0000,-0.0343,-0.0077
2.0000,-0.0162,0.0113
2.0000,-0.0880,-0.0594
2.0000,0.1115,0.1412
2.0000,-0.0337,-0.0030
2.0000,-0.0557,-0.0240
2.0000,-0.0101,0.0227
2.0000,0.0261,0.0600
2.0000,-0.1062,-0.0713
2.0000,-0.0472,-0.0113
2.0000,-0.0134,0.0236
2.0000,0.0096,0.0476
2.0000,-0.1254,-0.0863
2.0000,0.0124,0.0526
2.0000,-0.0334,0.0078
2.0000,-0.0658,-0.0235
2.0000,-0.0766,-0.0332
2.0000,0.0681,0.1125
2.0000,-0.0383,0.0072
2.0000,0.1045,0.1510
2.0000,-0.0353,0.0123
2.0000,0.0118,0.0605
2.0000,0.0540,0.1038
2.0000,0.1246,0.1754
2.0000,-0.1192,-0.0672
2.0000,-0.0818,-0.0288
2.0000,0.0149,0.0689
2.0000,-0.0223,0.0329
2.0000,0.0124,0.0686
2.0000,0.0947,0.1520
2.0000,-0.1084,-0.0500
2.0000,-0.1115,-0.0520
2.0000,-0.0936,-0.0331
2.0000,0.1233,0.1849
2.0000,-0.0048,0.0580
2.0000,-0.1197,-0.0559
2.0000,0.0956,0.1606
2.0000,0.0802,0.1463
2.0000,-0.0677,-0.0005
2.0000,0.0993,0.1676
2.0000,-0.0912,-0.0218
2.0000,-0.0438,0.0267
2.0000,-0.1093,-0.0378
2.0000,0.1127,0.1854
2.0000,-0.0983,-0.0246
2.0000,-0.0316,0.0433
2.0000,0.0654,0.1413
2.0000,0.0083,0.0853
2.0000,0.0797,0.1579
2.0000,-0.1264,-0.0471
2.0000,-0.0827,-0.0023
2.0000,0.0291,0.1106
2.0000,-0.0664,0.0162
2.0000,0.0589,0.1426
2.0000,0.0412,0.1261
2.0000,-0.1028,-0.0168
2.0000,-0.1085,-0.0213
2.0000,0.1060,0.1943
2.0000,-0.0686,0.0208
2.0000,0.0199,0.1104
2.0000,-0.1240,-0.0324
2.0000,-0.0472,0.0455
2.0000,0.0479,0.1418
2.0000,-0.0670,0.0280
2.0000,0.1053,0.2015
2.0000,0.0010,0.0983
2.0000,0.0794,0.1778
2.0000,0.0721,0.1717
2.0000,-0.0925,0.0081
2.0000,-0.0130,0.0888
2.0000,0.0118,0.1147
2.0000,0.0533,0.1574
2.0000,-0.0618,0.0434
2.0000,-0.0964,0.0100
2.0000,-0.0898,0.0177
2.0000,-0.0112,0.0975
2.0000,-0.1327,-0.0229
2.0000,-0.0869,0.0241
2.0000,-0.1338,-0.0217
2.0000,0.0620,0.1753
2.0000,-0.0467,0.0677
2.0000,-0.1047,0.0109
2.0000,0.0462,0.1630
2.0000,0.1143,0.2322
2.0000,0.0321,0.1511
2.0000,0.0900,0.2102
2.0000,0.0067,0.1281
2.0000,0.0735,0.1961
2.0000,0.0303,0.1540
2.0000,-0.1196,0.0053
2.0000,-0.1348,-0.0087
2.0000,-0.0902,0.0370
2.0000,0.0102,0.1386
2.0000,-0.0501,0.0795
2.0000,-0.1126,0.0182
2.0000,-0.0201,0.1118
2.0000,0.0465,0.1796
2.0000,-0.0804,0.0539
2.0000,0.0948,0.2303
2.0000,-0.0734,0.0632
2.0000,0.0442,0.1820
2.0000,-0.0329,0.1061
2.0000,-0.1244,0.0158
2.0000,-0.1303,0.0111
2.0000,0.0672,0.2097
2.0000,-0.0268,0.1169
2.0000,0.0410,0.1860
2.0000,0.0292,0.1753
2.0000,0.0599,0.2072
2.0000,0.0604,0.2089
2.0000,-0.0462,0.1036
2.0000,0.0255,0.1764
2.0000,-0.0558,0.0963
2.0000,-0.0971,0.0562
2.0000,-0.1330,0.0215
2.0000,0.0205,0.1762
2.0000,0.0881,0.2450
2.0000,0.0264,0.1845
2.0000,0.0789,0.2382
2.0000,-0.0190,0.1415
2.0000,0.0036,0.1653
2.0000,-0.0581,0.1049
2.0000,0.0162,0.1804
2.0000,-0.0212,0.1442
2.0000,0.0368,0.2034
2.0000,0.0175,0.1853
2.0000,-0.0607,0.1083
2.0000,-0.0401,0.1301
2.0000,0.0275,0.1989
2.0000,-0.0375,0.1352
2.0000,0.1004,0.2743
2.0000,-0.1328,0.0423
2.0000,-0.1093,0.0671
2.0000,-0.0819,0.0957
2.0000,0.0632,0.2420
2.0000,0.0874,0.2674
2.0000,0.0241,0.2054
2.0000,-0.1354,0.0471
2.0000,0.0519,0.2356
2.0000,-0.1175,0.0675
2.0000,-0.1455,0.0407
2.0000,-0.1215,0.0659
2.0000,0.1026,0.2912
2.0000,0.0427,0.2326
2.0000,-0.0048,0.1863
2.0000,0.0830,0.2754
2.0000,0.0421,0.2357
2.0000,-0.1154,0.0794
2.0000,0.0557,0.2518
2.0000,-0.0616,0.1358
2.0000,0.0520,0.2505
2.0000,-0.0322,0.1676
2.0000,-0.0198,0.1813
2.0000,-0.0657,0.1366
2.0000,0.0626,0.2662
2.0000,0.1006,0.3054
2.0000,-0.0071,0.1990
2.0000,-0.1404,0.0669
2.0000,0.0561,0.2647
2.0000,0.0424,0.2523
2.0000,-0.0296,0.1814
2.0000,0.0547,0.2671
2.0000,-0.0107,0.2029
2.0000,0.0000,0.2149
2.0000,-0.0366,0.1795
2.0000,0.0198,0.2372
2.0000,-0.0340,0.1847
2.0000,-0.0457,0.1743
2.0000,0.0734,0.2946
2.0000,-0.1512,0.0713
2.0000,-0.0867,0.1371
2.0000,-0.1425,0.0825
2.0000,0.0705,0.2968
2.0000,-0.0895,0.1380
2.0000,-0.0796,0.1492
2.0000,0.0002,0.2303
2.0000,-0.0310,0.2003
2.0000,0.0764,0.3091
2.0000,0.0633,0.2972
2.0000,0.0529,0.2881
2.0000,0.0026,0.2391
2.0000,0.0464,0.2842
2.0000,0.0368,0.2759
2.0000,-0.1115,0.1289
2.0000,0.0127,0.2543
2.0000,-0.0116,0.2313
2.0000,0.0856,0.3298
2.0000,0.0568,0.3023
2.0000,-0.1481,0.0986
2.0000,0.0053,0.2533
2.0000,-0.0902,0.1592
2.0000,-0.0314,0.2193
2.0000,-0.0891,0.1629
2.0000,0.0109,0.2641
2.0000,-0.0439,0.2106
2.0000,-0.0606,0.1953
2.0000,-0.1330,0.1241
2.0000,-0.1109,0.1476
2.0000,0.0489,0.3087
2.0000,-0.0730,0.1881
2.0000,-0.0486,0.2138
2.0000,0.0746,0.3383
2.0000,-0.0256,0.2393
2.0000,-0.1390,0.1272
2.0000,-0.0606,0.2069
2.0000,-0.0785,0.1903
2.0000,0.0807,0.3509
2.0000,-0.1396,0.1319
2.0000,-0.1502,0.1226
2.0000,-0.0485,0.2256
2.0000,-0.1520,0.1234
2.0000,0.0381,0.3149
2.0000,-0.0094,0.2687
2.0000,-0.0649,0.2145
2.0000,-0.1125,0.1682
2.0000,-0.1160,0.1660
2.0000,0.0547,0.3381
2.0000,-0.0385,0.2462
2.0000,-0.0163,0.2697
2.0000,-0.1669,0.1205
2.0000,-0.0228,0.2659
2.0000,-0.1272,0.1628
2.0000,0.0448,0.3361
2.0000,-0.0906,0.2021
2.0000,-0.0625,0.2315
2.0000,0.0688,0.3641
2.0000,0.0272,0.3238
2.0000,-0.0440,0.2540
2.0000,-0.1411,0.1582
2.0000,-0.0006,0.3000
2.0000,0.0657,0.3676
2.0000,0.0500,0.3533
2.0000,-0.1148,0.1898
2.0000,-0.0052,0.3008
2.0000,0.0112,0.3185
2.0000,-0.0976,0.2110
2.0000,-0.1651,0.1450
2.0000,-0.1669,0.1445
2.0000,-0.0292,0.2835
2.0000,-0.0666,0.2475
2.0000,-0.1012,0.2142
2.0000,-0.0384,0.2784
2.0000,0.0359,0.3540
2.0000,-0.0386,0.2808
2.0000,-0.1758,0.1449
2.0000,-0.1807,0.1414
2.0000,-0.0249,0.2986
2.0000,0.0540,0.3788
2.0000,0.0030,0.3292
2.0000,-0.1055,0.2221
2.0000,-0.0846,0.2443
2.0000,-0.0114,0.3189
2.0000,0.0659,0.3975
2.0000,-0.0193,0.3137
2.0000,-0.1016,0.2328
2.0000,-0.1377,0.1980
2.0000,-0.1588,0.1783
2.0000,-0.1708,0.1676
2.0000,-0.0123,0.3275
2.0000,-0.0293,0.3119
2.0000,-0.0491,0.2934
2.0000,0.0241,0.3679
2.0000,0.0088,0.3541
2.0000,-0.0729,0.2737
2.0000,-0.1118,0.2362
2.0000,-0.1769,0.1725
2.0000,-0.1225,0.2282
2.0000,-0.0929,0.2592
2.0000,-0.1914,0.1620
2.0000,-0.1302,0.2246
2.0000,-0.0132,0.3430
2.0000,-0.0219,0.3357
2.0000,-0.1011,0.2579
2.0000,-0.1027,0.2577
2.0000,0.0432,0.4050
2.0000,-0.1929,0.1702
2.0000,-0.1756,0.1889
2.0000,-0.1467,0.2192
2.0000,-0.0374,0.3299
2.0000,-0.0967,0.2720
2.0000,0.0471,0.4172
2.0000,-0.1603,0.2112
2.0000,0.0150,0.3878
2.0000,-0.1230,0.2512
2.0000,-0.0210,0.3546
2.0000,-0.0830,0.2940
2.0000,-0.1476,0.2307
2.0000,-0.0948,0.2850
2.0000,-0.1137,0.2675
2.0000,-0.0667,0.3159
2.0000,-0.1234,0.2605
2.0000,-0.1738,0.2116
2.0000,-0.0471,0.3396
2.0000,-0.1580,0.2302
2.0000,-0.1967,0.1928
2.0000,-0.1959,0.1950
2.0000,-0.0818,0.3105
2.0000,-0.0623,0.3315
2.0000,-0.1400,0.2551
2.0000,-0.2084,0.1881
2.0000,-0.0328,0.3652
2.0000,-0.0705,0.3289
2.0000,-0.2004,0.2004
2.0000,-0.0754,0.3267
2.0000,-0.0096,0.3940
2.0000,0.0370,0.4419
2.0000,-0.0000,0.4063
2.0000,-0.0988,0.3089
2.0000,-0.0818,0.3274
2.0000,-0.0263,0.3843
2.0000,0.0141,0.4261
2.0000,-0.0514,0.3621
2.0000,-0.0856,0.3293
2.0000,-0.0254,0.3909
2.0000,-0.2008,0.2169
2.0000,-0.1425,0.2766
2.0000,-0.0682,0.3523
2.0000,-0.0603,0.3616
2.0000,-0.1042,0.3191
2.0000,-0.0519,0.3728
2.0000,0.0007,0.4269
2.0000,-0.0620,0.3656
2.0000,0.0311,0.4601
2.0000,-0.0964,0.3341
2.0000,-0.0431,0.3888
2.0000,-0.0837,0.3496
2.0000,-0.0375,0.3972
2.0000,-0.1765,0.2596
2.0000,0.0136,0.4512
2.0000,-0.1613,0.2777
2.0000,-0.0862,0.3542
2.0000,0.0216,0.4634
2.0000,-0.2062,0.2370
2.0000,0.0134,0.4581
2.0000,-0.0706,0.3756
2.0000,-0.1540,0.2936
2.0000,-0.1702,0.2788
2.0000,-0.0893,0.3612
2.0000,0.0217,0.4736
2.0000,-0.1866,0.2667
2.0000,-0.2159,0.2388
2.0000,-0.2005,0.2557
2.0000,-0.1762,0.2814
2.0000,-0.0691,0.3899
2.0000,-0.1464,0.3141
2.0000,-0.0661,0.3958
2.0000,0.0012,0.4646
2.0000,0.0165,0.4814
2.0000,-0.1782,0.2881
2.0000,-0.0844,0.3833
2.0000,-0.1445,0.3246
2.0000,-0.1926,0.2780
2.0000,-0.1092,0.3628
2.0000,-0.2196,0.2539
2.0000,-0.1088,0.3661
2.0000,-0.0037,0.4726
2.0000,-0.0012,0.4766
2.0000,-0.2232,0.2561
2.0000,-0.0546,0.4261
2.0000,-0.2113,0.2709
2.0000,-0.1367,0.3470
2.0000,-0.1742,0.3109
2.0000,-0.0091,0.4774
2.0000,-0.2346,0.2534
2.0000,-0.2381,0.2514
2.0000,-0.1680,0.3229
2.0000,-0.1666,0.3257
2.0000,-0.1826,0.3112
2.0000,-0.0785,0.4168
2.0000,-0.0755,0.4212
2.0000,-0.2166,0.2816
2.0000,-0.0186,0.4810
2.0000,-0.1416,0.3595
2.0000,-0.1286,0.3740
2.0000,-0.0080,0.4960
2.0000,-0.1550,0.3505
2.0000,-0.1131,0.3938
2.0000,-0.0530,0.4554
2.0000,-0.1078,0.4021
2.0000,-0.1335,0.3779
2.0000,-0.0614,0.4514
2.0000,-0.2378,0.2764
2.0000,-0.1359,0.3798
2.0000,-0.0728,0.4444
2.0000,-0.0300,0.4887
2.0000,-0.1352,0.3849
2.0000,-0.0799,0.4418
2.0000,-0.0841,0.4390
2.0000,-0.2543,0.2702
2.0000,-0.1360,0.3900
2.0000,-0.2316,0.2959
2.0000,-0.1837,0.3453
2.0000,-0.1273,0.4032
2.0000,-0.2235,0.3084
2.0000,-0.1743,0.3591
2.0000,-0.1412,0.3936
2.0000,-0.2516,0.2847
2.0000,-0.0427,0.4952
2.0000,-0.1806,0.3587
2.0000,-0.1953,0.3455
2.0000,-0.2342,0.3081
2.0000,-0.1812,0.3626
2.0000,-0.1916,0.3536
2.0000,-0.0991,0.4476
2.0000,-0.1765,0.3717
2.0000,-0.2481,0.3016
2.0000,-0.1546,0.3965
2.0000,-0.0175,0.5351
2.0000,-0.1789,0.3752
2.0000,-0.0676,0.4880
2.0000,-0.2408,0.3162
2.0000,-0.0480,0.5106
2.0000,-0.2630,0.2971
2.0000,-0.0380,0.5235
2.0000,-0.0911,0.4719
2.0000,-0.2328,0.3317
2.0000,-0.1380,0.4280
2.0000,-0.2673,0.3002
2.0000,-0.0286,0.5404
2.0000,-0.2003,0.3702
2.0000,-0.1423,0.4297
2.0000,-0.0777,0.4958
2.0000,-0.1407,0.4342
2.0000,-0.1913,0.3852
2.0000,-0.2169,0.3610
2.0000,-0.1920,0.3874
2.0000,-0.1486,0.4324
2.0000,-0.2126,0.3698
2.0000,-0.2384,0.3455
2.0000,-0.0741,0.5114
2.0000,-0.2293,0.3576
2.0000,-0.2416,0.3468
2.0000,-0.2849,0.3050
2.0000,-0.0941,0.4973
2.0000,-0.1171,0.4758
2.0000,-0.0811,0.5133
2.0000,-0.1461,0.4498
2.0000,-0.1885,0.4089
2.0000,-0.1642,0.4347
2.0000,-0.1835,0.4169
2.0000,-0.2744,0.3275
2.0000,-0.1879,0.4155
2.0000,-0.1744,0.4305
2.0000,-0.1204,0.4860
2.0000,-0.2731,0.3348
2.0000,-0.2569,0.3525
2.0000,-0.2600,0.3509
2.0000,-0.2332,0.3792
2.0000,-0.0651,0.5488
2.0000,-0.2582,0.3572
2.0000,-0.0816,0.5354
2.0000,-0.1167,0.5018
2.0000,-0.2152,0.4048
2.0000,-0.0621,0.5594
2.0000,-0.0635,0.5595
2.0000,-0.2180,0.4065
2.0000,-0.2672,0.3588
2.0000,-0.0969,0.5306
2.0000,-0.2452,0.3838
2.0000,-0.1868,0.4438
2.0000,-0.1782,0.4538
2.0000,-0.0702,0.5634
2.0000,-0.2189,0.4162
2.0000,-0.1457,0.4909
2.0000,-0.0975,0.5406
2.0000,-0.0633,0.5763
2.0000,-0.1033,0.5379
2.0000,-0.1179,0.5247
2.0000,-0.0911,0.5531
2.0000,-0.2719,0.3738
2.0000,-0.2469,0.4003
2.0000,-0.2535,0.3952
2.0000,-0.2844,0.3658
2.0000,-0.0970,0.5547
2.0000,-0.0696,0.5836
2.0000,-0.1388,0.5160
2.0000,-0.2149,0.4414
2.0000,-0.1073,0.5505
2.0000,-0.1539,0.5055
2.0000,-0.2807,0.3802
2.0000,-0.2317,0.4307
2.0000,-0.0877,0.5763
2.0000,-0.0838,0.5817
2.0000,-0.3220,0.3450
2.0000,-0.1224,0.5461
2.0000,-0.3069,0.3632
2.0000,-0.2554,0.4162
2.0000,-0.1193,0.5538
2.0000,-0.1788,0.4958
2.0000,-0.1432,0.5329
2.0000,-0.3054,0.3723
2.0000,-0.2805,0.3987
2.0000,-0.2009,0.4798
2.0000,-0.0880,0.5942
2.0000,-0.2968,0.3870
2.0000,-0.2632,0.4220
2.0000,-0.2603,0.4266
2.0000,-0.2877,0.4006
2.0000,-0.2497,0.4402
2.0000,-0.2677,0.4237
2.0000,-0.1871,0.5058
2.0000,-0.2561,0.4384
2.0000,-0.2574,0.4386
2.0000,-0.1336,0.5639
2.0000,-0.1532,0.5459
2.0000,-0.1318,0.5687
2.0000,-0.1241,0.5780
2.0000,-0.1051,0.5986
2.0000,-0.2123,0.4929
2.0000,-0.1995,0.5072
2.0000,-0.2517,0.4565
2.0000,-0.1607,0.5490
2.0000,-0.2035,0.5078
2.0000,-0.2998,0.4131
2.0000,-0.1755,0.5389
2.0000,-0.1271,0.5888
2.0000,-0.2657,0.4517
2.0000,-0.3193,0.3997
2.0000,-0.1347,0.5859
2.0000,-0.3264,0.3956
2.0000,-0.2737,0.4499
2.0000,-0.1186,0.6065
2.0000,-0.1962,0.5305
2.0000,-0.1372,0.5910
2.0000,-0.1503,0.5795
2.0000,-0.3361,0.3952
2.0000,-0.2803,0.4525
2.0000,-0.3159,0.4185
2.0000,-0.3045,0.4314
2.0000,-0.2047,0.5327
2.0000,-0.1089,0.6301
2.0000,-0.1646,0.5759
2.0000,-0.3318,0.4103
2.0000,-0.2768,0.4668
2.0000,-0.3502,0.3950
2.0000,-0.2410,0.5056
2.0000,-0.1332,0.6150
2.0000,-0.2443,0.5054
2.0000,-0.2731,0.4782
2.0000,-0.2775,0.4753
2.0000,-0.3279,0.4265
2.0000,-0.3120,0.4440
2.0000,-0.2544,0.5030
2.0000,-0.3348,0.4243
2.0000,-0.3638,0.3968
2.0000,-0.1308,0.6313
2.0000,-0.3405,0.4231
2.0000,-0.2596,0.5056
2.0000,-0.3697,0.3970
2.0000,-0.2291,0.5392
2.0000,-0.1812,0.5886
2.0000,-0.2691,0.5023
2.0000,-0.2649,0.5080
2.0000,-0.2527,0.5217
2.0000,-0.2469,0.5291
2.0000,-0.2483,0.5292
2.0000,-0.2190,0.5601
2.0000,-0.2489,0.5318
2.0000,-0.3266,0.4556
2.0000,-0.2835,0.5002
2.0000,-0.1900,0.5953
2.0000,-0.2642,0.5226
2.0000,-0.2524,0.5360
2.0000,-0.1772,0.6127
2.0000,-0.2490,0.5425
2.0000,-0.1561,0.6370
2.0000,-0.2936,0.5010
2.0000,-0.1594,0.6367
2.0000,-0.3587,0.4390
2.0000,-0.2596,0.5397
2.0000,-0.2574,0.5434
2.0000,-0.3846,0.4178
2.0000,-0.3663,0.4376
2.0000,-0.3033,0.5022
2.0000,-0.3867,0.4203
2.0000,-0.3949,0.4136
2.0000,-0.1721,0.6380
2.0000,-0.3000,0.5117
2.0000,-0.1804,0.6328
2.0000,-0.2071,0.6076
2.0000,-0.3988,0.4175
2.0000,-0.3324,0.4855
2.0000,-0.1747,0.6448
2.0000,-0.3696,0.4514
2.0000,-0.3780,0.4445
2.0000,-0.2420,0.5820
2.0000,-0.1845,0.6412
2.0000,-0.2114,0.6157
2.0000,-0.3766,0.4521
2.0000,-0.1717,0.6586
2.0000,-0.3940,0.4378
2.0000,-0.2224,0.6110
2.0000,-0.3855,0.4494
2.0000,-0.1658,0.6706
2.0000,-0.3292,0.5089
2.0000,-0.1687,0.6710
2.0000,-0.2966,0.5446
2.0000,-0.3457,0.4970
2.0000,-0.2865,0.5577
2.0000,-0.3954,0.4505
2.0000,-0.2055,0.6419
2.0000,-0.3620,0.4869
2.0000,-0.3624,0.4881
2.0000,-0.2647,0.5874
2.0000,-0.3381,0.5155
2.0000,-0.2049,0.6503
2.0000,-0.4130,0.4437
2.0000,-0.3887,0.4696
2.0000,-0.4223,0.4375
2.0000,-0.2335,0.6278
2.0000,-0.3353,0.5276
2.0000,-0.3154,0.5491
2.0000,-0.3967,0.4693
2.0000,-0.1830,0.6846
2.0000,-0.3587,0.5105
2.0000,-0.2043,0.6665
2.0000,-0.3905,0.4817
2.0000,-0.2230,0.6508
2.0000,-0.2342,0.6412
2.0000,-0.3982,0.4787
2.0000,-0.2006,0.6779
2.0000,-0.2999,0.5801
2.0000,-0.2671,0.6145
2.0000,-0.3479,0.5352
2.0000,-0.3882,0.4966
2.0000,-0.3836,0.5026
2.0000,-0.2390,0.6488
2.0000,-0.3705,0.5189
2.0000,-0.2544,0.6365
2.0000,-0.3705,0.5220
2.0000,-0.2353,0.6588
2.0000,-0.3387,0.5569
2.0000,-0.3439,0.5533
2.0000,-0.3426,0.5561
2.0000,-0.4410,0.4593
2.0000,-0.2851,0.6168
2.0000,-0.2060,0.6974
2.0000,-0.2120,0.6930
2.0000,-0.3715,0.5350
2.0000,-0.3969,0.5112
2.0000,-0.2088,0.7009
2.0000,-0.3549,0.5563
2.0000,-0.3432,0.5695
2.0000,-0.4481,0.4662
2.0000,-0.4164,0.4994
2.0000,-0.2686,0.6488
2.0000,-0.4524,0.4666
2.0000,-0.4278,0.4927
2.0000,-0.3883,0.5338
2.0000,-0.3316,0.5920
2.0000,-0.3575,0.5677
2.0000,-0.2438,0.6830
2.0000,-0.2460,0.6824
2.0000,-0.2471,0.6828
2.0000,-0.4476,0.4838
2.0000,-0.4160,0.5170
2.0000,-0.3873,0.5472
2.0000,-0.4758,0.4603
2.0000,-0.4636,0.4741
2.0000,-0.4137,0.5256
2.0000,-0.3960,0.5448
2.0000,-0.4063,0.5361
2.0000,-0.2441,0.6999
2.0000,-0.2482,0.6972
2.0000,-0.2824,0.6647
2.0000,-0.4051,0.5435
2.0000,-0.3419,0.6082
2.0000,-0.2510,0.7007
2.0000,-0.2959,0.6574
2.0000,-0.3289,0.6259
2.0000,-0.3105,0.6459
2.0000,-0.2828,0.6751
2.0000,-0.3910,0.5685
2.0000,-0.3362,0.6248
2.0000,-0.4383,0.5243
2.0000,-0.3069,0.6572
2.0000,-0.3619,0.6038
2.0000,-0.2616,0.7057
2.0000,-0.4551,0.5137
2.0000,-0.2760,0.6944
2.0000,-0.4816,0.4903
2.0000,-0.3745,0.5990
2.0000,-0.3788,0.5962
2.0000,-0.4427,0.5339
2.0000,-0.2786,0.6996
2.0000,-0.3442,0.6355
2.0000,-0.4373,0.5440
2.0000,-0.3895,0.5933
2.0000,-0.3290,0.6554
2.0000,-0.4783,0.5076
2.0000,-0.5064,0.4811
2.0000,-0.4212,0.5678
2.0000,-0.3266,0.6640
2.0000,-0.3898,0.6023
2.0000,-0.4522,0.5415
2.0000,-0.2646,0.7307
2.0000,-0.2657,0.7312
2.0000,-0.5139,0.4844
2.0000,-0.3019,0.6980
2.0000,-0.4535,0.5480
2.0000,-0.2829,0.7201
2.0000,-0.4787,0.5259
2.0000,-0.4878,0.5183
2.0000,-0.4196,0.5881
2.0000,-0.5072,0.5021
2.0000,-0.5181,0.4927
2.0000,-0.5002,0.5122
2.0000,-0.4773,0.5366
2.0000,-0.2743,0.7411
2.0000,-0.4113,0.6057
2.0000,-0.3728,0.6458
2.0000,-0.3254,0.6947
2.0000,-0.4346,0.5871
2.0000,-0.2974,0.7259
2.0000,-0.4104,0.6144
2.0000,-0.5232,0.5032
2.0000,-0.4578,0.5700
2.0000,-0.4720,0.5575
2.0000,-0.3981,0.6329
2.0000,-0.2850,0.7476
2.0000,-0.4064,0.6277
2.0000,-0.3375,0.6981
2.0000,-0.4101,0.6271
2.0000,-0.4250,0.6137
2.0000,-0.3720,0.6683
2.0000,-0.5265,0.5154
2.0000,-0.4575,0.5859
2.0000,-0.4564,0.5885
2.0000,-0.5047,0.5417
2.0000,-0.5130,0.5350
2.0000,-0.4591,0.5905
2.0000,-0.4877,0.5634
2.0000,-0.4038,0.6488
2.0000,-0.4834,0.5708
2.0000,-0.4159,0.6399
2.0000,-0.3757,0.6816
2.0000,-0.5134,0.5455
2.0000,-0.4974,0.5630
2.0000,-0.5185,0.5435
2.0000,-0.3113,0.7522
2.0000,-0.5165,0.5486
2.0000,-0.4548,0.6118
2.0000,-0.5354,0.5327
2.0000,-0.5467,0.5230
2.0000,-0.3107,0.7606
2.0000,-0.4477,0.6250
2.0000,-0.3953,0.6790
2.0000,-0.4763,0.5996
2.0000,-0.4578,0.6196
2.0000,-0.3996,0.6793
2.0000,-0.4210,0.6595
2.0000,-0.5424,0.5397
2.0000,-0.4380,0.6456
2.0000,-0.5671,0.5180
2.0000,-0.4866,0.6000
2.0000,-0.4074,0.6808
2.0000,-0.3847,0.7051
2.0000,-0.5321,0.5592
2.0000,-0.5597,0.5332
2.0000,-0.4670,0.6273
2.0000,-0.3393,0.7566
2.0000,-0.4909,0.6065
2.0000,-0.4384,0.6606
2.0000,-0.4270,0.6735
2.0000,-0.5684,0.5336
2.0000,-0.4085,0.6951
2.0000,-0.3666,0.7385
2.0000,-0.4976,0.6091
2.0000,-0.4374,0.6709
2.0000,-0.3979,0.7119
2.0000,-0.5103,0.6010
2.0000,-0.4775,0.6353
2.0000,-0.5296,0.5848
2.0000,-0.4466,0.6693
2.0000,-0.4274,0.6901
2.0000,-0.5844,0.5345
2.0000,-0.4475,0.6730
2.0000,-0.3529,0.7691
2.0000,-0.3745,0.7491
2.0000,-0.5184,0.6067
2.0000,-0.4935,0.6332
2.0000,-0.3601,0.7681
2.0000,-0.5550,0.5747
2.0000,-0.4791,0.6521
2.0000,-0.5681,0.5647
2.0000,-0.4404,0.6940
2.0000,-0.4961,0.6397
2.0000,-0.4864,0.6510
2.0000,-0.5137,0.6252
2.0000,-0.4130,0.7275
2.0000,-0.4736,0.6684
2.0000,-0.5409,0.6026
2.0000,-0.5367,0.6083
2.0000,-0.4812,0.6653
2.0000,-0.4584,0.6897
2.0000,-0.3825,0.7672
2.0000,-0.6197,0.5315
2.0000,-0.4613,0.6913
2.0000,-0.3879,0.7663
2.0000,-0.4249,0.7308
2.0000,-0.5736,0.5836
2.0000,-0.4096,0.7492
2.0000,-0.3951,0.7652
2.0000,-0.5051,0.6568
2.0000,-0.4672,0.6961
2.0000,-0.5387,0.6262
2.0000,-0.5596,0.6068
2.0000,-0.5400,0.6279
2.0000,-0.5058,0.6636
2.0000,-0.5363,0.6346
2.0000,-0.4240,0.7484
2.0000,-0.4995,0.6745
2.0000,-0.6292,0.5463
2.0000,-0.6402,0.5368
2.0000,-0.6302,0.5484
2.0000,-0.4606,0.7195
2.0000,-0.5639,0.6178
2.0000,-0.6081,0.5750
2.0000,-0.5128,0.6719
2.0000,-0.6424,0.5438
2.0000,-0.5862,0.6014
2.0000,-0.4570,0.7322
2.0000,-0.6144,0.5763
2.0000,-0.5681,0.6242
2.0000,-0.4707,0.7231
2.0000,-0.4820,0.7133
2.0000,-0.4252,0.7716
2.0000,-0.5301,0.6682
2.0000,-0.5812,0.6186
2.0000,-0.6189,0.5824
2.0000,-0.4241,0.7787
2.0000,-0.5267,0.6777
2.0000,-0.5896,0.6163
2.0000,-0.5987,0.6087
2.0000,-0.6135,0.5954
2.0000,-0.4884,0.7220
2.0000,-0.6263,0.5856
2.0000,-0.5534,0.6600
2.0000,-0.5142,0.7007
2.0000,-0.6135,0.6029
2.0000,-0.5755,0.6425
2.0000,-0.5926,0.6269
2.0000,-0.5583,0.6627
2.0000,-0.6036,0.6188
2.0000,-0.6155,0.6085
2.0000,-0.5041,0.7213
2.0000,-0.5746,0.6524
2.0000,-0.4416,0.7868
2.0000,-0.6098,0.6202
2.0000,-0.6304,0.6011
2.0000,-0.5706,0.6623
2.0000,-0.4600,0.7745
2.0000,-0.5744,0.6616
2.0000,-0.6732,0.5643
2.0000,-0.4504,0.7886
2.0000,-0.6003,0.6402
2.0000,-0.6457,0.5963
2.0000,-0.6550,0.5885
2.0000,-0.4484,0.7966
2.0000,-0.5032,0.7433
2.0000,-0.6817,0.5663
2.0000,-0.5425,0.7070
2.0000,-0.6538,0.5971
2.0000,-0.4938,0.7587
2.0000,-0.5051,0.7488
2.0000,-0.5300,0.7255
2.0000,-0.6873,0.5696
2.0000,-0.5593,0.6992
2.0000,-0.6045,0.6555
2.0000,-0.6903,0.5711
2.0000,-0.6405,0.6224
2.0000,-0.6698,0.5946
2.0000,-0.5557,0.7102
2.0000,-0.4565,0.8109
2.0000,-0.5060,0.7629
2.0000,-0.6422,0.6281
2.0000,-0.6843,0.5875
2.0000,-0.6741,0.5993
2.0000,-0.4780,0.7968
2.0000,-0.6948,0.5815
2.0000,-0.6192,0.6586
2.0000,-0.5684,0.7109
2.0000,-0.4704,0.8104
2.0000,-0.7133,0.5689
2.0000,-0.5851,0.6986
2.0000,-0.5039,0.7813
2.0000,-0.4834,0.8033
2.0000,-0.5466,0.7416
2.0000,-0.5830,0.7067
2.0000,-0.5055,0.7856
2.0000,-0.5465,0.7461
2.0000,-0.6409,0.6532
2.0000,-0.6750,0.6206
2.0000,-0.5993,0.6978
2.0000,-0.7035,0.5950
2.0000,-0.7323,0.5677
2.0000,-0.5186,0.7829
2.0000,-0.6157,0.6873
2.0000,-0.4918,0.8126
2.0000,-0.5053,0.8006
2.0000,-0.7356,0.5717
2.0000,-0.7220,0.5868
2.0000,-0.5947,0.7156
2.0000,-0.5128,0.7990
2.0000,-0.5887,0.7245
2.0000,-0.5653,0.7494
2.0000,-0.6471,0.6690
2.0000,-0.5325,0.7852
2.0000,-0.7328,0.5863
2.0000,-0.5627,0.7578
2.0000,-0.6508,0.6713
2.0000,-0.5401,0.7834
2.0000,-0.7098,0.6152
2.0000,-0.5592,0.7672
2.0000,-0.5208,0.8071
2.0000,-0.6104,0.7189
2.0000,-0.7342,0.5966
2.0000,-0.7549,0.5774
2.0000,-0.6647,0.6690
2.0000,-0.5980,0.7372
2.0000,-0.5567,0.7800
2.0000,-0.7609,0.5772
2.0000,-0.7193,0.6202
2.0000,-0.7189,0.6222
2.0000,-0.7543,0.5882
2.0000,-0.5743,0.7696
2.0000,-0.7674,0.5780
2.0000,-0.5811,0.7658
2.0000,-0.5684,0.7799
2.0000,-0.5785,0.7713
2.0000,-0.6818,0.6694
2.0000,-0.7596,0.5930
2.0000,-0.7266,0.6275
2.0000,-0.7351,0.6204
2.0000,-0.5847,0.7723
2.0000,-0.7340,0.6245
2.0000,-0.6220,0.7379
2.0000,-0.6723,0.6890
2.0000,-0.6077,0.7550
2.0000,-0.5828,0.7814
2.0000,-0.5482,0.8175
2.0000,-0.6580,0.7091
2.0000,-0.7182,0.6503
2.0000,-0.7610,0.6090
2.0000,-0.5703,0.8011
2.0000,-0.6555,0.7173
2.0000,-0.6878,0.6865
2.0000,-0.7833,0.5924
2.0000,-0.5810,0.7961
2.0000,-0.6207,0.7579
2.0000,-0.7168,0.6632
2.0000,-0.6382,0.7433
2.0000,-0.5663,0.8166
2.0000,-0.6891,0.6952
2.0000,-0.7458,0.6400
2.0000,-0.7352,0.6520
2.0000,-0.6021,0.7866
2.0000,-0.6232,0.7669
2.0000,-0.7940,0.5975
2.0000,-0.7459,0.6470
2.0000,-0.6684,0.7259
2.0000,-0.7833,0.6124
2.0000,-0.7449,0.6523
2.0000,-0.5981,0.8005
2.0000,-0.6090,0.7910
2.0000,-0.8156,0.5858
2.0000,-0.7809,0.6220
2.0000,-0.7957,0.6086
2.0000,-0.6407,0.7650
2.0000,-0.6431,0.7640
2.0000,-0.7383,0.6703
2.0000,-0.6513,0.7587
2.0000,-0.8288,0.5826
2.0000,-0.7590,0.6538
2.0000,-0.6644,0.7498
3.0000,0.1048,0.1058
3.0000,-0.0451,-0.0431
3.0000,-0.0301,-0.0271
3.0000,-0.0668,-0.0628
3.0000,-0.0674,-0.0624
3.0000,0.1135,0.1195
3.0000,0.0201,0.0271
3.0000,0.0634,0.0714
3.0000,-0.1262,-0.1172
3.0000,-0.1107,-0.1008
3.0000,-0.1286,-0.1176
3.0000,0.0674,0.0793
3.0000,-0.0864,-0.0735
3.0000,-0.0742,-0.0604
3.0000,0.1045,0.1193
3.0000,-0.0073,0.0085
3.0000,-0.0817,-0.0650
3.0000,-0.0381,-0.0203
3.0000,-0.0621,-0.0434
3.0000,0.0735,0.0932
3.0000,-0.0319,-0.0113
3.0000,-0.1266,-0.1049
3.0000,-0.0173,0.0052
3.0000,0.0093,0.0328
3.0000,0.0741,0.0986
3.0000,0.0656,0.0911
3.0000,0.0240,0.0504
3.0000,0.0123,0.0396
3.0000,0.0980,0.1264
3.0000,0.0208,0.0501
3.0000,-0.1520,-0.1218
3.0000,0.0525,0.0837
3.0000,-0.0360,-0.0038
3.0000,-0.0495,-0.0165
3.0000,-0.0221,0.0119
3.0000,-0.1575,-0.1225
3.0000,-0.1180,-0.0821
3.0000,-0.0082,0.0286
3.0000,-0.1243,-0.0865
3.0000,0.0323,0.0710
3.0000,0.0072,0.0469
3.0000,-0.0808,-0.0402
3.0000,0.0398,0.0813
3.0000,-0.0008,0.0417
3.0000,0.0422,0.0856
3.0000,-0.0970,-0.0527
3.0000,0.0084,0.0536
3.0000,-0.1592,-0.1131
3.0000,-0.0246,0.0224
3.0000,-0.0854,-0.0374
3.0000,-0.1094,-0.0604
3.0000,-0.0641,-0.0143
3.0000,-0.1472,-0.0964
3.0000,-0.0791,-0.0274
3.0000,-0.1635,-0.1109
3.0000,0.0578,0.1113
3.0000,0.0121,0.0665
3.0000,-0.0159,0.0394
3.0000,-0.0003,0.0559
3.0000,-0.1667,-0.1096
3.0000,-0.1570,-0.0989
3.0000,-0.1273,-0.0684
3.0000,-0.1225,-0.0627
3.0000,-0.0770,-0.0163
3.0000,-0.1809,-0.1193
3.0000,-0.0933,-0.0308
3.0000,0.0148,0.0782
3.0000,-0.0521,0.0121
3.0000,-0.0622,0.0030
3.0000,-0.0138,0.0522
3.0000,0.0426,0.1095
3.0000,-0.0346,0.0333
3.0000,-0.0669,0.0018
3.0000,-0.1037,-0.0341
3.0000,-0.0754,-0.0050
3.0000,-0.0400,0.0313
3.0000,-0.1827,-0.1104
3.0000,-0.0422,0.0309
3.0000,-0.0075,0.0664
3.0000,-0.0739,0.0009
3.0000,-0.0757,0.0000
3.0000,-0.0540,0.0225
3.0000,-0.0369,0.0405
3.0000,-0.1604,-0.0821
3.0000,-0.0371,0.0420
3.0000,-0.1346,-0.0546
3.0000,-0.0775,0.0034
3.0000,-0.2111,-0.1294
3.0000,-0.0067,0.0759
3.0000,-0.1098,-0.0264
3.0000,0.0360,0.1202
3.0000,-0.1166,-0.0315
3.0000,-0.0898,-0.0038
3.0000,-0.1228,-0.0360
3.0000,0.0241,0.1117
3.0000,-0.0263,0.0622
3.0000,-0.0858,0.0036
3.0000,-0.1314,-0.0412
3.0000,-0.0802,0.0108
3.0000,-0.1867,-0.0948
3.0000,-0.0604,0.0323
3.0000,-0.2233,-0.1298
3.0000,-0.0405,0.0539
3.0000,-0.0739,0.0212
3.0000,-0.0330,0.0630
3.0000,-0.1009,-0.0040
3.0000,-0.0194,0.0782
3.0000,-0.0866,0.0119
3.0000,0.0119,0.1111
3.0000,-0.0820,0.0181
3.0000,-0.1245,-0.0235
3.0000,-0.2359,-0.1342
3.0000,0.0126,0.1152
3.0000,-0.0008,0.1026
3.0000,-0.0874,0.0167
3.0000,-0.2045,-0.0995
3.0000,-0.1202,-0.0144
3.0000,-0.1137,-0.0071
3.0000,-0.1101,-0.0027
3.0000,-0.1871,-0.0789
3.0000,-0.1307,-0.0217
3.0000,-0.0310,0.0788
3.0000,-0.0157,0.0948
3.0000,-0.0809,0.0305
3.0000,-0.1463,-0.0342
3.0000,-0.0157,0.0972
3.0000,-0.0026,0.1111
3.0000,-0.0684,0.0461
3.0000,-0.2321,-0.1168
3.0000,-0.0974,0.0186
3.0000,-0.1264,-0.0095
3.0000,-0.0357,0.0819
3.0000,-0.1083,0.0101
3.0000,-0.2493,-0.1301
3.0000,-0.0486,0.0713
3.0000,-0.0411,0.0796
3.0000,-0.0284,0.0931
3.0000,-0.0406,0.0817
3.0000,-0.1943,-0.0712
3.0000,-0.0449,0.0789
3.0000,-0.1405,-0.0159
3.0000,-0.1694,-0.0440
3.0000,-0.1201,0.0060
3.0000,-0.1080,0.0188
3.0000,-0.2270,-0.0994
3.0000,-0.1049,0.0234
3.0000,-0.0691,0.0600
3.0000,-0.0959,0.0340
3.0000,-0.0918,0.0388
3.0000,-0.1740,-0.0427
3.0000,-0.0872,0.0449
3.0000,-0.1160,0.0168
3.0000,-0.2602,-0.1267
3.0000,-0.1051,0.0292
3.0000,-0.1434,-0.0083
3.0000,-0.0358,0.0999
3.0000,-0.2397,-0.1032
3.0000,-0.2363,-0.0991
3.0000,-0.0488,0.0892
3.0000,-0.2685,-0.1298
3.0000,-0.1982,-0.0588
3.0000,-0.1692,-0.0290
3.0000,-0.0432,0.0976
3.0000,-0.2759,-0.1343
3.0000,-0.1861,-0.0438
3.0000,-0.2416,-0.0986
3.0000,-0.1985,-0.0547
3.0000,-0.0593,0.0852
3.0000,-0.2849,-0.1398
3.0000,-0.0776,0.0683
3.0000,-0.1731,-0.0265
3.0000,-0.1094,0.0379
3.0000,-0.1994,-0.0514
3.0000,-0.1502,-0.0015
3.0000,-0.0479,0.1015
3.0000,-0.1999,-0.0498
3.0000,-0.2887,-0.1379
3.0000,-0.2971,-0.1457
3.0000,-0.2599,-0.1078
3.0000,-0.1576,-0.0047
3.0000,-0.2347,-0.0811
3.0000,-0.3051,-0.1509
3.0000,-0.1922,-0.0373
3.0000,-0.2529,-0.0973
3.0000,-0.2601,-0.1038
3.0000,-0.2078,-0.0508
3.0000,-0.2801,-0.1224
3.0000,-0.1244,0.0339
3.0000,-0.2925,-0.1336
3.0000,-0.2304,-0.0708
3.0000,-0.0731,0.0872
3.0000,-0.0674,0.0936
3.0000,-0.1224,0.0393
3.0000,-0.1419,0.0204
3.0000,-0.1887,-0.0257
3.0000,-0.2799,-0.1162
3.0000,-0.2718,-0.1075
3.0000,-0.1674,-0.0025
3.0000,-0.2830,-0.1174
3.0000,-0.3038,-0.1376
3.0000,-0.2658,-0.0989
3.0000,-0.1628,0.0047
3.0000,-0.2709,-0.1027
3.0000,-0.1422,0.0267
3.0000,-0.2662,-0.0967
3.0000,-0.2885,-0.1184
3.0000,-0.1981,-0.0274
3.0000,-0.1684,0.0030
3.0000,-0.2557,-0.0836
3.0000,-0.2277,-0.0550
3.0000,-0.1687,0.0046
3.0000,-0.1595,0.0145
3.0000,-0.2689,-0.0944
3.0000,-0.2253,-0.0501
3.0000,-0.1482,0.0277
3.0000,-0.2798,-0.1033
3.0000,-0.2644,-0.0874
3.0000,-0.1768,0.0009
3.0000,-0.1287,0.0496
3.0000,-0.1299,0.0490
3.0000,-0.1716,0.0079
3.0000,-0.1032,0.0769
3.0000,-0.3206,-0.1398
3.0000,-0.2977,-0.1164
3.0000,-0.2829,-0.1010
3.0000,-0.1453,0.0372
3.0000,-0.3418,-0.1586
3.0000,-0.1865,-0.0028
3.0000,-0.1381,0.0462
3.0000,-0.1590,0.0259
3.0000,-0.3172,-0.1317
3.0000,-0.3356,-0.1495
3.0000,-0.2635,-0.0768
3.0000,-0.3487,-0.1614
3.0000,-0.1296,0.0582
3.0000,-0.2053,-0.0168
3.0000,-0.3037,-0.1146
3.0000,-0.1430,0.0466
3.0000,-0.3407,-0.1505
3.0000,-0.2984,-0.1077
3.0000,-0.1540,0.0373
3.0000,-0.1638,0.0282
3.0000,-0.1716,0.0209
3.0000,-0.1447,0.0484
3.0000,-0.3115,-0.1179
3.0000,-0.1831,0.0111
3.0000,-0.3649,-0.1702
3.0000,-0.3460,-0.1506
3.0000,-0.2673,-0.0714
3.0000,-0.1962,0.0002
3.0000,-0.3123,-0.1153
3.0000,-0.1884,0.0091
3.0000,-0.3645,-0.1665
3.0000,-0.2187,-0.0200
3.0000,-0.2980,-0.0989
3.0000,-0.2691,-0.0694
3.0000,-0.3295,-0.1293
3.0000,-0.2682,-0.0674
3.0000,-0.1919,0.0095
3.0000,-0.2902,-0.0884
3.0000,-0.3346,-0.1322
3.0000,-0.2927,-0.0898
3.0000,-0.1830,0.0204
3.0000,-0.3381,-0.1341
3.0000,-0.1895,0.0150
3.0000,-0.2083,-0.0033
3.0000,-0.1356,0.0699
3.0000,-0.3109,-0.1049
3.0000,-0.2490,-0.0424
3.0000,-0.2236,-0.0165
3.0000,-0.1709,0.0367
3.0000,-0.3624,-0.1543
3.0000,-0.2172,-0.0086
3.0000,-0.1442,0.0650
3.0000,-0.2778,-0.0681
3.0000,-0.2222,-0.0120
3.0000,-0.2144,-0.0038
3.0000,-0.1758,0.0354
3.0000,-0.3627,-0.1511
3.0000,-0.2458,-0.0336
3.0000,-0.3323,-0.1197
3.0000,-0.2971,-0.0839
3.0000,-0.3783,-0.1647
3.0000,-0.2092,0.0049
3.0000,-0.4032,-0.1885
3.0000,-0.3613,-0.1462
3.0000,-0.2294,-0.0138
3.0000,-0.3895,-0.1734
3.0000,-0.2446,-0.0280
3.0000,-0.1560,0.0610
3.0000,-0.3166,-0.0991
3.0000,-0.3507,-0.1327
3.0000,-0.1636,0.0548
3.0000,-0.3227,-0.1037
3.0000,-0.3773,-0.1580
3.0000,-0.3515,-0.1316
3.0000,-0.3226,-0.1023
3.0000,-0.3209,-0.1002
3.0000,-0.1705,0.0507
3.0000,-0.2244,-0.0027
3.0000,-0.3778,-0.1557
3.0000,-0.2705,-0.0480
3.0000,-0.2028,0.0202
3.0000,-0.2622,-0.0387
3.0000,-0.1787,0.0452
3.0000,-0.2112,0.0132
3.0000,-0.3138,-0.0890
3.0000,-0.2449,-0.0197
3.0000,-0.3021,-0.0764
3.0000,-0.2335,-0.0074
3.0000,-0.3134,-0.0868
3.0000,-0.3789,-0.1519
3.0000,-0.4179,-0.1905
3.0000,-0.2693,-0.0415
3.0000,-0.2339,-0.0056
3.0000,-0.3994,-0.1707
3.0000,-0.4120,-0.1829
3.0000,-0.2412,-0.0117
3.0000,-0.3592,-0.1293
3.0000,-0.1888,0.0415
3.0000,-0.2826,-0.0518
3.0000,-0.4164,-0.1852
3.0000,-0.2706,-0.0390
3.0000,-0.3503,-0.1183
3.0000,-0.2155,0.0169
3.0000,-0.4244,-0.1916
3.0000,-0.2525,-0.0193
3.0000,-0.4267,-0.1930
3.0000,-0.4070,-0.1730
3.0000,-0.2735,-0.0391
3.0000,-0.2092,0.0256
3.0000,-0.2621,-0.0270
3.0000,-0.2664,-0.0308
3.0000,-0.4429,-0.2070
3.0000,-0.2913,-0.0549
3.0000,-0.4144,-0.1777
3.0000,-0.2052,0.0319
3.0000,-0.4340,-0.1966
3.0000,-0.2353,0.0026
3.0000,-0.3490,-0.1107
3.0000,-0.4499,-0.2113
3.0000,-0.3534,-0.1144
3.0000,-0.4552,-0.2159
3.0000,-0.3378,-0.0981
3.0000,-0.4133,-0.1732
3.0000,-0.3725,-0.1321
3.0000,-0.3786,-0.1378
3.0000,-0.4572,-0.2161
3.0000,-0.3424,-0.1009
3.0000,-0.2892,-0.0473
3.0000,-0.4389,-0.1967
3.0000,-0.3606,-0.1181
3.0000,-0.4657,-0.2228
3.0000,-0.3362,-0.0930
3.0000,-0.3679,-0.1243
3.0000,-0.4308,-0.1869
3.0000,-0.2836,-0.0394
3.0000,-0.2781,-0.0335
3.0000,-0.2435,0.0014
3.0000,-0.3755,-0.1303
3.0000,-0.3899,-0.1443
3.0000,-0.2827,-0.0367
3.0000,-0.4258,-0.1795
3.0000,-0.3410,-0.0944
3.0000,-0.3532,-0.1063
3.0000,-0.3023,-0.0551
3.0000,-0.3656,-0.1181
3.0000,-0.4514,-0.2035
3.0000,-0.2776,-0.0295
3.0000,-0.4151,-0.1667
3.0000,-0.2993,-0.0505
3.0000,-0.3274,-0.0783
3.0000,-0.3639,-0.1145
3.0000,-0.3898,-0.1402
3.0000,-0.4764,-0.2264
3.0000,-0.3798,-0.1295
3.0000,-0.4838,-0.2332
3.0000,-0.4878,-0.2369
3.0000,-0.3962,-0.1451
3.0000,-0.4386,-0.1871
3.0000,-0.3079,-0.0562
3.0000,-0.3711,-0.1191
3.0000,-0.3503,-0.0980
3.0000,-0.3168,-0.0642
3.0000,-0.3794,-0.1265
3.0000,-0.3325,-0.0793
3.0000,-0.4183,-0.1649
3.0000,-0.4044,-0.1507
3.0000,-0.3466,-0.0927
3.0000,-0.3693,-0.1151
3.0000,-0.4954,-0.2409
3.0000,-0.4746,-0.2198
3.0000,-0.3109,-0.0559
3.0000,-0.4303,-0.1750
3.0000,-0.3253,-0.0697
3.0000,-0.3641,-0.1083
3.0000,-0.5034,-0.2473
3.0000,-0.4710,-0.2147
3.0000,-0.4988,-0.2422
3.0000,-0.4178,-0.1610
3.0000,-0.5036,-0.2465
3.0000,-0.4416,-0.1843
3.0000,-0.3179,-0.0603
3.0000,-0.3428,-0.0850
3.0000,-0.3736,-0.1155
3.0000,-0.5050,-0.2468
3.0000,-0.4329,-0.1744
3.0000,-0.5140,-0.2552
3.0000,-0.4186,-0.1597
3.0000,-0.3345,-0.0753
3.0000,-0.4884,-0.2290
3.0000,-0.4202,-0.1606
3.0000,-0.4579,-0.1981
3.0000,-0.3495,-0.0894
3.0000,-0.4503,-0.1901
3.0000,-0.4550,-0.1945
3.0000,-0.2796,-0.0189
3.0000,-0.4584,-0.1975
3.0000,-0.4854,-0.2243
3.0000,-0.3416,-0.0803
3.0000,-0.4124,-0.1509
3.0000,-0.3668,-0.1050
3.0000,-0.5161,-0.2542
3.0000,-0.4280,-0.1659
3.0000,-0.2820,-0.0197
3.0000,-0.3581,-0.0956
3.0000,-0.4479,-0.1852
3.0000,-0.4751,-0.2123
3.0000,-0.2965,-0.0334
3.0000,-0.4435,-0.1803
3.0000,-0.3645,-0.1011
3.0000,-0.3858,-0.1222
3.0000,-0.5061,-0.2423
3.0000,-0.3857,-0.1218
3.0000,-0.3018,-0.0377
3.0000,-0.3382,-0.0739
3.0000,-0.3656,-0.1012
3.0000,-0.3560,-0.0914
3.0000,-0.4801,-0.2153
3.0000,-0.4362,-0.1712
3.0000,-0.5335,-0.2684
3.0000,-0.4509,-0.1856
3.0000,-0.3924,-0.1270
3.0000,-0.4739,-0.2084
3.0000,-0.4973,-0.2316
3.0000,-0.3718,-0.1059
3.0000,-0.4972,-0.2312
3.0000,-0.4493,-0.1831
3.0000,-0.3939,-0.1276
3.0000,-0.4798,-0.2134
3.0000,-0.4326,-0.1660
3.0000,-0.5337,-0.2670
3.0000,-0.3107,-0.0438
3.0000,-0.3202,-0.0532
3.0000,-0.4520,-0.1849
3.0000,-0.3812,-0.1140
3.0000,-0.5170,-0.2497
3.0000,-0.3199,-0.0525
3.0000,-0.4531,-0.1855
3.0000,-0.3723,-0.1046
3.0000,-0.4645,-0.1967
3.0000,-0.4443,-0.1764
3.0000,-0.4879,-0.2199
3.0000,-0.4327,-0.1645
3.0000,-0.3982,-0.1299
3.0000,-0.5193,-0.2509
3.0000,-0.5197,-0.2513
3.0000,-0.4438,-0.1752
3.0000,-0.5616,-0.2929
3.0000,-0.3501,-0.0814
3.0000,-0.4917,-0.2228
3.0000,-0.5490,-0.2800
3.0000,-0.4056,-0.1366
3.0000,-0.3775,-0.1084
3.0000,-0.4120,-0.1428
3.0000,-0.3220,-0.0527
3.0000,-0.3189,-0.0495
3.0000,-0.3265,-0.0571
3.0000,-0.4179,-0.1484
3.0000,-0.3280,-0.0584
3.0000,-0.3944,-0.1247
3.0000,-0.5523,-0.2826
3.0000,-0.4900,-0.2202
3.0000,-0.5392,-0.2693
3.0000,-0.3422,-0.0723
3.0000,-0.3889,-0.1189
3.0000,-0.3866,-0.1165
3.0000,-0.4855,-0.2154
3.0000,-0.5220,-0.2519
3.0000,-0.5448,-0.2746
3.0000,-0.4041,-0.1339
3.0000,-0.3822,-0.1119
3.0000,-0.3736,-0.1033
3.0000,-0.5659,-0.2955
3.0000,-0.5561,-0.2857
3.0000,-0.5050,-0.2346
3.0000,-0.3517,-0.0812
3.0000,-0.4973,-0.2268
3.0000,-0.4235,-0.1529
3.0000,-0.5244,-0.2538
3.0000,-0.5498,-0.2792
3.0000,-0.4760,-0.2054
3.0000,-0.5541,-0.2834
3.0000,-0.5313,-0.2606
3.0000,-0.4483,-0.1776
3.0000,-0.4636,-0.1928
3.0000,-0.5021,-0.2313
3.0000,-0.5889,-0.3181
3.0000,-0.5015,-0.2308
3.0000,-0.5755,-0.3047
3.0000,-0.5432,-0.2724
3.0000,-0.4598,-0.1890
3.0000,-0.3531,-0.0823
3.0000,-0.3560,-0.0852
3.0000,-0.5895,-0.3188
3.0000,-0.3700,-0.0992
3.0000,-0.4851,-0.2144
3.0000,-0.5205,-0.2498
3.0000,-0.4590,-0.1883
3.0000,-0.3887,-0.1180
3.0000,-0.3729,-0.1022
3.0000,-0.5501,-0.2794
3.0000,-0.3910,-0.1204
3.0000,-0.4024,-0.1318
3.0000,-0.5408,-0.2701
3.0000,-0.5436,-0.2731
3.0000,-0.4370,-0.1665
3.0000,-0.5527,-0.2822
3.0000,-0.4404,-0.1700
3.0000,-0.5254,-0.2549
3.0000,-0.5657,-0.2953
3.0000,-0.3913,-0.1209
3.0000,-0.4686,-0.1983
3.0000,-0.4379,-0.1676
3.0000,-0.3773,-0.1071
3.0000,-0.6011,-0.3309
3.0000,-0.5251,-0.2550
3.0000,-0.5149,-0.2448
3.0000,-0.4765,-0.2065
3.0000,-0.4971,-0.2271
3.0000,-0.5646,-0.2947
3.0000,-0.5528,-0.2830
3.0000,-0.5225,-0.2527
3.0000,-0.6045,-0.3348
3.0000,-0.5713,-0.3017
3.0000,-0.4877,-0.2182
3.0000,-0.5657,-0.2962
3.0000,-0.4560,-0.1867
3.0000,-0.5600,-0.2907
3.0000,-0.4195,-0.1502
3.0000,-0.4043,-0.1352
3.0000,-0.4252,-0.1562
3.0000,-0.4551,-0.1861
3.0000,-0.6094,-0.3405
3.0000,-0.6177,-0.3489
3.0000,-0.5708,-0.3021
3.0000,-0.5321,-0.2635
3.0000,-0.5293,-0.2609
3.0000,-0.5075,-0.2391
3.0000,-0.4923,-0.2240
3.0000,-0.5294,-0.2612
3.0000,-0.6334,-0.3653
3.0000,-0.4417,-0.1737
3.0000,-0.6198,-0.3519
3.0000,-0.4762,-0.2085
3.0000,-0.5130,-0.2454
3.0000,-0.5966,-0.3291
3.0000,-0.4840,-0.2167
3.0000,-0.4931,-0.2258
3.0000,-0.5336,-0.2665
3.0000,-0.5956,-0.3286
3.0000,-0.5873,-0.3204
3.0000,-0.5182,-0.2515
3.0000,-0.4105,-0.1439
3.0000,-0.4910,-0.2246
3.0000,-0.6318,-0.3655
3.0000,-0.6256,-0.3594
3.0000,-0.5579,-0.2919
3.0000,-0.4645,-0.1987
3.0000,-0.5743,-0.3086
3.0000,-0.6374,-0.3718
3.0000,-0.6072,-0.3418
3.0000,-0.4950,-0.2298
3.0000,-0.4949,-0.2299
3.0000,-0.5374,-0.2725
3.0000,-0.6333,-0.3686
3.0000,-0.6206,-0.3560
3.0000,-0.5834,-0.3190
3.0000,-0.5633,-0.2990
3.0000,-0.5599,-0.2958
3.0000,-0.5438,-0.2799
3.0000,-0.4862,-0.2225
3.0000,-0.4066,-0.1431
3.0000,-0.5193,-0.2559
3.0000,-0.5119,-0.2488
3.0000,-0.4064,-0.1434
3.0000,-0.5778,-0.3150
3.0000,-0.6573,-0.3947
3.0000,-0.6419,-0.3795
3.0000,-0.6162,-0.3540
3.0000,-0.4259,-0.1639
3.0000,-0.6249,-0.3631
3.0000,-0.6173,-0.3557
3.0000,-0.4498,-0.1884
3.0000,-0.6583,-0.3971
3.0000,-0.4466,-0.1857
3.0000,-0.5206,-0.2598
3.0000,-0.5469,-0.2863
3.0000,-0.5988,-0.3384
3.0000,-0.6208,-0.3607
3.0000,-0.6051,-0.3452
3.0000,-0.5491,-0.2894
3.0000,-0.6047,-0.3452
3.0000,-0.5870,-0.3278
3.0000,-0.5179,-0.2589
3.0000,-0.5496,-0.2908
3.0000,-0.5363,-0.2778
3.0000,-0.5488,-0.2905
3.0000,-0.5675,-0.3094
3.0000,-0.5071,-0.2493
3.0000,-0.5922,-0.3346
3.0000,-0.6182,-0.3609
3.0000,-0.6494,-0.3923
3.0000,-0.5546,-0.2978
3.0000,-0.4929,-0.2363
3.0000,-0.5880,-0.3317
3.0000,-0.5774,-0.3214
3.0000,-0.5890,-0.3332
3.0000,-0.6787,-0.4231
3.0000,-0.4890,-0.2337
3.0000,-0.4919,-0.2369
3.0000,-0.6686,-0.4139
3.0000,-0.6208,-0.3663
3.0000,-0.6336,-0.3794
3.0000,-0.5926,-0.3387
3.0000,-0.4745,-0.2208
3.0000,-0.4534,-0.2000
3.0000,-0.5873,-0.3342
3.0000,-0.4946,-0.2418
3.0000,-0.4625,-0.2100
3.0000,-0.4934,-0.2412
3.0000,-0.4909,-0.2389
3.0000,-0.5341,-0.2824
3.0000,-0.5810,-0.3297
3.0000,-0.6181,-0.3670
3.0000,-0.6517,-0.4009
3.0000,-0.6293,-0.3789
3.0000,-0.6214,-0.3712
3.0000,-0.6155,-0.3657
3.0000,-0.4857,-0.2361
3.0000,-0.4920,-0.2428
3.0000,-0.6841,-0.4352
3.0000,-0.4732,-0.2246
3.0000,-0.6018,-0.3535
3.0000,-0.5402,-0.2923
3.0000,-0.6729,-0.4253
3.0000,-0.6007,-0.3534
3.0000,-0.6650,-0.4181
3.0000,-0.5780,-0.3313
3.0000,-0.6039,-0.3576
3.0000,-0.6415,-0.3955
3.0000,-0.5189,-0.2733
3.0000,-0.6319,-0.3867
3.0000,-0.6167,-0.3718
3.0000,-0.4889,-0.2443
3.0000,-0.5826,-0.3383
3.0000,-0.5231,-0.2792
3.0000,-0.5480,-0.3045
3.0000,-0.5829,-0.3397
3.0000,-0.4711,-0.2282
3.0000,-0.6864,-0.4439
3.0000,-0.6221,-0.3800
3.0000,-0.6579,-0.4161
3.0000,-0.6814,-0.4400
3.0000,-0.5369,-0.2959
3.0000,-0.5432,-0.3025
3.0000,-0.6892,-0.4490
3.0000,-0.5605,-0.3206
3.0000,-0.6173,-0.3778
3.0000,-0.4798,-0.2406
3.0000,-0.5434,-0.3047
3.0000,-0.6380,-0.3996
3.0000,-0.6002,-0.3622
3.0000,-0.5405,-0.3029
3.0000,-0.6115,-0.3742
3.0000,-0.4907,-0.2539
3.0000,-0.5759,-0.3394
3.0000,-0.4924,-0.2563
3.0000,-0.5979,-0.3622
3.0000,-0.6548,-0.4195
3.0000,-0.6173,-0.3825
3.0000,-0.5121,-0.2777
3.0000,-0.6555,-0.4215
3.0000,-0.6159,-0.3822
3.0000,-0.5543,-0.3211
3.0000,-0.6336,-0.4008
3.0000,-0.6487,-0.4163
3.0000,-0.6456,-0.4137
3.0000,-0.6465,-0.4150
3.0000,-0.6772,-0.4461
3.0000,-0.5699,-0.3392
3.0000,-0.5884,-0.3582
3.0000,-0.6153,-0.3855
3.0000,-0.5118,-0.2825
3.0000,-0.5096,-0.2806
3.0000,-0.5817,-0.3532
3.0000,-0.5578,-0.3298
3.0000,-0.6065,-0.3789
3.0000,-0.4826,-0.2554
3.0000,-0.6928,-0.4661
3.0000,-0.6175,-0.3912
3.0000,-0.5750,-0.3492
3.0000,-0.6164,-0.3911
3.0000,-0.7117,-0.4867
3.0000,-0.4915,-0.2671
3.0000,-0.6954,-0.4714
3.0000,-0.6563,-0.4328
3.0000,-0.5159,-0.2928
3.0000,-0.6589,-0.4363
3.0000,-0.6140,-0.3918
3.0000,-0.6105,-0.3889
3.0000,-0.6578,-0.4366
3.0000,-0.6927,-0.4720
3.0000,-0.7323,-0.5121
3.0000,-0.6460,-0.4263
3.0000,-0.5056,-0.2863
3.0000,-0.6234,-0.4046
3.0000,-0.6546,-0.4363
3.0000,-0.5701,-0.3523
3.0000,-0.7072,-0.4899
3.0000,-0.5126,-0.2958
3.0000,-0.7284,-0.5121
3.0000,-0.6161,-0.4003
3.0000,-0.6220,-0.4068
3.0000,-0.5505,-0.3357
3.0000,-0.6714,-0.4571
3.0000,-0.6834,-0.4696
3.0000,-0.4934,-0.2802
3.0000,-0.6903,-0.4776
3.0000,-0.7382,-0.5260
3.0000,-0.5733,-0.3616
3.0000,-0.6518,-0.4406
3.0000,-0.7210,-0.5104
3.0000,-0.7408,-0.5307
3.0000,-0.6498,-0.4402
3.0000,-0.6608,-0.4518
3.0000,-0.6236,-0.4151
3.0000,-0.6111,-0.4031
3.0000,-0.5018,-0.2943
3.0000,-0.6602,-0.4533
3.0000,-0.5583,-0.3519
3.0000,-0.6437,-0.4378
3.0000,-0.5242,-0.3189
3.0000,-0.5538,-0.3490
3.0000,-0.6499,-0.4457
3.0000,-0.5230,-0.3194
3.0000,-0.6491,-0.4460
3.0000,-0.5737,-0.3712
3.0000,-0.7165,-0.5146
3.0000,-0.6724,-0.4710
3.0000,-0.7485,-0.5477
3.0000,-0.7309,-0.5306
3.0000,-0.5422,-0.3425
3.0000,-0.5704,-0.3712
3.0000,-0.5533,-0.3547
3.0000,-0.5213,-0.3233
3.0000,-0.6521,-0.4547
3.0000,-0.6729,-0.4761
3.0000,-0.7010,-0.5047
3.0000,-0.7047,-0.5091
3.0000,-0.6326,-0.4375
3.0000,-0.7440,-0.5495
3.0000,-0.6299,-0.4360
3.0000,-0.6330,-0.4397
3.0000,-0.6490,-0.4563
3.0000,-0.7517,-0.5596
3.0000,-0.7112,-0.5198
3.0000,-0.6166,-0.4257
3.0000,-0.7336,-0.5433
3.0000,-0.7426,-0.5530
3.0000,-0.5787,-0.3897
3.0000,-0.5788,-0.3903
3.0000,-0.6594,-0.4716
3.0000,-0.5731,-0.3859
3.0000,-0.7473,-0.5607
3.0000,-0.6517,-0.4657
3.0000,-0.7138,-0.5285
3.0000,-0.6159,-0.4312
3.0000,-0.5628,-0.3787
3.0000,-0.6987,-0.5152
3.0000,-0.5648,-0.3820
3.0000,-0.6280,-0.4459
3.0000,-0.5267,-0.3452
3.0000,-0.7260,-0.5451
3.0000,-0.5815,-0.4013
3.0000,-0.5612,-0.3816
3.0000,-0.6413,-0.4624
3.0000,-0.6857,-0.5074
3.0000,-0.7227,-0.5451
3.0000,-0.7685,-0.5915
3.0000,-0.7096,-0.5333
3.0000,-0.6603,-0.4846
3.0000,-0.6272,-0.4522
3.0000,-0.6657,-0.4914
3.0000,-0.6608,-0.4871
3.0000,-0.5773,-0.4043
3.0000,-0.7590,-0.5866
3.0000,-0.5435,-0.3718
3.0000,-0.6802,-0.5093
3.0000,-0.7079,-0.5376
3.0000,-0.6940,-0.5244
3.0000,-0.5517,-0.3828
3.0000,-0.6571,-0.4888
3.0000,-0.6753,-0.5077
3.0000,-0.5831,-0.4162
3.0000,-0.5686,-0.4024
3.0000,-0.7689,-0.6034
3.0000,-0.7366,-0.5718
3.0000,-0.6404,-0.4763
3.0000,-0.6540,-0.4906
3.0000,-0.6499,-0.4872
3.0000,-0.6211,-0.4591
3.0000,-0.7405,-0.5792
3.0000,-0.5582,-0.3976
3.0000,-0.6989,-0.5391
3.0000,-0.5876,-0.4284
3.0000,-0.7330,-0.5745
3.0000,-0.5833,-0.4256
3.0000,-0.6110,-0.4540
3.0000,-0.6359,-0.4796
3.0000,-0.7641,-0.6086
3.0000,-0.6605,-0.5057
3.0000,-0.5908,-0.4367
3.0000,-0.7673,-0.6139
3.0000,-0.7626,-0.6100
3.0000,-0.6690,-0.5171
3.0000,-0.6266,-0.4755
3.0000,-0.5673,-0.4169
3.0000,-0.7245,-0.5749
3.0000,-0.6760,-0.5271
3.0000,-0.7408,-0.5927
3.0000,-0.7435,-0.5961
3.0000,-0.7862,-0.6396
3.0000,-0.7585,-0.6126
3.0000,-0.6317,-0.4866
3.0000,-0.6833,-0.5390
3.0000,-0.7881,-0.6445
3.0000,-0.6035,-0.4606
3.0000,-0.5503,-0.4083
3.0000,-0.6520,-0.5107
3.0000,-0.6195,-0.4790
3.0000,-0.7745,-0.6348
3.0000,-0.6927,-0.5538
3.0000,-0.7044,-0.5662
3.0000,-0.6437,-0.5063
3.0000,-0.7858,-0.6492
3.0000,-0.7050,-0.5692
3.0000,-0.5972,-0.4622
3.0000,-0.5951,-0.4608
3.0000,-0.5544,-0.4209
3.0000,-0.6825,-0.5498
3.0000,-0.7014,-0.5695
3.0000,-0.7688,-0.6378
3.0000,-0.7647,-0.6344
3.0000,-0.6054,-0.4759
3.0000,-0.7707,-0.6420
3.0000,-0.7151,-0.5872
3.0000,-0.7337,-0.6067
3.0000,-0.7190,-0.5928
3.0000,-0.7939,-0.6685
3.0000,-0.6699,-0.5453
3.0000,-0.7852,-0.6615
3.0000,-0.5924,-0.4695
3.0000,-0.7415,-0.6194
3.0000,-0.5679,-0.4466
3.0000,-0.6723,-0.5518
3.0000,-0.6530,-0.5333
3.0000,-0.6732,-0.5544
3.0000,-0.6735,-0.5555
3.0000,-0.6168,-0.4997
3.0000,-0.7105,-0.5942
3.0000,-0.6110,-0.4956
3.0000,-0.7775,-0.6629
3.0000,-0.6658,-0.5521
3.0000,-0.7914,-0.6785
3.0000,-0.7663,-0.6543
3.0000,-0.7970,-0.6858
3.0000,-0.7549,-0.6446
3.0000,-0.6558,-0.5463
3.0000,-0.5990,-0.4904
3.0000,-0.6164,-0.5087
3.0000,-0.7280,-0.6212
3.0000,-0.7908,-0.6848
3.0000,-0.7039,-0.5987
3.0000,-0.6512,-0.5470
3.0000,-0.7967,-0.6933
3.0000,-0.6149,-0.5124
3.0000,-0.6717,-0.5701
3.0000,-0.6452,-0.5445
3.0000,-0.6707,-0.5709
3.0000,-0.6186,-0.5196
3.0000,-0.6219,-0.5238
3.0000,-0.7554,-0.6582
3.0000,-0.5711,-0.4748
3.0000,-0.7111,-0.6157
3.0000,-0.6297,-0.5352
3.0000,-0.6912,-0.5976
3.0000,-0.6920,-0.5993
3.0000,-0.7879,-0.6961
3.0000,-0.8099,-0.7191
3.0000,-0.6113,-0.5213
3.0000,-0.6652,-0.5762
3.0000,-0.7945,-0.7063
3.0000,-0.6283,-0.5410
3.0000,-0.6416,-0.5553
3.0000,-0.6023,-0.5169
3.0000,-0.6488,-0.5643
3.0000,-0.8077,-0.7242
3.0000,-0.5705,-0.4879
3.0000,-0.6465,-0.5648
3.0000,-0.8149,-0.7341
3.0000,-0.5649,-0.4851
3.0000,-0.6027,-0.5238
3.0000,-0.8116,-0.7336
3.0000,-0.6967,-0.6197
3.0000,-0.7202,-0.6441
3.0000,-0.6400,-0.5649
3.0000,-0.6633,-0.5892
3.0000,-0.7194,-0.6462
3.0000,-0.7270,-0.6547
3.0000,-0.6867,-0.6154
3.0000,-0.7047,-0.6344
3.0000,-0.5997,-0.5303
3.0000,-0.7397,-0.6713
3.0000,-0.6688,-0.6014
3.0000,-0.7561,-0.6896
3.0000,-0.6063,-0.5408
3.0000,-0.7465,-0.6820
3.0000,-0.6897,-0.6261
3.0000,-0.5724,-0.5098
3.0000,-0.6509,-0.5893
3.0000,-0.7388,-0.6782
3.0000,-0.8014,-0.7418
3.0000,-0.7813,-0.7226
3.0000,-0.5832,-0.5255
3.0000,-0.7578,-0.7011
3.0000,-0.5769,-0.5211
3.0000,-0.8169,-0.7622
3.0000,-0.6134,-0.5597
3.0000,-0.5732,-0.5205
3.0000,-0.6119,-0.5602
3.0000,-0.8132,-0.7625
3.0000,-0.8075,-0.7578
3.0000,-0.6593,-0.6106
3.0000,-0.7278,-0.6801
3.0000,-0.6581,-0.6114
3.0000,-0.8096,-0.7639
3.0000,-0.7937,-0.7490
3.0000,-0.7745,-0.7308
3.0000,-0.6083,-0.5656
3.0000,-0.7032,-0.6616
3.0000,-0.5857,-0.5451
3.0000,-0.6089,-0.5693
3.0000,-0.7120,-0.6735
3.0000,-0.6730,-0.6355
3.0000,-0.7242,-0.6878
3.0000,-0.5888,-0.5533
3.0000,-0.6108,-0.5764
3.0000,-0.7318,-0.6984
3.0000,-0.6239,-0.5916
3.0000,-0.7531,-0.7219
3.0000,-0.6050,-0.5748
3.0000,-0.6418,-0.6126
3.0000,-0.7646,-0.7365
3.0000,-0.5819,-0.5548
3.0000,-0.7712,-0.7452
3.0000,-0.7963,-0.7713
3.0000,-0.6569,-0.6330
3.0000,-0.8294,-0.8066
3.0000,-0.6425,-0.6207
3.0000,-0.6779,-0.6572
3.0000,-0.7046,-0.6850
3.0000,-0.6560,-0.6375
3.0000,-0.6066,-0.5891
3.0000,-0.6583,-0.6419
3.0000,-0.6003,-0.5850
3.0000,-0.6187,-0.6044
3.0000,-0.6340,-0.6208
3.0000,-0.7230,-0.7109
3.0000,-0.7916,-0.7806
3.0000,-0.7900,-0.7801
3.0000,-0.7453,-0.7365
3.0000,-0.6591,-0.6514
3.0000,-0.5858,-0.5792
3.0000,-0.6876,-0.6821
3.0000,-0.7417,-0.7373
3.0000,-0.7588,-0.7555
3.0000,-0.7071,-0.7049
3.0000,-0.7533,-0.7522
3.0000,-0.6461,-0.6461
4.0000,0.0444,0.0434
4.0000,-0.0870,-0.0890
4.0000,0.0145,0.0115
4.0000,0.0986,0.0946
4.0000,0.1197,0.1147
4.0000,-0.0148,-0.0209
4.0000,0.0244,0.0174
4.0000,-0.0985,-0.1066
4.0000,0.0301,0.0211
4.0000,-0.0858,-0.0959
4.0000,0.0035,-0.0076
4.0000,0.0448,0.0327
4.0000,0.0495,0.0364
4.0000,-0.1187,-0.1328
4.0000,-0.0921,-0.1072
4.0000,0.0956,0.0794
4.0000,0.0527,0.0355
4.0000,0.0445,0.0263
4.0000,0.0809,0.0616
4.0000,0.0362,0.0159
4.0000,-0.0295,-0.0509
4.0000,-0.0321,-0.0545
4.0000,0.0615,0.0381
4.0000,-0.0479,-0.0723
4.0000,0.0322,0.0067
4.0000,0.0613,0.0348
4.0000,-0.0291,-0.0566
4.0000,-0.0723,-0.1009
4.0000,-0.0436,-0.0732
4.0000,0.0511,0.0204
4.0000,0.1026,0.0708
4.0000,0.0371,0.0043
4.0000,-0.0572,-0.0910
4.0000,-0.0487,-0.0836
4.0000,-0.0538,-0.0897
4.0000,0.0016,-0.0354
4.0000,0.0584,0.0203
4.0000,-0.0017,-0.0408
4.0000,0.0764,0.0362
4.0000,0.0307,-0.0105
4.0000,-0.0645,-0.1068
4.0000,0.0729,0.0296
4.0000,0.0883,0.0438
4.0000,0.1256,0.0801
4.0000,-0.0652,-0.1118
4.0000,0.1227,0.0751
4.0000,0.1017,0.0530
4.0000,-0.0101,-0.0598
4.0000,0.0931,0.0422
4.0000,-0.0879,-0.1398
4.0000,-0.0017,-0.0547
4.0000,-0.1026,-0.1566
4.0000,-0.1172,-0.1724
4.0000,-0.0585,-0.1147
4.0000,-0.1198,-0.1772
4.0000,-0.1178,-0.1762
4.0000,-0.0774,-0.1368
4.0000,0.0368,-0.0238
4.0000,-0.0429,-0.1046
4.0000,0.0007,-0.0621
4.0000,0.0550,-0.0089
4.0000,-0.0697,-0.1347
4.0000,0.0388,-0.0272
4.0000,0.0269,-0.0403
4.0000,-0.0455,-0.1137
4.0000,-0.0989,-0.1682
4.0000,0.0143,-0.0562
4.0000,0.0019,-0.0696
4.0000,0.0693,-0.0033
4.0000,-0.0724,-0.1462
4.0000,0.0207,-0.0541
4.0000,0.1191,0.0431
4.0000,-0.0520,-0.1290
4.0000,-0.0658,-0.1439
4.0000,0.0658,-0.0135
4.0000,0.0949,0.0145
4.0000,0.0910,0.0095
4.0000,0.0095,-0.0732
4.0000,0.0398,-0.0439
4.0000,0.0324,-0.0524
4.0000,-0.0265,-0.1125
4.0000,-0.0340,-0.1211
4.0000,-0.1093,-0.1975
4.0000,-0.1105,-0.1998
4.0000,0.0996,0.0091
4.0000,0.0139,-0.0777
4.0000,0.0699,-0.0228
4.0000,-0.0526,-0.1464
4.0000,0.0370,-0.0580
4.0000,-0.0032,-0.0993
4.0000,0.0989,0.0017
4.0000,-0.0955,-0.1939
4.0000,0.0710,-0.0286
4.0000,0.1334,0.0327
4.0000,0.0728,-0.0290
4.0000,0.0298,-0.0732
4.0000,-0.0225,-0.1266
4.0000,0.0985,-0.0067
4.0000,-0.1117,-0.2181
4.0000,-0.0813,-0.1888
4.0000,-0.0000,-0.1087
4.0000,-0.0573,-0.1672
4.0000,-0.0047,-0.1157
4.0000,0.1258,0.0137
4.0000,0.0974,-0.0159
4.0000,-0.0475,-0.1619
4.0000,0.0997,-0.0159
4.0000,0.0189,-0.0979
4.0000,-0.1131,-0.2310
4.0000,0.0702,-0.0489
4.0000,0.0164,-0.1038
4.0000,-0.1088,-0.2303
4.0000,0.1304,0.0079
4.0000,0.0150,-0.1087
4.0000,-0.1082,-0.2331
4.0000,-0.0200,-0.1460
4.0000,-0.0712,-0.1984
4.0000,0.0197,-0.1087
4.0000,0.0766,-0.0529
4.0000,-0.0359,-0.1667
4.0000,0.1227,-0.0093
4.0000,0.0544,-0.0787
4.0000,0.0117,-0.1226
4.0000,0.0989,-0.0366
4.0000,-0.0223,-0.1590
4.0000,-0.0309,-0.1688
4.0000,0.1085,-0.0305
4.0000,-0.1012,-0.2414
4.0000,0.0799,-0.0615
4.0000,-0.0338,-0.1764
4.0000,-0.0935,-0.2373
4.0000,-0.0874,-0.2324
4.0000,-0.0518,-0.1979
4.0000,-0.0952,-0.2426
4.0000,0.0898,-0.0587
4.0000,0.0758,-0.0739
4.0000,-0.1092,-0.2601
4.0000,-0.0452,-0.1973
4.0000,0.0435,-0.1098
4.0000,0.0079,-0.1466
4.0000,-0.0661,-0.2218
4.0000,-0.0242,-0.1811
4.0000,-0.0811,-0.2392
4.0000,0.0535,-0.1058
4.0000,-0.0979,-0.2584
4.0000,-0.0786,-0.2403
4.0000,0.0471,-0.1158
4.0000,0.0622,-0.1020
4.0000,-0.0654,-0.2307
4.0000,0.0103,-0.1563
4.0000,-0.0154,-0.1832
4.0000,0.1205,-0.0485
4.0000,0.0998,-0.0704
4.0000,0.0115,-0.1600
4.0000,0.1263,-0.0464
4.0000,0.1265,-0.0474
4.0000,0.0353,-0.1398
4.0000,-0.0700,-0.2464
4.0000,0.1177,-0.0598
4.0000,-0.0203,-0.1991
4.0000,0.1101,-0.0699
4.0000,0.0643,-0.1169
4.0000,-0.0243,-0.2067
4.0000,-0.0460,-0.2297
4.0000,0.0866,-0.0983
4.0000,-0.0002,-0.1864
4.0000,0.0785,-0.1089
4.0000,0.1258,-0.0628
4.0000,-0.0127,-0.2026
4.0000,-0.0174,-0.2085
4.0000,0.0894,-0.1030
4.0000,0.0066,-0.1870
4.0000,0.1138,-0.0811
4.0000,-0.0701,-0.2662
4.0000,0.0790,-0.1183
4.0000,-0.0946,-0.2931
4.0000,0.0852,-0.1146
4.0000,-0.0336,-0.2346
4.0000,0.0051,-0.1972
4.0000,0.1107,-0.0928
4.0000,-0.0400,-0.2448
4.0000,-0.0716,-0.2777
4.0000,0.0110,-0.1963
4.0000,0.1135,-0.0950
4.0000,0.0350,-0.1748
4.0000,0.1419,-0.0692
4.0000,0.0203,-0.1921
4.0000,-0.0353,-0.2489
4.0000,0.0231,-0.1918
4.0000,-0.0472,-0.2633
4.0000,0.1461,-0.0713
4.0000,0.0477,-0.1709
4.0000,0.0743,-0.1456
4.0000,-0.0143,-0.2355
4.0000,0.0821,-0.1403
4.0000,0.0947,-0.1290
4.0000,0.0446,-0.1804
4.0000,0.0438,-0.1825
4.0000,-0.0745,-0.3020
4.0000,0.0075,-0.2213
4.0000,-0.0939,-0.3240
4.0000,0.0809,-0.1505
4.0000,0.0011,-0.2316
4.0000,0.0292,-0.2048
4.0000,-0.0555,-0.2907
4.0000,-0.0198,-0.2562
4.0000,-0.0229,-0.2607
4.0000,0.0218,-0.2173
4.0000,-0.0927,-0.3331
4.0000,-0.0849,-0.3265
4.0000,0.0956,-0.1473
4.0000,0.0361,-0.2081
4.0000,0.0089,-0.2366
4.0000,-0.0204,-0.2672
4.0000,0.0534,-0.1946
4.0000,0.0298,-0.2196
4.0000,0.0227,-0.2280
4.0000,0.1120,-0.1400
4.0000,0.0826,-0.1707
4.0000,-0.0282,-0.2827
4.0000,-0.0562,-0.3120
4.0000,-0.0672,-0.3244
4.0000,0.0270,-0.2314
4.0000,-0.0363,-0.2960
4.0000,0.0031,-0.2580
4.0000,0.0090,-0.2533
4.0000,0.0183,-0.2454
4.0000,0.0761,-0.1889
4.0000,-0.0686,-0.3349
4.0000,0.0712,-0.1964
4.0000,0.1085,-0.1604
4.0000,0.1446,-0.1256
4.0000,0.1299,-0.1416
4.0000,0.1434,-0.1294
4.0000,0.0099,-0.2643
4.0000,0.0075,-0.2679
4.0000,0.0656,-0.2112
4.0000,0.0975,-0.1806
4.0000,0.0471,-0.2323
4.0000,0.1182,-0.1626
4.0000,0.0971,-0.1849
4.0000,-0.0412,-0.3245
4.0000,-0.0192,-0.3039
4.0000,-0.0040,-0.2900
4.0000,0.0555,-0.2318
4.0000,-0.0301,-0.3188
4.0000,-0.0244,-0.3144
4.0000,-0.0055,-0.2968
4.0000,0.0134,-0.2792
4.0000,0.1500,-0.1439
4.0000,0.0172,-0.2781
4.0000,-0.0690,-0.3656
4.0000,0.0946,-0.2034
4.0000,-0.0354,-0.3347
4.0000,0.0876,-0.2130
4.0000,0.1126,-0.1894
4.0000,0.0712,-0.2321
4.0000,-0.0554,-0.3601
4.0000,0.1325,-0.1735
4.0000,0.1252,-0.1821
4.0000,0.1009,-0.2078
4.0000,0.1636,-0.1465
4.0000,0.1345,-0.1769
4.0000,-0.0045,-0.3171
4.0000,0.0194,-0.2946
4.0000,0.1409,-0.1745
4.0000,-0.0054,-0.3222
4.0000,-0.0308,-0.3489
4.0000,0.1488,-0.1707
4.0000,-0.0419,-0.3626
4.0000,0.1105,-0.2116
4.0000,0.1093,-0.2142
4.0000,0.1309,-0.1939
4.0000,0.1185,-0.2077
4.0000,0.1275,-0.2000
4.0000,0.0691,-0.2598
4.0000,0.0806,-0.2496
4.0000,0.0350,-0.2966
4.0000,0.0781,-0.2549
4.0000,-0.0562,-0.3905
4.0000,0.0582,-0.2775
4.0000,-0.0387,-0.3758
4.0000,0.0084,-0.3301
4.0000,-0.0015,-0.3413
4.0000,0.1846,-0.1566
4.0000,0.0045,-0.3380
4.0000,-0.0436,-0.3875
4.0000,0.1326,-0.2127
4.0000,0.0998,-0.2468
4.0000,-0.0515,-0.3995
4.0000,-0.0151,-0.3645
4.0000,0.1371,-0.2137
4.0000,0.0651,-0.2870
4.0000,0.1888,-0.1647
4.0000,-0.0226,-0.3774
4.0000,-0.0553,-0.4115
4.0000,0.1760,-0.1816
4.0000,-0.0496,-0.4086
4.0000,0.0364,-0.3239
4.0000,0.0847,-0.2771
4.0000,0.1679,-0.1952
4.0000,-0.0490,-0.4136
4.0000,-0.0247,-0.3906
4.0000,0.1478,-0.2195
4.0000,0.1144,-0.2542
4.0000,0.0675,-0.3026
4.0000,0.1396,-0.2318
4.0000,-0.0045,-0.3773
4.0000,0.0159,-0.3583
4.0000,0.1598,-0.2158
4.0000,0.0735,-0.3034
4.0000,0.1674,-0.2110
4.0000,-0.0410,-0.4208
4.0000,0.0177,-0.3635
4.0000,0.1670,-0.2156
4.0000,0.1515,-0.2325
4.0000,0.0020,-0.3834
4.0000,0.1910,-0.1957
4.0000,0.0240,-0.3641
4.0000,0.0904,-0.2991
4.0000,0.1794,-0.2115
4.0000,0.1695,-0.2228
4.0000,0.1598,-0.2339
4.0000,0.1798,-0.2154
4.0000,0.1122,-0.2843
4.0000,-0.0099,-0.4078
4.0000,0.1997,-0.1996
4.0000,0.1412,-0.2595
4.0000,0.1144,-0.2877
4.0000,0.0221,-0.3814
4.0000,-0.0268,-0.4317
4.0000,0.0323,-0.3741
4.0000,0.1169,-0.2909
4.0000,0.1956,-0.2136
4.0000,-0.0028,-0.4134
4.0000,0.0823,-0.3297
4.0000,0.1659,-0.2475
4.0000,0.0731,-0.3417
4.0000,0.1692,-0.2471
4.0000,0.0147,-0.4030
4.0000,0.0862,-0.3329
4.0000,0.1921,-0.2284
4.0000,0.1223,-0.2996
4.0000,0.1097,-0.3136
4.0000,0.0454,-0.3794
4.0000,-0.0221,-0.4483
4.0000,0.1744,-0.2532
4.0000,0.1292,-0.2998
4.0000,-0.0296,-0.4601
4.0000,0.0586,-0.3733
4.0000,0.1912,-0.2420
4.0000,0.0394,-0.3954
4.0000,0.1693,-0.2668
4.0000,0.1969,-0.2407
4.0000,0.1127,-0.3263
4.0000,-0.0096,-0.4501
4.0000,0.1151,-0.3267
4.0000,0.0540,-0.3893
4.0000,-0.0078,-0.4525
4.0000,0.1815,-0.2647
4.0000,0.1711,-0.2764
4.0000,0.2275,-0.2215
4.0000,-0.0137,-0.4641
4.0000,0.2284,-0.2235
4.0000,0.2209,-0.2324
4.0000,0.1475,-0.3072
4.0000,0.1630,-0.2932
4.0000,0.0547,-0.4029
4.0000,0.0950,-0.3640
4.0000,0.0860,-0.3745
4.0000,0.0067,-0.4553
4.0000,0.1332,-0.3302
4.0000,0.1950,-0.2698
4.0000,0.2174,-0.2488
4.0000,0.0641,-0.4036
4.0000,0.0867,-0.3824
4.0000,-0.0031,-0.4737
4.0000,0.2242,-0.2479
4.0000,0.0895,-0.3840
4.0000,0.1532,-0.3218
4.0000,0.1100,-0.3664
4.0000,0.0012,-0.4766
4.0000,0.1899,-0.2893
4.0000,0.1904,-0.2903
4.0000,0.1707,-0.3114
4.0000,0.1754,-0.3082
4.0000,0.0527,-0.4324
4.0000,0.0113,-0.4752
4.0000,0.0652,-0.4228
4.0000,0.1369,-0.3526
4.0000,0.1073,-0.3837
4.0000,0.1132,-0.3791
4.0000,0.2143,-0.2795
4.0000,0.1846,-0.3107
4.0000,0.0488,-0.4479
4.0000,0.1802,-0.3180
4.0000,0.0587,-0.4410
4.0000,0.0894,-0.4117
4.0000,0.1710,-0.3315
4.0000,0.0486,-0.4554
4.0000,0.1075,-0.3980
4.0000,0.0232,-0.4838
4.0000,0.1855,-0.3229
4.0000,0.2168,-0.2931
4.0000,0.1893,-0.3221
4.0000,0.0601,-0.4527
4.0000,0.0187,-0.4956
4.0000,0.0391,-0.4767
4.0000,0.0234,-0.4938
4.0000,0.2506,-0.2681
4.0000,0.0083,-0.5118
4.0000,0.2085,-0.3131
4.0000,0.0700,-0.4531
4.0000,0.0616,-0.4629
4.0000,0.2036,-0.3224
4.0000,0.1794,-0.3481
4.0000,0.0707,-0.4583
4.0000,0.0993,-0.4311
4.0000,0.1680,-0.3640
4.0000,0.2270,-0.3064
4.0000,0.1531,-0.3818
4.0000,0.0621,-0.4743
4.0000,0.2314,-0.3064
4.0000,0.0609,-0.4784
4.0000,0.0716,-0.4692
4.0000,0.2488,-0.2935
4.0000,0.1392,-0.4046
4.0000,0.1386,-0.4067
4.0000,0.0618,-0.4849
4.0000,0.2060,-0.3422
4.0000,0.0965,-0.4532
4.0000,0.2051,-0.3461
4.0000,0.0365,-0.5162
4.0000,0.0742,-0.4800
4.0000,0.2628,-0.2928
4.0000,0.2434,-0.3137
4.0000,0.1545,-0.4040
4.0000,0.1099,-0.4502
4.0000,0.0737,-0.4879
4.0000,0.1605,-0.4026
4.0000,0.1029,-0.4616
4.0000,0.0876,-0.4784
4.0000,0.1655,-0.4020
4.0000,0.1383,-0.4307
4.0000,0.0520,-0.5185
4.0000,0.2503,-0.3217
4.0000,0.1196,-0.4539
4.0000,0.1145,-0.4604
4.0000,0.1044,-0.4721
4.0000,0.0967,-0.4812
4.0000,0.1103,-0.4692
4.0000,0.2791,-0.3018
4.0000,0.1862,-0.3962
4.0000,0.2252,-0.3587
4.0000,0.1466,-0.4388
4.0000,0.1877,-0.3992
4.0000,0.1989,-0.3895
4.0000,0.1797,-0.4102
4.0000,0.0644,-0.5270
4.0000,0.0967,-0.4962
4.0000,0.2601,-0.3343
4.0000,0.1095,-0.4864
4.0000,0.2660,-0.3314
4.0000,0.2397,-0.3592
4.0000,0.1947,-0.4057
4.0000,0.1061,-0.4958
4.0000,0.1247,-0.4787
4.0000,0.0627,-0.5422
4.0000,0.2764,-0.3300
4.0000,0.1508,-0.4571
4.0000,0.0542,-0.5552
4.0000,0.1766,-0.4343
4.0000,0.2699,-0.3425
4.0000,0.1916,-0.4223
4.0000,0.1403,-0.4752
4.0000,0.2783,-0.3386
4.0000,0.2509,-0.3676
4.0000,0.0753,-0.5446
4.0000,0.1122,-0.5093
4.0000,0.0858,-0.5372
4.0000,0.2910,-0.3335
4.0000,0.1627,-0.4633
4.0000,0.2679,-0.3596
4.0000,0.2193,-0.4097
4.0000,0.1738,-0.4567
4.0000,0.2474,-0.3847
4.0000,0.1033,-0.5303
4.0000,0.1947,-0.4404
4.0000,0.2498,-0.3868
4.0000,0.2195,-0.4186
4.0000,0.0728,-0.5668
4.0000,0.2644,-0.3767
4.0000,0.1190,-0.5236
4.0000,0.0892,-0.5549
4.0000,0.2790,-0.3667
4.0000,0.0874,-0.5598
4.0000,0.1888,-0.4599
4.0000,0.2844,-0.3659
4.0000,0.2339,-0.4179
4.0000,0.2967,-0.3566
4.0000,0.1274,-0.5274
4.0000,0.1400,-0.5163
4.0000,0.1539,-0.5039
4.0000,0.2794,-0.3799
4.0000,0.2848,-0.3760
4.0000,0.1949,-0.4675
4.0000,0.1529,-0.5111
4.0000,0.2238,-0.4417
4.0000,0.1191,-0.5479
4.0000,0.2065,-0.4620
4.0000,0.2192,-0.4508
4.0000,0.0976,-0.5739
4.0000,0.2377,-0.4354
4.0000,0.1827,-0.4919
4.0000,0.2892,-0.3870
4.0000,0.3040,-0.3737
4.0000,0.2441,-0.4351
4.0000,0.0787,-0.6020
4.0000,0.0928,-0.5895
4.0000,0.2050,-0.4787
4.0000,0.1366,-0.5487
4.0000,0.2911,-0.3957
4.0000,0.2545,-0.4338
4.0000,0.3312,-0.3586
4.0000,0.3361,-0.3553
4.0000,0.1003,-0.5926
4.0000,0.2327,-0.4618
4.0000,0.2318,-0.4642
4.0000,0.3135,-0.3840
4.0000,0.2664,-0.4326
4.0000,0.2592,-0.4414
4.0000,0.1712,-0.5309
4.0000,0.2341,-0.4695
4.0000,0.1247,-0.5804
4.0000,0.2625,-0.4443
4.0000,0.1548,-0.5534
4.0000,0.2390,-0.4707
4.0000,0.0949,-0.6165
4.0000,0.2917,-0.4211
4.0000,0.3432,-0.3712
4.0000,0.3201,-0.3958
4.0000,0.2686,-0.4489
4.0000,0.1837,-0.5353
4.0000,0.2593,-0.4612
4.0000,0.1621,-0.5600
4.0000,0.1251,-0.5985
4.0000,0.3463,-0.3789
4.0000,0.1268,-0.5999
4.0000,0.1974,-0.5309
4.0000,0.2038,-0.5259
4.0000,0.3456,-0.3857
4.0000,0.2452,-0.4876
4.0000,0.2481,-0.4862
4.0000,0.1473,-0.5886
4.0000,0.1186,-0.6188
4.0000,0.1797,-0.5592
4.0000,0.2676,-0.4730
4.0000,0.2545,-0.4875
4.0000,0.2296,-0.5140
4.0000,0.3141,-0.4311
4.0000,0.2807,-0.4660
4.0000,0.1449,-0.6033
4.0000,0.1874,-0.5624
4.0000,0.2331,-0.5182
4.0000,0.2722,-0.4807
4.0000,0.1694,-0.5850
4.0000,0.2968,-0.4591
4.0000,0.3384,-0.4191
4.0000,0.2244,-0.5346
4.0000,0.2403,-0.5203
4.0000,0.2179,-0.5442
4.0000,0.3079,-0.4557
4.0000,0.2240,-0.5412
4.0000,0.2188,-0.5480
4.0000,0.1557,-0.6126
4.0000,0.2786,-0.4912
4.0000,0.2684,-0.5029
4.0000,0.2482,-0.5247
4.0000,0.2573,-0.5171
4.0000,0.1658,-0.6102
4.0000,0.3482,-0.4294
4.0000,0.2290,-0.5501
4.0000,0.2229,-0.5578
4.0000,0.1861,-0.5961
4.0000,0.2474,-0.5363
4.0000,0.1347,-0.6506
4.0000,0.2234,-0.5634
4.0000,0.1855,-0.6029
4.0000,0.3658,-0.4242
4.0000,0.2286,-0.5629
4.0000,0.2052,-0.5878
4.0000,0.2407,-0.5539
4.0000,0.1988,-0.5973
4.0000,0.2232,-0.5745
4.0000,0.2696,-0.5297
4.0000,0.2123,-0.5885
4.0000,0.3400,-0.4623
4.0000,0.3239,-0.4800
4.0000,0.1520,-0.6534
4.0000,0.2548,-0.5522
4.0000,0.2686,-0.5400
4.0000,0.1939,-0.6162
4.0000,0.2058,-0.6059
4.0000,0.2623,-0.5509
4.0000,0.2853,-0.5294
4.0000,0.4046,-0.4117
4.0000,0.2606,-0.5573
4.0000,0.2865,-0.5329
4.0000,0.2600,-0.5610
4.0000,0.3959,-0.4267
4.0000,0.3611,-0.4630
4.0000,0.2695,-0.5561
4.0000,0.3198,-0.5074
4.0000,0.3285,-0.5002
4.0000,0.2441,-0.5862
4.0000,0.2222,-0.6096
4.0000,0.3755,-0.4579
4.0000,0.3677,-0.4673
4.0000,0.2185,-0.6180
4.0000,0.3959,-0.4421
4.0000,0.3668,-0.4728
4.0000,0.3531,-0.4880
4.0000,0.1701,-0.6726
4.0000,0.4173,-0.4270
4.0000,0.2507,-0.5951
4.0000,0.2513,-0.5961
4.0000,0.2573,-0.5916
4.0000,0.4031,-0.4474
4.0000,0.1893,-0.6627
4.0000,0.2596,-0.5940
4.0000,0.2798,-0.5754
4.0000,0.2390,-0.6177
4.0000,0.2619,-0.5964
4.0000,0.1977,-0.6621
4.0000,0.3334,-0.5280
4.0000,0.3231,-0.5398
4.0000,0.3874,-0.4771
4.0000,0.4250,-0.4411
4.0000,0.3964,-0.4712
4.0000,0.3808,-0.4884
4.0000,0.3530,-0.5177
4.0000,0.1866,-0.6857
4.0000,0.3846,-0.4893
4.0000,0.3544,-0.5210
4.0000,0.3327,-0.5442
4.0000,0.3304,-0.5481
4.0000,0.2188,-0.6612
4.0000,0.3976,-0.4840
4.0000,0.2991,-0.5841
4.0000,0.2099,-0.6749
4.0000,0.4160,-0.4703
4.0000,0.2953,-0.5926
4.0000,0.2080,-0.6814
4.0000,0.3121,-0.5789
4.0000,0.3270,-0.5655
4.0000,0.3020,-0.5921
4.0000,0.2703,-0.6253
4.0000,0.2284,-0.6688
4.0000,0.3725,-0.5262
4.0000,0.3684,-0.5319
4.0000,0.4511,-0.4508
4.0000,0.2913,-0.6121
4.0000,0.3769,-0.5280
4.0000,0.3296,-0.5769
4.0000,0.3258,-0.5823
4.0000,0.2701,-0.6396
4.0000,0.3170,-0.5942
4.0000,0.3790,-0.5337
4.0000,0.4459,-0.4684
4.0000,0.3145,-0.6014
4.0000,0.4029,-0.5146
4.0000,0.4248,-0.4942
4.0000,0.3180,-0.6026
4.0000,0.3091,-0.6130
4.0000,0.2635,-0.6602
4.0000,0.2974,-0.6279
4.0000,0.2272,-0.6996
4.0000,0.4415,-0.4868
4.0000,0.3846,-0.5453
4.0000,0.3911,-0.5403
4.0000,0.2290,-0.7040
4.0000,0.3400,-0.5946
4.0000,0.3744,-0.5617
4.0000,0.3334,-0.6042
4.0000,0.2254,-0.7138
4.0000,0.4503,-0.4905
4.0000,0.4403,-0.5021
4.0000,0.3414,-0.6025
4.0000,0.4285,-0.5170
4.0000,0.2770,-0.6700
4.0000,0.4178,-0.5308
4.0000,0.4820,-0.4682
4.0000,0.3393,-0.6124
4.0000,0.4295,-0.5237
4.0000,0.4170,-0.5378
4.0000,0.4682,-0.4882
4.0000,0.3827,-0.5752
4.0000,0.3503,-0.6091
4.0000,0.3975,-0.5635
4.0000,0.4648,-0.4978
4.0000,0.4877,-0.4765
4.0000,0.4308,-0.5349
4.0000,0.4201,-0.5472
4.0000,0.4864,-0.4825
4.0000,0.3795,-0.5909
4.0000,0.4160,-0.5559
4.0000,0.3242,-0.6493
4.0000,0.4056,-0.5695
4.0000,0.4209,-0.5557
4.0000,0.3533,-0.6248
4.0000,0.4274,-0.5523
4.0000,0.4434,-0.5378
4.0000,0.4198,-0.5630
4.0000,0.3080,-0.6764
4.0000,0.3211,-0.6649
4.0000,0.4384,-0.5491
4.0000,0.4063,-0.5827
4.0000,0.3499,-0.6407
4.0000,0.3885,-0.6037
4.0000,0.2690,-0.7247
4.0000,0.3282,-0.6671
4.0000,0.4152,-0.5817
4.0000,0.3435,-0.6549
4.0000,0.5127,-0.4872
4.0000,0.3559,-0.6456
4.0000,0.2996,-0.7034
4.0000,0.5156,-0.4890
4.0000,0.4438,-0.5623
4.0000,0.3742,-0.6335
4.0000,0.2868,-0.7225
4.0000,0.4081,-0.6027
4.0000,0.3170,-0.6953
4.0000,0.3617,-0.6523
4.0000,0.3100,-0.7055
4.0000,0.4909,-0.5261
4.0000,0.4940,-0.5246
4.0000,0.2781,-0.7420
4.0000,0.2855,-0.7362
4.0000,0.5117,-0.5115
4.0000,0.2820,-0.7428
4.0000,0.2971,-0.7293
4.0000,0.5002,-0.5277
4.0000,0.5101,-0.5194
4.0000,0.5119,-0.5190
4.0000,0.3923,-0.6402
4.0000,0.4126,-0.6215
4.0000,0.4881,-0.5475
4.0000,0.3477,-0.6894
4.0000,0.4789,-0.5598
4.0000,0.4345,-0.6058
4.0000,0.5312,-0.5106
4.0000,0.4639,-0.5794
4.0000,0.4748,-0.5702
4.0000,0.3086,-0.7378
4.0000,0.3529,-0.6952
4.0000,0.3209,-0.7286
4.0000,0.3813,-0.6699
4.0000,0.3536,-0.6991
4.0000,0.4764,-0.5778
4.0000,0.4044,-0.6514
4.0000,0.3636,-0.6938
4.0000,0.3291,-0.7297
4.0000,0.3138,-0.7467
4.0000,0.3951,-0.6669
4.0000,0.4136,-0.6499
4.0000,0.5600,-0.5051
4.0000,0.5051,-0.5615
4.0000,0.4391,-0.6290
4.0000,0.3241,-0.7456
4.0000,0.3852,-0.6860
4.0000,0.4174,-0.6554
4.0000,0.3132,-0.7611
4.0000,0.4078,-0.6681
4.0000,0.5098,-0.5676
4.0000,0.3717,-0.7073
4.0000,0.4816,-0.5989
4.0000,0.5656,-0.5165
4.0000,0.4022,-0.6813
4.0000,0.4190,-0.6661
4.0000,0.3628,-0.7238
4.0000,0.5347,-0.5535
4.0000,0.4529,-0.6368
4.0000,0.4744,-0.6169
4.0000,0.3459,-0.7470
4.0000,0.5522,-0.5421
4.0000,0.4520,-0.6439
4.0000,0.4327,-0.6648
4.0000,0.5661,-0.5329
4.0000,0.5609,-0.5397
4.0000,0.5111,-0.5910
4.0000,0.5416,-0.5620
4.0000,0.3748,-0.7304
4.0000,0.5219,-0.5848
4.0000,0.4179,-0.6903
4.0000,0.5689,-0.5409
4.0000,0.3729,-0.7384
4.0000,0.4090,-0.7038
4.0000,0.3838,-0.7306
4.0000,0.3931,-0.7229
4.0000,0.3643,-0.7532
4.0000,0.5539,-0.5650
4.0000,0.3600,-0.7605
4.0000,0.5820,-0.5401
4.0000,0.5735,-0.5501
4.0000,0.3824,-0.7427
4.0000,0.4719,-0.6548
4.0000,0.4405,-0.6877
4.0000,0.4236,-0.7061
4.0000,0.5955,-0.5357
4.0000,0.3792,-0.7536
4.0000,0.3973,-0.7370
4.0000,0.5697,-0.5661
4.0000,0.4801,-0.6573
4.0000,0.4752,-0.6637
4.0000,0.3601,-0.7804
4.0000,0.5533,-0.5886
4.0000,0.5182,-0.6253
4.0000,0.5553,-0.5898
4.0000,0.5344,-0.6121
4.0000,0.5769,-0.5712
4.0000,0.4113,-0.7383
4.0000,0.4712,-0.6800
4.0000,0.5766,-0.5761
4.0000,0.5420,-0.6122
4.0000,0.3756,-0.7801
4.0000,0.4997,-0.6576
4.0000,0.6159,-0.5429
4.0000,0.5392,-0.6211
4.0000,0.4276,-0.7342
4.0000,0.5678,-0.5956
4.0000,0.3872,-0.7776
4.0000,0.4996,-0.6668
4.0000,0.4191,-0.7488
4.0000,0.4475,-0.7220
4.0000,0.5170,-0.6539
4.0000,0.4641,-0.7084
4.0000,0.5255,-0.6485
4.0000,0.5466,-0.6289
4.0000,0.5042,-0.6728
4.0000,0.6421,-0.5365
4.0000,0.5926,-0.5875
4.0000,0.4202,-0.7614
4.0000,0.4282,-0.7549
4.0000,0.4809,-0.7037
4.0000,0.4065,-0.7796
4.0000,0.6374,-0.5503
4.0000,0.5054,-0.6838
4.0000,0.5346,-0.6561
4.0000,0.5812,-0.6111
4.0000,0.5471,-0.6466
4.0000,0.4973,-0.6979
4.0000,0.4407,-0.7561
4.0000,0.4584,-0.7399
4.0000,0.4948,-0.7050
4.0000,0.5264,-0.6750
4.0000,0.6305,-0.5723
4.0000,0.4227,-0.7817
4.0000,0.5517,-0.6541
4.0000,0.4478,-0.7596
4.0000,0.4166,-0.7923
4.0000,0.5597,-0.6507
4.0000,0.6096,-0.6023
4.0000,0.5172,-0.6962
4.0000,0.4246,-0.7903
4.0000,0.5787,-0.6377
4.0000,0.4697,-0.7482
4.0000,0.5145,-0.7049
4.0000,0.6249,-0.5961
4.0000,0.4694,-0.7531
4.0000,0.5431,-0.6808
4.0000,0.6670,-0.5585
4.0000,0.6544,-0.5726
4.0000,0.6779,-0.5506
4.0000,0.5865,-0.6435
4.0000,0.4786,-0.7528
4.0000,0.5884,-0.6446
4.0000,0.4612,-0.7733
4.0000,0.6658,-0.5702
4.0000,0.6622,-0.5753
4.0000,0.4998,-0.7392
4.0000,0.5531,-0.6874
4.0000,0.5430,-0.6990
4.0000,0.5063,-0.7372
4.0000,0.5225,-0.7225
4.0000,0.5262,-0.7203
4.0000,0.4924,-0.7556
4.0000,0.4540,-0.7955
4.0000,0.6441,-0.6069
4.0000,0.5602,-0.6923
4.0000,0.6014,-0.6526
4.0000,0.6749,-0.5805
4.0000,0.4691,-0.7878
4.0000,0.6376,-0.6208
4.0000,0.5901,-0.6699
4.0000,0.6834,-0.5780
4.0000,0.5613,-0.7016
4.0000,0.6258,-0.6386
4.0000,0.6253,-0.6406
4.0000,0.4888,-0.7786
4.0000,0.6974,-0.5715
4.0000,0.4742,-0.7962
4.0000,0.5204,-0.7514
4.0000,0.6390,-0.6343
4.0000,0.5029,-0.7720
4.0000,0.5465,-0.7298
4.0000,0.4752,-0.8026
4.0000,0.5999,-0.6794
4.0000,0.5111,-0.7697
4.0000,0.6605,-0.6218
4.0000,0.7081,-0.5756
4.0000,0.6094,-0.6758
4.0000,0.5616,-0.7251
4.0000,0.6977,-0.5905
4.0000,0.5830,-0.7067
4.0000,0.5338,-0.7573
4.0000,0.6275,-0.6651
4.0000,0.5340,-0.7600
4.0000,0.6759,-0.6196
4.0000,0.6291,-0.6679
4.0000,0.6124,-0.6861
4.0000,0.4987,-0.8013
4.0000,0.5126,-0.7889
4.0000,0.5578,-0.7452
4.0000,0.6967,-0.6077
4.0000,0.7222,-0.5837
4.0000,0.7408,-0.5666
4.0000,0.7177,-0.5911
4.0000,0.5989,-0.7114
4.0000,0.7148,-0.5970
4.0000,0.6908,-0.6224
4.0000,0.6330,-0.6817
4.0000,0.5308,-0.7853
4.0000,0.6087,-0.7089
4.0000,0.6619,-0.6572
4.0000,0.6757,-0.6449
4.0000,0.5481,-0.7739
4.0000,0.6918,-0.6317
4.0000,0.5276,-0.7973
4.0000,0.7526,-0.5738
4.0000,0.7041,-0.6238
4.0000,0.5534,-0.7759
4.0000,0.5443,-0.7865
4.0000,0.6635,-0.6688
4.0000,0.7245,-0.6092
4.0000,0.7347,-0.6005
4.0000,0.7346,-0.6020
4.0000,0.5289,-0.8092
4.0000,0.7592,-0.5803
4.0000,0.6143,-0.7267
4.0000,0.6698,-0.6726
4.0000,0.7397,-0.6043
4.0000,0.5356,-0.8098
4.0000,0.5254,-0.8214
4.0000,0.6512,-0.6971
4.0000,0.5954,-0.7543
4.0000,0.5982,-0.7530
4.0000,0.7025,-0.6502
4.0000,0.6053,-0.7488
4.0000,0.6887,-0.6668
4.0000,0.6376,-0.7194
4.0000,0.6985,-0.6600
4.0000,0.5775,-0.7824
4.0000,0.7175,-0.6438
4.0000,0.7689,-0.5939
4.0000,0.6613,-0.7029
4.0000,0.6244,-0.7413
4.0000,0.5736,-0.7935
4.0000,0.5891,-0.7794
4.0000,0.6781,-0.6918
4.0000,0.6349,-0.7365
4.0000,0.6741,-0.6988
4.0000,0.6401,-0.7342
4.0000,0.6488,-0.7269
4.0000,0.5961,-0.7810
4.0000,0.7460,-0.6326
4.0000,0.7111,-0.6690
4.0000,0.6971,-0.6843
4.0000,0.7529,-0.6300
4.0000,0.5878,-0.7965
4.0000,0.7163,-0.6695
4.0000,0.6758,-0.7114
4.0000,0.7019,-0.6867
4.0000,0.6347,-0.7554
4.0000,0.6305,-0.7610
4.0000,0.6571,-0.7358
4.0000,0.7699,-0.6245
4.0000,0.6649,-0.7309
4.0000,0.8090,-0.5882
4.0000,0.6053,-0.7933
4.0000,0.6370,-0.7631
4.0000,0.5977,-0.8037
4.0000,0.7973,-0.6056
4.0000,0.6878,-0.7165
4.0000,0.5822,-0.8235
4.0000,0.6021,-0.8050
4.0000,0.7399,-0.6687
4.0000,0.7695,-0.6405
4.0000,0.6451,-0.7663
4.0000,0.8079,-0.6049
4.0000,0.6198,-0.7944
