1.0000,0.0010,0.0000
1.0000,0.0020,0.0001
1.0000,0.0030,0.0002
1.0000,0.0040,0.0004
1.0000,0.0050,0.0006
1.0000,0.0059,0.0009
1.0000,0.0069,0.0012
1.0000,0.0078,0.0016
1.0000,0.0088,0.0020
1.0000,0.0097,0.0025
1.0000,0.0106,0.0030
1.0000,0.0115,0.0036
1.0000,0.0123,0.0042
1.0000,0.0131,0.0048
1.0000,0.0139,0.0055
1.0000,0.0147,0.0063
1.0000,0.0155,0.0070
1.0000,0.0162,0.0079
1.0000,0.0169,0.0087
1.0000,0.0175,0.0096
1.0000,0.0181,0.0106
1.0000,0.0187,0.0116
1.0000,0.0193,0.0126
1.0000,0.0198,0.0136
1.0000,0.0202,0.0147
1.0000,0.0206,0.0158
1.0000,0.0210,0.0169
1.0000,0.0213,0.0181
1.0000,0.0216,0.0193
1.0000,0.0219,0.0205
1.0000,0.0221,0.0218
1.0000,0.0222,0.0230
1.0000,0.0223,0.0243
1.0000,0.0223,0.0256
1.0000,0.0223,0.0270
1.0000,0.0222,0.0283
1.0000,0.0221,0.0297
1.0000,0.0219,0.0310
1.0000,0.0217,0.0324
1.0000,0.0214,0.0338
1.0000,0.0211,0.0352
1.0000,0.0207,0.0365
1.0000,0.0202,0.0379
1.0000,0.0197,0.0393
1.0000,0.0192,0.0407
1.0000,0.0185,0.0421
1.0000,0.0178,0.0435
1.0000,0.0171,0.0448
1.0000,0.0163,0.0462
1.0000,0.0155,0.0476
1.0000,0.0145,0.0489
1.0000,0.0136,0.0502
1.0000,0.0125,0.0515
1.0000,0.0114,0.0528
1.0000,0.0103,0.0540
1.0000,0.0091,0.0553
1.0000,0.0079,0.0565
1.0000,0.0065,0.0576
1.0000,0.0052,0.0588
1.0000,0.0038,0.0599
1.0000,0.0023,0.0610
1.0000,0.0008,0.0620
1.0000,-0.0008,0.0630
1.0000,-0.0024,0.0640
1.0000,-0.0041,0.0649
1.0000,-0.0058,0.0657
1.0000,-0.0076,0.0666
1.0000,-0.0094,0.0674
1.0000,-0.0112,0.0681
1.0000,-0.0131,0.0688
1.0000,-0.0151,0.0694
1.0000,-0.0170,0.0700
1.0000,-0.0190,0.0705
1.0000,-0.0211,0.0709
1.0000,-0.0232,0.0713
1.0000,-0.0253,0.0717
1.0000,-0.0274,0.0719
1.0000,-0.0296,0.0722
1.0000,-0.0318,0.0723
1.0000,-0.0341,0.0724
1.0000,-0.0363,0.0724
1.0000,-0.0386,0.0723
1.0000,-0.0409,0.0722
1.0000,-0.0432,0.0720
1.0000,-0.0455,0.0718
1.0000,-0.0479,0.0714
1.0000,-0.0502,0.0710
1.0000,-0.0526,0.0705
1.0000,-0.0550,0.0700
1.0000,-0.0574,0.0693
1.0000,-0.0597,0.0686
1.0000,-0.0621,0.0679
1.0000,-0.0645,0.0670
1.0000,-0.0669,0.0660
1.0000,-0.0693,0.0650
1.0000,-0.0716,0.0639
1.0000,-0.0740,0.0628
1.0000,-0.0763,0.0615
1.0000,-0.0786,0.0602
1.0000,-0.0809,0.0588
1.0000,-0.0832,0.0573
1.0000,-0.0854,0.0557
1.0000,-0.0877,0.0541
1.0000,-0.0898,0.0524
1.0000,-0.0920,0.0506
1.0000,-0.0941,0.0487
1.0000,-0.0962,0.0468
1.0000,-0.0983,0.0448
1.0000,-0.1003,0.0427
1.0000,-0.1023,0.0405
1.0000,-0.1042,0.0383
1.0000,-0.1061,0.0359
1.0000,-0.1079,0.0336
1.0000,-0.1097,0.0311
1.0000,-0.1114,0.0286
1.0000,-0.1130,0.0260
1.0000,-0.1146,0.0234
1.0000,-0.1162,0.0207
1.0000,-0.1176,0.0179
1.0000,-0.1191,0.0150
1.0000,-0.1204,0.0121
1.0000,-0.1217,0.0092
1.0000,-0.1228,0.0062
1.0000,-0.1240,0.0031
1.0000,-0.1250,-0.0000
1.0000,-0.1260,-0.0032
1.0000,-0.1268,-0.0064
1.0000,-0.1276,-0.0096
1.0000,-0.1283,-0.0129
1.0000,-0.1290,-0.0163
1.0000,-0.1295,-0.0197
1.0000,-0.1300,-0.0231
1.0000,-0.1303,-0.0266
1.0000,-0.1306,-0.0301
1.0000,-0.1308,-0.0336
1.0000,-0.1308,-0.0371
1.0000,-0.1308,-0.0407
1.0000,-0.1307,-0.0443
1.0000,-0.1305,-0.0479
1.0000,-0.1302,-0.0515
1.0000,-0.1298,-0.0552
1.0000,-0.1292,-0.0588
1.0000,-0.1286,-0.0625
1.0000,-0.1279,-0.0662
1.0000,-0.1271,-0.0699
1.0000,-0.1261,-0.0735
1.0000,-0.1251,-0.0772
1.0000,-0.1240,-0.0809
1.0000,-0.1227,-0.0845
1.0000,-0.1214,-0.0882
1.0000,-0.1199,-0.0918
1.0000,-0.1183,-0.0954
1.0000,-0.1167,-0.0990
1.0000,-0.1149,-0.1026
1.0000,-0.1130,-0.1061
1.0000,-0.1110,-0.1096
1.0000,-0.1089,-0.1131
1.0000,-0.1067,-0.1165
1.0000,-0.1044,-0.1199
1.0000,-0.1020,-0.1233
1.0000,-0.0995,-0.1266
1.0000,-0.0969,-0.1299
1.0000,-0.0941,-0.1331
1.0000,-0.0913,-0.1362
1.0000,-0.0884,-0.1393
1.0000,-0.0854,-0.1423
1.0000,-0.0823,-0.1453
1.0000,-0.0791,-0.1482
1.0000,-0.0758,-0.1511
1.0000,-0.0724,-0.1538
1.0000,-0.0689,-0.1565
1.0000,-0.0653,-0.1591
1.0000,-0.0617,-0.1616
1.0000,-0.0579,-0.1641
1.0000,-0.0541,-0.1664
1.0000,-0.0502,-0.1687
1.0000,-0.0462,-0.1709
1.0000,-0.0421,-0.1730
1.0000,-0.0379,-0.1749
1.0000,-0.0337,-0.1768
1.0000,-0.0294,-0.1786
1.0000,-0.0251,-0.1803
1.0000,-0.0207,-0.1818
1.0000,-0.0162,-0.1833
1.0000,-0.0116,-0.1846
1.0000,-0.0070,-0.1859
1.0000,-0.0023,-0.1870
1.0000,0.0024,-0.1880
1.0000,0.0071,-0.1889
1.0000,0.0119,-0.1896
1.0000,0.0168,-0.1903
1.0000,0.0217,-0.1908
1.0000,0.0266,-0.1912
1.0000,0.0316,-0.1914
1.0000,0.0365,-0.1915
1.0000,0.0416,-0.1915
1.0000,0.0466,-0.1914
1.0000,0.0516,-0.1911
1.0000,0.0567,-0.1907
1.0000,0.0618,-0.1902
1.0000,0.0669,-0.1895
1.0000,0.0720,-0.1887
1.0000,0.0771,-0.1878
1.0000,0.0822,-0.1867
1.0000,0.0873,-0.1855
1.0000,0.0924,-0.1841
1.0000,0.0974,-0.1826
1.0000,0.1025,-0.1810
1.0000,0.1075,-0.1792
1.0000,0.1125,-0.1773
1.0000,0.1175,-0.1753
1.0000,0.1224,-0.1731
1.0000,0.1274,-0.1707
1.0000,0.1322,-0.1683
1.0000,0.1370,-0.1657
1.0000,0.1418,-0.1629
1.0000,0.1465,-0.1600
1.0000,0.1512,-0.1570
1.0000,0.1558,-0.1539
1.0000,0.1604,-0.1506
1.0000,0.1649,-0.1472
1.0000,0.1693,-0.1436
1.0000,0.1736,-0.1400
1.0000,0.1779,-0.1362
1.0000,0.1820,-0.1323
1.0000,0.1861,-0.1282
1.0000,0.1901,-0.1240
1.0000,0.1940,-0.1197
1.0000,0.1978,-0.1153
1.0000,0.2016,-0.1108
1.0000,0.2052,-0.1062
1.0000,0.2087,-0.1014
1.0000,0.2121,-0.0965
1.0000,0.2153,-0.0916
1.0000,0.2185,-0.0865
1.0000,0.2215,-0.0813
1.0000,0.2245,-0.0761
1.0000,0.2273,-0.0707
1.0000,0.2299,-0.0652
1.0000,0.2325,-0.0597
1.0000,0.2349,-0.0540
1.0000,0.2371,-0.0483
1.0000,0.2392,-0.0425
1.0000,0.2412,-0.0367
1.0000,0.2431,-0.0307
1.0000,0.2448,-0.0247
1.0000,0.2463,-0.0186
1.0000,0.2477,-0.0125
1.0000,0.2489,-0.0063
1.0000,0.2500,0.0000
1.0000,0.2509,0.0063
1.0000,0.2517,0.0127
1.0000,0.2523,0.0191
1.0000,0.2527,0.0255
1.0000,0.2530,0.0320
1.0000,0.2531,0.0385
1.0000,0.2530,0.0450
1.0000,0.2528,0.0515
1.0000,0.2524,0.0581
1.0000,0.2518,0.0647
1.0000,0.2511,0.0712
1.0000,0.2502,0.0778
1.0000,0.2491,0.0844
1.0000,0.2478,0.0910
1.0000,0.2464,0.0976
1.0000,0.2448,0.1041
1.0000,0.2430,0.1106
1.0000,0.2410,0.1171
1.0000,0.2389,0.1236
1.0000,0.2366,0.1301
1.0000,0.2341,0.1365
1.0000,0.2315,0.1428
1.0000,0.2286,0.1492
1.0000,0.2256,0.1554
1.0000,0.2225,0.1616
1.0000,0.2191,0.1678
1.0000,0.2156,0.1739
1.0000,0.2120,0.1799
1.0000,0.2081,0.1858
1.0000,0.2041,0.1917
1.0000,0.1999,0.1974
1.0000,0.1956,0.2031
1.0000,0.1911,0.2087
1.0000,0.1865,0.2142
1.0000,0.1817,0.2196
1.0000,0.1767,0.2249
1.0000,0.1716,0.2300
1.0000,0.1663,0.2351
1.0000,0.1609,0.2400
1.0000,0.1554,0.2449
1.0000,0.1497,0.2495
1.0000,0.1439,0.2541
1.0000,0.1379,0.2585
1.0000,0.1318,0.2628
1.0000,0.1256,0.2669
1.0000,0.1193,0.2709
1.0000,0.1128,0.2747
1.0000,0.1062,0.2784
1.0000,0.0995,0.2820
1.0000,0.0927,0.2853
1.0000,0.0858,0.2885
1.0000,0.0788,0.2915
1.0000,0.0717,0.2944
1.0000,0.0645,0.2971
1.0000,0.0572,0.2996
1.0000,0.0498,0.3019
1.0000,0.0423,0.3041
1.0000,0.0348,0.3060
1.0000,0.0271,0.3078
1.0000,0.0195,0.3094
1.0000,0.0117,0.3108
1.0000,0.0039,0.3120
1.0000,-0.0039,0.3130
1.0000,-0.0118,0.3138
1.0000,-0.0198,0.3144
1.0000,-0.0278,0.3148
1.0000,-0.0358,0.3150
1.0000,-0.0438,0.3150
1.0000,-0.0519,0.3148
1.0000,-0.0600,0.3143
1.0000,-0.0681,0.3137
1.0000,-0.0762,0.3129
1.0000,-0.0843,0.3118
1.0000,-0.0923,0.3106
1.0000,-0.1004,0.3091
1.0000,-0.1085,0.3074
1.0000,-0.1165,0.3055
1.0000,-0.1246,0.3034
1.0000,-0.1326,0.3011
1.0000,-0.1405,0.2986
1.0000,-0.1484,0.2959
1.0000,-0.1563,0.2929
1.0000,-0.1641,0.2898
1.0000,-0.1718,0.2864
1.0000,-0.1795,0.2828
1.0000,-0.1871,0.2791
1.0000,-0.1946,0.2751
1.0000,-0.2021,0.2709
1.0000,-0.2095,0.2666
1.0000,-0.2167,0.2620
1.0000,-0.2239,0.2572
1.0000,-0.2310,0.2522
1.0000,-0.2379,0.2471
1.0000,-0.2448,0.2417
1.0000,-0.2515,0.2362
1.0000,-0.2581,0.2304
1.0000,-0.2646,0.2245
1.0000,-0.2709,0.2184
1.0000,-0.2771,0.2122
1.0000,-0.2832,0.2057
1.0000,-0.2891,0.1991
1.0000,-0.2948,0.1923
1.0000,-0.3004,0.1854
1.0000,-0.3058,0.1783
1.0000,-0.3111,0.1710
1.0000,-0.3162,0.1636
1.0000,-0.3211,0.1561
1.0000,-0.3258,0.1483
1.0000,-0.3304,0.1405
1.0000,-0.3347,0.1325
1.0000,-0.3389,0.1244
1.0000,-0.3428,0.1162
1.0000,-0.3466,0.1078
1.0000,-0.3502,0.0994
1.0000,-0.3535,0.0908
1.0000,-0.3567,0.0821
1.0000,-0.3596,0.0733
1.0000,-0.3623,0.0644
1.0000,-0.3648,0.0554
1.0000,-0.3671,0.0464
1.0000,-0.3691,0.0372
1.0000,-0.3709,0.0280
1.0000,-0.3725,0.0187
1.0000,-0.3739,0.0094
1.0000,-0.3750,0.0000
1.0000,-0.3759,-0.0094
1.0000,-0.3765,-0.0189
1.0000,-0.3769,-0.0285
1.0000,-0.3771,-0.0380
1.0000,-0.3770,-0.0476
1.0000,-0.3767,-0.0572
1.0000,-0.3761,-0.0669
1.0000,-0.3753,-0.0765
1.0000,-0.3742,-0.0861
1.0000,-0.3729,-0.0957
1.0000,-0.3713,-0.1054
1.0000,-0.3695,-0.1150
1.0000,-0.3675,-0.1245
1.0000,-0.3652,-0.1341
1.0000,-0.3626,-0.1436
1.0000,-0.3598,-0.1530
1.0000,-0.3568,-0.1624
1.0000,-0.3535,-0.1718
1.0000,-0.3499,-0.1811
1.0000,-0.3461,-0.1903
1.0000,-0.3421,-0.1994
1.0000,-0.3378,-0.2085
1.0000,-0.3333,-0.2175
1.0000,-0.3286,-0.2263
1.0000,-0.3236,-0.2351
1.0000,-0.3184,-0.2438
1.0000,-0.3129,-0.2523
1.0000,-0.3073,-0.2608
1.0000,-0.3014,-0.2691
1.0000,-0.2952,-0.2772
1.0000,-0.2889,-0.2853
1.0000,-0.2823,-0.2932
1.0000,-0.2755,-0.3009
1.0000,-0.2685,-0.3085
1.0000,-0.2613,-0.3159
1.0000,-0.2539,-0.3232
1.0000,-0.2463,-0.3302
1.0000,-0.2385,-0.3371
1.0000,-0.2305,-0.3439
1.0000,-0.2224,-0.3504
1.0000,-0.2140,-0.3567
1.0000,-0.2055,-0.3629
1.0000,-0.1968,-0.3688
1.0000,-0.1879,-0.3745
1.0000,-0.1788,-0.3800
1.0000,-0.1696,-0.3853
1.0000,-0.1603,-0.3904
1.0000,-0.1508,-0.3952
1.0000,-0.1411,-0.3998
1.0000,-0.1313,-0.4042
1.0000,-0.1214,-0.4083
1.0000,-0.1114,-0.4122
1.0000,-0.1012,-0.4159
1.0000,-0.0910,-0.4192
1.0000,-0.0806,-0.4224
1.0000,-0.0701,-0.4253
1.0000,-0.0595,-0.4279
1.0000,-0.0489,-0.4302
1.0000,-0.0381,-0.4323
1.0000,-0.0273,-0.4341
1.0000,-0.0164,-0.4357
1.0000,-0.0055,-0.4370
1.0000,0.0055,-0.4380
1.0000,0.0165,-0.4387
1.0000,0.0276,-0.4391
1.0000,0.0387,-0.4393
1.0000,0.0499,-0.4392
1.0000,0.0610,-0.4388
1.0000,0.0722,-0.4381
1.0000,0.0834,-0.4371
1.0000,0.0946,-0.4359
1.0000,0.1057,-0.4343
1.0000,0.1169,-0.4325
1.0000,0.1280,-0.4304
1.0000,0.1391,-0.4280
1.0000,0.1501,-0.4253
1.0000,0.1611,-0.4223
1.0000,0.1720,-0.4191
1.0000,0.1829,-0.4155
1.0000,0.1937,-0.4117
1.0000,0.2045,-0.4076
1.0000,0.2151,-0.4032
1.0000,0.2257,-0.3985
1.0000,0.2361,-0.3936
1.0000,0.2465,-0.3884
1.0000,0.2567,-0.3829
1.0000,0.2668,-0.3771
1.0000,0.2768,-0.3711
1.0000,0.2867,-0.3648
1.0000,0.2964,-0.3583
1.0000,0.3060,-0.3515
1.0000,0.3154,-0.3444
1.0000,0.3246,-0.3371
1.0000,0.3337,-0.3295
1.0000,0.3426,-0.3217
1.0000,0.3513,-0.3137
1.0000,0.3599,-0.3054
1.0000,0.3682,-0.2969
1.0000,0.3764,-0.2882
1.0000,0.3843,-0.2792
1.0000,0.3920,-0.2700
1.0000,0.3995,-0.2606
1.0000,0.4068,-0.2510
1.0000,0.4138,-0.2412
1.0000,0.4206,-0.2312
1.0000,0.4272,-0.2211
1.0000,0.4335,-0.2107
1.0000,0.4396,-0.2001
1.0000,0.4454,-0.1894
1.0000,0.4509,-0.1785
1.0000,0.4562,-0.1675
1.0000,0.4612,-0.1563
1.0000,0.4660,-0.1450
1.0000,0.4704,-0.1335
1.0000,0.4746,-0.1219
1.0000,0.4785,-0.1101
1.0000,0.4821,-0.0983
1.0000,0.4854,-0.0863
1.0000,0.4884,-0.0742
1.0000,0.4911,-0.0620
1.0000,0.4935,-0.0498
1.0000,0.4956,-0.0374
1.0000,0.4974,-0.0250
1.0000,0.4988,-0.0125
1.0000,0.5000,0.0000
1.0000,0.5008,0.0126
1.0000,0.5014,0.0252
1.0000,0.5016,0.0379
1.0000,0.5015,0.0506
1.0000,0.5010,0.0633
1.0000,0.5003,0.0760
1.0000,0.4992,0.0887
1.0000,0.4978,0.1015
1.0000,0.4960,0.1142
1.0000,0.4940,0.1268
1.0000,0.4916,0.1395
1.0000,0.4889,0.1521
1.0000,0.4859,0.1646
1.0000,0.4825,0.1771
1.0000,0.4788,0.1896
1.0000,0.4748,0.2019
1.0000,0.4705,0.2142
1.0000,0.4659,0.2264
1.0000,0.4609,0.2385
1.0000,0.4557,0.2505
1.0000,0.4501,0.2624
1.0000,0.4442,0.2741
1.0000,0.4380,0.2858
1.0000,0.4315,0.2972
1.0000,0.4247,0.3086
1.0000,0.4176,0.3198
1.0000,0.4102,0.3308
1.0000,0.4026,0.3416
1.0000,0.3946,0.3523
1.0000,0.3864,0.3628
1.0000,0.3778,0.3731
1.0000,0.3690,0.3832
1.0000,0.3600,0.3931
1.0000,0.3506,0.4028
1.0000,0.3410,0.4122
1.0000,0.3312,0.4215
1.0000,0.3211,0.4304
1.0000,0.3107,0.4392
1.0000,0.3002,0.4477
1.0000,0.2893,0.4559
1.0000,0.2783,0.4639
1.0000,0.2671,0.4716
1.0000,0.2556,0.4791
1.0000,0.2439,0.4862
1.0000,0.2320,0.4931
1.0000,0.2200,0.4997
1.0000,0.2077,0.5060
1.0000,0.1953,0.5120
1.0000,0.1827,0.5177
1.0000,0.1700,0.5231
1.0000,0.1570,0.5281
1.0000,0.1440,0.5329
1.0000,0.1308,0.5373
1.0000,0.1175,0.5414
1.0000,0.1040,0.5452
1.0000,0.0904,0.5486
1.0000,0.0767,0.5517
1.0000,0.0630,0.5544
1.0000,0.0491,0.5568
1.0000,0.0352,0.5589
1.0000,0.0211,0.5606
1.0000,0.0071,0.5620
1.0000,-0.0071,0.5630
1.0000,-0.0213,0.5636
1.0000,-0.0355,0.5639
1.0000,-0.0497,0.5638
1.0000,-0.0640,0.5634
1.0000,-0.0783,0.5626
1.0000,-0.0925,0.5614
1.0000,-0.1068,0.5599
1.0000,-0.1211,0.5580
1.0000,-0.1353,0.5558
1.0000,-0.1495,0.5532
1.0000,-0.1636,0.5502
1.0000,-0.1777,0.5469
1.0000,-0.1917,0.5432
1.0000,-0.2056,0.5391
1.0000,-0.2195,0.5347
1.0000,-0.2333,0.5299
1.0000,-0.2470,0.5248
1.0000,-0.2605,0.5193
1.0000,-0.2739,0.5135
1.0000,-0.2873,0.5073
1.0000,-0.3004,0.5008
1.0000,-0.3135,0.4939
1.0000,-0.3263,0.4867
1.0000,-0.3390,0.4792
1.0000,-0.3516,0.4713
1.0000,-0.3639,0.4631
1.0000,-0.3761,0.4546
1.0000,-0.3880,0.4458
1.0000,-0.3998,0.4366
1.0000,-0.4113,0.4271
1.0000,-0.4227,0.4174
1.0000,-0.4337,0.4073
1.0000,-0.4446,0.3969
1.0000,-0.4552,0.3863
1.0000,-0.4655,0.3754
1.0000,-0.4756,0.3642
1.0000,-0.4854,0.3527
1.0000,-0.4949,0.3409
1.0000,-0.5042,0.3289
1.0000,-0.5131,0.3167
1.0000,-0.5218,0.3042
1.0000,-0.5302,0.2915
1.0000,-0.5382,0.2785
1.0000,-0.5459,0.2653
1.0000,-0.5533,0.2519
1.0000,-0.5604,0.2383
1.0000,-0.5672,0.2246
1.0000,-0.5736,0.2106
1.0000,-0.5796,0.1964
1.0000,-0.5853,0.1821
1.0000,-0.5907,0.1676
1.0000,-0.5957,0.1529
1.0000,-0.6003,0.1382
1.0000,-0.6046,0.1232
1.0000,-0.6085,0.1082
1.0000,-0.6120,0.0930
1.0000,-0.6151,0.0777
1.0000,-0.6179,0.0623
1.0000,-0.6202,0.0469
1.0000,-0.6222,0.0313
1.0000,-0.6238,0.0157
1.0000,-0.6250,-0.0000
1.0000,-0.6258,-0.0157
1.0000,-0.6262,-0.0315
1.0000,-0.6262,-0.0473
1.0000,-0.6258,-0.0631
1.0000,-0.6250,-0.0790
1.0000,-0.6238,-0.0948
1.0000,-0.6222,-0.1106
1.0000,-0.6202,-0.1264
1.0000,-0.6179,-0.1422
1.0000,-0.6151,-0.1579
1.0000,-0.6118,-0.1736
1.0000,-0.6082,-0.1892
1.0000,-0.6042,-0.2048
1.0000,-0.5999,-0.2202
1.0000,-0.5951,-0.2356
1.0000,-0.5899,-0.2509
1.0000,-0.5843,-0.2660
1.0000,-0.5783,-0.2811
1.0000,-0.5720,-0.2960
1.0000,-0.5652,-0.3107
1.0000,-0.5581,-0.3253
1.0000,-0.5506,-0.3398
1.0000,-0.5427,-0.3541
1.0000,-0.5345,-0.3682
1.0000,-0.5259,-0.3821
1.0000,-0.5169,-0.3958
1.0000,-0.5076,-0.4093
1.0000,-0.4979,-0.4225
1.0000,-0.4878,-0.4356
1.0000,-0.4775,-0.4484
1.0000,-0.4668,-0.4609
1.0000,-0.4557,-0.4732
1.0000,-0.4444,-0.4853
1.0000,-0.4327,-0.4971
1.0000,-0.4207,-0.5085
1.0000,-0.4084,-0.5197
1.0000,-0.3958,-0.5306
1.0000,-0.3829,-0.5412
1.0000,-0.3698,-0.5515
1.0000,-0.3563,-0.5615
1.0000,-0.3426,-0.5711
1.0000,-0.3286,-0.5804
1.0000,-0.3144,-0.5894
1.0000,-0.3000,-0.5980
1.0000,-0.2853,-0.6062
1.0000,-0.2704,-0.6141
1.0000,-0.2552,-0.6217
1.0000,-0.2399,-0.6288
1.0000,-0.2243,-0.6356
1.0000,-0.2086,-0.6420
1.0000,-0.1927,-0.6480
1.0000,-0.1766,-0.6536
1.0000,-0.1603,-0.6588
1.0000,-0.1440,-0.6636
1.0000,-0.1274,-0.6680
1.0000,-0.1108,-0.6719
1.0000,-0.0940,-0.6755
1.0000,-0.0771,-0.6786
1.0000,-0.0601,-0.6814
1.0000,-0.0430,-0.6836
1.0000,-0.0259,-0.6855
1.0000,-0.0086,-0.6869
1.0000,0.0086,-0.6879
1.0000,0.0260,-0.6885
1.0000,0.0433,-0.6886
1.0000,0.0607,-0.6883
1.0000,0.0781,-0.6876
1.0000,0.0955,-0.6864
1.0000,0.1129,-0.6848
1.0000,0.1302,-0.6827
1.0000,0.1476,-0.6802
1.0000,0.1648,-0.6772
1.0000,0.1821,-0.6738
1.0000,0.1992,-0.6700
1.0000,0.2163,-0.6657
1.0000,0.2333,-0.6610
1.0000,0.2502,-0.6559
1.0000,0.2670,-0.6503
1.0000,0.2836,-0.6443
1.0000,0.3002,-0.6379
1.0000,0.3166,-0.6311
1.0000,0.3328,-0.6238
1.0000,0.3489,-0.6161
1.0000,0.3647,-0.6080
1.0000,0.3804,-0.5995
1.0000,0.3959,-0.5906
1.0000,0.4112,-0.5812
1.0000,0.4263,-0.5715
1.0000,0.4412,-0.5614
1.0000,0.4558,-0.5509
1.0000,0.4701,-0.5400
1.0000,0.4842,-0.5288
1.0000,0.4980,-0.5172
1.0000,0.5116,-0.5052
1.0000,0.5249,-0.4929
1.0000,0.5378,-0.4802
1.0000,0.5505,-0.4672
1.0000,0.5628,-0.4538
1.0000,0.5748,-0.4401
1.0000,0.5865,-0.4261
1.0000,0.5979,-0.4118
1.0000,0.6089,-0.3972
1.0000,0.6195,-0.3823
1.0000,0.6298,-0.3671
1.0000,0.6397,-0.3517
1.0000,0.6492,-0.3360
1.0000,0.6584,-0.3200
1.0000,0.6671,-0.3037
1.0000,0.6755,-0.2873
1.0000,0.6834,-0.2706
1.0000,0.6909,-0.2537
1.0000,0.6980,-0.2365
1.0000,0.7047,-0.2192
1.0000,0.7109,-0.2017
1.0000,0.7168,-0.1840
1.0000,0.7221,-0.1662
1.0000,0.7271,-0.1482
1.0000,0.7315,-0.1300
1.0000,0.7356,-0.1118
1.0000,0.7391,-0.0934
1.0000,0.7422,-0.0749
1.0000,0.7449,-0.0563
1.0000,0.7471,-0.0376
1.0000,0.7488,-0.0188
1.0000,0.7500,-0.0000
1.0000,0.7508,0.0189
1.0000,0.7511,0.0378
1.0000,0.7509,0.0567
1.0000,0.7502,0.0757
1.0000,0.7490,0.0946
1.0000,0.7474,0.1136
1.0000,0.7453,0.1325
1.0000,0.7427,0.1514
1.0000,0.7397,0.1702
1.0000,0.7361,0.1890
1.0000,0.7321,0.2077
1.0000,0.7276,0.2263
1.0000,0.7226,0.2449
1.0000,0.7172,0.2633
1.0000,0.7113,0.2816
1.0000,0.7049,0.2998
1.0000,0.6981,0.3178
1.0000,0.6907,0.3357
1.0000,0.6830,0.3534
1.0000,0.6748,0.3710
1.0000,0.6661,0.3883
1.0000,0.6570,0.4054
1.0000,0.6474,0.4224
1.0000,0.6374,0.4391
1.0000,0.6270,0.4555
1.0000,0.6161,0.4718
1.0000,0.6049,0.4877
1.0000,0.5932,0.5034
1.0000,0.5811,0.5188
1.0000,0.5686,0.5339
1.0000,0.5557,0.5488
1.0000,0.5424,0.5633
1.0000,0.5288,0.5775
1.0000,0.5148,0.5913
1.0000,0.5004,0.6049
1.0000,0.4856,0.6180
1.0000,0.4706,0.6308
1.0000,0.4551,0.6433
1.0000,0.4394,0.6553
1.0000,0.4233,0.6670
1.0000,0.4069,0.6783
1.0000,0.3902,0.6892
1.0000,0.3733,0.6997
1.0000,0.3560,0.7097
1.0000,0.3385,0.7193
1.0000,0.3207,0.7285
1.0000,0.3027,0.7373
1.0000,0.2844,0.7456
1.0000,0.2659,0.7534
1.0000,0.2472,0.7608
1.0000,0.2283,0.7678
1.0000,0.2092,0.7742
1.0000,0.1899,0.7802
1.0000,0.1705,0.7857
1.0000,0.1508,0.7907
1.0000,0.1311,0.7953
1.0000,0.1112,0.7993
1.0000,0.0912,0.8028
1.0000,0.0711,0.8059
1.0000,0.0509,0.8084
1.0000,0.0306,0.8104
1.0000,0.0102,0.8119
1.0000,-0.0102,0.8129
1.0000,-0.0307,0.8134
1.0000,-0.0512,0.8134
1.0000,-0.0717,0.8128
1.0000,-0.0922,0.8118
1.0000,-0.1127,0.8102
1.0000,-0.1332,0.8081
1.0000,-0.1537,0.8055
1.0000,-0.1741,0.8023
1.0000,-0.1944,0.7987
1.0000,-0.2147,0.7945
1.0000,-0.2349,0.7898
1.0000,-0.2549,0.7846
1.0000,-0.2749,0.7789
1.0000,-0.2948,0.7727
1.0000,-0.3145,0.7660
1.0000,-0.3340,0.7587
1.0000,-0.3534,0.7510
1.0000,-0.3726,0.7428
1.0000,-0.3916,0.7341
1.0000,-0.4104,0.7249
1.0000,-0.4290,0.7152
1.0000,-0.4474,0.7050
1.0000,-0.4655,0.6944
1.0000,-0.4834,0.6833
1.0000,-0.5010,0.6717
1.0000,-0.5184,0.6597
1.0000,-0.5354,0.6472
1.0000,-0.5522,0.6343
1.0000,-0.5686,0.6210
1.0000,-0.5847,0.6072
1.0000,-0.6005,0.5930
1.0000,-0.6160,0.5784
1.0000,-0.6311,0.5634
1.0000,-0.6458,0.5481
1.0000,-0.6601,0.5323
1.0000,-0.6741,0.5161
1.0000,-0.6877,0.4996
1.0000,-0.7008,0.4827
1.0000,-0.7136,0.4655
1.0000,-0.7259,0.4480
1.0000,-0.7378,0.4301
1.0000,-0.7492,0.4119
1.0000,-0.7602,0.3934
1.0000,-0.7708,0.3746
1.0000,-0.7809,0.3555
1.0000,-0.7905,0.3362
1.0000,-0.7996,0.3166
1.0000,-0.8082,0.2967
1.0000,-0.8164,0.2767
1.0000,-0.8240,0.2563
1.0000,-0.8312,0.2358
1.0000,-0.8378,0.2151
1.0000,-0.8439,0.1942
1.0000,-0.8495,0.1731
1.0000,-0.8546,0.1519
1.0000,-0.8591,0.1305
1.0000,-0.8631,0.1090
1.0000,-0.8666,0.0874
1.0000,-0.8695,0.0657
1.0000,-0.8719,0.0439
1.0000,-0.8737,0.0220
1.0000,-0.8750,0.0000
1.0000,-0.8757,-0.0220
1.0000,-0.8759,-0.0441
1.0000,-0.8755,-0.0661
1.0000,-0.8746,-0.0882
1.0000,-0.8731,-0.1103
1.0000,-0.8710,-0.1323
1.0000,-0.8684,-0.1544
1.0000,-0.8652,-0.1763
1.0000,-0.8615,-0.1983
1.0000,-0.8572,-0.2201
1.0000,-0.8524,-0.2418
1.0000,-0.8470,-0.2635
1.0000,-0.8410,-0.2850
1.0000,-0.8345,-0.3064
1.0000,-0.8275,-0.3276
1.0000,-0.8199,-0.3487
1.0000,-0.8118,-0.3696
1.0000,-0.8032,-0.3903
1.0000,-0.7940,-0.4109
1.0000,-0.7843,-0.4312
1.0000,-0.7741,-0.4512
1.0000,-0.7633,-0.4711
1.0000,-0.7521,-0.4907
1.0000,-0.7404,-0.5100
1.0000,-0.7281,-0.5290
1.0000,-0.7154,-0.5477
1.0000,-0.7022,-0.5662
1.0000,-0.6885,-0.5843
1.0000,-0.6743,-0.6021
1.0000,-0.6597,-0.6195
1.0000,-0.6447,-0.6366
1.0000,-0.6291,-0.6533
1.0000,-0.6132,-0.6697
1.0000,-0.5968,-0.6856
1.0000,-0.5801,-0.7012
1.0000,-0.5629,-0.7163
1.0000,-0.5453,-0.7310
1.0000,-0.5273,-0.7453
1.0000,-0.5090,-0.7592
1.0000,-0.4903,-0.7726
1.0000,-0.4712,-0.7855
1.0000,-0.4518,-0.7980
1.0000,-0.4321,-0.8099
1.0000,-0.4121,-0.8214
1.0000,-0.3917,-0.8324
1.0000,-0.3711,-0.8429
1.0000,-0.3502,-0.8529
1.0000,-0.3290,-0.8624
1.0000,-0.3075,-0.8713
1.0000,-0.2858,-0.8797
1.0000,-0.2639,-0.8876
1.0000,-0.2418,-0.8949
1.0000,-0.2195,-0.9017
1.0000,-0.1970,-0.9079
1.0000,-0.1743,-0.9135
1.0000,-0.1514,-0.9186
1.0000,-0.1284,-0.9231
1.0000,-0.1053,-0.9270
1.0000,-0.0821,-0.9304
1.0000,-0.0587,-0.9332
1.0000,-0.0353,-0.9353
1.0000,-0.0118,-0.9369
1.0000,0.0118,-0.9379
1.0000,0.0354,-0.9383
1.0000,0.0590,-0.9381
1.0000,0.0827,-0.9374
1.0000,0.1063,-0.9360
1.0000,0.1299,-0.9340
1.0000,0.1535,-0.9314
1.0000,0.1771,-0.9283
1.0000,0.2006,-0.9245
1.0000,0.2240,-0.9201
1.0000,0.2473,-0.9152
1.0000,0.2705,-0.9096
1.0000,0.2936,-0.9035
1.0000,0.3165,-0.8968
1.0000,0.3393,-0.8895
1.0000,0.3619,-0.8816
1.0000,0.3844,-0.8731
1.0000,0.4066,-0.8641
1.0000,0.4287,-0.8545
1.0000,0.4505,-0.8444
1.0000,0.4720,-0.8336
1.0000,0.4933,-0.8224
1.0000,0.5144,-0.8106
1.0000,0.5352,-0.7982
1.0000,0.5556,-0.7853
1.0000,0.5758,-0.7719
1.0000,0.5956,-0.7580
1.0000,0.6151,-0.7435
1.0000,0.6343,-0.7286
1.0000,0.6530,-0.7132
1.0000,0.6715,-0.6973
1.0000,0.6895,-0.6809
1.0000,0.7071,-0.6640
1.0000,0.7243,-0.6467
1.0000,0.7411,-0.6289
1.0000,0.7574,-0.6107
1.0000,0.7733,-0.5921
1.0000,0.7888,-0.5731
1.0000,0.8038,-0.5537
1.0000,0.8183,-0.5338
1.0000,0.8323,-0.5136
1.0000,0.8458,-0.4930
1.0000,0.8588,-0.4721
1.0000,0.8713,-0.4508
1.0000,0.8832,-0.4292
1.0000,0.8946,-0.4073
1.0000,0.9055,-0.3851
1.0000,0.9158,-0.3626
1.0000,0.9256,-0.3398
1.0000,0.9348,-0.3168
1.0000,0.9434,-0.2935
1.0000,0.9514,-0.2699
1.0000,0.9589,-0.2462
1.0000,0.9658,-0.2223
1.0000,0.9720,-0.1981
1.0000,0.9777,-0.1738
1.0000,0.9827,-0.1493
1.0000,0.9872,-0.1247
1.0000,0.9910,-0.1000
1.0000,0.9942,-0.0751
1.0000,0.9967,-0.0501
1.0000,0.9987,-0.0251
1.0000,1.0000,-0.0000
2.0000,-0.0000,0.0010
2.0000,-0.0001,0.0020
2.0000,-0.0002,0.0030
2.0000,-0.0004,0.0040
2.0000,-0.0006,0.0050
2.0000,-0.0009,0.0059
2.0000,-0.0012,0.0069
2.0000,-0.0016,0.0078
2.0000,-0.0020,0.0088
2.0000,-0.0025,0.0097
2.0000,-0.0030,0.0106
2.0000,-0.0036,0.0115
2.0000,-0.0042,0.0123
2.0000,-0.0048,0.0131
2.0000,-0.0055,0.0139
2.0000,-0.0063,0.0147
2.0000,-0.0070,0.0155
2.0000,-0.0079,0.0162
2.0000,-0.0087,0.0169
2.0000,-0.0096,0.0175
2.0000,-0.0106,0.0181
2.0000,-0.0116,0.0187
2.0000,-0.0126,0.0193
2.0000,-0.0136,0.0198
2.0000,-0.0147,0.0202
2.0000,-0.0158,0.0206
2.0000,-0.0169,0.0210
2.0000,-0.0181,0.0213
2.0000,-0.0193,0.0216
2.0000,-0.0205,0.0219
2.0000,-0.0218,0.0221
2.0000,-0.0230,0.0222
2.0000,-0.0243,0.0223
2.0000,-0.0256,0.0223
2.0000,-0.0270,0.0223
2.0000,-0.0283,0.0222
2.0000,-0.0297,0.0221
2.0000,-0.0310,0.0219
2.0000,-0.0324,0.0217
2.0000,-0.0338,0.0214
2.0000,-0.0352,0.0211
2.0000,-0.0365,0.0207
2.0000,-0.0379,0.0202
2.0000,-0.0393,0.0197
2.0000,-0.0407,0.0192
2.0000,-0.0421,0.0185
2.0000,-0.0435,0.0178
2.0000,-0.0448,0.0171
2.0000,-0.0462,0.0163
2.0000,-0.0476,0.0155
2.0000,-0.0489,0.0145
2.0000,-0.0502,0.0136
2.0000,-0.0515,0.0125
2.0000,-0.0528,0.0114
2.0000,-0.0540,0.0103
2.0000,-0.0553,0.0091
2.0000,-0.0565,0.0079
2.0000,-0.0576,0.0065
2.0000,-0.0588,0.0052
2.0000,-0.0599,0.0038
2.0000,-0.0610,0.0023
2.0000,-0.0620,0.0008
2.0000,-0.0630,-0.0008
2.0000,-0.0640,-0.0024
2.0000,-0.0649,-0.0041
2.0000,-0.0657,-0.0058
2.0000,-0.0666,-0.0076
2.0000,-0.0674,-0.0094
2.0000,-0.0681,-0.0112
2.0000,-0.0688,-0.0131
2.0000,-0.0694,-0.0151
2.0000,-0.0700,-0.0170
2.0000,-0.0705,-0.0190
2.0000,-0.0709,-0.0211
2.0000,-0.0713,-0.0232
2.0000,-0.0717,-0.0253
2.0000,-0.0719,-0.0274
2.0000,-0.0722,-0.0296
2.0000,-0.0723,-0.0318
2.0000,-0.0724,-0.0341
2.0000,-0.0724,-0.0363
2.0000,-0.0723,-0.0386
2.0000,-0.0722,-0.0409
2.0000,-0.0720,-0.0432
2.0000,-0.0718,-0.0455
2.0000,-0.0714,-0.0479
2.0000,-0.0710,-0.0502
2.0000,-0.0705,-0.0526
2.0000,-0.0700,-0.0550
2.0000,-0.0693,-0.0574
2.0000,-0.0686,-0.0597
2.0000,-0.0679,-0.0621
2.0000,-0.0670,-0.0645
2.0000,-0.0660,-0.0669
2.0000,-0.0650,-0.0693
2.0000,-0.0639,-0.0716
2.0000,-0.0628,-0.0740
2.0000,-0.0615,-0.0763
2.0000,-0.0602,-0.0786
2.0000,-0.0588,-0.0809
2.0000,-0.0573,-0.0832
2.0000,-0.0557,-0.0854
2.0000,-0.0541,-0.0877
2.0000,-0.0524,-0.0898
2.0000,-0.0506,-0.0920
2.0000,-0.0487,-0.0941
2.0000,-0.0468,-0.0962
2.0000,-0.0448,-0.0983
2.0000,-0.0427,-0.1003
2.0000,-0.0405,-0.1023
2.0000,-0.0383,-0.1042
2.0000,-0.0359,-0.1061
2.0000,-0.0336,-0.1079
2.0000,-0.0311,-0.1097
2.0000,-0.0286,-0.1114
2.0000,-0.0260,-0.1130
2.0000,-0.0234,-0.1146
2.0000,-0.0207,-0.1162
2.0000,-0.0179,-0.1176
2.0000,-0.0150,-0.1191
2.0000,-0.0121,-0.1204
2.0000,-0.0092,-0.1217
2.0000,-0.0062,-0.1228
2.0000,-0.0031,-0.1240
2.0000,-0.0000,-0.1250
2.0000,0.0032,-0.1260
2.0000,0.0064,-0.1268
2.0000,0.0096,-0.1276
2.0000,0.0129,-0.1283
2.0000,0.0163,-0.1290
2.0000,0.0197,-0.1295
2.0000,0.0231,-0.1300
2.0000,0.0266,-0.1303
2.0000,0.0301,-0.1306
2.0000,0.0336,-0.1308
2.0000,0.0371,-0.1308
2.0000,0.0407,-0.1308
2.0000,0.0443,-0.1307
2.0000,0.0479,-0.1305
2.0000,0.0515,-0.1302
2.0000,0.0552,-0.1298
2.0000,0.0588,-0.1292
2.0000,0.0625,-0.1286
2.0000,0.0662,-0.1279
2.0000,0.0699,-0.1271
2.0000,0.0735,-0.1261
2.0000,0.0772,-0.1251
2.0000,0.0809,-0.1240
2.0000,0.0845,-0.1227
2.0000,0.0882,-0.1214
2.0000,0.0918,-0.1199
2.0000,0.0954,-0.1183
2.0000,0.0990,-0.1167
2.0000,0.1026,-0.1149
2.0000,0.1061,-0.1130
2.0000,0.1096,-0.1110
2.0000,0.1131,-0.1089
2.0000,0.1165,-0.1067
2.0000,0.1199,-0.1044
2.0000,0.1233,-0.1020
2.0000,0.1266,-0.0995
2.0000,0.1299,-0.0969
2.0000,0.1331,-0.0941
2.0000,0.1362,-0.0913
2.0000,0.1393,-0.0884
2.0000,0.1423,-0.0854
2.0000,0.1453,-0.0823
2.0000,0.1482,-0.0791
2.0000,0.1511,-0.0758
2.0000,0.1538,-0.0724
2.0000,0.1565,-0.0689
2.0000,0.1591,-0.0653
2.0000,0.1616,-0.0617
2.0000,0.1641,-0.0579
2.0000,0.1664,-0.0541
2.0000,0.1687,-0.0502
2.0000,0.1709,-0.0462
2.0000,0.1730,-0.0421
2.0000,0.1749,-0.0379
2.0000,0.1768,-0.0337
2.0000,0.1786,-0.0294
2.0000,0.1803,-0.0251
2.0000,0.1818,-0.0207
2.0000,0.1833,-0.0162
2.0000,0.1846,-0.0116
2.0000,0.1859,-0.0070
2.0000,0.1870,-0.0023
2.0000,0.1880,0.0024
2.0000,0.1889,0.0071
2.0000,0.1896,0.0119
2.0000,0.1903,0.0168
2.0000,0.1908,0.0217
2.0000,0.1912,0.0266
2.0000,0.1914,0.0316
2.0000,0.1915,0.0365
2.0000,0.1915,0.0416
2.0000,0.1914,0.0466
2.0000,0.1911,0.0516
2.0000,0.1907,0.0567
2.0000,0.1902,0.0618
2.0000,0.1895,0.0669
2.0000,0.1887,0.0720
2.0000,0.1878,0.0771
2.0000,0.1867,0.0822
2.0000,0.1855,0.0873
2.0000,0.1841,0.0924
2.0000,0.1826,0.0974
2.0000,0.1810,0.1025
2.0000,0.1792,0.1075
2.0000,0.1773,0.1125
2.0000,0.1753,0.1175
2.0000,0.1731,0.1224
2.0000,0.1707,0.1274
2.0000,0.1683,0.1322
2.0000,0.1657,0.1370
2.0000,0.1629,0.1418
2.0000,0.1600,0.1465
2.0000,0.1570,0.1512
2.0000,0.1539,0.1558
2.0000,0.1506,0.1604
2.0000,0.1472,0.1649
2.0000,0.1436,0.1693
2.0000,0.1400,0.1736
2.0000,0.1362,0.1779
2.0000,0.1323,0.1820
2.0000,0.1282,0.1861
2.0000,0.1240,0.1901
2.0000,0.1197,0.1940
2.0000,0.1153,0.1978
2.0000,0.1108,0.2016
2.0000,0.1062,0.2052
2.0000,0.1014,0.2087
2.0000,0.0965,0.2121
2.0000,0.0916,0.2153
2.0000,0.0865,0.2185
2.0000,0.0813,0.2215
2.0000,0.0761,0.2245
2.0000,0.0707,0.2273
2.0000,0.0652,0.2299
2.0000,0.0597,0.2325
2.0000,0.0540,0.2349
2.0000,0.0483,0.2371
2.0000,0.0425,0.2392
2.0000,0.0367,0.2412
2.0000,0.0307,0.2431
2.0000,0.0247,0.2448
2.0000,0.0186,0.2463
2.0000,0.0125,0.2477
2.0000,0.0063,0.2489
2.0000,-0.0000,0.2500
2.0000,-0.0063,0.2509
2.0000,-0.0127,0.2517
2.0000,-0.0191,0.2523
2.0000,-0.0255,0.2527
2.0000,-0.0320,0.2530
2.0000,-0.0385,0.2531
2.0000,-0.0450,0.2530
2.0000,-0.0515,0.2528
2.0000,-0.0581,0.2524
2.0000,-0.0647,0.2518
2.0000,-0.0712,0.2511
2.0000,-0.0778,0.2502
2.0000,-0.0844,0.2491
2.0000,-0.0910,0.2478
2.0000,-0.0976,0.2464
2.0000,-0.1041,0.2448
2.0000,-0.1106,0.2430
2.0000,-0.1171,0.2410
2.0000,-0.1236,0.2389
2.0000,-0.1301,0.2366
2.0000,-0.1365,0.2341
2.0000,-0.1428,0.2315
2.0000,-0.1492,0.2286
2.0000,-0.1554,0.2256
2.0000,-0.1616,0.2225
2.0000,-0.1678,0.2191
2.0000,-0.1739,0.2156
2.0000,-0.1799,0.2120
2.0000,-0.1858,0.2081
2.0000,-0.1917,0.2041
2.0000,-0.1974,0.1999
2.0000,-0.2031,0.1956
2.0000,-0.2087,0.1911
2.0000,-0.2142,0.1865
2.0000,-0.2196,0.1817
2.0000,-0.2249,0.1767
2.0000,-0.2300,0.1716
2.0000,-0.2351,0.1663
2.0000,-0.2400,0.1609
2.0000,-0.2449,0.1554
2.0000,-0.2495,0.1497
2.0000,-0.2541,0.1439
2.0000,-0.2585,0.1379
2.0000,-0.2628,0.1318
2.0000,-0.2669,0.1256
2.0000,-0.2709,0.1193
2.0000,-0.2747,0.1128
2.0000,-0.2784,0.1062
2.0000,-0.2820,0.0995
2.0000,-0.2853,0.0927
2.0000,-0.2885,0.0858
2.0000,-0.2915,0.0788
2.0000,-0.2944,0.0717
2.0000,-0.2971,0.0645
2.0000,-0.2996,0.0572
2.0000,-0.3019,0.0498
2.0000,-0.3041,0.0423
2.0000,-0.3060,0.0348
2.0000,-0.3078,0.0271
2.0000,-0.3094,0.0195
2.0000,-0.3108,0.0117
2.0000,-0.3120,0.0039
2.0000,-0.3130,-0.0039
2.0000,-0.3138,-0.0118
2.0000,-0.3144,-0.0198
2.0000,-0.3148,-0.0278
2.0000,-0.3150,-0.0358
2.0000,-0.3150,-0.0438
2.0000,-0.3148,-0.0519
2.0000,-0.3143,-0.0600
2.0000,-0.3137,-0.0681
2.0000,-0.3129,-0.0762
2.0000,-0.3118,-0.0843
2.0000,-0.3106,-0.0923
2.0000,-0.3091,-0.1004
2.0000,-0.3074,-0.1085
2.0000,-0.3055,-0.1165
2.0000,-0.3034,-0.1246
2.0000,-0.3011,-0.1326
2.0000,-0.2986,-0.1405
2.0000,-0.2959,-0.1484
2.0000,-0.2929,-0.1563
2.0000,-0.2898,-0.1641
2.0000,-0.2864,-0.1718
2.0000,-0.2828,-0.1795
2.0000,-0.2791,-0.1871
2.0000,-0.2751,-0.1946
2.0000,-0.2709,-0.2021
2.0000,-0.2666,-0.2095
2.0000,-0.2620,-0.2167
2.0000,-0.2572,-0.2239
2.0000,-0.2522,-0.2310
2.0000,-0.2471,-0.2379
2.0000,-0.2417,-0.2448
2.0000,-0.2362,-0.2515
2.0000,-0.2304,-0.2581
2.0000,-0.2245,-0.2646
2.0000,-0.2184,-0.2709
2.0000,-0.2122,-0.2771
2.0000,-0.2057,-0.2832
2.0000,-0.1991,-0.2891
2.0000,-0.1923,-0.2948
2.0000,-0.1854,-0.3004
2.0000,-0.1783,-0.3058
2.0000,-0.1710,-0.3111
2.0000,-0.1636,-0.3162
2.0000,-0.1561,-0.3211
2.0000,-0.1483,-0.3258
2.0000,-0.1405,-0.3304
2.0000,-0.1325,-0.3347
2.0000,-0.1244,-0.3389
2.0000,-0.1162,-0.3428
2.0000,-0.1078,-0.3466
2.0000,-0.0994,-0.3502
2.0000,-0.0908,-0.3535
2.0000,-0.0821,-0.3567
2.0000,-0.0733,-0.3596
2.0000,-0.0644,-0.3623
2.0000,-0.0554,-0.3648
2.0000,-0.0464,-0.3671
2.0000,-0.0372,-0.3691
2.0000,-0.0280,-0.3709
2.0000,-0.0187,-0.3725
2.0000,-0.0094,-0.3739
2.0000,-0.0000,-0.3750
2.0000,0.0094,-0.3759
2.0000,0.0189,-0.3765
2.0000,0.0285,-0.3769
2.0000,0.0380,-0.3771
2.0000,0.0476,-0.3770
2.0000,0.0572,-0.3767
2.0000,0.0669,-0.3761
2.0000,0.0765,-0.3753
2.0000,0.0861,-0.3742
2.0000,0.0957,-0.3729
2.0000,0.1054,-0.3713
2.0000,0.1150,-0.3695
2.0000,0.1245,-0.3675
2.0000,0.1341,-0.3652
2.0000,0.1436,-0.3626
2.0000,0.1530,-0.3598
2.0000,0.1624,-0.3568
2.0000,0.1718,-0.3535
2.0000,0.1811,-0.3499
2.0000,0.1903,-0.3461
2.0000,0.1994,-0.3421
2.0000,0.2085,-0.3378
2.0000,0.2175,-0.3333
2.0000,0.2263,-0.3286
2.0000,0.2351,-0.3236
2.0000,0.2438,-0.3184
2.0000,0.2523,-0.3129
2.0000,0.2608,-0.3073
2.0000,0.2691,-0.3014
2.0000,0.2772,-0.2952
2.0000,0.2853,-0.2889
2.0000,0.2932,-0.2823
2.0000,0.3009,-0.2755
2.0000,0.3085,-0.2685
2.0000,0.3159,-0.2613
2.0000,0.3232,-0.2539
2.0000,0.3302,-0.2463
2.0000,0.3371,-0.2385
2.0000,0.3439,-0.2305
2.0000,0.3504,-0.2224
2.0000,0.3567,-0.2140
2.0000,0.3629,-0.2055
2.0000,0.3688,-0.1968
2.0000,0.3745,-0.1879
2.0000,0.3800,-0.1788
2.0000,0.3853,-0.1696
2.0000,0.3904,-0.1603
2.0000,0.3952,-0.1508
2.0000,0.3998,-0.1411
2.0000,0.4042,-0.1313
2.0000,0.4083,-0.1214
2.0000,0.4122,-0.1114
2.0000,0.4159,-0.1012
2.0000,0.4192,-0.0910
2.0000,0.4224,-0.0806
2.0000,0.4253,-0.0701
2.0000,0.4279,-0.0595
2.0000,0.4302,-0.0489
2.0000,0.4323,-0.0381
2.0000,0.4341,-0.0273
2.0000,0.4357,-0.0164
2.0000,0.4370,-0.0055
2.0000,0.4380,0.0055
2.0000,0.4387,0.0165
2.0000,0.4391,0.0276
2.0000,0.4393,0.0387
2.0000,0.4392,0.0499
2.0000,0.4388,0.0610
2.0000,0.4381,0.0722
2.0000,0.4371,0.0834
2.0000,0.4359,0.0946
2.0000,0.4343,0.1057
2.0000,0.4325,0.1169
2.0000,0.4304,0.1280
2.0000,0.4280,0.1391
2.0000,0.4253,0.1501
2.0000,0.4223,0.1611
2.0000,0.4191,0.1720
2.0000,0.4155,0.1829
2.0000,0.4117,0.1937
2.0000,0.4076,0.2045
2.0000,0.4032,0.2151
2.0000,0.3985,0.2257
2.0000,0.3936,0.2361
2.0000,0.3884,0.2465
2.0000,0.3829,0.2567
2.0000,0.3771,0.2668
2.0000,0.3711,0.2768
2.0000,0.3648,0.2867
2.0000,0.3583,0.2964
2.0000,0.3515,0.3060
2.0000,0.3444,0.3154
2.0000,0.3371,0.3246
2.0000,0.3295,0.3337
2.0000,0.3217,0.3426
2.0000,0.3137,0.3513
2.0000,0.3054,0.3599
2.0000,0.2969,0.3682
2.0000,0.2882,0.3764
2.0000,0.2792,0.3843
2.0000,0.2700,0.3920
2.0000,0.2606,0.3995
2.0000,0.2510,0.4068
2.0000,0.2412,0.4138
2.0000,0.2312,0.4206
2.0000,0.2211,0.4272
2.0000,0.2107,0.4335
2.0000,0.2001,0.4396
2.0000,0.1894,0.4454
2.0000,0.1785,0.4509
2.0000,0.1675,0.4562
2.0000,0.1563,0.4612
2.0000,0.1450,0.4660
2.0000,0.1335,0.4704
2.0000,0.1219,0.4746
2.0000,0.1101,0.4785
2.0000,0.0983,0.4821
2.0000,0.0863,0.4854
2.0000,0.0742,0.4884
2.0000,0.0620,0.4911
2.0000,0.0498,0.4935
2.0000,0.0374,0.4956
2.0000,0.0250,0.4974
2.0000,0.0125,0.4988
2.0000,-0.0000,0.5000
2.0000,-0.0126,0.5008
2.0000,-0.0252,0.5014
2.0000,-0.0379,0.5016
2.0000,-0.0506,0.5015
2.0000,-0.0633,0.5010
2.0000,-0.0760,0.5003
2.0000,-0.0887,0.4992
2.0000,-0.1015,0.4978
2.0000,-0.1142,0.4960
2.0000,-0.1268,0.4940
2.0000,-0.1395,0.4916
2.0000,-0.1521,0.4889
2.0000,-0.1646,0.4859
2.0000,-0.1771,0.4825
2.0000,-0.1896,0.4788
2.0000,-0.2019,0.4748
2.0000,-0.2142,0.4705
2.0000,-0.2264,0.4659
2.0000,-0.2385,0.4609
2.0000,-0.2505,0.4557
2.0000,-0.2624,0.4501
2.0000,-0.2741,0.4442
2.0000,-0.2858,0.4380
2.0000,-0.2972,0.4315
2.0000,-0.3086,0.4247
2.0000,-0.3198,0.4176
2.0000,-0.3308,0.4102
2.0000,-0.3416,0.4026
2.0000,-0.3523,0.3946
2.0000,-0.3628,0.3864
2.0000,-0.3731,0.3778
2.0000,-0.3832,0.3690
2.0000,-0.3931,0.3600
2.0000,-0.4028,0.3506
2.0000,-0.4122,0.3410
2.0000,-0.4215,0.3312
2.0000,-0.4304,0.3211
2.0000,-0.4392,0.3107
2.0000,-0.4477,0.3002
2.0000,-0.4559,0.2893
2.0000,-0.4639,0.2783
2.0000,-0.4716,0.2671
2.0000,-0.4791,0.2556
2.0000,-0.4862,0.2439
2.0000,-0.4931,0.2320
2.0000,-0.4997,0.2200
2.0000,-0.5060,0.2077
2.0000,-0.5120,0.1953
2.0000,-0.5177,0.1827
2.0000,-0.5231,0.1700
2.0000,-0.5281,0.1570
2.0000,-0.5329,0.1440
2.0000,-0.5373,0.1308
2.0000,-0.5414,0.1175
2.0000,-0.5452,0.1040
2.0000,-0.5486,0.0904
2.0000,-0.5517,0.0767
2.0000,-0.5544,0.0630
2.0000,-0.5568,0.0491
2.0000,-0.5589,0.0352
2.0000,-0.5606,0.0211
2.0000,-0.5620,0.0071
2.0000,-0.5630,-0.0071
2.0000,-0.5636,-0.0213
2.0000,-0.5639,-0.0355
2.0000,-0.5638,-0.0497
2.0000,-0.5634,-0.0640
2.0000,-0.5626,-0.0783
2.0000,-0.5614,-0.0925
2.0000,-0.5599,-0.1068
2.0000,-0.5580,-0.1211
2.0000,-0.5558,-0.1353
2.0000,-0.5532,-0.1495
2.0000,-0.5502,-0.1636
2.0000,-0.5469,-0.1777
2.0000,-0.5432,-0.1917
2.0000,-0.5391,-0.2056
2.0000,-0.5347,-0.2195
2.0000,-0.5299,-0.2333
2.0000,-0.5248,-0.2470
2.0000,-0.5193,-0.2605
2.0000,-0.5135,-0.2739
2.0000,-0.5073,-0.2873
2.0000,-0.5008,-0.3004
2.0000,-0.4939,-0.3135
2.0000,-0.4867,-0.3263
2.0000,-0.4792,-0.3390
2.0000,-0.4713,-0.3516
2.0000,-0.4631,-0.3639
2.0000,-0.4546,-0.3761
2.0000,-0.4458,-0.3880
2.0000,-0.4366,-0.3998
2.0000,-0.4271,-0.4113
2.0000,-0.4174,-0.4227
2.0000,-0.4073,-0.4337
2.0000,-0.3969,-0.4446
2.0000,-0.3863,-0.4552
2.0000,-0.3754,-0.4655
2.0000,-0.3642,-0.4756
2.0000,-0.3527,-0.4854
2.0000,-0.3409,-0.4949
2.0000,-0.3289,-0.5042
2.0000,-0.3167,-0.5131
2.0000,-0.3042,-0.5218
2.0000,-0.2915,-0.5302
2.0000,-0.2785,-0.5382
2.0000,-0.2653,-0.5459
2.0000,-0.2519,-0.5533
2.0000,-0.2383,-0.5604
2.0000,-0.2246,-0.5672
2.0000,-0.2106,-0.5736
2.0000,-0.1964,-0.5796
2.0000,-0.1821,-0.5853
2.0000,-0.1676,-0.5907
2.0000,-0.1529,-0.5957
2.0000,-0.1382,-0.6003
2.0000,-0.1232,-0.6046
2.0000,-0.1082,-0.6085
2.0000,-0.0930,-0.6120
2.0000,-0.0777,-0.6151
2.0000,-0.0623,-0.6179
2.0000,-0.0469,-0.6202
2.0000,-0.0313,-0.6222
2.0000,-0.0157,-0.6238
2.0000,0.0000,-0.6250
2.0000,0.0157,-0.6258
2.0000,0.0315,-0.6262
2.0000,0.0473,-0.6262
2.0000,0.0631,-0.6258
2.0000,0.0790,-0.6250
2.0000,0.0948,-0.6238
2.0000,0.1106,-0.6222
2.0000,0.1264,-0.6202
2.0000,0.1422,-0.6179
2.0000,0.1579,-0.6151
2.0000,0.1736,-0.6118
2.0000,0.1892,-0.6082
2.0000,0.2048,-0.6042
2.0000,0.2202,-0.5999
2.0000,0.2356,-0.5951
2.0000,0.2509,-0.5899
2.0000,0.2660,-0.5843
2.0000,0.2811,-0.5783
2.0000,0.2960,-0.5720
2.0000,0.3107,-0.5652
2.0000,0.3253,-0.5581
2.0000,0.3398,-0.5506
2.0000,0.3541,-0.5427
2.0000,0.3682,-0.5345
2.0000,0.3821,-0.5259
2.0000,0.3958,-0.5169
2.0000,0.4093,-0.5076
2.0000,0.4225,-0.4979
2.0000,0.4356,-0.4878
2.0000,0.4484,-0.4775
2.0000,0.4609,-0.4668
2.0000,0.4732,-0.4557
2.0000,0.4853,-0.4444
2.0000,0.4971,-0.4327
2.0000,0.5085,-0.4207
2.0000,0.5197,-0.4084
2.0000,0.5306,-0.3958
2.0000,0.5412,-0.3829
2.0000,0.5515,-0.3698
2.0000,0.5615,-0.3563
2.0000,0.5711,-0.3426
2.0000,0.5804,-0.3286
2.0000,0.5894,-0.3144
2.0000,0.5980,-0.3000
2.0000,0.6062,-0.2853
2.0000,0.6141,-0.2704
2.0000,0.6217,-0.2552
2.0000,0.6288,-0.2399
2.0000,0.6356,-0.2243
2.0000,0.6420,-0.2086
2.0000,0.6480,-0.1927
2.0000,0.6536,-0.1766
2.0000,0.6588,-0.1603
2.0000,0.6636,-0.1440
2.0000,0.6680,-0.1274
2.0000,0.6719,-0.1108
2.0000,0.6755,-0.0940
2.0000,0.6786,-0.0771
2.0000,0.6814,-0.0601
2.0000,0.6836,-0.0430
2.0000,0.6855,-0.0259
2.0000,0.6869,-0.0086
2.0000,0.6879,0.0086
2.0000,0.6885,0.0260
2.0000,0.6886,0.0433
2.0000,0.6883,0.0607
2.0000,0.6876,0.0781
2.0000,0.6864,0.0955
2.0000,0.6848,0.1129
2.0000,0.6827,0.1302
2.0000,0.6802,0.1476
2.0000,0.6772,0.1648
2.0000,0.6738,0.1821
2.0000,0.6700,0.1992
2.0000,0.6657,0.2163
2.0000,0.6610,0.2333
2.0000,0.6559,0.2502
2.0000,0.6503,0.2670
2.0000,0.6443,0.2836
2.0000,0.6379,0.3002
2.0000,0.6311,0.3166
2.0000,0.6238,0.3328
2.0000,0.6161,0.3489
2.0000,0.6080,0.3647
2.0000,0.5995,0.3804
2.0000,0.5906,0.3959
2.0000,0.5812,0.4112
2.0000,0.5715,0.4263
2.0000,0.5614,0.4412
2.0000,0.5509,0.4558
2.0000,0.5400,0.4701
2.0000,0.5288,0.4842
2.0000,0.5172,0.4980
2.0000,0.5052,0.5116
2.0000,0.4929,0.5249
2.0000,0.4802,0.5378
2.0000,0.4672,0.5505
2.0000,0.4538,0.5628
2.0000,0.4401,0.5748
2.0000,0.4261,0.5865
2.0000,0.4118,0.5979
2.0000,0.3972,0.6089
2.0000,0.3823,0.6195
2.0000,0.3671,0.6298
2.0000,0.3517,0.6397
2.0000,0.3360,0.6492
2.0000,0.3200,0.6584
2.0000,0.3037,0.6671
2.0000,0.2873,0.6755
2.0000,0.2706,0.6834
2.0000,0.2537,0.6909
2.0000,0.2365,0.6980
2.0000,0.2192,0.7047
2.0000,0.2017,0.7109
2.0000,0.1840,0.7168
2.0000,0.1662,0.7221
2.0000,0.1482,0.7271
2.0000,0.1300,0.7315
2.0000,0.1118,0.7356
2.0000,0.0934,0.7391
2.0000,0.0749,0.7422
2.0000,0.0563,0.7449
2.0000,0.0376,0.7471
2.0000,0.0188,0.7488
2.0000,-0.0000,0.7500
2.0000,-0.0189,0.7508
2.0000,-0.0378,0.7511
2.0000,-0.0567,0.7509
2.0000,-0.0757,0.7502
2.0000,-0.0946,0.7490
2.0000,-0.1136,0.7474
2.0000,-0.1325,0.7453
2.0000,-0.1514,0.7427
2.0000,-0.1702,0.7397
2.0000,-0.1890,0.7361
2.0000,-0.2077,0.7321
2.0000,-0.2263,0.7276
2.0000,-0.2449,0.7226
2.0000,-0.2633,0.7172
2.0000,-0.2816,0.7113
2.0000,-0.2998,0.7049
2.0000,-0.3178,0.6981
2.0000,-0.3357,0.6907
2.0000,-0.3534,0.6830
2.0000,-0.3710,0.6748
2.0000,-0.3883,0.6661
2.0000,-0.4054,0.6570
2.0000,-0.4224,0.6474
2.0000,-0.4391,0.6374
2.0000,-0.4555,0.6270
2.0000,-0.4718,0.6161
2.0000,-0.4877,0.6049
2.0000,-0.5034,0.5932
2.0000,-0.5188,0.5811
2.0000,-0.5339,0.5686
2.0000,-0.5488,0.5557
2.0000,-0.5633,0.5424
2.0000,-0.5775,0.5288
2.0000,-0.5913,0.5148
2.0000,-0.6049,0.5004
2.0000,-0.6180,0.4856
2.0000,-0.6308,0.4706
2.0000,-0.6433,0.4551
2.0000,-0.6553,0.4394
2.0000,-0.6670,0.4233
2.0000,-0.6783,0.4069
2.0000,-0.6892,0.3902
2.0000,-0.6997,0.3733
2.0000,-0.7097,0.3560
2.0000,-0.7193,0.3385
2.0000,-0.7285,0.3207
2.0000,-0.7373,0.3027
2.0000,-0.7456,0.2844
2.0000,-0.7534,0.2659
2.0000,-0.7608,0.2472
2.0000,-0.7678,0.2283
2.0000,-0.7742,0.2092
2.0000,-0.7802,0.1899
2.0000,-0.7857,0.1705
2.0000,-0.7907,0.1508
2.0000,-0.7953,0.1311
2.0000,-0.7993,0.1112
2.0000,-0.8028,0.0912
2.0000,-0.8059,0.0711
2.0000,-0.8084,0.0509
2.0000,-0.8104,0.0306
2.0000,-0.8119,0.0102
2.0000,-0.8129,-0.0102
2.0000,-0.8134,-0.0307
2.0000,-0.8134,-0.0512
2.0000,-0.8128,-0.0717
2.0000,-0.8118,-0.0922
2.0000,-0.8102,-0.1127
2.0000,-0.8081,-0.1332
2.0000,-0.8055,-0.1537
2.0000,-0.8023,-0.1741
2.0000,-0.7987,-0.1944
2.0000,-0.7945,-0.2147
2.0000,-0.7898,-0.2349
2.0000,-0.7846,-0.2549
2.0000,-0.7789,-0.2749
2.0000,-0.7727,-0.2948
2.0000,-0.7660,-0.3145
2.0000,-0.7587,-0.3340
2.0000,-0.7510,-0.3534
2.0000,-0.7428,-0.3726
2.0000,-0.7341,-0.3916
2.0000,-0.7249,-0.4104
2.0000,-0.7152,-0.4290
2.0000,-0.7050,-0.4474
2.0000,-0.6944,-0.4655
2.0000,-0.6833,-0.4834
2.0000,-0.6717,-0.5010
2.0000,-0.6597,-0.5184
2.0000,-0.6472,-0.5354
2.0000,-0.6343,-0.5522
2.0000,-0.6210,-0.5686
2.0000,-0.6072,-0.5847
2.0000,-0.5930,-0.6005
2.0000,-0.5784,-0.6160
2.0000,-0.5634,-0.6311
2.0000,-0.5481,-0.6458
2.0000,-0.5323,-0.6601
2.0000,-0.5161,-0.6741
2.0000,-0.4996,-0.6877
2.0000,-0.4827,-0.7008
2.0000,-0.4655,-0.7136
2.0000,-0.4480,-0.7259
2.0000,-0.4301,-0.7378
2.0000,-0.4119,-0.7492
2.0000,-0.3934,-0.7602
2.0000,-0.3746,-0.7708
2.0000,-0.3555,-0.7809
2.0000,-0.3362,-0.7905
2.0000,-0.3166,-0.7996
2.0000,-0.2967,-0.8082
2.0000,-0.2767,-0.8164
2.0000,-0.2563,-0.8240
2.0000,-0.2358,-0.8312
2.0000,-0.2151,-0.8378
2.0000,-0.1942,-0.8439
2.0000,-0.1731,-0.8495
2.0000,-0.1519,-0.8546
2.0000,-0.1305,-0.8591
2.0000,-0.1090,-0.8631
2.0000,-0.0874,-0.8666
2.0000,-0.0657,-0.8695
2.0000,-0.0439,-0.8719
2.0000,-0.0220,-0.8737
2.0000,-0.0000,-0.8750
2.0000,0.0220,-0.8757
2.0000,0.0441,-0.8759
2.0000,0.0661,-0.8755
2.0000,0.0882,-0.8746
2.0000,0.1103,-0.8731
2.0000,0.1323,-0.8710
2.0000,0.1544,-0.8684
2.0000,0.1763,-0.8652
2.0000,0.1983,-0.8615
2.0000,0.2201,-0.8572
2.0000,0.2418,-0.8524
2.0000,0.2635,-0.8470
2.0000,0.2850,-0.8410
2.0000,0.3064,-0.8345
2.0000,0.3276,-0.8275
2.0000,0.3487,-0.8199
2.0000,0.3696,-0.8118
2.0000,0.3903,-0.8032
2.0000,0.4109,-0.7940
2.0000,0.4312,-0.7843
2.0000,0.4512,-0.7741
2.0000,0.4711,-0.7633
2.0000,0.4907,-0.7521
2.0000,0.5100,-0.7404
2.0000,0.5290,-0.7281
2.0000,0.5477,-0.7154
2.0000,0.5662,-0.7022
2.0000,0.5843,-0.6885
2.0000,0.6021,-0.6743
2.0000,0.6195,-0.6597
2.0000,0.6366,-0.6447
2.0000,0.6533,-0.6291
2.0000,0.6697,-0.6132
2.0000,0.6856,-0.5968
2.0000,0.7012,-0.5801
2.0000,0.7163,-0.5629
2.0000,0.7310,-0.5453
2.0000,0.7453,-0.5273
2.0000,0.7592,-0.5090
2.0000,0.7726,-0.4903
2.0000,0.7855,-0.4712
2.0000,0.7980,-0.4518
2.0000,0.8099,-0.4321
2.0000,0.8214,-0.4121
2.0000,0.8324,-0.3917
2.0000,0.8429,-0.3711
2.0000,0.8529,-0.3502
2.0000,0.8624,-0.3290
2.0000,0.8713,-0.3075
2.0000,0.8797,-0.2858
2.0000,0.8876,-0.2639
2.0000,0.8949,-0.2418
2.0000,0.9017,-0.2195
2.0000,0.9079,-0.1970
2.0000,0.9135,-0.1743
2.0000,0.9186,-0.1514
2.0000,0.9231,-0.1284
2.0000,0.9270,-0.1053
2.0000,0.9304,-0.0821
2.0000,0.9332,-0.0587
2.0000,0.9353,-0.0353
2.0000,0.9369,-0.0118
2.0000,0.9379,0.0118
2.0000,0.9383,0.0354
2.0000,0.9381,0.0590
2.0000,0.9374,0.0827
2.0000,0.9360,0.1063
2.0000,0.9340,0.1299
2.0000,0.9314,0.1535
2.0000,0.9283,0.1771
2.0000,0.9245,0.2006
2.0000,0.9201,0.2240
2.0000,0.9152,0.2473
2.0000,0.9096,0.2705
2.0000,0.9035,0.2936
2.0000,0.8968,0.3165
2.0000,0.8895,0.3393
2.0000,0.8816,0.3619
2.0000,0.8731,0.3844
2.0000,0.8641,0.4066
2.0000,0.8545,0.4287
2.0000,0.8444,0.4505
2.0000,0.8336,0.4720
2.0000,0.8224,0.4933
2.0000,0.8106,0.5144
2.0000,0.7982,0.5352
2.0000,0.7853,0.5556
2.0000,0.7719,0.5758
2.0000,0.7580,0.5956
2.0000,0.7435,0.6151
2.0000,0.7286,0.6343
2.0000,0.7132,0.6530
2.0000,0.6973,0.6715
2.0000,0.6809,0.6895
2.0000,0.6640,0.7071
2.0000,0.6467,0.7243
2.0000,0.6289,0.7411
2.0000,0.6107,0.7574
2.0000,0.5921,0.7733
2.0000,0.5731,0.7888
2.0000,0.5537,0.8038
2.0000,0.5338,0.8183
2.0000,0.5136,0.8323
2.0000,0.4930,0.8458
2.0000,0.4721,0.8588
2.0000,0.4508,0.8713
2.0000,0.4292,0.8832
2.0000,0.4073,0.8946
2.0000,0.3851,0.9055
2.0000,0.3626,0.9158
2.0000,0.3398,0.9256
2.0000,0.3168,0.9348
2.0000,0.2935,0.9434
2.0000,0.2699,0.9514
2.0000,0.2462,0.9589
2.0000,0.2223,0.9658
2.0000,0.1981,0.9720
2.0000,0.1738,0.9777
2.0000,0.1493,0.9827
2.0000,0.1247,0.9872
2.0000,0.1000,0.9910
2.0000,0.0751,0.9942
2.0000,0.0501,0.9967
2.0000,0.0251,0.9987
2.0000,-0.0000,1.0000
3.0000,-0.0010,-0.0000
3.0000,-0.0020,-0.0001
3.0000,-0.0030,-0.0002
3.0000,-0.0040,-0.0004
3.0000,-0.0050,-0.0006
3.0000,-0.0059,-0.0009
3.0000,-0.0069,-0.0012
3.0000,-0.0078,-0.0016
3.0000,-0.0088,-0.0020
3.0000,-0.0097,-0.0025
3.0000,-0.0106,-0.0030
3.0000,-0.0115,-0.0036
3.0000,-0.0123,-0.0042
3.0000,-0.0131,-0.0048
3.0000,-0.0139,-0.0055
3.0000,-0.0147,-0.0063
3.0000,-0.0155,-0.0070
3.0000,-0.0162,-0.0079
3.0000,-0.0169,-0.0087
3.0000,-0.0175,-0.0096
3.0000,-0.0181,-0.0106
3.0000,-0.0187,-0.0116
3.0000,-0.0193,-0.0126
3.0000,-0.0198,-0.0136
3.0000,-0.0202,-0.0147
3.0000,-0.0206,-0.0158
3.0000,-0.0210,-0.0169
3.0000,-0.0213,-0.0181
3.0000,-0.0216,-0.0193
3.0000,-0.0219,-0.0205
3.0000,-0.0221,-0.0218
3.0000,-0.0222,-0.0230
3.0000,-0.0223,-0.0243
3.0000,-0.0223,-0.0256
3.0000,-0.0223,-0.0270
3.0000,-0.0222,-0.0283
3.0000,-0.0221,-0.0297
3.0000,-0.0219,-0.0310
3.0000,-0.0217,-0.0324
3.0000,-0.0214,-0.0338
3.0000,-0.0211,-0.0352
3.0000,-0.0207,-0.0365
3.0000,-0.0202,-0.0379
3.0000,-0.0197,-0.0393
3.0000,-0.0192,-0.0407
3.0000,-0.0185,-0.0421
3.0000,-0.0178,-0.0435
3.0000,-0.0171,-0.0448
3.0000,-0.0163,-0.0462
3.0000,-0.0155,-0.0476
3.0000,-0.0145,-0.0489
3.0000,-0.0136,-0.0502
3.0000,-0.0125,-0.0515
3.0000,-0.0114,-0.0528
3.0000,-0.0103,-0.0540
3.0000,-0.0091,-0.0553
3.0000,-0.0079,-0.0565
3.0000,-0.0065,-0.0576
3.0000,-0.0052,-0.0588
3.0000,-0.0038,-0.0599
3.0000,-0.0023,-0.0610
3.0000,-0.0008,-0.0620
3.0000,0.0008,-0.0630
3.0000,0.0024,-0.0640
3.0000,0.0041,-0.0649
3.0000,0.0058,-0.0657
3.0000,0.0076,-0.0666
3.0000,0.0094,-0.0674
3.0000,0.0112,-0.0681
3.0000,0.0131,-0.0688
3.0000,0.0151,-0.0694
3.0000,0.0170,-0.0700
3.0000,0.0190,-0.0705
3.0000,0.0211,-0.0709
3.0000,0.0232,-0.0713
3.0000,0.0253,-0.0717
3.0000,0.0274,-0.0719
3.0000,0.0296,-0.0722
3.0000,0.0318,-0.0723
3.0000,0.0341,-0.0724
3.0000,0.0363,-0.0724
3.0000,0.0386,-0.0723
3.0000,0.0409,-0.0722
3.0000,0.0432,-0.0720
3.0000,0.0455,-0.0718
3.0000,0.0479,-0.0714
3.0000,0.0502,-0.0710
3.0000,0.0526,-0.0705
3.0000,0.0550,-0.0700
3.0000,0.0574,-0.0693
3.0000,0.0597,-0.0686
3.0000,0.0621,-0.0679
3.0000,0.0645,-0.0670
3.0000,0.0669,-0.0660
3.0000,0.0693,-0.0650
3.0000,0.0716,-0.0639
3.0000,0.0740,-0.0628
3.0000,0.0763,-0.0615
3.0000,0.0786,-0.0602
3.0000,0.0809,-0.0588
3.0000,0.0832,-0.0573
3.0000,0.0854,-0.0557
3.0000,0.0877,-0.0541
3.0000,0.0898,-0.0524
3.0000,0.0920,-0.0506
3.0000,0.0941,-0.0487
3.0000,0.0962,-0.0468
3.0000,0.0983,-0.0448
3.0000,0.1003,-0.0427
3.0000,0.1023,-0.0405
3.0000,0.1042,-0.0383
3.0000,0.1061,-0.0359
3.0000,0.1079,-0.0336
3.0000,0.1097,-0.0311
3.0000,0.1114,-0.0286
3.0000,0.1130,-0.0260
3.0000,0.1146,-0.0234
3.0000,0.1162,-0.0207
3.0000,0.1176,-0.0179
3.0000,0.1191,-0.0150
3.0000,0.1204,-0.0121
3.0000,0.1217,-0.0092
3.0000,0.1228,-0.0062
3.0000,0.1240,-0.0031
3.0000,0.1250,-0.0000
3.0000,0.1260,0.0032
3.0000,0.1268,0.0064
3.0000,0.1276,0.0096
3.0000,0.1283,0.0129
3.0000,0.1290,0.0163
3.0000,0.1295,0.0197
3.0000,0.1300,0.0231
3.0000,0.1303,0.0266
3.0000,0.1306,0.0301
3.0000,0.1308,0.0336
3.0000,0.1308,0.0371
3.0000,0.1308,0.0407
3.0000,0.1307,0.0443
3.0000,0.1305,0.0479
3.0000,0.1302,0.0515
3.0000,0.1298,0.0552
3.0000,0.1292,0.0588
3.0000,0.1286,0.0625
3.0000,0.1279,0.0662
3.0000,0.1271,0.0699
3.0000,0.1261,0.0735
3.0000,0.1251,0.0772
3.0000,0.1240,0.0809
3.0000,0.1227,0.0845
3.0000,0.1214,0.0882
3.0000,0.1199,0.0918
3.0000,0.1183,0.0954
3.0000,0.1167,0.0990
3.0000,0.1149,0.1026
3.0000,0.1130,0.1061
3.0000,0.1110,0.1096
3.0000,0.1089,0.1131
3.0000,0.1067,0.1165
3.0000,0.1044,0.1199
3.0000,0.1020,0.1233
3.0000,0.0995,0.1266
3.0000,0.0969,0.1299
3.0000,0.0941,0.1331
3.0000,0.0913,0.1362
3.0000,0.0884,0.1393
3.0000,0.0854,0.1423
3.0000,0.0823,0.1453
3.0000,0.0791,0.1482
3.0000,0.0758,0.1511
3.0000,0.0724,0.1538
3.0000,0.0689,0.1565
3.0000,0.0653,0.1591
3.0000,0.0617,0.1616
3.0000,0.0579,0.1641
3.0000,0.0541,0.1664
3.0000,0.0502,0.1687
3.0000,0.0462,0.1709
3.0000,0.0421,0.1730
3.0000,0.0379,0.1749
3.0000,0.0337,0.1768
3.0000,0.0294,0.1786
3.0000,0.0251,0.1803
3.0000,0.0207,0.1818
3.0000,0.0162,0.1833
3.0000,0.0116,0.1846
3.0000,0.0070,0.1859
3.0000,0.0023,0.1870
3.0000,-0.0024,0.1880
3.0000,-0.0071,0.1889
3.0000,-0.0119,0.1896
3.0000,-0.0168,0.1903
3.0000,-0.0217,0.1908
3.0000,-0.0266,0.1912
3.0000,-0.0316,0.1914
3.0000,-0.0365,0.1915
3.0000,-0.0416,0.1915
3.0000,-0.0466,0.1914
3.0000,-0.0516,0.1911
3.0000,-0.0567,0.1907
3.0000,-0.0618,0.1902
3.0000,-0.0669,0.1895
3.0000,-0.0720,0.1887
3.0000,-0.0771,0.1878
3.0000,-0.0822,0.1867
3.0000,-0.0873,0.1855
3.0000,-0.0924,0.1841
3.0000,-0.0974,0.1826
3.0000,-0.1025,0.1810
3.0000,-0.1075,0.1792
3.0000,-0.1125,0.1773
3.0000,-0.1175,0.1753
3.0000,-0.1224,0.1731
3.0000,-0.1274,0.1707
3.0000,-0.1322,0.1683
3.0000,-0.1370,0.1657
3.0000,-0.1418,0.1629
3.0000,-0.1465,0.1600
3.0000,-0.1512,0.1570
3.0000,-0.1558,0.1539
3.0000,-0.1604,0.1506
3.0000,-0.1649,0.1472
3.0000,-0.1693,0.1436
3.0000,-0.1736,0.1400
3.0000,-0.1779,0.1362
3.0000,-0.1820,0.1323
3.0000,-0.1861,0.1282
3.0000,-0.1901,0.1240
3.0000,-0.1940,0.1197
3.0000,-0.1978,0.1153
3.0000,-0.2016,0.1108
3.0000,-0.2052,0.1062
3.0000,-0.2087,0.1014
3.0000,-0.2121,0.0965
3.0000,-0.2153,0.0916
3.0000,-0.2185,0.0865
3.0000,-0.2215,0.0813
3.0000,-0.2245,0.0761
3.0000,-0.2273,0.0707
3.0000,-0.2299,0.0652
3.0000,-0.2325,0.0597
3.0000,-0.2349,0.0540
3.0000,-0.2371,0.0483
3.0000,-0.2392,0.0425
3.0000,-0.2412,0.0367
3.0000,-0.2431,0.0307
3.0000,-0.2448,0.0247
3.0000,-0.2463,0.0186
3.0000,-0.2477,0.0125
3.0000,-0.2489,0.0063
3.0000,-0.2500,0.0000
3.0000,-0.2509,-0.0063
3.0000,-0.2517,-0.0127
3.0000,-0.2523,-0.0191
3.0000,-0.2527,-0.0255
3.0000,-0.2530,-0.0320
3.0000,-0.2531,-0.0385
3.0000,-0.2530,-0.0450
3.0000,-0.2528,-0.0515
3.0000,-0.2524,-0.0581
3.0000,-0.2518,-0.0647
3.0000,-0.2511,-0.0712
3.0000,-0.2502,-0.0778
3.0000,-0.2491,-0.0844
3.0000,-0.2478,-0.0910
3.0000,-0.2464,-0.0976
3.0000,-0.2448,-0.1041
3.0000,-0.2430,-0.1106
3.0000,-0.2410,-0.1171
3.0000,-0.2389,-0.1236
3.0000,-0.2366,-0.1301
3.0000,-0.2341,-0.1365
3.0000,-0.2315,-0.1428
3.0000,-0.2286,-0.1492
3.0000,-0.2256,-0.1554
3.0000,-0.2225,-0.1616
3.0000,-0.2191,-0.1678
3.0000,-0.2156,-0.1739
3.0000,-0.2120,-0.1799
3.0000,-0.2081,-0.1858
3.0000,-0.2041,-0.1917
3.0000,-0.1999,-0.1974
3.0000,-0.1956,-0.2031
3.0000,-0.1911,-0.2087
3.0000,-0.1865,-0.2142
3.0000,-0.1817,-0.2196
3.0000,-0.1767,-0.2249
3.0000,-0.1716,-0.2300
3.0000,-0.1663,-0.2351
3.0000,-0.1609,-0.2400
3.0000,-0.1554,-0.2449
3.0000,-0.1497,-0.2495
3.0000,-0.1439,-0.2541
3.0000,-0.1379,-0.2585
3.0000,-0.1318,-0.2628
3.0000,-0.1256,-0.2669
3.0000,-0.1193,-0.2709
3.0000,-0.1128,-0.2747
3.0000,-0.1062,-0.2784
3.0000,-0.0995,-0.2820
3.0000,-0.0927,-0.2853
3.0000,-0.0858,-0.2885
3.0000,-0.0788,-0.2915
3.0000,-0.0717,-0.2944
3.0000,-0.0645,-0.2971
3.0000,-0.0572,-0.2996
3.0000,-0.0498,-0.3019
3.0000,-0.0423,-0.3041
3.0000,-0.0348,-0.3060
3.0000,-0.0271,-0.3078
3.0000,-0.0195,-0.3094
3.0000,-0.0117,-0.3108
3.0000,-0.0039,-0.3120
3.0000,0.0039,-0.3130
3.0000,0.0118,-0.3138
3.0000,0.0198,-0.3144
3.0000,0.0278,-0.3148
3.0000,0.0358,-0.3150
3.0000,0.0438,-0.3150
3.0000,0.0519,-0.3148
3.0000,0.0600,-0.3143
3.0000,0.0681,-0.3137
3.0000,0.0762,-0.3129
3.0000,0.0843,-0.3118
3.0000,0.0923,-0.3106
3.0000,0.1004,-0.3091
3.0000,0.1085,-0.3074
3.0000,0.1165,-0.3055
3.0000,0.1246,-0.3034
3.0000,0.1326,-0.3011
3.0000,0.1405,-0.2986
3.0000,0.1484,-0.2959
3.0000,0.1563,-0.2929
3.0000,0.1641,-0.2898
3.0000,0.1718,-0.2864
3.0000,0.1795,-0.2828
3.0000,0.1871,-0.2791
3.0000,0.1946,-0.2751
3.0000,0.2021,-0.2709
3.0000,0.2095,-0.2666
3.0000,0.2167,-0.2620
3.0000,0.2239,-0.2572
3.0000,0.2310,-0.2522
3.0000,0.2379,-0.2471
3.0000,0.2448,-0.2417
3.0000,0.2515,-0.2362
3.0000,0.2581,-0.2304
3.0000,0.2646,-0.2245
3.0000,0.2709,-0.2184
3.0000,0.2771,-0.2122
3.0000,0.2832,-0.2057
3.0000,0.2891,-0.1991
3.0000,0.2948,-0.1923
3.0000,0.3004,-0.1854
3.0000,0.3058,-0.1783
3.0000,0.3111,-0.1710
3.0000,0.3162,-0.1636
3.0000,0.3211,-0.1561
3.0000,0.3258,-0.1483
3.0000,0.3304,-0.1405
3.0000,0.3347,-0.1325
3.0000,0.3389,-0.1244
3.0000,0.3428,-0.1162
3.0000,0.3466,-0.1078
3.0000,0.3502,-0.0994
3.0000,0.3535,-0.0908
3.0000,0.3567,-0.0821
3.0000,0.3596,-0.0733
3.0000,0.3623,-0.0644
3.0000,0.3648,-0.0554
3.0000,0.3671,-0.0464
3.0000,0.3691,-0.0372
3.0000,0.3709,-0.0280
3.0000,0.3725,-0.0187
3.0000,0.3739,-0.0094
3.0000,0.3750,-0.0000
3.0000,0.3759,0.0094
3.0000,0.3765,0.0189
3.0000,0.3769,0.0285
3.0000,0.3771,0.0380
3.0000,0.3770,0.0476
3.0000,0.3767,0.0572
3.0000,0.3761,0.0669
3.0000,0.3753,0.0765
3.0000,0.3742,0.0861
3.0000,0.3729,0.0957
3.0000,0.3713,0.1054
3.0000,0.3695,0.1150
3.0000,0.3675,0.1245
3.0000,0.3652,0.1341
3.0000,0.3626,0.1436
3.0000,0.3598,0.1530
3.0000,0.3568,0.1624
3.0000,0.3535,0.1718
3.0000,0.3499,0.1811
3.0000,0.3461,0.1903
3.0000,0.3421,0.1994
3.0000,0.3378,0.2085
3.0000,0.3333,0.2175
3.0000,0.3286,0.2263
3.0000,0.3236,0.2351
3.0000,0.3184,0.2438
3.0000,0.3129,0.2523
3.0000,0.3073,0.2608
3.0000,0.3014,0.2691
3.0000,0.2952,0.2772
3.0000,0.2889,0.2853
3.0000,0.2823,0.2932
3.0000,0.2755,0.3009
3.0000,0.2685,0.3085
3.0000,0.2613,0.3159
3.0000,0.2539,0.3232
3.0000,0.2463,0.3302
3.0000,0.2385,0.3371
3.0000,0.2305,0.3439
3.0000,0.2224,0.3504
3.0000,0.2140,0.3567
3.0000,0.2055,0.3629
3.0000,0.1968,0.3688
3.0000,0.1879,0.3745
3.0000,0.1788,0.3800
3.0000,0.1696,0.3853
3.0000,0.1603,0.3904
3.0000,0.1508,0.3952
3.0000,0.1411,0.3998
3.0000,0.1313,0.4042
3.0000,0.1214,0.4083
3.0000,0.1114,0.4122
3.0000,0.1012,0.4159
3.0000,0.0910,0.4192
3.0000,0.0806,0.4224
3.0000,0.0701,0.4253
3.0000,0.0595,0.4279
3.0000,0.0489,0.4302
3.0000,0.0381,0.4323
3.0000,0.0273,0.4341
3.0000,0.0164,0.4357
3.0000,0.0055,0.4370
3.0000,-0.0055,0.4380
3.0000,-0.0165,0.4387
3.0000,-0.0276,0.4391
3.0000,-0.0387,0.4393
3.0000,-0.0499,0.4392
3.0000,-0.0610,0.4388
3.0000,-0.0722,0.4381
3.0000,-0.0834,0.4371
3.0000,-0.0946,0.4359
3.0000,-0.1057,0.4343
3.0000,-0.1169,0.4325
3.0000,-0.1280,0.4304
3.0000,-0.1391,0.4280
3.0000,-0.1501,0.4253
3.0000,-0.1611,0.4223
3.0000,-0.1720,0.4191
3.0000,-0.1829,0.4155
3.0000,-0.1937,0.4117
3.0000,-0.2045,0.4076
3.0000,-0.2151,0.4032
3.0000,-0.2257,0.3985
3.0000,-0.2361,0.3936
3.0000,-0.2465,0.3884
3.0000,-0.2567,0.3829
3.0000,-0.2668,0.3771
3.0000,-0.2768,0.3711
3.0000,-0.2867,0.3648
3.0000,-0.2964,0.3583
3.0000,-0.3060,0.3515
3.0000,-0.3154,0.3444
3.0000,-0.3246,0.3371
3.0000,-0.3337,0.3295
3.0000,-0.3426,0.3217
3.0000,-0.3513,0.3137
3.0000,-0.3599,0.3054
3.0000,-0.3682,0.2969
3.0000,-0.3764,0.2882
3.0000,-0.3843,0.2792
3.0000,-0.3920,0.2700
3.0000,-0.3995,0.2606
3.0000,-0.4068,0.2510
3.0000,-0.4138,0.2412
3.0000,-0.4206,0.2312
3.0000,-0.4272,0.2211
3.0000,-0.4335,0.2107
3.0000,-0.4396,0.2001
3.0000,-0.4454,0.1894
3.0000,-0.4509,0.1785
3.0000,-0.4562,0.1675
3.0000,-0.4612,0.1563
3.0000,-0.4660,0.1450
3.0000,-0.4704,0.1335
3.0000,-0.4746,0.1219
3.0000,-0.4785,0.1101
3.0000,-0.4821,0.0983
3.0000,-0.4854,0.0863
3.0000,-0.4884,0.0742
3.0000,-0.4911,0.0620
3.0000,-0.4935,0.0498
3.0000,-0.4956,0.0374
3.0000,-0.4974,0.0250
3.0000,-0.4988,0.0125
3.0000,-0.5000,-0.0000
3.0000,-0.5008,-0.0126
3.0000,-0.5014,-0.0252
3.0000,-0.5016,-0.0379
3.0000,-0.5015,-0.0506
3.0000,-0.5010,-0.0633
3.0000,-0.5003,-0.0760
3.0000,-0.4992,-0.0887
3.0000,-0.4978,-0.1015
3.0000,-0.4960,-0.1142
3.0000,-0.4940,-0.1268
3.0000,-0.4916,-0.1395
3.0000,-0.4889,-0.1521
3.0000,-0.4859,-0.1646
3.0000,-0.4825,-0.1771
3.0000,-0.4788,-0.1896
3.0000,-0.4748,-0.2019
3.0000,-0.4705,-0.2142
3.0000,-0.4659,-0.2264
3.0000,-0.4609,-0.2385
3.0000,-0.4557,-0.2505
3.0000,-0.4501,-0.2624
3.0000,-0.4442,-0.2741
3.0000,-0.4380,-0.2858
3.0000,-0.4315,-0.2972
3.0000,-0.4247,-0.3086
3.0000,-0.4176,-0.3198
3.0000,-0.4102,-0.3308
3.0000,-0.4026,-0.3416
3.0000,-0.3946,-0.3523
3.0000,-0.3864,-0.3628
3.0000,-0.3778,-0.3731
3.0000,-0.3690,-0.3832
3.0000,-0.3600,-0.3931
3.0000,-0.3506,-0.4028
3.0000,-0.3410,-0.4122
3.0000,-0.3312,-0.4215
3.0000,-0.3211,-0.4304
3.0000,-0.3107,-0.4392
3.0000,-0.3002,-0.4477
3.0000,-0.2893,-0.4559
3.0000,-0.2783,-0.4639
3.0000,-0.2671,-0.4716
3.0000,-0.2556,-0.4791
3.0000,-0.2439,-0.4862
3.0000,-0.2320,-0.4931
3.0000,-0.2200,-0.4997
3.0000,-0.2077,-0.5060
3.0000,-0.1953,-0.5120
3.0000,-0.1827,-0.5177
3.0000,-0.1700,-0.5231
3.0000,-0.1570,-0.5281
3.0000,-0.1440,-0.5329
3.0000,-0.1308,-0.5373
3.0000,-0.1175,-0.5414
3.0000,-0.1040,-0.5452
3.0000,-0.0904,-0.5486
3.0000,-0.0767,-0.5517
3.0000,-0.0630,-0.5544
3.0000,-0.0491,-0.5568
3.0000,-0.0352,-0.5589
3.0000,-0.0211,-0.5606
3.0000,-0.0071,-0.5620
3.0000,0.0071,-0.5630
3.0000,0.0213,-0.5636
3.0000,0.0355,-0.5639
3.0000,0.0497,-0.5638
3.0000,0.0640,-0.5634
3.0000,0.0783,-0.5626
3.0000,0.0925,-0.5614
3.0000,0.1068,-0.5599
3.0000,0.1211,-0.5580
3.0000,0.1353,-0.5558
3.0000,0.1495,-0.5532
3.0000,0.1636,-0.5502
3.0000,0.1777,-0.5469
3.0000,0.1917,-0.5432
3.0000,0.2056,-0.5391
3.0000,0.2195,-0.5347
3.0000,0.2333,-0.5299
3.0000,0.2470,-0.5248
3.0000,0.2605,-0.5193
3.0000,0.2739,-0.5135
3.0000,0.2873,-0.5073
3.0000,0.3004,-0.5008
3.0000,0.3135,-0.4939
3.0000,0.3263,-0.4867
3.0000,0.3390,-0.4792
3.0000,0.3516,-0.4713
3.0000,0.3639,-0.4631
3.0000,0.3761,-0.4546
3.0000,0.3880,-0.4458
3.0000,0.3998,-0.4366
3.0000,0.4113,-0.4271
3.0000,0.4227,-0.4174
3.0000,0.4337,-0.4073
3.0000,0.4446,-0.3969
3.0000,0.4552,-0.3863
3.0000,0.4655,-0.3754
3.0000,0.4756,-0.3642
3.0000,0.4854,-0.3527
3.0000,0.4949,-0.3409
3.0000,0.5042,-0.3289
3.0000,0.5131,-0.3167
3.0000,0.5218,-0.3042
3.0000,0.5302,-0.2915
3.0000,0.5382,-0.2785
3.0000,0.5459,-0.2653
3.0000,0.5533,-0.2519
3.0000,0.5604,-0.2383
3.0000,0.5672,-0.2246
3.0000,0.5736,-0.2106
3.0000,0.5796,-0.1964
3.0000,0.5853,-0.1821
3.0000,0.5907,-0.1676
3.0000,0.5957,-0.1529
3.0000,0.6003,-0.1382
3.0000,0.6046,-0.1232
3.0000,0.6085,-0.1082
3.0000,0.6120,-0.0930
3.0000,0.6151,-0.0777
3.0000,0.6179,-0.0623
3.0000,0.6202,-0.0469
3.0000,0.6222,-0.0313
3.0000,0.6238,-0.0157
3.0000,0.6250,-0.0000
3.0000,0.6258,0.0157
3.0000,0.6262,0.0315
3.0000,0.6262,0.0473
3.0000,0.6258,0.0631
3.0000,0.6250,0.0790
3.0000,0.6238,0.0948
3.0000,0.6222,0.1106
3.0000,0.6202,0.1264
3.0000,0.6179,0.1422
3.0000,0.6151,0.1579
3.0000,0.6118,0.1736
3.0000,0.6082,0.1892
3.0000,0.6042,0.2048
3.0000,0.5999,0.2202
3.0000,0.5951,0.2356
3.0000,0.5899,0.2509
3.0000,0.5843,0.2660
3.0000,0.5783,0.2811
3.0000,0.5720,0.2960
3.0000,0.5652,0.3107
3.0000,0.5581,0.3253
3.0000,0.5506,0.3398
3.0000,0.5427,0.3541
3.0000,0.5345,0.3682
3.0000,0.5259,0.3821
3.0000,0.5169,0.3958
3.0000,0.5076,0.4093
3.0000,0.4979,0.4225
3.0000,0.4878,0.4356
3.0000,0.4775,0.4484
3.0000,0.4668,0.4609
3.0000,0.4557,0.4732
3.0000,0.4444,0.4853
3.0000,0.4327,0.4971
3.0000,0.4207,0.5085
3.0000,0.4084,0.5197
3.0000,0.3958,0.5306
3.0000,0.3829,0.5412
3.0000,0.3698,0.5515
3.0000,0.3563,0.5615
3.0000,0.3426,0.5711
3.0000,0.3286,0.5804
3.0000,0.3144,0.5894
3.0000,0.3000,0.5980
3.0000,0.2853,0.6062
3.0000,0.2704,0.6141
3.0000,0.2552,0.6217
3.0000,0.2399,0.6288
3.0000,0.2243,0.6356
3.0000,0.2086,0.6420
3.0000,0.1927,0.6480
3.0000,0.1766,0.6536
3.0000,0.1603,0.6588
3.0000,0.1440,0.6636
3.0000,0.1274,0.6680
3.0000,0.1108,0.6719
3.0000,0.0940,0.6755
3.0000,0.0771,0.6786
3.0000,0.0601,0.6814
3.0000,0.0430,0.6836
3.0000,0.0259,0.6855
3.0000,0.0086,0.6869
3.0000,-0.0086,0.6879
3.0000,-0.0260,0.6885
3.0000,-0.0433,0.6886
3.0000,-0.0607,0.6883
3.0000,-0.0781,0.6876
3.0000,-0.0955,0.6864
3.0000,-0.1129,0.6848
3.0000,-0.1302,0.6827
3.0000,-0.1476,0.6802
3.0000,-0.1648,0.6772
3.0000,-0.1821,0.6738
3.0000,-0.1992,0.6700
3.0000,-0.2163,0.6657
3.0000,-0.2333,0.6610
3.0000,-0.2502,0.6559
3.0000,-0.2670,0.6503
3.0000,-0.2836,0.6443
3.0000,-0.3002,0.6379
3.0000,-0.3166,0.6311
3.0000,-0.3328,0.6238
3.0000,-0.3489,0.6161
3.0000,-0.3647,0.6080
3.0000,-0.3804,0.5995
3.0000,-0.3959,0.5906
3.0000,-0.4112,0.5812
3.0000,-0.4263,0.5715
3.0000,-0.4412,0.5614
3.0000,-0.4558,0.5509
3.0000,-0.4701,0.5400
3.0000,-0.4842,0.5288
3.0000,-0.4980,0.5172
3.0000,-0.5116,0.5052
3.0000,-0.5249,0.4929
3.0000,-0.5378,0.4802
3.0000,-0.5505,0.4672
3.0000,-0.5628,0.4538
3.0000,-0.5748,0.4401
3.0000,-0.5865,0.4261
3.0000,-0.5979,0.4118
3.0000,-0.6089,0.3972
3.0000,-0.6195,0.3823
3.0000,-0.6298,0.3671
3.0000,-0.6397,0.3517
3.0000,-0.6492,0.3360
3.0000,-0.6584,0.3200
3.0000,-0.6671,0.3037
3.0000,-0.6755,0.2873
3.0000,-0.6834,0.2706
3.0000,-0.6909,0.2537
3.0000,-0.6980,0.2365
3.0000,-0.7047,0.2192
3.0000,-0.7109,0.2017
3.0000,-0.7168,0.1840
3.0000,-0.7221,0.1662
3.0000,-0.7271,0.1482
3.0000,-0.7315,0.1300
3.0000,-0.7356,0.1118
3.0000,-0.7391,0.0934
3.0000,-0.7422,0.0749
3.0000,-0.7449,0.0563
3.0000,-0.7471,0.0376
3.0000,-0.7488,0.0188
3.0000,-0.7500,0.0000
3.0000,-0.7508,-0.0189
3.0000,-0.7511,-0.0378
3.0000,-0.7509,-0.0567
3.0000,-0.7502,-0.0757
3.0000,-0.7490,-0.0946
3.0000,-0.7474,-0.1136
3.0000,-0.7453,-0.1325
3.0000,-0.7427,-0.1514
3.0000,-0.7397,-0.1702
3.0000,-0.7361,-0.1890
3.0000,-0.7321,-0.2077
3.0000,-0.7276,-0.2263
3.0000,-0.7226,-0.2449
3.0000,-0.7172,-0.2633
3.0000,-0.7113,-0.2816
3.0000,-0.7049,-0.2998
3.0000,-0.6981,-0.3178
3.0000,-0.6907,-0.3357
3.0000,-0.6830,-0.3534
3.0000,-0.6748,-0.3710
3.0000,-0.6661,-0.3883
3.0000,-0.6570,-0.4054
3.0000,-0.6474,-0.4224
3.0000,-0.6374,-0.4391
3.0000,-0.6270,-0.4555
3.0000,-0.6161,-0.4718
3.0000,-0.6049,-0.4877
3.0000,-0.5932,-0.5034
3.0000,-0.5811,-0.5188
3.0000,-0.5686,-0.5339
3.0000,-0.5557,-0.5488
3.0000,-0.5424,-0.5633
3.0000,-0.5288,-0.5775
3.0000,-0.5148,-0.5913
3.0000,-0.5004,-0.6049
3.0000,-0.4856,-0.6180
3.0000,-0.4706,-0.6308
3.0000,-0.4551,-0.6433
3.0000,-0.4394,-0.6553
3.0000,-0.4233,-0.6670
3.0000,-0.4069,-0.6783
3.0000,-0.3902,-0.6892
3.0000,-0.3733,-0.6997
3.0000,-0.3560,-0.7097
3.0000,-0.3385,-0.7193
3.0000,-0.3207,-0.7285
3.0000,-0.3027,-0.7373
3.0000,-0.2844,-0.7456
3.0000,-0.2659,-0.7534
3.0000,-0.2472,-0.7608
3.0000,-0.2283,-0.7678
3.0000,-0.2092,-0.7742
3.0000,-0.1899,-0.7802
3.0000,-0.1705,-0.7857
3.0000,-0.1508,-0.7907
3.0000,-0.1311,-0.7953
3.0000,-0.1112,-0.7993
3.0000,-0.0912,-0.8028
3.0000,-0.0711,-0.8059
3.0000,-0.0509,-0.8084
3.0000,-0.0306,-0.8104
3.0000,-0.0102,-0.8119
3.0000,0.0102,-0.8129
3.0000,0.0307,-0.8134
3.0000,0.0512,-0.8134
3.0000,0.0717,-0.8128
3.0000,0.0922,-0.8118
3.0000,0.1127,-0.8102
3.0000,0.1332,-0.8081
3.0000,0.1537,-0.8055
3.0000,0.1741,-0.8023
3.0000,0.1944,-0.7987
3.0000,0.2147,-0.7945
3.0000,0.2349,-0.7898
3.0000,0.2549,-0.7846
3.0000,0.2749,-0.7789
3.0000,0.2948,-0.7727
3.0000,0.3145,-0.7660
3.0000,0.3340,-0.7587
3.0000,0.3534,-0.7510
3.0000,0.3726,-0.7428
3.0000,0.3916,-0.7341
3.0000,0.4104,-0.7249
3.0000,0.4290,-0.7152
3.0000,0.4474,-0.7050
3.0000,0.4655,-0.6944
3.0000,0.4834,-0.6833
3.0000,0.5010,-0.6717
3.0000,0.5184,-0.6597
3.0000,0.5354,-0.6472
3.0000,0.5522,-0.6343
3.0000,0.5686,-0.6210
3.0000,0.5847,-0.6072
3.0000,0.6005,-0.5930
3.0000,0.6160,-0.5784
3.0000,0.6311,-0.5634
3.0000,0.6458,-0.5481
3.0000,0.6601,-0.5323
3.0000,0.6741,-0.5161
3.0000,0.6877,-0.4996
3.0000,0.7008,-0.4827
3.0000,0.7136,-0.4655
3.0000,0.7259,-0.4480
3.0000,0.7378,-0.4301
3.0000,0.7492,-0.4119
3.0000,0.7602,-0.3934
3.0000,0.7708,-0.3746
3.0000,0.7809,-0.3555
3.0000,0.7905,-0.3362
3.0000,0.7996,-0.3166
3.0000,0.8082,-0.2967
3.0000,0.8164,-0.2767
3.0000,0.8240,-0.2563
3.0000,0.8312,-0.2358
3.0000,0.8378,-0.2151
3.0000,0.8439,-0.1942
3.0000,0.8495,-0.1731
3.0000,0.8546,-0.1519
3.0000,0.8591,-0.1305
3.0000,0.8631,-0.1090
3.0000,0.8666,-0.0874
3.0000,0.8695,-0.0657
3.0000,0.8719,-0.0439
3.0000,0.8737,-0.0220
3.0000,0.8750,-0.0000
3.0000,0.8757,0.0220
3.0000,0.8759,0.0441
3.0000,0.8755,0.0661
3.0000,0.8746,0.0882
3.0000,0.8731,0.1103
3.0000,0.8710,0.1323
3.0000,0.8684,0.1544
3.0000,0.8652,0.1763
3.0000,0.8615,0.1983
3.0000,0.8572,0.2201
3.0000,0.8524,0.2418
3.0000,0.8470,0.2635
3.0000,0.8410,0.2850
3.0000,0.8345,0.3064
3.0000,0.8275,0.3276
3.0000,0.8199,0.3487
3.0000,0.8118,0.3696
3.0000,0.8032,0.3903
3.0000,0.7940,0.4109
3.0000,0.7843,0.4312
3.0000,0.7741,0.4512
3.0000,0.7633,0.4711
3.0000,0.7521,0.4907
3.0000,0.7404,0.5100
3.0000,0.7281,0.5290
3.0000,0.7154,0.5477
3.0000,0.7022,0.5662
3.0000,0.6885,0.5843
3.0000,0.6743,0.6021
3.0000,0.6597,0.6195
3.0000,0.6447,0.6366
3.0000,0.6291,0.6533
3.0000,0.6132,0.6697
3.0000,0.5968,0.6856
3.0000,0.5801,0.7012
3.0000,0.5629,0.7163
3.0000,0.5453,0.7310
3.0000,0.5273,0.7453
3.0000,0.5090,0.7592
3.0000,0.4903,0.7726
3.0000,0.4712,0.7855
3.0000,0.4518,0.7980
3.0000,0.4321,0.8099
3.0000,0.4121,0.8214
3.0000,0.3917,0.8324
3.0000,0.3711,0.8429
3.0000,0.3502,0.8529
3.0000,0.3290,0.8624
3.0000,0.3075,0.8713
3.0000,0.2858,0.8797
3.0000,0.2639,0.8876
3.0000,0.2418,0.8949
3.0000,0.2195,0.9017
3.0000,0.1970,0.9079
3.0000,0.1743,0.9135
3.0000,0.1514,0.9186
3.0000,0.1284,0.9231
3.0000,0.1053,0.9270
3.0000,0.0821,0.9304
3.0000,0.0587,0.9332
3.0000,0.0353,0.9353
3.0000,0.0118,0.9369
3.0000,-0.0118,0.9379
3.0000,-0.0354,0.9383
3.0000,-0.0590,0.9381
3.0000,-0.0827,0.9374
3.0000,-0.1063,0.9360
3.0000,-0.1299,0.9340
3.0000,-0.1535,0.9314
3.0000,-0.1771,0.9283
3.0000,-0.2006,0.9245
3.0000,-0.2240,0.9201
3.0000,-0.2473,0.9152
3.0000,-0.2705,0.9096
3.0000,-0.2936,0.9035
3.0000,-0.3165,0.8968
3.0000,-0.3393,0.8895
3.0000,-0.3619,0.8816
3.0000,-0.3844,0.8731
3.0000,-0.4066,0.8641
3.0000,-0.4287,0.8545
3.0000,-0.4505,0.8444
3.0000,-0.4720,0.8336
3.0000,-0.4933,0.8224
3.0000,-0.5144,0.8106
3.0000,-0.5352,0.7982
3.0000,-0.5556,0.7853
3.0000,-0.5758,0.7719
3.0000,-0.5956,0.7580
3.0000,-0.6151,0.7435
3.0000,-0.6343,0.7286
3.0000,-0.6530,0.7132
3.0000,-0.6715,0.6973
3.0000,-0.6895,0.6809
3.0000,-0.7071,0.6640
3.0000,-0.7243,0.6467
3.0000,-0.7411,0.6289
3.0000,-0.7574,0.6107
3.0000,-0.7733,0.5921
3.0000,-0.7888,0.5731
3.0000,-0.8038,0.5537
3.0000,-0.8183,0.5338
3.0000,-0.8323,0.5136
3.0000,-0.8458,0.4930
3.0000,-0.8588,0.4721
3.0000,-0.8713,0.4508
3.0000,-0.8832,0.4292
3.0000,-0.8946,0.4073
3.0000,-0.9055,0.3851
3.0000,-0.9158,0.3626
3.0000,-0.9256,0.3398
3.0000,-0.9348,0.3168
3.0000,-0.9434,0.2935
3.0000,-0.9514,0.2699
3.0000,-0.9589,0.2462
3.0000,-0.9658,0.2223
3.0000,-0.9720,0.1981
3.0000,-0.9777,0.1738
3.0000,-0.9827,0.1493
3.0000,-0.9872,0.1247
3.0000,-0.9910,0.1000
3.0000,-0.9942,0.0751
3.0000,-0.9967,0.0501
3.0000,-0.9987,0.0251
3.0000,-1.0000,0.0000
4.0000,0.0000,-0.0010
4.0000,0.0001,-0.0020
4.0000,0.0002,-0.0030
4.0000,0.0004,-0.0040
4.0000,0.0006,-0.0050
4.0000,0.0009,-0.0059
4.0000,0.0012,-0.0069
4.0000,0.0016,-0.0078
4.0000,0.0020,-0.0088
4.0000,0.0025,-0.0097
4.0000,0.0030,-0.0106
4.0000,0.0036,-0.0115
4.0000,0.0042,-0.0123
4.0000,0.0048,-0.0131
4.0000,0.0055,-0.0139
4.0000,0.0063,-0.0147
4.0000,0.0070,-0.0155
4.0000,0.0079,-0.0162
4.0000,0.0087,-0.0169
4.0000,0.0096,-0.0175
4.0000,0.0106,-0.0181
4.0000,0.0116,-0.0187
4.0000,0.0126,-0.0193
4.0000,0.0136,-0.0198
4.0000,0.0147,-0.0202
4.0000,0.0158,-0.0206
4.0000,0.0169,-0.0210
4.0000,0.0181,-0.0213
4.0000,0.0193,-0.0216
4.0000,0.0205,-0.0219
4.0000,0.0218,-0.0221
4.0000,0.0230,-0.0222
4.0000,0.0243,-0.0223
4.0000,0.0256,-0.0223
4.0000,0.0270,-0.0223
4.0000,0.0283,-0.0222
4.0000,0.0297,-0.0221
4.0000,0.0310,-0.0219
4.0000,0.0324,-0.0217
4.0000,0.0338,-0.0214
4.0000,0.0352,-0.0211
4.0000,0.0365,-0.0207
4.0000,0.0379,-0.0202
4.0000,0.0393,-0.0197
4.0000,0.0407,-0.0192
4.0000,0.0421,-0.0185
4.0000,0.0435,-0.0178
4.0000,0.0448,-0.0171
4.0000,0.0462,-0.0163
4.0000,0.0476,-0.0155
4.0000,0.0489,-0.0145
4.0000,0.0502,-0.0136
4.0000,0.0515,-0.0125
4.0000,0.0528,-0.0114
4.0000,0.0540,-0.0103
4.0000,0.0553,-0.0091
4.0000,0.0565,-0.0079
4.0000,0.0576,-0.0065
4.0000,0.0588,-0.0052
4.0000,0.0599,-0.0038
4.0000,0.0610,-0.0023
4.0000,0.0620,-0.0008
4.0000,0.0630,0.0008
4.0000,0.0640,0.0024
4.0000,0.0649,0.0041
4.0000,0.0657,0.0058
4.0000,0.0666,0.0076
4.0000,0.0674,0.0094
4.0000,0.0681,0.0112
4.0000,0.0688,0.0131
4.0000,0.0694,0.0151
4.0000,0.0700,0.0170
4.0000,0.0705,0.0190
4.0000,0.0709,0.0211
4.0000,0.0713,0.0232
4.0000,0.0717,0.0253
4.0000,0.0719,0.0274
4.0000,0.0722,0.0296
4.0000,0.0723,0.0318
4.0000,0.0724,0.0341
4.0000,0.0724,0.0363
4.0000,0.0723,0.0386
4.0000,0.0722,0.0409
4.0000,0.0720,0.0432
4.0000,0.0718,0.0455
4.0000,0.0714,0.0479
4.0000,0.0710,0.0502
4.0000,0.0705,0.0526
4.0000,0.0700,0.0550
4.0000,0.0693,0.0574
4.0000,0.0686,0.0597
4.0000,0.0679,0.0621
4.0000,0.0670,0.0645
4.0000,0.0660,0.0669
4.0000,0.0650,0.0693
4.0000,0.0639,0.0716
4.0000,0.0628,0.0740
4.0000,0.0615,0.0763
4.0000,0.0602,0.0786
4.0000,0.0588,0.0809
4.0000,0.0573,0.0832
4.0000,0.0557,0.0854
4.0000,0.0541,0.0877
4.0000,0.0524,0.0898
4.0000,0.0506,0.0920
4.0000,0.0487,0.0941
4.0000,0.0468,0.0962
4.0000,0.0448,0.0983
4.0000,0.0427,0.1003
4.0000,0.0405,0.1023
4.0000,0.0383,0.1042
4.0000,0.0359,0.1061
4.0000,0.0336,0.1079
4.0000,0.0311,0.1097
4.0000,0.0286,0.1114
4.0000,0.0260,0.1130
4.0000,0.0234,0.1146
4.0000,0.0207,0.1162
4.0000,0.0179,0.1176
4.0000,0.0150,0.1191
4.0000,0.0121,0.1204
4.0000,0.0092,0.1217
4.0000,0.0062,0.1228
4.0000,0.0031,0.1240
4.0000,0.0000,0.1250
4.0000,-0.0032,0.1260
4.0000,-0.0064,0.1268
4.0000,-0.0096,0.1276
4.0000,-0.0129,0.1283
4.0000,-0.0163,0.1290
4.0000,-0.0197,0.1295
4.0000,-0.0231,0.1300
4.0000,-0.0266,0.1303
4.0000,-0.0301,0.1306
4.0000,-0.0336,0.1308
4.0000,-0.0371,0.1308
4.0000,-0.0407,0.1308
4.0000,-0.0443,0.1307
4.0000,-0.0479,0.1305
4.0000,-0.0515,0.1302
4.0000,-0.0552,0.1298
4.0000,-0.0588,0.1292
4.0000,-0.0625,0.1286
4.0000,-0.0662,0.1279
4.0000,-0.0699,0.1271
4.0000,-0.0735,0.1261
4.0000,-0.0772,0.1251
4.0000,-0.0809,0.1240
4.0000,-0.0845,0.1227
4.0000,-0.0882,0.1214
4.0000,-0.0918,0.1199
4.0000,-0.0954,0.1183
4.0000,-0.0990,0.1167
4.0000,-0.1026,0.1149
4.0000,-0.1061,0.1130
4.0000,-0.1096,0.1110
4.0000,-0.1131,0.1089
4.0000,-0.1165,0.1067
4.0000,-0.1199,0.1044
4.0000,-0.1233,0.1020
4.0000,-0.1266,0.0995
4.0000,-0.1299,0.0969
4.0000,-0.1331,0.0941
4.0000,-0.1362,0.0913
4.0000,-0.1393,0.0884
4.0000,-0.1423,0.0854
4.0000,-0.1453,0.0823
4.0000,-0.1482,0.0791
4.0000,-0.1511,0.0758
4.0000,-0.1538,0.0724
4.0000,-0.1565,0.0689
4.0000,-0.1591,0.0653
4.0000,-0.1616,0.0617
4.0000,-0.1641,0.0579
4.0000,-0.1664,0.0541
4.0000,-0.1687,0.0502
4.0000,-0.1709,0.0462
4.0000,-0.1730,0.0421
4.0000,-0.1749,0.0379
4.0000,-0.1768,0.0337
4.0000,-0.1786,0.0294
4.0000,-0.1803,0.0251
4.0000,-0.1818,0.0207
4.0000,-0.1833,0.0162
4.0000,-0.1846,0.0116
4.0000,-0.1859,0.0070
4.0000,-0.1870,0.0023
4.0000,-0.1880,-0.0024
4.0000,-0.1889,-0.0071
4.0000,-0.1896,-0.0119
4.0000,-0.1903,-0.0168
4.0000,-0.1908,-0.0217
4.0000,-0.1912,-0.0266
4.0000,-0.1914,-0.0316
4.0000,-0.1915,-0.0365
4.0000,-0.1915,-0.0416
4.0000,-0.1914,-0.0466
4.0000,-0.1911,-0.0516
4.0000,-0.1907,-0.0567
4.0000,-0.1902,-0.0618
4.0000,-0.1895,-0.0669
4.0000,-0.1887,-0.0720
4.0000,-0.1878,-0.0771
4.0000,-0.1867,-0.0822
4.0000,-0.1855,-0.0873
4.0000,-0.1841,-0.0924
4.0000,-0.1826,-0.0974
4.0000,-0.1810,-0.1025
4.0000,-0.1792,-0.1075
4.0000,-0.1773,-0.1125
4.0000,-0.1753,-0.1175
4.0000,-0.1731,-0.1224
4.0000,-0.1707,-0.1274
4.0000,-0.1683,-0.1322
4.0000,-0.1657,-0.1370
4.0000,-0.1629,-0.1418
4.0000,-0.1600,-0.1465
4.0000,-0.1570,-0.1512
4.0000,-0.1539,-0.1558
4.0000,-0.1506,-0.1604
4.0000,-0.1472,-0.1649
4.0000,-0.1436,-0.1693
4.0000,-0.1400,-0.1736
4.0000,-0.1362,-0.1779
4.0000,-0.1323,-0.1820
4.0000,-0.1282,-0.1861
4.0000,-0.1240,-0.1901
4.0000,-0.1197,-0.1940
4.0000,-0.1153,-0.1978
4.0000,-0.1108,-0.2016
4.0000,-0.1062,-0.2052
4.0000,-0.1014,-0.2087
4.0000,-0.0965,-0.2121
4.0000,-0.0916,-0.2153
4.0000,-0.0865,-0.2185
4.0000,-0.0813,-0.2215
4.0000,-0.0761,-0.2245
4.0000,-0.0707,-0.2273
4.0000,-0.0652,-0.2299
4.0000,-0.0597,-0.2325
4.0000,-0.0540,-0.2349
4.0000,-0.0483,-0.2371
4.0000,-0.0425,-0.2392
4.0000,-0.0367,-0.2412
4.0000,-0.0307,-0.2431
4.0000,-0.0247,-0.2448
4.0000,-0.0186,-0.2463
4.0000,-0.0125,-0.2477
4.0000,-0.0063,-0.2489
4.0000,0.0000,-0.2500
4.0000,0.0063,-0.2509
4.0000,0.0127,-0.2517
4.0000,0.0191,-0.2523
4.0000,0.0255,-0.2527
4.0000,0.0320,-0.2530
4.0000,0.0385,-0.2531
4.0000,0.0450,-0.2530
4.0000,0.0515,-0.2528
4.0000,0.0581,-0.2524
4.0000,0.0647,-0.2518
4.0000,0.0712,-0.2511
4.0000,0.0778,-0.2502
4.0000,0.0844,-0.2491
4.0000,0.0910,-0.2478
4.0000,0.0976,-0.2464
4.0000,0.1041,-0.2448
4.0000,0.1106,-0.2430
4.0000,0.1171,-0.2410
4.0000,0.1236,-0.2389
4.0000,0.1301,-0.2366
4.0000,0.1365,-0.2341
4.0000,0.1428,-0.2315
4.0000,0.1492,-0.2286
4.0000,0.1554,-0.2256
4.0000,0.1616,-0.2225
4.0000,0.1678,-0.2191
4.0000,0.1739,-0.2156
4.0000,0.1799,-0.2120
4.0000,0.1858,-0.2081
4.0000,0.1917,-0.2041
4.0000,0.1974,-0.1999
4.0000,0.2031,-0.1956
4.0000,0.2087,-0.1911
4.0000,0.2142,-0.1865
4.0000,0.2196,-0.1817
4.0000,0.2249,-0.1767
4.0000,0.2300,-0.1716
4.0000,0.2351,-0.1663
4.0000,0.2400,-0.1609
4.0000,0.2449,-0.1554
4.0000,0.2495,-0.1497
4.0000,0.2541,-0.1439
4.0000,0.2585,-0.1379
4.0000,0.2628,-0.1318
4.0000,0.2669,-0.1256
4.0000,0.2709,-0.1193
4.0000,0.2747,-0.1128
4.0000,0.2784,-0.1062
4.0000,0.2820,-0.0995
4.0000,0.2853,-0.0927
4.0000,0.2885,-0.0858
4.0000,0.2915,-0.0788
4.0000,0.2944,-0.0717
4.0000,0.2971,-0.0645
4.0000,0.2996,-0.0572
4.0000,0.3019,-0.0498
4.0000,0.3041,-0.0423
4.0000,0.3060,-0.0348
4.0000,0.3078,-0.0271
4.0000,0.3094,-0.0195
4.0000,0.3108,-0.0117
4.0000,0.3120,-0.0039
4.0000,0.3130,0.0039
4.0000,0.3138,0.0118
4.0000,0.3144,0.0198
4.0000,0.3148,0.0278
4.0000,0.3150,0.0358
4.0000,0.3150,0.0438
4.0000,0.3148,0.0519
4.0000,0.3143,0.0600
4.0000,0.3137,0.0681
4.0000,0.3129,0.0762
4.0000,0.3118,0.0843
4.0000,0.3106,0.0923
4.0000,0.3091,0.1004
4.0000,0.3074,0.1085
4.0000,0.3055,0.1165
4.0000,0.3034,0.1246
4.0000,0.3011,0.1326
4.0000,0.2986,0.1405
4.0000,0.2959,0.1484
4.0000,0.2929,0.1563
4.0000,0.2898,0.1641
4.0000,0.2864,0.1718
4.0000,0.2828,0.1795
4.0000,0.2791,0.1871
4.0000,0.2751,0.1946
4.0000,0.2709,0.2021
4.0000,0.2666,0.2095
4.0000,0.2620,0.2167
4.0000,0.2572,0.2239
4.0000,0.2522,0.2310
4.0000,0.2471,0.2379
4.0000,0.2417,0.2448
4.0000,0.2362,0.2515
4.0000,0.2304,0.2581
4.0000,0.2245,0.2646
4.0000,0.2184,0.2709
4.0000,0.2122,0.2771
4.0000,0.2057,0.2832
4.0000,0.1991,0.2891
4.0000,0.1923,0.2948
4.0000,0.1854,0.3004
4.0000,0.1783,0.3058
4.0000,0.1710,0.3111
4.0000,0.1636,0.3162
4.0000,0.1561,0.3211
4.0000,0.1483,0.3258
4.0000,0.1405,0.3304
4.0000,0.1325,0.3347
4.0000,0.1244,0.3389
4.0000,0.1162,0.3428
4.0000,0.1078,0.3466
4.0000,0.0994,0.3502
4.0000,0.0908,0.3535
4.0000,0.0821,0.3567
4.0000,0.0733,0.3596
4.0000,0.0644,0.3623
4.0000,0.0554,0.3648
4.0000,0.0464,0.3671
4.0000,0.0372,0.3691
4.0000,0.0280,0.3709
4.0000,0.0187,0.3725
4.0000,0.0094,0.3739
4.0000,0.0000,0.3750
4.0000,-0.0094,0.3759
4.0000,-0.0189,0.3765
4.0000,-0.0285,0.3769
4.0000,-0.0380,0.3771
4.0000,-0.0476,0.3770
4.0000,-0.0572,0.3767
4.0000,-0.0669,0.3761
4.0000,-0.0765,0.3753
4.0000,-0.0861,0.3742
4.0000,-0.0957,0.3729
4.0000,-0.1054,0.3713
4.0000,-0.1150,0.3695
4.0000,-0.1245,0.3675
4.0000,-0.1341,0.3652
4.0000,-0.1436,0.3626
4.0000,-0.1530,0.3598
4.0000,-0.1624,0.3568
4.0000,-0.1718,0.3535
4.0000,-0.1811,0.3499
4.0000,-0.1903,0.3461
4.0000,-0.1994,0.3421
4.0000,-0.2085,0.3378
4.0000,-0.2175,0.3333
4.0000,-0.2263,0.3286
4.0000,-0.2351,0.3236
4.0000,-0.2438,0.3184
4.0000,-0.2523,0.3129
4.0000,-0.2608,0.3073
4.0000,-0.2691,0.3014
4.0000,-0.2772,0.2952
4.0000,-0.2853,0.2889
4.0000,-0.2932,0.2823
4.0000,-0.3009,0.2755
4.0000,-0.3085,0.2685
4.0000,-0.3159,0.2613
4.0000,-0.3232,0.2539
4.0000,-0.3302,0.2463
4.0000,-0.3371,0.2385
4.0000,-0.3439,0.2305
4.0000,-0.3504,0.2224
4.0000,-0.3567,0.2140
4.0000,-0.3629,0.2055
4.0000,-0.3688,0.1968
4.0000,-0.3745,0.1879
4.0000,-0.3800,0.1788
4.0000,-0.3853,0.1696
4.0000,-0.3904,0.1603
4.0000,-0.3952,0.1508
4.0000,-0.3998,0.1411
4.0000,-0.4042,0.1313
4.0000,-0.4083,0.1214
4.0000,-0.4122,0.1114
4.0000,-0.4159,0.1012
4.0000,-0.4192,0.0910
4.0000,-0.4224,0.0806
4.0000,-0.4253,0.0701
4.0000,-0.4279,0.0595
4.0000,-0.4302,0.0489
4.0000,-0.4323,0.0381
4.0000,-0.4341,0.0273
4.0000,-0.4357,0.0164
4.0000,-0.4370,0.0055
4.0000,-0.4380,-0.0055
4.0000,-0.4387,-0.0165
4.0000,-0.4391,-0.0276
4.0000,-0.4393,-0.0387
4.0000,-0.4392,-0.0499
4.0000,-0.4388,-0.0610
4.0000,-0.4381,-0.0722
4.0000,-0.4371,-0.0834
4.0000,-0.4359,-0.0946
4.0000,-0.4343,-0.1057
4.0000,-0.4325,-0.1169
4.0000,-0.4304,-0.1280
4.0000,-0.4280,-0.1391
4.0000,-0.4253,-0.1501
4.0000,-0.4223,-0.1611
4.0000,-0.4191,-0.1720
4.0000,-0.4155,-0.1829
4.0000,-0.4117,-0.1937
4.0000,-0.4076,-0.2045
4.0000,-0.4032,-0.2151
4.0000,-0.3985,-0.2257
4.0000,-0.3936,-0.2361
4.0000,-0.3884,-0.2465
4.0000,-0.3829,-0.2567
4.0000,-0.3771,-0.2668
4.0000,-0.3711,-0.2768
4.0000,-0.3648,-0.2867
4.0000,-0.3583,-0.2964
4.0000,-0.3515,-0.3060
4.0000,-0.3444,-0.3154
4.0000,-0.3371,-0.3246
4.0000,-0.3295,-0.3337
4.0000,-0.3217,-0.3426
4.0000,-0.3137,-0.3513
4.0000,-0.3054,-0.3599
4.0000,-0.2969,-0.3682
4.0000,-0.2882,-0.3764
4.0000,-0.2792,-0.3843
4.0000,-0.2700,-0.3920
4.0000,-0.2606,-0.3995
4.0000,-0.2510,-0.4068
4.0000,-0.2412,-0.4138
4.0000,-0.2312,-0.4206
4.0000,-0.2211,-0.4272
4.0000,-0.2107,-0.4335
4.0000,-0.2001,-0.4396
4.0000,-0.1894,-0.4454
4.0000,-0.1785,-0.4509
4.0000,-0.1675,-0.4562
4.0000,-0.1563,-0.4612
4.0000,-0.1450,-0.4660
4.0000,-0.1335,-0.4704
4.0000,-0.1219,-0.4746
4.0000,-0.1101,-0.4785
4.0000,-0.0983,-0.4821
4.0000,-0.0863,-0.4854
4.0000,-0.0742,-0.4884
4.0000,-0.0620,-0.4911
4.0000,-0.0498,-0.4935
4.0000,-0.0374,-0.4956
4.0000,-0.0250,-0.4974
4.0000,-0.0125,-0.4988
4.0000,0.0000,-0.5000
4.0000,0.0126,-0.5008
4.0000,0.0252,-0.5014
4.0000,0.0379,-0.5016
4.0000,0.0506,-0.5015
4.0000,0.0633,-0.5010
4.0000,0.0760,-0.5003
4.0000,0.0887,-0.4992
4.0000,0.1015,-0.4978
4.0000,0.1142,-0.4960
4.0000,0.1268,-0.4940
4.0000,0.1395,-0.4916
4.0000,0.1521,-0.4889
4.0000,0.1646,-0.4859
4.0000,0.1771,-0.4825
4.0000,0.1896,-0.4788
4.0000,0.2019,-0.4748
4.0000,0.2142,-0.4705
4.0000,0.2264,-0.4659
4.0000,0.2385,-0.4609
4.0000,0.2505,-0.4557
4.0000,0.2624,-0.4501
4.0000,0.2741,-0.4442
4.0000,0.2858,-0.4380
4.0000,0.2972,-0.4315
4.0000,0.3086,-0.4247
4.0000,0.3198,-0.4176
4.0000,0.3308,-0.4102
4.0000,0.3416,-0.4026
4.0000,0.3523,-0.3946
4.0000,0.3628,-0.3864
4.0000,0.3731,-0.3778
4.0000,0.3832,-0.3690
4.0000,0.3931,-0.3600
4.0000,0.4028,-0.3506
4.0000,0.4122,-0.3410
4.0000,0.4215,-0.3312
4.0000,0.4304,-0.3211
4.0000,0.4392,-0.3107
4.0000,0.4477,-0.3002
4.0000,0.4559,-0.2893
4.0000,0.4639,-0.2783
4.0000,0.4716,-0.2671
4.0000,0.4791,-0.2556
4.0000,0.4862,-0.2439
4.0000,0.4931,-0.2320
4.0000,0.4997,-0.2200
4.0000,0.5060,-0.2077
4.0000,0.5120,-0.1953
4.0000,0.5177,-0.1827
4.0000,0.5231,-0.1700
4.0000,0.5281,-0.1570
4.0000,0.5329,-0.1440
4.0000,0.5373,-0.1308
4.0000,0.5414,-0.1175
4.0000,0.5452,-0.1040
4.0000,0.5486,-0.0904
4.0000,0.5517,-0.0767
4.0000,0.5544,-0.0630
4.0000,0.5568,-0.0491
4.0000,0.5589,-0.0352
4.0000,0.5606,-0.0211
4.0000,0.5620,-0.0071
4.0000,0.5630,0.0071
4.0000,0.5636,0.0213
4.0000,0.5639,0.0355
4.0000,0.5638,0.0497
4.0000,0.5634,0.0640
4.0000,0.5626,0.0783
4.0000,0.5614,0.0925
4.0000,0.5599,0.1068
4.0000,0.5580,0.1211
4.0000,0.5558,0.1353
4.0000,0.5532,0.1495
4.0000,0.5502,0.1636
4.0000,0.5469,0.1777
4.0000,0.5432,0.1917
4.0000,0.5391,0.2056
4.0000,0.5347,0.2195
4.0000,0.5299,0.2333
4.0000,0.5248,0.2470
4.0000,0.5193,0.2605
4.0000,0.5135,0.2739
4.0000,0.5073,0.2873
4.0000,0.5008,0.3004
4.0000,0.4939,0.3135
4.0000,0.4867,0.3263
4.0000,0.4792,0.3390
4.0000,0.4713,0.3516
4.0000,0.4631,0.3639
4.0000,0.4546,0.3761
4.0000,0.4458,0.3880
4.0000,0.4366,0.3998
4.0000,0.4271,0.4113
4.0000,0.4174,0.4227
4.0000,0.4073,0.4337
4.0000,0.3969,0.4446
4.0000,0.3863,0.4552
4.0000,0.3754,0.4655
4.0000,0.3642,0.4756
4.0000,0.3527,0.4854
4.0000,0.3409,0.4949
4.0000,0.3289,0.5042
4.0000,0.3167,0.5131
4.0000,0.3042,0.5218
4.0000,0.2915,0.5302
4.0000,0.2785,0.5382
4.0000,0.2653,0.5459
4.0000,0.2519,0.5533
4.0000,0.2383,0.5604
4.0000,0.2246,0.5672
4.0000,0.2106,0.5736
4.0000,0.1964,0.5796
4.0000,0.1821,0.5853
4.0000,0.1676,0.5907
4.0000,0.1529,0.5957
4.0000,0.1382,0.6003
4.0000,0.1232,0.6046
4.0000,0.1082,0.6085
4.0000,0.0930,0.6120
4.0000,0.0777,0.6151
4.0000,0.0623,0.6179
4.0000,0.0469,0.6202
4.0000,0.0313,0.6222
4.0000,0.0157,0.6238
4.0000,-0.0000,0.6250
4.0000,-0.0157,0.6258
4.0000,-0.0315,0.6262
4.0000,-0.0473,0.6262
4.0000,-0.0631,0.6258
4.0000,-0.0790,0.6250
4.0000,-0.0948,0.6238
4.0000,-0.1106,0.6222
4.0000,-0.1264,0.6202
4.0000,-0.1422,0.6179
4.0000,-0.1579,0.6151
4.0000,-0.1736,0.6118
4.0000,-0.1892,0.6082
4.0000,-0.2048,0.6042
4.0000,-0.2202,0.5999
4.0000,-0.2356,0.5951
4.0000,-0.2509,0.5899
4.0000,-0.2660,0.5843
4.0000,-0.2811,0.5783
4.0000,-0.2960,0.5720
4.0000,-0.3107,0.5652
4.0000,-0.3253,0.5581
4.0000,-0.3398,0.5506
4.0000,-0.3541,0.5427
4.0000,-0.3682,0.5345
4.0000,-0.3821,0.5259
4.0000,-0.3958,0.5169
4.0000,-0.4093,0.5076
4.0000,-0.4225,0.4979
4.0000,-0.4356,0.4878
4.0000,-0.4484,0.4775
4.0000,-0.4609,0.4668
4.0000,-0.4732,0.4557
4.0000,-0.4853,0.4444
4.0000,-0.4971,0.4327
4.0000,-0.5085,0.4207
4.0000,-0.5197,0.4084
4.0000,-0.5306,0.3958
4.0000,-0.5412,0.3829
4.0000,-0.5515,0.3698
4.0000,-0.5615,0.3563
4.0000,-0.5711,0.3426
4.0000,-0.5804,0.3286
4.0000,-0.5894,0.3144
4.0000,-0.5980,0.3000
4.0000,-0.6062,0.2853
4.0000,-0.6141,0.2704
4.0000,-0.6217,0.2552
4.0000,-0.6288,0.2399
4.0000,-0.6356,0.2243
4.0000,-0.6420,0.2086
4.0000,-0.6480,0.1927
4.0000,-0.6536,0.1766
4.0000,-0.6588,0.1603
4.0000,-0.6636,0.1440
4.0000,-0.6680,0.1274
4.0000,-0.6719,0.1108
4.0000,-0.6755,0.0940
4.0000,-0.6786,0.0771
4.0000,-0.6814,0.0601
4.0000,-0.6836,0.0430
4.0000,-0.6855,0.0259
4.0000,-0.6869,0.0086
4.0000,-0.6879,-0.0086
4.0000,-0.6885,-0.0260
4.0000,-0.6886,-0.0433
4.0000,-0.6883,-0.0607
4.0000,-0.6876,-0.0781
4.0000,-0.6864,-0.0955
4.0000,-0.6848,-0.1129
4.0000,-0.6827,-0.1302
4.0000,-0.6802,-0.1476
4.0000,-0.6772,-0.1648
4.0000,-0.6738,-0.1821
4.0000,-0.6700,-0.1992
4.0000,-0.6657,-0.2163
4.0000,-0.6610,-0.2333
4.0000,-0.6559,-0.2502
4.0000,-0.6503,-0.2670
4.0000,-0.6443,-0.2836
4.0000,-0.6379,-0.3002
4.0000,-0.6311,-0.3166
4.0000,-0.6238,-0.3328
4.0000,-0.6161,-0.3489
4.0000,-0.6080,-0.3647
4.0000,-0.5995,-0.3804
4.0000,-0.5906,-0.3959
4.0000,-0.5812,-0.4112
4.0000,-0.5715,-0.4263
4.0000,-0.5614,-0.4412
4.0000,-0.5509,-0.4558
4.0000,-0.5400,-0.4701
4.0000,-0.5288,-0.4842
4.0000,-0.5172,-0.4980
4.0000,-0.5052,-0.5116
4.0000,-0.4929,-0.5249
4.0000,-0.4802,-0.5378
4.0000,-0.4672,-0.5505
4.0000,-0.4538,-0.5628
4.0000,-0.4401,-0.5748
4.0000,-0.4261,-0.5865
4.0000,-0.4118,-0.5979
4.0000,-0.3972,-0.6089
4.0000,-0.3823,-0.6195
4.0000,-0.3671,-0.6298
4.0000,-0.3517,-0.6397
4.0000,-0.3360,-0.6492
4.0000,-0.3200,-0.6584
4.0000,-0.3037,-0.6671
4.0000,-0.2873,-0.6755
4.0000,-0.2706,-0.6834
4.0000,-0.2537,-0.6909
4.0000,-0.2365,-0.6980
4.0000,-0.2192,-0.7047
4.0000,-0.2017,-0.7109
4.0000,-0.1840,-0.7168
4.0000,-0.1662,-0.7221
4.0000,-0.1482,-0.7271
4.0000,-0.1300,-0.7315
4.0000,-0.1118,-0.7356
4.0000,-0.0934,-0.7391
4.0000,-0.0749,-0.7422
4.0000,-0.0563,-0.7449
4.0000,-0.0376,-0.7471
4.0000,-0.0188,-0.7488
4.0000,-0.0000,-0.7500
4.0000,0.0189,-0.7508
4.0000,0.0378,-0.7511
4.0000,0.0567,-0.7509
4.0000,0.0757,-0.7502
4.0000,0.0946,-0.7490
4.0000,0.1136,-0.7474
4.0000,0.1325,-0.7453
4.0000,0.1514,-0.7427
4.0000,0.1702,-0.7397
4.0000,0.1890,-0.7361
4.0000,0.2077,-0.7321
4.0000,0.2263,-0.7276
4.0000,0.2449,-0.7226
4.0000,0.2633,-0.7172
4.0000,0.2816,-0.7113
4.0000,0.2998,-0.7049
4.0000,0.3178,-0.6981
4.0000,0.3357,-0.6907
4.0000,0.3534,-0.6830
4.0000,0.3710,-0.6748
4.0000,0.3883,-0.6661
4.0000,0.4054,-0.6570
4.0000,0.4224,-0.6474
4.0000,0.4391,-0.6374
4.0000,0.4555,-0.6270
4.0000,0.4718,-0.6161
4.0000,0.4877,-0.6049
4.0000,0.5034,-0.5932
4.0000,0.5188,-0.5811
4.0000,0.5339,-0.5686
4.0000,0.5488,-0.5557
4.0000,0.5633,-0.5424
4.0000,0.5775,-0.5288
4.0000,0.5913,-0.5148
4.0000,0.6049,-0.5004
4.0000,0.6180,-0.4856
4.0000,0.6308,-0.4706
4.0000,0.6433,-0.4551
4.0000,0.6553,-0.4394
4.0000,0.6670,-0.4233
4.0000,0.6783,-0.4069
4.0000,0.6892,-0.3902
4.0000,0.6997,-0.3733
4.0000,0.7097,-0.3560
4.0000,0.7193,-0.3385
4.0000,0.7285,-0.3207
4.0000,0.7373,-0.3027
4.0000,0.7456,-0.2844
4.0000,0.7534,-0.2659
4.0000,0.7608,-0.2472
4.0000,0.7678,-0.2283
4.0000,0.7742,-0.2092
4.0000,0.7802,-0.1899
4.0000,0.7857,-0.1705
4.0000,0.7907,-0.1508
4.0000,0.7953,-0.1311
4.0000,0.7993,-0.1112
4.0000,0.8028,-0.0912
4.0000,0.8059,-0.0711
4.0000,0.8084,-0.0509
4.0000,0.8104,-0.0306
4.0000,0.8119,-0.0102
4.0000,0.8129,0.0102
4.0000,0.8134,0.0307
4.0000,0.8134,0.0512
4.0000,0.8128,0.0717
4.0000,0.8118,0.0922
4.0000,0.8102,0.1127
4.0000,0.8081,0.1332
4.0000,0.8055,0.1537
4.0000,0.8023,0.1741
4.0000,0.7987,0.1944
4.0000,0.7945,0.2147
4.0000,0.7898,0.2349
4.0000,0.7846,0.2549
4.0000,0.7789,0.2749
4.0000,0.7727,0.2948
4.0000,0.7660,0.3145
4.0000,0.7587,0.3340
4.0000,0.7510,0.3534
4.0000,0.7428,0.3726
4.0000,0.7341,0.3916
4.0000,0.7249,0.4104
4.0000,0.7152,0.4290
4.0000,0.7050,0.4474
4.0000,0.6944,0.4655
4.0000,0.6833,0.4834
4.0000,0.6717,0.5010
4.0000,0.6597,0.5184
4.0000,0.6472,0.5354
4.0000,0.6343,0.5522
4.0000,0.6210,0.5686
4.0000,0.6072,0.5847
4.0000,0.5930,0.6005
4.0000,0.5784,0.6160
4.0000,0.5634,0.6311
4.0000,0.5481,0.6458
4.0000,0.5323,0.6601
4.0000,0.5161,0.6741
4.0000,0.4996,0.6877
4.0000,0.4827,0.7008
4.0000,0.4655,0.7136
4.0000,0.4480,0.7259
4.0000,0.4301,0.7378
4.0000,0.4119,0.7492
4.0000,0.3934,0.7602
4.0000,0.3746,0.7708
4.0000,0.3555,0.7809
4.0000,0.3362,0.7905
4.0000,0.3166,0.7996
4.0000,0.2967,0.8082
4.0000,0.2767,0.8164
4.0000,0.2563,0.8240
4.0000,0.2358,0.8312
4.0000,0.2151,0.8378
4.0000,0.1942,0.8439
4.0000,0.1731,0.8495
4.0000,0.1519,0.8546
4.0000,0.1305,0.8591
4.0000,0.1090,0.8631
4.0000,0.0874,0.8666
4.0000,0.0657,0.8695
4.0000,0.0439,0.8719
4.0000,0.0220,0.8737
4.0000,-0.0000,0.8750
4.0000,-0.0220,0.8757
4.0000,-0.0441,0.8759
4.0000,-0.0661,0.8755
4.0000,-0.0882,0.8746
4.0000,-0.1103,0.8731
4.0000,-0.1323,0.8710
4.0000,-0.1544,0.8684
4.0000,-0.1763,0.8652
4.0000,-0.1983,0.8615
4.0000,-0.2201,0.8572
4.0000,-0.2418,0.8524
4.0000,-0.2635,0.8470
4.0000,-0.2850,0.8410
4.0000,-0.3064,0.8345
4.0000,-0.3276,0.8275
4.0000,-0.3487,0.8199
4.0000,-0.3696,0.8118
4.0000,-0.3903,0.8032
4.0000,-0.4109,0.7940
4.0000,-0.4312,0.7843
4.0000,-0.4512,0.7741
4.0000,-0.4711,0.7633
4.0000,-0.4907,0.7521
4.0000,-0.5100,0.7404
4.0000,-0.5290,0.7281
4.0000,-0.5477,0.7154
4.0000,-0.5662,0.7022
4.0000,-0.5843,0.6885
4.0000,-0.6021,0.6743
4.0000,-0.6195,0.6597
4.0000,-0.6366,0.6447
4.0000,-0.6533,0.6291
4.0000,-0.6697,0.6132
4.0000,-0.6856,0.5968
4.0000,-0.7012,0.5801
4.0000,-0.7163,0.5629
4.0000,-0.7310,0.5453
4.0000,-0.7453,0.5273
4.0000,-0.7592,0.5090
4.0000,-0.7726,0.4903
4.0000,-0.7855,0.4712
4.0000,-0.7980,0.4518
4.0000,-0.8099,0.4321
4.0000,-0.8214,0.4121
4.0000,-0.8324,0.3917
4.0000,-0.8429,0.3711
4.0000,-0.8529,0.3502
4.0000,-0.8624,0.3290
4.0000,-0.8713,0.3075
4.0000,-0.8797,0.2858
4.0000,-0.8876,0.2639
4.0000,-0.8949,0.2418
4.0000,-0.9017,0.2195
4.0000,-0.9079,0.1970
4.0000,-0.9135,0.1743
4.0000,-0.9186,0.1514
4.0000,-0.9231,0.1284
4.0000,-0.9270,0.1053
4.0000,-0.9304,0.0821
4.0000,-0.9332,0.0587
4.0000,-0.9353,0.0353
4.0000,-0.9369,0.0118
4.0000,-0.9379,-0.0118
4.0000,-0.9383,-0.0354
4.0000,-0.9381,-0.0590
4.0000,-0.9374,-0.0827
4.0000,-0.9360,-0.1063
4.0000,-0.9340,-0.1299
4.0000,-0.9314,-0.1535
4.0000,-0.9283,-0.1771
4.0000,-0.9245,-0.2006
4.0000,-0.9201,-0.2240
4.0000,-0.9152,-0.2473
4.0000,-0.9096,-0.2705
4.0000,-0.9035,-0.2936
4.0000,-0.8968,-0.3165
4.0000,-0.8895,-0.3393
4.0000,-0.8816,-0.3619
4.0000,-0.8731,-0.3844
4.0000,-0.8641,-0.4066
4.0000,-0.8545,-0.4287
4.0000,-0.8444,-0.4505
4.0000,-0.8336,-0.4720
4.0000,-0.8224,-0.4933
4.0000,-0.8106,-0.5144
4.0000,-0.7982,-0.5352
4.0000,-0.7853,-0.5556
4.0000,-0.7719,-0.5758
4.0000,-0.7580,-0.5956
4.0000,-0.7435,-0.6151
4.0000,-0.7286,-0.6343
4.0000,-0.7132,-0.6530
4.0000,-0.6973,-0.6715
4.0000,-0.6809,-0.6895
4.0000,-0.6640,-0.7071
4.0000,-0.6467,-0.7243
4.0000,-0.6289,-0.7411
4.0000,-0.6107,-0.7574
4.0000,-0.5921,-0.7733
4.0000,-0.5731,-0.7888
4.0000,-0.5537,-0.8038
4.0000,-0.5338,-0.8183
4.0000,-0.5136,-0.8323
4.0000,-0.4930,-0.8458
4.0000,-0.4721,-0.8588
4.0000,-0.4508,-0.8713
4.0000,-0.4292,-0.8832
4.0000,-0.4073,-0.8946
4.0000,-0.3851,-0.9055
4.0000,-0.3626,-0.9158
4.0000,-0.3398,-0.9256
4.0000,-0.3168,-0.9348
4.0000,-0.2935,-0.9434
4.0000,-0.2699,-0.9514
4.0000,-0.2462,-0.9589
4.0000,-0.2223,-0.9658
4.0000,-0.1981,-0.9720
4.0000,-0.1738,-0.9777
4.0000,-0.1493,-0.9827
4.0000,-0.1247,-0.9872
4.0000,-0.1000,-0.9910
4.0000,-0.0751,-0.9942
4.0000,-0.0501,-0.9967
4.0000,-0.0251,-0.9987
4.0000,-0.0000,-1.0000
