1.0000,0.0010,0.0000
1.0000,0.0020,0.0001
1.0000,0.0030,0.0003
1.0000,0.0040,0.0005
1.0000,0.0049,0.0008
1.0000,0.0059,0.0011
1.0000,0.0068,0.0015
1.0000,0.0077,0.0020
1.0000,0.0086,0.0025
1.0000,0.0095,0.0031
1.0000,0.0103,0.0037
1.0000,0.0112,0.0044
1.0000,0.0119,0.0052
1.0000,0.0127,0.0060
1.0000,0.0134,0.0068
1.0000,0.0140,0.0077
1.0000,0.0146,0.0087
1.0000,0.0152,0.0096
1.0000,0.0157,0.0107
1.0000,0.0162,0.0118
1.0000,0.0166,0.0129
1.0000,0.0170,0.0140
1.0000,0.0173,0.0152
1.0000,0.0175,0.0164
1.0000,0.0177,0.0177
1.0000,0.0178,0.0190
1.0000,0.0179,0.0203
1.0000,0.0178,0.0216
1.0000,0.0178,0.0229
1.0000,0.0176,0.0243
1.0000,0.0174,0.0256
1.0000,0.0171,0.0270
1.0000,0.0168,0.0284
1.0000,0.0164,0.0298
1.0000,0.0159,0.0312
1.0000,0.0153,0.0326
1.0000,0.0147,0.0340
1.0000,0.0140,0.0353
1.0000,0.0132,0.0367
1.0000,0.0124,0.0380
1.0000,0.0114,0.0394
1.0000,0.0104,0.0407
1.0000,0.0094,0.0420
1.0000,0.0082,0.0432
1.0000,0.0070,0.0444
1.0000,0.0058,0.0456
1.0000,0.0044,0.0468
1.0000,0.0030,0.0479
1.0000,0.0015,0.0490
1.0000,0.0000,0.0500
1.0000,-0.0016,0.0510
1.0000,-0.0033,0.0519
1.0000,-0.0050,0.0528
1.0000,-0.0068,0.0536
1.0000,-0.0086,0.0543
1.0000,-0.0105,0.0550
1.0000,-0.0124,0.0556
1.0000,-0.0144,0.0562
1.0000,-0.0165,0.0567
1.0000,-0.0185,0.0571
1.0000,-0.0207,0.0574
1.0000,-0.0228,0.0576
1.0000,-0.0250,0.0578
1.0000,-0.0272,0.0579
1.0000,-0.0295,0.0579
1.0000,-0.0318,0.0578
1.0000,-0.0341,0.0577
1.0000,-0.0364,0.0574
1.0000,-0.0388,0.0571
1.0000,-0.0411,0.0566
1.0000,-0.0435,0.0561
1.0000,-0.0459,0.0555
1.0000,-0.0483,0.0548
1.0000,-0.0507,0.0539
1.0000,-0.0530,0.0530
1.0000,-0.0554,0.0520
1.0000,-0.0578,0.0509
1.0000,-0.0601,0.0497
1.0000,-0.0624,0.0484
1.0000,-0.0647,0.0470
1.0000,-0.0670,0.0455
1.0000,-0.0692,0.0439
1.0000,-0.0714,0.0423
1.0000,-0.0736,0.0405
1.0000,-0.0757,0.0386
1.0000,-0.0778,0.0366
1.0000,-0.0798,0.0346
1.0000,-0.0818,0.0324
1.0000,-0.0837,0.0301
1.0000,-0.0856,0.0278
1.0000,-0.0874,0.0254
1.0000,-0.0891,0.0229
1.0000,-0.0908,0.0203
1.0000,-0.0923,0.0176
1.0000,-0.0938,0.0149
1.0000,-0.0952,0.0120
1.0000,-0.0966,0.0091
1.0000,-0.0978,0.0062
1.0000,-0.0990,0.0031
1.0000,-0.1000,0.0000
1.0000,-0.1010,-0.0032
1.0000,-0.1018,-0.0064
1.0000,-0.1025,-0.0097
1.0000,-0.1032,-0.0130
1.0000,-0.1037,-0.0164
1.0000,-0.1041,-0.0199
1.0000,-0.1044,-0.0233
1.0000,-0.1046,-0.0269
1.0000,-0.1047,-0.0304
1.0000,-0.1046,-0.0340
1.0000,-0.1044,-0.0376
1.0000,-0.1041,-0.0412
1.0000,-0.1037,-0.0449
1.0000,-0.1032,-0.0485
1.0000,-0.1025,-0.0522
1.0000,-0.1017,-0.0559
1.0000,-0.1007,-0.0596
1.0000,-0.0996,-0.0632
1.0000,-0.0984,-0.0669
1.0000,-0.0971,-0.0705
1.0000,-0.0956,-0.0742
1.0000,-0.0940,-0.0778
1.0000,-0.0923,-0.0813
1.0000,-0.0904,-0.0849
1.0000,-0.0884,-0.0884
1.0000,-0.0863,-0.0919
1.0000,-0.0840,-0.0953
1.0000,-0.0816,-0.0986
1.0000,-0.0791,-0.1019
1.0000,-0.0764,-0.1052
1.0000,-0.0736,-0.1083
1.0000,-0.0707,-0.1115
1.0000,-0.0677,-0.1145
1.0000,-0.0646,-0.1174
1.0000,-0.0613,-0.1203
1.0000,-0.0579,-0.1231
1.0000,-0.0544,-0.1257
1.0000,-0.0508,-0.1283
1.0000,-0.0471,-0.1308
1.0000,-0.0433,-0.1331
1.0000,-0.0393,-0.1354
1.0000,-0.0353,-0.1375
1.0000,-0.0312,-0.1396
1.0000,-0.0270,-0.1414
1.0000,-0.0227,-0.1432
1.0000,-0.0183,-0.1448
1.0000,-0.0138,-0.1463
1.0000,-0.0093,-0.1477
1.0000,-0.0047,-0.1489
1.0000,-0.0000,-0.1500
1.0000,0.0047,-0.1509
1.0000,0.0095,-0.1517
1.0000,0.0144,-0.1523
1.0000,0.0193,-0.1528
1.0000,0.0242,-0.1531
1.0000,0.0292,-0.1532
1.0000,0.0342,-0.1532
1.0000,0.0393,-0.1530
1.0000,0.0444,-0.1527
1.0000,0.0494,-0.1522
1.0000,0.0545,-0.1515
1.0000,0.0596,-0.1506
1.0000,0.0647,-0.1496
1.0000,0.0698,-0.1484
1.0000,0.0749,-0.1470
1.0000,0.0800,-0.1455
1.0000,0.0850,-0.1437
1.0000,0.0900,-0.1418
1.0000,0.0950,-0.1398
1.0000,0.0999,-0.1375
1.0000,0.1048,-0.1351
1.0000,0.1096,-0.1325
1.0000,0.1144,-0.1298
1.0000,0.1191,-0.1268
1.0000,0.1237,-0.1237
1.0000,0.1283,-0.1205
1.0000,0.1328,-0.1171
1.0000,0.1372,-0.1135
1.0000,0.1414,-0.1097
1.0000,0.1456,-0.1058
1.0000,0.1497,-0.1017
1.0000,0.1537,-0.0975
1.0000,0.1575,-0.0932
1.0000,0.1612,-0.0886
1.0000,0.1648,-0.0840
1.0000,0.1683,-0.0792
1.0000,0.1716,-0.0743
1.0000,0.1748,-0.0692
1.0000,0.1778,-0.0640
1.0000,0.1807,-0.0587
1.0000,0.1834,-0.0533
1.0000,0.1860,-0.0477
1.0000,0.1884,-0.0421
1.0000,0.1906,-0.0364
1.0000,0.1926,-0.0305
1.0000,0.1945,-0.0246
1.0000,0.1961,-0.0185
1.0000,0.1976,-0.0124
1.0000,0.1989,-0.0063
1.0000,0.2000,-0.0000
1.0000,0.2009,0.0063
1.0000,0.2016,0.0127
1.0000,0.2021,0.0191
1.0000,0.2024,0.0256
1.0000,0.2025,0.0321
1.0000,0.2024,0.0386
1.0000,0.2020,0.0452
1.0000,0.2015,0.0517
1.0000,0.2007,0.0583
1.0000,0.1997,0.0649
1.0000,0.1985,0.0715
1.0000,0.1971,0.0780
1.0000,0.1955,0.0846
1.0000,0.1936,0.0911
1.0000,0.1916,0.0976
1.0000,0.1893,0.1041
1.0000,0.1868,0.1105
1.0000,0.1841,0.1168
1.0000,0.1811,0.1231
1.0000,0.1780,0.1293
1.0000,0.1746,0.1355
1.0000,0.1711,0.1415
1.0000,0.1673,0.1475
1.0000,0.1633,0.1533
1.0000,0.1591,0.1591
1.0000,0.1547,0.1647
1.0000,0.1501,0.1703
1.0000,0.1453,0.1757
1.0000,0.1404,0.1809
1.0000,0.1352,0.1861
1.0000,0.1298,0.1911
1.0000,0.1243,0.1959
1.0000,0.1186,0.2006
1.0000,0.1127,0.2051
1.0000,0.1067,0.2094
1.0000,0.1005,0.2135
1.0000,0.0941,0.2175
1.0000,0.0876,0.2213
1.0000,0.0810,0.2249
1.0000,0.0742,0.2283
1.0000,0.0672,0.2314
1.0000,0.0602,0.2344
1.0000,0.0530,0.2371
1.0000,0.0457,0.2397
1.0000,0.0383,0.2420
1.0000,0.0308,0.2441
1.0000,0.0232,0.2459
1.0000,0.0156,0.2475
1.0000,0.0078,0.2489
1.0000,0.0000,0.2500
1.0000,-0.0079,0.2509
1.0000,-0.0158,0.2515
1.0000,-0.0238,0.2519
1.0000,-0.0318,0.2520
1.0000,-0.0399,0.2519
1.0000,-0.0480,0.2515
1.0000,-0.0561,0.2508
1.0000,-0.0642,0.2499
1.0000,-0.0723,0.2487
1.0000,-0.0803,0.2473
1.0000,-0.0884,0.2456
1.0000,-0.0964,0.2436
1.0000,-0.1044,0.2414
1.0000,-0.1124,0.2389
1.0000,-0.1203,0.2361
1.0000,-0.1281,0.2331
1.0000,-0.1359,0.2298
1.0000,-0.1436,0.2263
1.0000,-0.1512,0.2225
1.0000,-0.1587,0.2184
1.0000,-0.1661,0.2141
1.0000,-0.1734,0.2096
1.0000,-0.1805,0.2048
1.0000,-0.1876,0.1997
1.0000,-0.1945,0.1945
1.0000,-0.2012,0.1889
1.0000,-0.2078,0.1832
1.0000,-0.2142,0.1772
1.0000,-0.2205,0.1710
1.0000,-0.2265,0.1646
1.0000,-0.2324,0.1579
1.0000,-0.2381,0.1511
1.0000,-0.2436,0.1441
1.0000,-0.2489,0.1368
1.0000,-0.2539,0.1294
1.0000,-0.2588,0.1218
1.0000,-0.2634,0.1140
1.0000,-0.2678,0.1060
1.0000,-0.2719,0.0979
1.0000,-0.2758,0.0896
1.0000,-0.2794,0.0812
1.0000,-0.2828,0.0726
1.0000,-0.2859,0.0639
1.0000,-0.2888,0.0551
1.0000,-0.2914,0.0461
1.0000,-0.2937,0.0371
1.0000,-0.2957,0.0280
1.0000,-0.2974,0.0187
1.0000,-0.2989,0.0094
1.0000,-0.3000,0.0000
1.0000,-0.3009,-0.0095
1.0000,-0.3014,-0.0190
1.0000,-0.3017,-0.0285
1.0000,-0.3016,-0.0381
1.0000,-0.3012,-0.0477
1.0000,-0.3006,-0.0573
1.0000,-0.2996,-0.0670
1.0000,-0.2983,-0.0766
1.0000,-0.2967,-0.0862
1.0000,-0.2948,-0.0958
1.0000,-0.2926,-0.1053
1.0000,-0.2901,-0.1149
1.0000,-0.2873,-0.1243
1.0000,-0.2841,-0.1337
1.0000,-0.2807,-0.1430
1.0000,-0.2769,-0.1522
1.0000,-0.2729,-0.1614
1.0000,-0.2685,-0.1704
1.0000,-0.2638,-0.1793
1.0000,-0.2589,-0.1881
1.0000,-0.2536,-0.1967
1.0000,-0.2481,-0.2053
1.0000,-0.2423,-0.2136
1.0000,-0.2362,-0.2218
1.0000,-0.2298,-0.2298
1.0000,-0.2232,-0.2376
1.0000,-0.2162,-0.2453
1.0000,-0.2091,-0.2527
1.0000,-0.2016,-0.2600
1.0000,-0.1940,-0.2670
1.0000,-0.1860,-0.2738
1.0000,-0.1779,-0.2803
1.0000,-0.1695,-0.2866
1.0000,-0.1609,-0.2927
1.0000,-0.1521,-0.2985
1.0000,-0.1431,-0.3040
1.0000,-0.1338,-0.3093
1.0000,-0.1244,-0.3143
1.0000,-0.1148,-0.3190
1.0000,-0.1051,-0.3234
1.0000,-0.0951,-0.3275
1.0000,-0.0851,-0.3313
1.0000,-0.0748,-0.3347
1.0000,-0.0645,-0.3379
1.0000,-0.0540,-0.3408
1.0000,-0.0434,-0.3433
1.0000,-0.0327,-0.3455
1.0000,-0.0219,-0.3473
1.0000,-0.0110,-0.3488
1.0000,-0.0000,-0.3500
1.0000,0.0110,-0.3508
1.0000,0.0221,-0.3513
1.0000,0.0332,-0.3514
1.0000,0.0444,-0.3512
1.0000,0.0555,-0.3506
1.0000,0.0667,-0.3497
1.0000,0.0779,-0.3484
1.0000,0.0890,-0.3468
1.0000,0.1002,-0.3447
1.0000,0.1112,-0.3424
1.0000,0.1223,-0.3397
1.0000,0.1333,-0.3366
1.0000,0.1442,-0.3331
1.0000,0.1550,-0.3294
1.0000,0.1657,-0.3252
1.0000,0.1763,-0.3207
1.0000,0.1868,-0.3159
1.0000,0.1972,-0.3107
1.0000,0.2074,-0.3052
1.0000,0.2175,-0.2993
1.0000,0.2274,-0.2931
1.0000,0.2371,-0.2866
1.0000,0.2467,-0.2798
1.0000,0.2560,-0.2726
1.0000,0.2652,-0.2652
1.0000,0.2741,-0.2574
1.0000,0.2828,-0.2493
1.0000,0.2913,-0.2409
1.0000,0.2995,-0.2323
1.0000,0.3074,-0.2234
1.0000,0.3151,-0.2142
1.0000,0.3225,-0.2047
1.0000,0.3297,-0.1950
1.0000,0.3365,-0.1850
1.0000,0.3430,-0.1748
1.0000,0.3493,-0.1644
1.0000,0.3552,-0.1537
1.0000,0.3608,-0.1428
1.0000,0.3660,-0.1318
1.0000,0.3709,-0.1205
1.0000,0.3755,-0.1091
1.0000,0.3797,-0.0975
1.0000,0.3835,-0.0857
1.0000,0.3870,-0.0738
1.0000,0.3901,-0.0618
1.0000,0.3929,-0.0496
1.0000,0.3952,-0.0374
1.0000,0.3972,-0.0250
1.0000,0.3988,-0.0125
1.0000,0.4000,-0.0000
1.0000,0.4008,0.0126
1.0000,0.4012,0.0252
1.0000,0.4012,0.0379
1.0000,0.4008,0.0506
1.0000,0.4000,0.0634
1.0000,0.3988,0.0761
1.0000,0.3972,0.0888
1.0000,0.3952,0.1015
1.0000,0.3928,0.1141
1.0000,0.3899,0.1267
1.0000,0.3867,0.1392
1.0000,0.3831,0.1517
1.0000,0.3790,0.1640
1.0000,0.3746,0.1763
1.0000,0.3698,0.1884
1.0000,0.3645,0.2004
1.0000,0.3589,0.2123
1.0000,0.3529,0.2240
1.0000,0.3465,0.2355
1.0000,0.3398,0.2469
1.0000,0.3327,0.2580
1.0000,0.3252,0.2690
1.0000,0.3173,0.2797
1.0000,0.3091,0.2902
1.0000,0.3005,0.3005
1.0000,0.2916,0.3105
1.0000,0.2824,0.3203
1.0000,0.2728,0.3298
1.0000,0.2629,0.3390
1.0000,0.2527,0.3479
1.0000,0.2423,0.3565
1.0000,0.2315,0.3647
1.0000,0.2204,0.3727
1.0000,0.2091,0.3803
1.0000,0.1975,0.3876
1.0000,0.1856,0.3945
1.0000,0.1736,0.4011
1.0000,0.1612,0.4072
1.0000,0.1487,0.4130
1.0000,0.1360,0.4185
1.0000,0.1230,0.4235
1.0000,0.1099,0.4281
1.0000,0.0966,0.4323
1.0000,0.0832,0.4361
1.0000,0.0696,0.4395
1.0000,0.0559,0.4425
1.0000,0.0421,0.4450
1.0000,0.0281,0.4471
1.0000,0.0141,0.4488
1.0000,0.0000,0.4500
1.0000,-0.0142,0.4508
1.0000,-0.0284,0.4511
1.0000,-0.0426,0.4510
1.0000,-0.0569,0.4504
1.0000,-0.0712,0.4494
1.0000,-0.0854,0.4479
1.0000,-0.0997,0.4460
1.0000,-0.1139,0.4436
1.0000,-0.1281,0.4408
1.0000,-0.1421,0.4375
1.0000,-0.1562,0.4337
1.0000,-0.1701,0.4296
1.0000,-0.1839,0.4249
1.0000,-0.1976,0.4198
1.0000,-0.2111,0.4143
1.0000,-0.2245,0.4084
1.0000,-0.2377,0.4020
1.0000,-0.2508,0.3951
1.0000,-0.2636,0.3879
1.0000,-0.2763,0.3802
1.0000,-0.2887,0.3722
1.0000,-0.3009,0.3637
1.0000,-0.3128,0.3548
1.0000,-0.3245,0.3455
1.0000,-0.3359,0.3359
1.0000,-0.3470,0.3258
1.0000,-0.3578,0.3154
1.0000,-0.3683,0.3047
1.0000,-0.3785,0.2936
1.0000,-0.3883,0.2821
1.0000,-0.3978,0.2704
1.0000,-0.4070,0.2583
1.0000,-0.4157,0.2459
1.0000,-0.4241,0.2332
1.0000,-0.4321,0.2202
1.0000,-0.4397,0.2069
1.0000,-0.4469,0.1934
1.0000,-0.4537,0.1796
1.0000,-0.4601,0.1656
1.0000,-0.4660,0.1514
1.0000,-0.4715,0.1370
1.0000,-0.4765,0.1224
1.0000,-0.4811,0.1075
1.0000,-0.4852,0.0926
1.0000,-0.4889,0.0774
1.0000,-0.4921,0.0622
1.0000,-0.4948,0.0468
1.0000,-0.4970,0.0313
1.0000,-0.4988,0.0157
1.0000,-0.5000,0.0000
1.0000,-0.5008,-0.0157
1.0000,-0.5010,-0.0315
1.0000,-0.5008,-0.0473
1.0000,-0.5000,-0.0632
1.0000,-0.4988,-0.0790
1.0000,-0.4970,-0.0948
1.0000,-0.4948,-0.1106
1.0000,-0.4920,-0.1263
1.0000,-0.4888,-0.1420
1.0000,-0.4850,-0.1576
1.0000,-0.4808,-0.1731
1.0000,-0.4760,-0.1885
1.0000,-0.4708,-0.2037
1.0000,-0.4651,-0.2189
1.0000,-0.4589,-0.2338
1.0000,-0.4522,-0.2486
1.0000,-0.4450,-0.2632
1.0000,-0.4374,-0.2776
1.0000,-0.4293,-0.2917
1.0000,-0.4207,-0.3056
1.0000,-0.4117,-0.3193
1.0000,-0.4022,-0.3327
1.0000,-0.3923,-0.3459
1.0000,-0.3820,-0.3587
1.0000,-0.3712,-0.3712
1.0000,-0.3601,-0.3834
1.0000,-0.3485,-0.3953
1.0000,-0.3366,-0.4068
1.0000,-0.3242,-0.4180
1.0000,-0.3115,-0.4288
1.0000,-0.2985,-0.4392
1.0000,-0.2851,-0.4492
1.0000,-0.2713,-0.4588
1.0000,-0.2573,-0.4679
1.0000,-0.2429,-0.4767
1.0000,-0.2282,-0.4850
1.0000,-0.2133,-0.4928
1.0000,-0.1981,-0.5002
1.0000,-0.1826,-0.5071
1.0000,-0.1669,-0.5136
1.0000,-0.1509,-0.5195
1.0000,-0.1348,-0.5250
1.0000,-0.1185,-0.5299
1.0000,-0.1019,-0.5344
1.0000,-0.0853,-0.5383
1.0000,-0.0684,-0.5417
1.0000,-0.0515,-0.5446
1.0000,-0.0344,-0.5469
1.0000,-0.0172,-0.5487
1.0000,-0.0000,-0.5500
1.0000,0.0173,-0.5507
1.0000,0.0347,-0.5509
1.0000,0.0520,-0.5505
1.0000,0.0694,-0.5496
1.0000,0.0868,-0.5482
1.0000,0.1042,-0.5462
1.0000,0.1215,-0.5436
1.0000,0.1388,-0.5405
1.0000,0.1560,-0.5368
1.0000,0.1730,-0.5326
1.0000,0.1900,-0.5278
1.0000,0.2069,-0.5225
1.0000,0.2236,-0.5167
1.0000,0.2401,-0.5103
1.0000,0.2565,-0.5034
1.0000,0.2727,-0.4960
1.0000,0.2886,-0.4880
1.0000,0.3043,-0.4796
1.0000,0.3198,-0.4706
1.0000,0.3350,-0.4611
1.0000,0.3500,-0.4512
1.0000,0.3646,-0.4407
1.0000,0.3789,-0.4298
1.0000,0.3929,-0.4184
1.0000,0.4066,-0.4066
1.0000,0.4199,-0.3943
1.0000,0.4328,-0.3816
1.0000,0.4454,-0.3684
1.0000,0.4575,-0.3549
1.0000,0.4692,-0.3409
1.0000,0.4805,-0.3266
1.0000,0.4914,-0.3119
1.0000,0.5018,-0.2968
1.0000,0.5118,-0.2813
1.0000,0.5212,-0.2656
1.0000,0.5302,-0.2495
1.0000,0.5387,-0.2331
1.0000,0.5467,-0.2165
1.0000,0.5542,-0.1995
1.0000,0.5611,-0.1823
1.0000,0.5675,-0.1649
1.0000,0.5734,-0.1472
1.0000,0.5787,-0.1294
1.0000,0.5835,-0.1113
1.0000,0.5877,-0.0931
1.0000,0.5913,-0.0747
1.0000,0.5944,-0.0562
1.0000,0.5968,-0.0375
1.0000,0.5987,-0.0188
1.0000,0.6000,-0.0000
1.0000,0.6007,0.0189
1.0000,0.6008,0.0378
1.0000,0.6003,0.0567
1.0000,0.5992,0.0757
1.0000,0.5976,0.0946
1.0000,0.5953,0.1136
1.0000,0.5924,0.1324
1.0000,0.5889,0.1512
1.0000,0.5848,0.1699
1.0000,0.5801,0.1885
1.0000,0.5749,0.2070
1.0000,0.5690,0.2253
1.0000,0.5626,0.2435
1.0000,0.5556,0.2614
1.0000,0.5480,0.2792
1.0000,0.5398,0.2968
1.0000,0.5311,0.3141
1.0000,0.5218,0.3311
1.0000,0.5120,0.3479
1.0000,0.5016,0.3644
1.0000,0.4907,0.3806
1.0000,0.4793,0.3965
1.0000,0.4673,0.4120
1.0000,0.4549,0.4272
1.0000,0.4419,0.4419
1.0000,0.4285,0.4563
1.0000,0.4146,0.4703
1.0000,0.4003,0.4839
1.0000,0.3855,0.4970
1.0000,0.3703,0.5097
1.0000,0.3547,0.5219
1.0000,0.3386,0.5336
1.0000,0.3222,0.5448
1.0000,0.3054,0.5556
1.0000,0.2883,0.5658
1.0000,0.2708,0.5755
1.0000,0.2530,0.5846
1.0000,0.2349,0.5932
1.0000,0.2165,0.6012
1.0000,0.1978,0.6087
1.0000,0.1788,0.6155
1.0000,0.1597,0.6218
1.0000,0.1403,0.6275
1.0000,0.1207,0.6326
1.0000,0.1009,0.6371
1.0000,0.0810,0.6409
1.0000,0.0609,0.6441
1.0000,0.0407,0.6467
1.0000,0.0204,0.6487
1.0000,0.0000,0.6500
1.0000,-0.0204,0.6507
1.0000,-0.0409,0.6507
1.0000,-0.0615,0.6501
1.0000,-0.0820,0.6488
1.0000,-0.1025,0.6469
1.0000,-0.1229,0.6444
1.0000,-0.1433,0.6412
1.0000,-0.1636,0.6373
1.0000,-0.1839,0.6328
1.0000,-0.2040,0.6277
1.0000,-0.2239,0.6219
1.0000,-0.2437,0.6155
1.0000,-0.2633,0.6085
1.0000,-0.2827,0.6008
1.0000,-0.3019,0.5925
1.0000,-0.3208,0.5836
1.0000,-0.3395,0.5741
1.0000,-0.3579,0.5640
1.0000,-0.3760,0.5533
1.0000,-0.3938,0.5420
1.0000,-0.4113,0.5302
1.0000,-0.4283,0.5178
1.0000,-0.4451,0.5048
1.0000,-0.4614,0.4913
1.0000,-0.4773,0.4773
1.0000,-0.4928,0.4628
1.0000,-0.5078,0.4477
1.0000,-0.5224,0.4322
1.0000,-0.5365,0.4162
1.0000,-0.5501,0.3997
1.0000,-0.5632,0.3828
1.0000,-0.5758,0.3654
1.0000,-0.5879,0.3477
1.0000,-0.5994,0.3295
1.0000,-0.6103,0.3110
1.0000,-0.6207,0.2921
1.0000,-0.6305,0.2728
1.0000,-0.6397,0.2533
1.0000,-0.6483,0.2334
1.0000,-0.6562,0.2132
1.0000,-0.6636,0.1928
1.0000,-0.6703,0.1721
1.0000,-0.6763,0.1512
1.0000,-0.6817,0.1300
1.0000,-0.6864,0.1087
1.0000,-0.6905,0.0872
1.0000,-0.6939,0.0656
1.0000,-0.6966,0.0438
1.0000,-0.6987,0.0220
1.0000,-0.7000,0.0000
1.0000,-0.7007,-0.0220
1.0000,-0.7006,-0.0441
1.0000,-0.6999,-0.0662
1.0000,-0.6984,-0.0882
1.0000,-0.6963,-0.1103
1.0000,-0.6935,-0.1323
1.0000,-0.6900,-0.1542
1.0000,-0.6858,-0.1761
1.0000,-0.6808,-0.1978
1.0000,-0.6753,-0.2194
1.0000,-0.6690,-0.2408
1.0000,-0.6620,-0.2621
1.0000,-0.6544,-0.2832
1.0000,-0.6460,-0.3040
1.0000,-0.6371,-0.3246
1.0000,-0.6274,-0.3449
1.0000,-0.6172,-0.3650
1.0000,-0.6062,-0.3847
1.0000,-0.5947,-0.4041
1.0000,-0.5825,-0.4232
1.0000,-0.5697,-0.4419
1.0000,-0.5563,-0.4602
1.0000,-0.5423,-0.4781
1.0000,-0.5278,-0.4956
1.0000,-0.5127,-0.5127
1.0000,-0.4970,-0.5292
1.0000,-0.4808,-0.5453
1.0000,-0.4640,-0.5609
1.0000,-0.4468,-0.5760
1.0000,-0.4291,-0.5906
1.0000,-0.4109,-0.6046
1.0000,-0.3922,-0.6180
1.0000,-0.3731,-0.6309
1.0000,-0.3536,-0.6432
1.0000,-0.3337,-0.6549
1.0000,-0.3134,-0.6660
1.0000,-0.2927,-0.6764
1.0000,-0.2717,-0.6862
1.0000,-0.2503,-0.6953
1.0000,-0.2287,-0.7038
1.0000,-0.2067,-0.7116
1.0000,-0.1845,-0.7187
1.0000,-0.1621,-0.7251
1.0000,-0.1394,-0.7308
1.0000,-0.1165,-0.7358
1.0000,-0.0935,-0.7401
1.0000,-0.0703,-0.7437
1.0000,-0.0470,-0.7465
1.0000,-0.0235,-0.7486
1.0000,-0.0000,-0.7500
1.0000,0.0236,-0.7506
1.0000,0.0472,-0.7505
1.0000,0.0709,-0.7497
1.0000,0.0945,-0.7481
1.0000,0.1181,-0.7457
1.0000,0.1417,-0.7426
1.0000,0.1651,-0.7388
1.0000,0.1885,-0.7342
1.0000,0.2118,-0.7289
1.0000,0.2349,-0.7228
1.0000,0.2578,-0.7160
1.0000,0.2805,-0.7085
1.0000,0.3030,-0.7002
1.0000,0.3253,-0.6913
1.0000,0.3473,-0.6816
1.0000,0.3690,-0.6713
1.0000,0.3904,-0.6602
1.0000,0.4115,-0.6484
1.0000,0.4322,-0.6360
1.0000,0.4526,-0.6229
1.0000,0.4726,-0.6092
1.0000,0.4921,-0.5948
1.0000,0.5112,-0.5798
1.0000,0.5298,-0.5642
1.0000,0.5480,-0.5480
1.0000,0.5657,-0.5312
1.0000,0.5828,-0.5138
1.0000,0.5995,-0.4959
1.0000,0.6155,-0.4775
1.0000,0.6310,-0.4585
1.0000,0.6459,-0.4390
1.0000,0.6603,-0.4190
1.0000,0.6740,-0.3986
1.0000,0.6870,-0.3777
1.0000,0.6994,-0.3564
1.0000,0.7112,-0.3347
1.0000,0.7223,-0.3126
1.0000,0.7327,-0.2901
1.0000,0.7424,-0.2673
1.0000,0.7513,-0.2441
1.0000,0.7596,-0.2207
1.0000,0.7671,-0.1970
1.0000,0.7739,-0.1730
1.0000,0.7799,-0.1488
1.0000,0.7852,-0.1244
1.0000,0.7897,-0.0998
1.0000,0.7935,-0.0750
1.0000,0.7964,-0.0501
1.0000,0.7986,-0.0251
1.0000,0.8000,-0.0000
1.0000,0.8006,0.0252
1.0000,0.8004,0.0504
1.0000,0.7994,0.0756
1.0000,0.7977,0.1008
1.0000,0.7951,0.1259
1.0000,0.7917,0.1510
1.0000,0.7876,0.1760
1.0000,0.7826,0.2009
1.0000,0.7769,0.2257
1.0000,0.7704,0.2503
1.0000,0.7631,0.2747
1.0000,0.7550,0.2989
1.0000,0.7461,0.3229
1.0000,0.7365,0.3466
1.0000,0.7262,0.3700
1.0000,0.7151,0.3931
1.0000,0.7032,0.4159
1.0000,0.6907,0.4383
1.0000,0.6774,0.4603
1.0000,0.6634,0.4820
1.0000,0.6487,0.5032
1.0000,0.6334,0.5240
1.0000,0.6173,0.5443
1.0000,0.6007,0.5641
1.0000,0.5834,0.5834
1.0000,0.5654,0.6021
1.0000,0.5469,0.6203
1.0000,0.5278,0.6380
1.0000,0.5081,0.6550
1.0000,0.4879,0.6715
1.0000,0.4671,0.6873
1.0000,0.4458,0.7025
1.0000,0.4240,0.7170
1.0000,0.4018,0.7308
1.0000,0.3791,0.7440
1.0000,0.3560,0.7564
1.0000,0.3324,0.7682
1.0000,0.3085,0.7792
1.0000,0.2842,0.7894
1.0000,0.2596,0.7989
1.0000,0.2346,0.8076
1.0000,0.2094,0.8155
1.0000,0.1839,0.8227
1.0000,0.1581,0.8291
1.0000,0.1322,0.8346
1.0000,0.1060,0.8393
1.0000,0.0797,0.8432
1.0000,0.0532,0.8463
1.0000,0.0267,0.8486
1.0000,0.0000,0.8500
1.0000,-0.0267,0.8506
1.0000,-0.0535,0.8503
1.0000,-0.0803,0.8492
1.0000,-0.1070,0.8473
1.0000,-0.1338,0.8445
1.0000,-0.1604,0.8408
1.0000,-0.1869,0.8364
1.0000,-0.2134,0.8310
1.0000,-0.2397,0.8249
1.0000,-0.2658,0.8179
1.0000,-0.2917,0.8101
1.0000,-0.3173,0.8015
1.0000,-0.3427,0.7920
1.0000,-0.3679,0.7818
1.0000,-0.3927,0.7707
1.0000,-0.4172,0.7589
1.0000,-0.4413,0.7463
1.0000,-0.4651,0.7329
1.0000,-0.4885,0.7187
1.0000,-0.5114,0.7038
1.0000,-0.5338,0.6882
1.0000,-0.5558,0.6719
1.0000,-0.5773,0.6548
1.0000,-0.5983,0.6371
1.0000,-0.6187,0.6187
1.0000,-0.6386,0.5997
1.0000,-0.6578,0.5800
1.0000,-0.6765,0.5597
1.0000,-0.6945,0.5387
1.0000,-0.7119,0.5173
1.0000,-0.7287,0.4952
1.0000,-0.7447,0.4726
1.0000,-0.7600,0.4495
1.0000,-0.7747,0.4259
1.0000,-0.7885,0.4018
1.0000,-0.8017,0.3772
1.0000,-0.8140,0.3523
1.0000,-0.8256,0.3269
1.0000,-0.8364,0.3011
1.0000,-0.8464,0.2750
1.0000,-0.8556,0.2486
1.0000,-0.8640,0.2218
1.0000,-0.8715,0.1948
1.0000,-0.8782,0.1675
1.0000,-0.8840,0.1400
1.0000,-0.8889,0.1123
1.0000,-0.8930,0.0844
1.0000,-0.8962,0.0564
1.0000,-0.8986,0.0282
1.0000,-0.9000,0.0000
1.0000,-0.9006,-0.0283
1.0000,-0.9002,-0.0566
1.0000,-0.8990,-0.0850
1.0000,-0.8969,-0.1133
1.0000,-0.8939,-0.1416
1.0000,-0.8900,-0.1698
1.0000,-0.8852,-0.1979
1.0000,-0.8795,-0.2258
1.0000,-0.8729,-0.2536
1.0000,-0.8655,-0.2812
1.0000,-0.8571,-0.3086
1.0000,-0.8480,-0.3357
1.0000,-0.8379,-0.3626
1.0000,-0.8270,-0.3892
1.0000,-0.8153,-0.4154
1.0000,-0.8027,-0.4413
1.0000,-0.7893,-0.4668
1.0000,-0.7751,-0.4919
1.0000,-0.7601,-0.5166
1.0000,-0.7443,-0.5408
1.0000,-0.7277,-0.5645
1.0000,-0.7104,-0.5877
1.0000,-0.6924,-0.6104
1.0000,-0.6736,-0.6325
1.0000,-0.6541,-0.6541
1.0000,-0.6339,-0.6750
1.0000,-0.6130,-0.6954
1.0000,-0.5915,-0.7150
1.0000,-0.5694,-0.7341
1.0000,-0.5466,-0.7524
1.0000,-0.5233,-0.7700
1.0000,-0.4994,-0.7869
1.0000,-0.4749,-0.8031
1.0000,-0.4500,-0.8185
1.0000,-0.4245,-0.8331
1.0000,-0.3985,-0.8469
1.0000,-0.3721,-0.8599
1.0000,-0.3453,-0.8721
1.0000,-0.3181,-0.8835
1.0000,-0.2905,-0.8940
1.0000,-0.2625,-0.9036
1.0000,-0.2343,-0.9124
1.0000,-0.2057,-0.9203
1.0000,-0.1769,-0.9273
1.0000,-0.1478,-0.9334
1.0000,-0.1186,-0.9385
1.0000,-0.0891,-0.9428
1.0000,-0.0595,-0.9461
1.0000,-0.0298,-0.9485
1.0000,-0.0000,-0.9500
1.0000,0.0299,-0.9505
1.0000,0.0598,-0.9501
1.0000,0.0897,-0.9488
1.0000,0.1196,-0.9465
1.0000,0.1494,-0.9432
1.0000,0.1791,-0.9391
1.0000,0.2088,-0.9340
1.0000,0.2382,-0.9279
1.0000,0.2676,-0.9209
1.0000,0.2967,-0.9130
1.0000,0.3255,-0.9042
1.0000,0.3541,-0.8944
1.0000,0.3825,-0.8838
1.0000,0.4105,-0.8723
1.0000,0.4381,-0.8598
1.0000,0.4654,-0.8465
1.0000,0.4922,-0.8323
1.0000,0.5187,-0.8173
1.0000,0.5447,-0.8014
1.0000,0.5702,-0.7847
1.0000,0.5951,-0.7672
1.0000,0.6196,-0.7489
1.0000,0.6435,-0.7299
1.0000,0.6667,-0.7100
1.0000,0.6894,-0.6894
1.0000,0.7115,-0.6681
1.0000,0.7329,-0.6461
1.0000,0.7536,-0.6234
1.0000,0.7736,-0.6000
1.0000,0.7928,-0.5760
1.0000,0.8114,-0.5514
1.0000,0.8291,-0.5262
1.0000,0.8461,-0.5004
1.0000,0.8623,-0.4740
1.0000,0.8776,-0.4472
1.0000,0.8922,-0.4198
1.0000,0.9058,-0.3920
1.0000,0.9186,-0.3637
1.0000,0.9305,-0.3350
1.0000,0.9415,-0.3059
1.0000,0.9517,-0.2765
1.0000,0.9608,-0.2467
1.0000,0.9691,-0.2166
1.0000,0.9764,-0.1863
1.0000,0.9827,-0.1557
1.0000,0.9881,-0.1248
1.0000,0.9926,-0.0938
1.0000,0.9960,-0.0627
1.0000,0.9985,-0.0314
1.0000,1.0000,-0.0000
2.0000,-0.0000,0.0010
2.0000,-0.0001,0.0020
2.0000,-0.0003,0.0030
2.0000,-0.0005,0.0040
2.0000,-0.0008,0.0049
2.0000,-0.0011,0.0059
2.0000,-0.0015,0.0068
2.0000,-0.0020,0.0077
2.0000,-0.0025,0.0086
2.0000,-0.0031,0.0095
2.0000,-0.0037,0.0103
2.0000,-0.0044,0.0112
2.0000,-0.0052,0.0119
2.0000,-0.0060,0.0127
2.0000,-0.0068,0.0134
2.0000,-0.0077,0.0140
2.0000,-0.0087,0.0146
2.0000,-0.0096,0.0152
2.0000,-0.0107,0.0157
2.0000,-0.0118,0.0162
2.0000,-0.0129,0.0166
2.0000,-0.0140,0.0170
2.0000,-0.0152,0.0173
2.0000,-0.0164,0.0175
2.0000,-0.0177,0.0177
2.0000,-0.0190,0.0178
2.0000,-0.0203,0.0179
2.0000,-0.0216,0.0178
2.0000,-0.0229,0.0178
2.0000,-0.0243,0.0176
2.0000,-0.0256,0.0174
2.0000,-0.0270,0.0171
2.0000,-0.0284,0.0168
2.0000,-0.0298,0.0164
2.0000,-0.0312,0.0159
2.0000,-0.0326,0.0153
2.0000,-0.0340,0.0147
2.0000,-0.0353,0.0140
2.0000,-0.0367,0.0132
2.0000,-0.0380,0.0124
2.0000,-0.0394,0.0114
2.0000,-0.0407,0.0104
2.0000,-0.0420,0.0094
2.0000,-0.0432,0.0082
2.0000,-0.0444,0.0070
2.0000,-0.0456,0.0058
2.0000,-0.0468,0.0044
2.0000,-0.0479,0.0030
2.0000,-0.0490,0.0015
2.0000,-0.0500,0.0000
2.0000,-0.0510,-0.0016
2.0000,-0.0519,-0.0033
2.0000,-0.0528,-0.0050
2.0000,-0.0536,-0.0068
2.0000,-0.0543,-0.0086
2.0000,-0.0550,-0.0105
2.0000,-0.0556,-0.0124
2.0000,-0.0562,-0.0144
2.0000,-0.0567,-0.0165
2.0000,-0.0571,-0.0185
2.0000,-0.0574,-0.0207
2.0000,-0.0576,-0.0228
2.0000,-0.0578,-0.0250
2.0000,-0.0579,-0.0272
2.0000,-0.0579,-0.0295
2.0000,-0.0578,-0.0318
2.0000,-0.0577,-0.0341
2.0000,-0.0574,-0.0364
2.0000,-0.0571,-0.0388
2.0000,-0.0566,-0.0411
2.0000,-0.0561,-0.0435
2.0000,-0.0555,-0.0459
2.0000,-0.0548,-0.0483
2.0000,-0.0539,-0.0507
2.0000,-0.0530,-0.0530
2.0000,-0.0520,-0.0554
2.0000,-0.0509,-0.0578
2.0000,-0.0497,-0.0601
2.0000,-0.0484,-0.0624
2.0000,-0.0470,-0.0647
2.0000,-0.0455,-0.0670
2.0000,-0.0439,-0.0692
2.0000,-0.0423,-0.0714
2.0000,-0.0405,-0.0736
2.0000,-0.0386,-0.0757
2.0000,-0.0366,-0.0778
2.0000,-0.0346,-0.0798
2.0000,-0.0324,-0.0818
2.0000,-0.0301,-0.0837
2.0000,-0.0278,-0.0856
2.0000,-0.0254,-0.0874
2.0000,-0.0229,-0.0891
2.0000,-0.0203,-0.0908
2.0000,-0.0176,-0.0923
2.0000,-0.0149,-0.0938
2.0000,-0.0120,-0.0952
2.0000,-0.0091,-0.0966
2.0000,-0.0062,-0.0978
2.0000,-0.0031,-0.0990
2.0000,-0.0000,-0.1000
2.0000,0.0032,-0.1010
2.0000,0.0064,-0.1018
2.0000,0.0097,-0.1025
2.0000,0.0130,-0.1032
2.0000,0.0164,-0.1037
2.0000,0.0199,-0.1041
2.0000,0.0233,-0.1044
2.0000,0.0269,-0.1046
2.0000,0.0304,-0.1047
2.0000,0.0340,-0.1046
2.0000,0.0376,-0.1044
2.0000,0.0412,-0.1041
2.0000,0.0449,-0.1037
2.0000,0.0485,-0.1032
2.0000,0.0522,-0.1025
2.0000,0.0559,-0.1017
2.0000,0.0596,-0.1007
2.0000,0.0632,-0.0996
2.0000,0.0669,-0.0984
2.0000,0.0705,-0.0971
2.0000,0.0742,-0.0956
2.0000,0.0778,-0.0940
2.0000,0.0813,-0.0923
2.0000,0.0849,-0.0904
2.0000,0.0884,-0.0884
2.0000,0.0919,-0.0863
2.0000,0.0953,-0.0840
2.0000,0.0986,-0.0816
2.0000,0.1019,-0.0791
2.0000,0.1052,-0.0764
2.0000,0.1083,-0.0736
2.0000,0.1115,-0.0707
2.0000,0.1145,-0.0677
2.0000,0.1174,-0.0646
2.0000,0.1203,-0.0613
2.0000,0.1231,-0.0579
2.0000,0.1257,-0.0544
2.0000,0.1283,-0.0508
2.0000,0.1308,-0.0471
2.0000,0.1331,-0.0433
2.0000,0.1354,-0.0393
2.0000,0.1375,-0.0353
2.0000,0.1396,-0.0312
2.0000,0.1414,-0.0270
2.0000,0.1432,-0.0227
2.0000,0.1448,-0.0183
2.0000,0.1463,-0.0138
2.0000,0.1477,-0.0093
2.0000,0.1489,-0.0047
2.0000,0.1500,-0.0000
2.0000,0.1509,0.0047
2.0000,0.1517,0.0095
2.0000,0.1523,0.0144
2.0000,0.1528,0.0193
2.0000,0.1531,0.0242
2.0000,0.1532,0.0292
2.0000,0.1532,0.0342
2.0000,0.1530,0.0393
2.0000,0.1527,0.0444
2.0000,0.1522,0.0494
2.0000,0.1515,0.0545
2.0000,0.1506,0.0596
2.0000,0.1496,0.0647
2.0000,0.1484,0.0698
2.0000,0.1470,0.0749
2.0000,0.1455,0.0800
2.0000,0.1437,0.0850
2.0000,0.1418,0.0900
2.0000,0.1398,0.0950
2.0000,0.1375,0.0999
2.0000,0.1351,0.1048
2.0000,0.1325,0.1096
2.0000,0.1298,0.1144
2.0000,0.1268,0.1191
2.0000,0.1237,0.1237
2.0000,0.1205,0.1283
2.0000,0.1171,0.1328
2.0000,0.1135,0.1372
2.0000,0.1097,0.1414
2.0000,0.1058,0.1456
2.0000,0.1017,0.1497
2.0000,0.0975,0.1537
2.0000,0.0932,0.1575
2.0000,0.0886,0.1612
2.0000,0.0840,0.1648
2.0000,0.0792,0.1683
2.0000,0.0743,0.1716
2.0000,0.0692,0.1748
2.0000,0.0640,0.1778
2.0000,0.0587,0.1807
2.0000,0.0533,0.1834
2.0000,0.0477,0.1860
2.0000,0.0421,0.1884
2.0000,0.0364,0.1906
2.0000,0.0305,0.1926
2.0000,0.0246,0.1945
2.0000,0.0185,0.1961
2.0000,0.0124,0.1976
2.0000,0.0063,0.1989
2.0000,0.0000,0.2000
2.0000,-0.0063,0.2009
2.0000,-0.0127,0.2016
2.0000,-0.0191,0.2021
2.0000,-0.0256,0.2024
2.0000,-0.0321,0.2025
2.0000,-0.0386,0.2024
2.0000,-0.0452,0.2020
2.0000,-0.0517,0.2015
2.0000,-0.0583,0.2007
2.0000,-0.0649,0.1997
2.0000,-0.0715,0.1985
2.0000,-0.0780,0.1971
2.0000,-0.0846,0.1955
2.0000,-0.0911,0.1936
2.0000,-0.0976,0.1916
2.0000,-0.1041,0.1893
2.0000,-0.1105,0.1868
2.0000,-0.1168,0.1841
2.0000,-0.1231,0.1811
2.0000,-0.1293,0.1780
2.0000,-0.1355,0.1746
2.0000,-0.1415,0.1711
2.0000,-0.1475,0.1673
2.0000,-0.1533,0.1633
2.0000,-0.1591,0.1591
2.0000,-0.1647,0.1547
2.0000,-0.1703,0.1501
2.0000,-0.1757,0.1453
2.0000,-0.1809,0.1404
2.0000,-0.1861,0.1352
2.0000,-0.1911,0.1298
2.0000,-0.1959,0.1243
2.0000,-0.2006,0.1186
2.0000,-0.2051,0.1127
2.0000,-0.2094,0.1067
2.0000,-0.2135,0.1005
2.0000,-0.2175,0.0941
2.0000,-0.2213,0.0876
2.0000,-0.2249,0.0810
2.0000,-0.2283,0.0742
2.0000,-0.2314,0.0672
2.0000,-0.2344,0.0602
2.0000,-0.2371,0.0530
2.0000,-0.2397,0.0457
2.0000,-0.2420,0.0383
2.0000,-0.2441,0.0308
2.0000,-0.2459,0.0232
2.0000,-0.2475,0.0156
2.0000,-0.2489,0.0078
2.0000,-0.2500,0.0000
2.0000,-0.2509,-0.0079
2.0000,-0.2515,-0.0158
2.0000,-0.2519,-0.0238
2.0000,-0.2520,-0.0318
2.0000,-0.2519,-0.0399
2.0000,-0.2515,-0.0480
2.0000,-0.2508,-0.0561
2.0000,-0.2499,-0.0642
2.0000,-0.2487,-0.0723
2.0000,-0.2473,-0.0803
2.0000,-0.2456,-0.0884
2.0000,-0.2436,-0.0964
2.0000,-0.2414,-0.1044
2.0000,-0.2389,-0.1124
2.0000,-0.2361,-0.1203
2.0000,-0.2331,-0.1281
2.0000,-0.2298,-0.1359
2.0000,-0.2263,-0.1436
2.0000,-0.2225,-0.1512
2.0000,-0.2184,-0.1587
2.0000,-0.2141,-0.1661
2.0000,-0.2096,-0.1734
2.0000,-0.2048,-0.1805
2.0000,-0.1997,-0.1876
2.0000,-0.1945,-0.1945
2.0000,-0.1889,-0.2012
2.0000,-0.1832,-0.2078
2.0000,-0.1772,-0.2142
2.0000,-0.1710,-0.2205
2.0000,-0.1646,-0.2265
2.0000,-0.1579,-0.2324
2.0000,-0.1511,-0.2381
2.0000,-0.1441,-0.2436
2.0000,-0.1368,-0.2489
2.0000,-0.1294,-0.2539
2.0000,-0.1218,-0.2588
2.0000,-0.1140,-0.2634
2.0000,-0.1060,-0.2678
2.0000,-0.0979,-0.2719
2.0000,-0.0896,-0.2758
2.0000,-0.0812,-0.2794
2.0000,-0.0726,-0.2828
2.0000,-0.0639,-0.2859
2.0000,-0.0551,-0.2888
2.0000,-0.0461,-0.2914
2.0000,-0.0371,-0.2937
2.0000,-0.0280,-0.2957
2.0000,-0.0187,-0.2974
2.0000,-0.0094,-0.2989
2.0000,-0.0000,-0.3000
2.0000,0.0095,-0.3009
2.0000,0.0190,-0.3014
2.0000,0.0285,-0.3017
2.0000,0.0381,-0.3016
2.0000,0.0477,-0.3012
2.0000,0.0573,-0.3006
2.0000,0.0670,-0.2996
2.0000,0.0766,-0.2983
2.0000,0.0862,-0.2967
2.0000,0.0958,-0.2948
2.0000,0.1053,-0.2926
2.0000,0.1149,-0.2901
2.0000,0.1243,-0.2873
2.0000,0.1337,-0.2841
2.0000,0.1430,-0.2807
2.0000,0.1522,-0.2769
2.0000,0.1614,-0.2729
2.0000,0.1704,-0.2685
2.0000,0.1793,-0.2638
2.0000,0.1881,-0.2589
2.0000,0.1967,-0.2536
2.0000,0.2053,-0.2481
2.0000,0.2136,-0.2423
2.0000,0.2218,-0.2362
2.0000,0.2298,-0.2298
2.0000,0.2376,-0.2232
2.0000,0.2453,-0.2162
2.0000,0.2527,-0.2091
2.0000,0.2600,-0.2016
2.0000,0.2670,-0.1940
2.0000,0.2738,-0.1860
2.0000,0.2803,-0.1779
2.0000,0.2866,-0.1695
2.0000,0.2927,-0.1609
2.0000,0.2985,-0.1521
2.0000,0.3040,-0.1431
2.0000,0.3093,-0.1338
2.0000,0.3143,-0.1244
2.0000,0.3190,-0.1148
2.0000,0.3234,-0.1051
2.0000,0.3275,-0.0951
2.0000,0.3313,-0.0851
2.0000,0.3347,-0.0748
2.0000,0.3379,-0.0645
2.0000,0.3408,-0.0540
2.0000,0.3433,-0.0434
2.0000,0.3455,-0.0327
2.0000,0.3473,-0.0219
2.0000,0.3488,-0.0110
2.0000,0.3500,-0.0000
2.0000,0.3508,0.0110
2.0000,0.3513,0.0221
2.0000,0.3514,0.0332
2.0000,0.3512,0.0444
2.0000,0.3506,0.0555
2.0000,0.3497,0.0667
2.0000,0.3484,0.0779
2.0000,0.3468,0.0890
2.0000,0.3447,0.1002
2.0000,0.3424,0.1112
2.0000,0.3397,0.1223
2.0000,0.3366,0.1333
2.0000,0.3331,0.1442
2.0000,0.3294,0.1550
2.0000,0.3252,0.1657
2.0000,0.3207,0.1763
2.0000,0.3159,0.1868
2.0000,0.3107,0.1972
2.0000,0.3052,0.2074
2.0000,0.2993,0.2175
2.0000,0.2931,0.2274
2.0000,0.2866,0.2371
2.0000,0.2798,0.2467
2.0000,0.2726,0.2560
2.0000,0.2652,0.2652
2.0000,0.2574,0.2741
2.0000,0.2493,0.2828
2.0000,0.2409,0.2913
2.0000,0.2323,0.2995
2.0000,0.2234,0.3074
2.0000,0.2142,0.3151
2.0000,0.2047,0.3225
2.0000,0.1950,0.3297
2.0000,0.1850,0.3365
2.0000,0.1748,0.3430
2.0000,0.1644,0.3493
2.0000,0.1537,0.3552
2.0000,0.1428,0.3608
2.0000,0.1318,0.3660
2.0000,0.1205,0.3709
2.0000,0.1091,0.3755
2.0000,0.0975,0.3797
2.0000,0.0857,0.3835
2.0000,0.0738,0.3870
2.0000,0.0618,0.3901
2.0000,0.0496,0.3929
2.0000,0.0374,0.3952
2.0000,0.0250,0.3972
2.0000,0.0125,0.3988
2.0000,0.0000,0.4000
2.0000,-0.0126,0.4008
2.0000,-0.0252,0.4012
2.0000,-0.0379,0.4012
2.0000,-0.0506,0.4008
2.0000,-0.0634,0.4000
2.0000,-0.0761,0.3988
2.0000,-0.0888,0.3972
2.0000,-0.1015,0.3952
2.0000,-0.1141,0.3928
2.0000,-0.1267,0.3899
2.0000,-0.1392,0.3867
2.0000,-0.1517,0.3831
2.0000,-0.1640,0.3790
2.0000,-0.1763,0.3746
2.0000,-0.1884,0.3698
2.0000,-0.2004,0.3645
2.0000,-0.2123,0.3589
2.0000,-0.2240,0.3529
2.0000,-0.2355,0.3465
2.0000,-0.2469,0.3398
2.0000,-0.2580,0.3327
2.0000,-0.2690,0.3252
2.0000,-0.2797,0.3173
2.0000,-0.2902,0.3091
2.0000,-0.3005,0.3005
2.0000,-0.3105,0.2916
2.0000,-0.3203,0.2824
2.0000,-0.3298,0.2728
2.0000,-0.3390,0.2629
2.0000,-0.3479,0.2527
2.0000,-0.3565,0.2423
2.0000,-0.3647,0.2315
2.0000,-0.3727,0.2204
2.0000,-0.3803,0.2091
2.0000,-0.3876,0.1975
2.0000,-0.3945,0.1856
2.0000,-0.4011,0.1736
2.0000,-0.4072,0.1612
2.0000,-0.4130,0.1487
2.0000,-0.4185,0.1360
2.0000,-0.4235,0.1230
2.0000,-0.4281,0.1099
2.0000,-0.4323,0.0966
2.0000,-0.4361,0.0832
2.0000,-0.4395,0.0696
2.0000,-0.4425,0.0559
2.0000,-0.4450,0.0421
2.0000,-0.4471,0.0281
2.0000,-0.4488,0.0141
2.0000,-0.4500,0.0000
2.0000,-0.4508,-0.0142
2.0000,-0.4511,-0.0284
2.0000,-0.4510,-0.0426
2.0000,-0.4504,-0.0569
2.0000,-0.4494,-0.0712
2.0000,-0.4479,-0.0854
2.0000,-0.4460,-0.0997
2.0000,-0.4436,-0.1139
2.0000,-0.4408,-0.1281
2.0000,-0.4375,-0.1421
2.0000,-0.4337,-0.1562
2.0000,-0.4296,-0.1701
2.0000,-0.4249,-0.1839
2.0000,-0.4198,-0.1976
2.0000,-0.4143,-0.2111
2.0000,-0.4084,-0.2245
2.0000,-0.4020,-0.2377
2.0000,-0.3951,-0.2508
2.0000,-0.3879,-0.2636
2.0000,-0.3802,-0.2763
2.0000,-0.3722,-0.2887
2.0000,-0.3637,-0.3009
2.0000,-0.3548,-0.3128
2.0000,-0.3455,-0.3245
2.0000,-0.3359,-0.3359
2.0000,-0.3258,-0.3470
2.0000,-0.3154,-0.3578
2.0000,-0.3047,-0.3683
2.0000,-0.2936,-0.3785
2.0000,-0.2821,-0.3883
2.0000,-0.2704,-0.3978
2.0000,-0.2583,-0.4070
2.0000,-0.2459,-0.4157
2.0000,-0.2332,-0.4241
2.0000,-0.2202,-0.4321
2.0000,-0.2069,-0.4397
2.0000,-0.1934,-0.4469
2.0000,-0.1796,-0.4537
2.0000,-0.1656,-0.4601
2.0000,-0.1514,-0.4660
2.0000,-0.1370,-0.4715
2.0000,-0.1224,-0.4765
2.0000,-0.1075,-0.4811
2.0000,-0.0926,-0.4852
2.0000,-0.0774,-0.4889
2.0000,-0.0622,-0.4921
2.0000,-0.0468,-0.4948
2.0000,-0.0313,-0.4970
2.0000,-0.0157,-0.4988
2.0000,-0.0000,-0.5000
2.0000,0.0157,-0.5008
2.0000,0.0315,-0.5010
2.0000,0.0473,-0.5008
2.0000,0.0632,-0.5000
2.0000,0.0790,-0.4988
2.0000,0.0948,-0.4970
2.0000,0.1106,-0.4948
2.0000,0.1263,-0.4920
2.0000,0.1420,-0.4888
2.0000,0.1576,-0.4850
2.0000,0.1731,-0.4808
2.0000,0.1885,-0.4760
2.0000,0.2037,-0.4708
2.0000,0.2189,-0.4651
2.0000,0.2338,-0.4589
2.0000,0.2486,-0.4522
2.0000,0.2632,-0.4450
2.0000,0.2776,-0.4374
2.0000,0.2917,-0.4293
2.0000,0.3056,-0.4207
2.0000,0.3193,-0.4117
2.0000,0.3327,-0.4022
2.0000,0.3459,-0.3923
2.0000,0.3587,-0.3820
2.0000,0.3712,-0.3712
2.0000,0.3834,-0.3601
2.0000,0.3953,-0.3485
2.0000,0.4068,-0.3366
2.0000,0.4180,-0.3242
2.0000,0.4288,-0.3115
2.0000,0.4392,-0.2985
2.0000,0.4492,-0.2851
2.0000,0.4588,-0.2713
2.0000,0.4679,-0.2573
2.0000,0.4767,-0.2429
2.0000,0.4850,-0.2282
2.0000,0.4928,-0.2133
2.0000,0.5002,-0.1981
2.0000,0.5071,-0.1826
2.0000,0.5136,-0.1669
2.0000,0.5195,-0.1509
2.0000,0.5250,-0.1348
2.0000,0.5299,-0.1185
2.0000,0.5344,-0.1019
2.0000,0.5383,-0.0853
2.0000,0.5417,-0.0684
2.0000,0.5446,-0.0515
2.0000,0.5469,-0.0344
2.0000,0.5487,-0.0172
2.0000,0.5500,-0.0000
2.0000,0.5507,0.0173
2.0000,0.5509,0.0347
2.0000,0.5505,0.0520
2.0000,0.5496,0.0694
2.0000,0.5482,0.0868
2.0000,0.5462,0.1042
2.0000,0.5436,0.1215
2.0000,0.5405,0.1388
2.0000,0.5368,0.1560
2.0000,0.5326,0.1730
2.0000,0.5278,0.1900
2.0000,0.5225,0.2069
2.0000,0.5167,0.2236
2.0000,0.5103,0.2401
2.0000,0.5034,0.2565
2.0000,0.4960,0.2727
2.0000,0.4880,0.2886
2.0000,0.4796,0.3043
2.0000,0.4706,0.3198
2.0000,0.4611,0.3350
2.0000,0.4512,0.3500
2.0000,0.4407,0.3646
2.0000,0.4298,0.3789
2.0000,0.4184,0.3929
2.0000,0.4066,0.4066
2.0000,0.3943,0.4199
2.0000,0.3816,0.4328
2.0000,0.3684,0.4454
2.0000,0.3549,0.4575
2.0000,0.3409,0.4692
2.0000,0.3266,0.4805
2.0000,0.3119,0.4914
2.0000,0.2968,0.5018
2.0000,0.2813,0.5118
2.0000,0.2656,0.5212
2.0000,0.2495,0.5302
2.0000,0.2331,0.5387
2.0000,0.2165,0.5467
2.0000,0.1995,0.5542
2.0000,0.1823,0.5611
2.0000,0.1649,0.5675
2.0000,0.1472,0.5734
2.0000,0.1294,0.5787
2.0000,0.1113,0.5835
2.0000,0.0931,0.5877
2.0000,0.0747,0.5913
2.0000,0.0562,0.5944
2.0000,0.0375,0.5968
2.0000,0.0188,0.5987
2.0000,-0.0000,0.6000
2.0000,-0.0189,0.6007
2.0000,-0.0378,0.6008
2.0000,-0.0567,0.6003
2.0000,-0.0757,0.5992
2.0000,-0.0946,0.5976
2.0000,-0.1136,0.5953
2.0000,-0.1324,0.5924
2.0000,-0.1512,0.5889
2.0000,-0.1699,0.5848
2.0000,-0.1885,0.5801
2.0000,-0.2070,0.5749
2.0000,-0.2253,0.5690
2.0000,-0.2435,0.5626
2.0000,-0.2614,0.5556
2.0000,-0.2792,0.5480
2.0000,-0.2968,0.5398
2.0000,-0.3141,0.5311
2.0000,-0.3311,0.5218
2.0000,-0.3479,0.5120
2.0000,-0.3644,0.5016
2.0000,-0.3806,0.4907
2.0000,-0.3965,0.4793
2.0000,-0.4120,0.4673
2.0000,-0.4272,0.4549
2.0000,-0.4419,0.4419
2.0000,-0.4563,0.4285
2.0000,-0.4703,0.4146
2.0000,-0.4839,0.4003
2.0000,-0.4970,0.3855
2.0000,-0.5097,0.3703
2.0000,-0.5219,0.3547
2.0000,-0.5336,0.3386
2.0000,-0.5448,0.3222
2.0000,-0.5556,0.3054
2.0000,-0.5658,0.2883
2.0000,-0.5755,0.2708
2.0000,-0.5846,0.2530
2.0000,-0.5932,0.2349
2.0000,-0.6012,0.2165
2.0000,-0.6087,0.1978
2.0000,-0.6155,0.1788
2.0000,-0.6218,0.1597
2.0000,-0.6275,0.1403
2.0000,-0.6326,0.1207
2.0000,-0.6371,0.1009
2.0000,-0.6409,0.0810
2.0000,-0.6441,0.0609
2.0000,-0.6467,0.0407
2.0000,-0.6487,0.0204
2.0000,-0.6500,0.0000
2.0000,-0.6507,-0.0204
2.0000,-0.6507,-0.0409
2.0000,-0.6501,-0.0615
2.0000,-0.6488,-0.0820
2.0000,-0.6469,-0.1025
2.0000,-0.6444,-0.1229
2.0000,-0.6412,-0.1433
2.0000,-0.6373,-0.1636
2.0000,-0.6328,-0.1839
2.0000,-0.6277,-0.2040
2.0000,-0.6219,-0.2239
2.0000,-0.6155,-0.2437
2.0000,-0.6085,-0.2633
2.0000,-0.6008,-0.2827
2.0000,-0.5925,-0.3019
2.0000,-0.5836,-0.3208
2.0000,-0.5741,-0.3395
2.0000,-0.5640,-0.3579
2.0000,-0.5533,-0.3760
2.0000,-0.5420,-0.3938
2.0000,-0.5302,-0.4113
2.0000,-0.5178,-0.4283
2.0000,-0.5048,-0.4451
2.0000,-0.4913,-0.4614
2.0000,-0.4773,-0.4773
2.0000,-0.4628,-0.4928
2.0000,-0.4477,-0.5078
2.0000,-0.4322,-0.5224
2.0000,-0.4162,-0.5365
2.0000,-0.3997,-0.5501
2.0000,-0.3828,-0.5632
2.0000,-0.3654,-0.5758
2.0000,-0.3477,-0.5879
2.0000,-0.3295,-0.5994
2.0000,-0.3110,-0.6103
2.0000,-0.2921,-0.6207
2.0000,-0.2728,-0.6305
2.0000,-0.2533,-0.6397
2.0000,-0.2334,-0.6483
2.0000,-0.2132,-0.6562
2.0000,-0.1928,-0.6636
2.0000,-0.1721,-0.6703
2.0000,-0.1512,-0.6763
2.0000,-0.1300,-0.6817
2.0000,-0.1087,-0.6864
2.0000,-0.0872,-0.6905
2.0000,-0.0656,-0.6939
2.0000,-0.0438,-0.6966
2.0000,-0.0220,-0.6987
2.0000,-0.0000,-0.7000
2.0000,0.0220,-0.7007
2.0000,0.0441,-0.7006
2.0000,0.0662,-0.6999
2.0000,0.0882,-0.6984
2.0000,0.1103,-0.6963
2.0000,0.1323,-0.6935
2.0000,0.1542,-0.6900
2.0000,0.1761,-0.6858
2.0000,0.1978,-0.6808
2.0000,0.2194,-0.6753
2.0000,0.2408,-0.6690
2.0000,0.2621,-0.6620
2.0000,0.2832,-0.6544
2.0000,0.3040,-0.6460
2.0000,0.3246,-0.6371
2.0000,0.3449,-0.6274
2.0000,0.3650,-0.6172
2.0000,0.3847,-0.6062
2.0000,0.4041,-0.5947
2.0000,0.4232,-0.5825
2.0000,0.4419,-0.5697
2.0000,0.4602,-0.5563
2.0000,0.4781,-0.5423
2.0000,0.4956,-0.5278
2.0000,0.5127,-0.5127
2.0000,0.5292,-0.4970
2.0000,0.5453,-0.4808
2.0000,0.5609,-0.4640
2.0000,0.5760,-0.4468
2.0000,0.5906,-0.4291
2.0000,0.6046,-0.4109
2.0000,0.6180,-0.3922
2.0000,0.6309,-0.3731
2.0000,0.6432,-0.3536
2.0000,0.6549,-0.3337
2.0000,0.6660,-0.3134
2.0000,0.6764,-0.2927
2.0000,0.6862,-0.2717
2.0000,0.6953,-0.2503
2.0000,0.7038,-0.2287
2.0000,0.7116,-0.2067
2.0000,0.7187,-0.1845
2.0000,0.7251,-0.1621
2.0000,0.7308,-0.1394
2.0000,0.7358,-0.1165
2.0000,0.7401,-0.0935
2.0000,0.7437,-0.0703
2.0000,0.7465,-0.0470
2.0000,0.7486,-0.0235
2.0000,0.7500,-0.0000
2.0000,0.7506,0.0236
2.0000,0.7505,0.0472
2.0000,0.7497,0.0709
2.0000,0.7481,0.0945
2.0000,0.7457,0.1181
2.0000,0.7426,0.1417
2.0000,0.7388,0.1651
2.0000,0.7342,0.1885
2.0000,0.7289,0.2118
2.0000,0.7228,0.2349
2.0000,0.7160,0.2578
2.0000,0.7085,0.2805
2.0000,0.7002,0.3030
2.0000,0.6913,0.3253
2.0000,0.6816,0.3473
2.0000,0.6713,0.3690
2.0000,0.6602,0.3904
2.0000,0.6484,0.4115
2.0000,0.6360,0.4322
2.0000,0.6229,0.4526
2.0000,0.6092,0.4726
2.0000,0.5948,0.4921
2.0000,0.5798,0.5112
2.0000,0.5642,0.5298
2.0000,0.5480,0.5480
2.0000,0.5312,0.5657
2.0000,0.5138,0.5828
2.0000,0.4959,0.5995
2.0000,0.4775,0.6155
2.0000,0.4585,0.6310
2.0000,0.4390,0.6459
2.0000,0.4190,0.6603
2.0000,0.3986,0.6740
2.0000,0.3777,0.6870
2.0000,0.3564,0.6994
2.0000,0.3347,0.7112
2.0000,0.3126,0.7223
2.0000,0.2901,0.7327
2.0000,0.2673,0.7424
2.0000,0.2441,0.7513
2.0000,0.2207,0.7596
2.0000,0.1970,0.7671
2.0000,0.1730,0.7739
2.0000,0.1488,0.7799
2.0000,0.1244,0.7852
2.0000,0.0998,0.7897
2.0000,0.0750,0.7935
2.0000,0.0501,0.7964
2.0000,0.0251,0.7986
2.0000,-0.0000,0.8000
2.0000,-0.0252,0.8006
2.0000,-0.0504,0.8004
2.0000,-0.0756,0.7994
2.0000,-0.1008,0.7977
2.0000,-0.1259,0.7951
2.0000,-0.1510,0.7917
2.0000,-0.1760,0.7876
2.0000,-0.2009,0.7826
2.0000,-0.2257,0.7769
2.0000,-0.2503,0.7704
2.0000,-0.2747,0.7631
2.0000,-0.2989,0.7550
2.0000,-0.3229,0.7461
2.0000,-0.3466,0.7365
2.0000,-0.3700,0.7262
2.0000,-0.3931,0.7151
2.0000,-0.4159,0.7032
2.0000,-0.4383,0.6907
2.0000,-0.4603,0.6774
2.0000,-0.4820,0.6634
2.0000,-0.5032,0.6487
2.0000,-0.5240,0.6334
2.0000,-0.5443,0.6173
2.0000,-0.5641,0.6007
2.0000,-0.5834,0.5834
2.0000,-0.6021,0.5654
2.0000,-0.6203,0.5469
2.0000,-0.6380,0.5278
2.0000,-0.6550,0.5081
2.0000,-0.6715,0.4879
2.0000,-0.6873,0.4671
2.0000,-0.7025,0.4458
2.0000,-0.7170,0.4240
2.0000,-0.7308,0.4018
2.0000,-0.7440,0.3791
2.0000,-0.7564,0.3560
2.0000,-0.7682,0.3324
2.0000,-0.7792,0.3085
2.0000,-0.7894,0.2842
2.0000,-0.7989,0.2596
2.0000,-0.8076,0.2346
2.0000,-0.8155,0.2094
2.0000,-0.8227,0.1839
2.0000,-0.8291,0.1581
2.0000,-0.8346,0.1322
2.0000,-0.8393,0.1060
2.0000,-0.8432,0.0797
2.0000,-0.8463,0.0532
2.0000,-0.8486,0.0267
2.0000,-0.8500,0.0000
2.0000,-0.8506,-0.0267
2.0000,-0.8503,-0.0535
2.0000,-0.8492,-0.0803
2.0000,-0.8473,-0.1070
2.0000,-0.8445,-0.1338
2.0000,-0.8408,-0.1604
2.0000,-0.8364,-0.1869
2.0000,-0.8310,-0.2134
2.0000,-0.8249,-0.2397
2.0000,-0.8179,-0.2658
2.0000,-0.8101,-0.2917
2.0000,-0.8015,-0.3173
2.0000,-0.7920,-0.3427
2.0000,-0.7818,-0.3679
2.0000,-0.7707,-0.3927
2.0000,-0.7589,-0.4172
2.0000,-0.7463,-0.4413
2.0000,-0.7329,-0.4651
2.0000,-0.7187,-0.4885
2.0000,-0.7038,-0.5114
2.0000,-0.6882,-0.5338
2.0000,-0.6719,-0.5558
2.0000,-0.6548,-0.5773
2.0000,-0.6371,-0.5983
2.0000,-0.6187,-0.6187
2.0000,-0.5997,-0.6386
2.0000,-0.5800,-0.6578
2.0000,-0.5597,-0.6765
2.0000,-0.5387,-0.6945
2.0000,-0.5173,-0.7119
2.0000,-0.4952,-0.7287
2.0000,-0.4726,-0.7447
2.0000,-0.4495,-0.7600
2.0000,-0.4259,-0.7747
2.0000,-0.4018,-0.7885
2.0000,-0.3772,-0.8017
2.0000,-0.3523,-0.8140
2.0000,-0.3269,-0.8256
2.0000,-0.3011,-0.8364
2.0000,-0.2750,-0.8464
2.0000,-0.2486,-0.8556
2.0000,-0.2218,-0.8640
2.0000,-0.1948,-0.8715
2.0000,-0.1675,-0.8782
2.0000,-0.1400,-0.8840
2.0000,-0.1123,-0.8889
2.0000,-0.0844,-0.8930
2.0000,-0.0564,-0.8962
2.0000,-0.0282,-0.8986
2.0000,-0.0000,-0.9000
2.0000,0.0283,-0.9006
2.0000,0.0566,-0.9002
2.0000,0.0850,-0.8990
2.0000,0.1133,-0.8969
2.0000,0.1416,-0.8939
2.0000,0.1698,-0.8900
2.0000,0.1979,-0.8852
2.0000,0.2258,-0.8795
2.0000,0.2536,-0.8729
2.0000,0.2812,-0.8655
2.0000,0.3086,-0.8571
2.0000,0.3357,-0.8480
2.0000,0.3626,-0.8379
2.0000,0.3892,-0.8270
2.0000,0.4154,-0.8153
2.0000,0.4413,-0.8027
2.0000,0.4668,-0.7893
2.0000,0.4919,-0.7751
2.0000,0.5166,-0.7601
2.0000,0.5408,-0.7443
2.0000,0.5645,-0.7277
2.0000,0.5877,-0.7104
2.0000,0.6104,-0.6924
2.0000,0.6325,-0.6736
2.0000,0.6541,-0.6541
2.0000,0.6750,-0.6339
2.0000,0.6954,-0.6130
2.0000,0.7150,-0.5915
2.0000,0.7341,-0.5694
2.0000,0.7524,-0.5466
2.0000,0.7700,-0.5233
2.0000,0.7869,-0.4994
2.0000,0.8031,-0.4749
2.0000,0.8185,-0.4500
2.0000,0.8331,-0.4245
2.0000,0.8469,-0.3985
2.0000,0.8599,-0.3721
2.0000,0.8721,-0.3453
2.0000,0.8835,-0.3181
2.0000,0.8940,-0.2905
2.0000,0.9036,-0.2625
2.0000,0.9124,-0.2343
2.0000,0.9203,-0.2057
2.0000,0.9273,-0.1769
2.0000,0.9334,-0.1478
2.0000,0.9385,-0.1186
2.0000,0.9428,-0.0891
2.0000,0.9461,-0.0595
2.0000,0.9485,-0.0298
2.0000,0.9500,-0.0000
2.0000,0.9505,0.0299
2.0000,0.9501,0.0598
2.0000,0.9488,0.0897
2.0000,0.9465,0.1196
2.0000,0.9432,0.1494
2.0000,0.9391,0.1791
2.0000,0.9340,0.2088
2.0000,0.9279,0.2382
2.0000,0.9209,0.2676
2.0000,0.9130,0.2967
2.0000,0.9042,0.3255
2.0000,0.8944,0.3541
2.0000,0.8838,0.3825
2.0000,0.8723,0.4105
2.0000,0.8598,0.4381
2.0000,0.8465,0.4654
2.0000,0.8323,0.4922
2.0000,0.8173,0.5187
2.0000,0.8014,0.5447
2.0000,0.7847,0.5702
2.0000,0.7672,0.5951
2.0000,0.7489,0.6196
2.0000,0.7299,0.6435
2.0000,0.7100,0.6667
2.0000,0.6894,0.6894
2.0000,0.6681,0.7115
2.0000,0.6461,0.7329
2.0000,0.6234,0.7536
2.0000,0.6000,0.7736
2.0000,0.5760,0.7928
2.0000,0.5514,0.8114
2.0000,0.5262,0.8291
2.0000,0.5004,0.8461
2.0000,0.4740,0.8623
2.0000,0.4472,0.8776
2.0000,0.4198,0.8922
2.0000,0.3920,0.9058
2.0000,0.3637,0.9186
2.0000,0.3350,0.9305
2.0000,0.3059,0.9415
2.0000,0.2765,0.9517
2.0000,0.2467,0.9608
2.0000,0.2166,0.9691
2.0000,0.1863,0.9764
2.0000,0.1557,0.9827
2.0000,0.1248,0.9881
2.0000,0.0938,0.9926
2.0000,0.0627,0.9960
2.0000,0.0314,0.9985
2.0000,-0.0000,1.0000
3.0000,-0.0010,-0.0000
3.0000,-0.0020,-0.0001
3.0000,-0.0030,-0.0003
3.0000,-0.0040,-0.0005
3.0000,-0.0049,-0.0008
3.0000,-0.0059,-0.0011
3.0000,-0.0068,-0.0015
3.0000,-0.0077,-0.0020
3.0000,-0.0086,-0.0025
3.0000,-0.0095,-0.0031
3.0000,-0.0103,-0.0037
3.0000,-0.0112,-0.0044
3.0000,-0.0119,-0.0052
3.0000,-0.0127,-0.0060
3.0000,-0.0134,-0.0068
3.0000,-0.0140,-0.0077
3.0000,-0.0146,-0.0087
3.0000,-0.0152,-0.0096
3.0000,-0.0157,-0.0107
3.0000,-0.0162,-0.0118
3.0000,-0.0166,-0.0129
3.0000,-0.0170,-0.0140
3.0000,-0.0173,-0.0152
3.0000,-0.0175,-0.0164
3.0000,-0.0177,-0.0177
3.0000,-0.0178,-0.0190
3.0000,-0.0179,-0.0203
3.0000,-0.0178,-0.0216
3.0000,-0.0178,-0.0229
3.0000,-0.0176,-0.0243
3.0000,-0.0174,-0.0256
3.0000,-0.0171,-0.0270
3.0000,-0.0168,-0.0284
3.0000,-0.0164,-0.0298
3.0000,-0.0159,-0.0312
3.0000,-0.0153,-0.0326
3.0000,-0.0147,-0.0340
3.0000,-0.0140,-0.0353
3.0000,-0.0132,-0.0367
3.0000,-0.0124,-0.0380
3.0000,-0.0114,-0.0394
3.0000,-0.0104,-0.0407
3.0000,-0.0094,-0.0420
3.0000,-0.0082,-0.0432
3.0000,-0.0070,-0.0444
3.0000,-0.0058,-0.0456
3.0000,-0.0044,-0.0468
3.0000,-0.0030,-0.0479
3.0000,-0.0015,-0.0490
3.0000,-0.0000,-0.0500
3.0000,0.0016,-0.0510
3.0000,0.0033,-0.0519
3.0000,0.0050,-0.0528
3.0000,0.0068,-0.0536
3.0000,0.0086,-0.0543
3.0000,0.0105,-0.0550
3.0000,0.0124,-0.0556
3.0000,0.0144,-0.0562
3.0000,0.0165,-0.0567
3.0000,0.0185,-0.0571
3.0000,0.0207,-0.0574
3.0000,0.0228,-0.0576
3.0000,0.0250,-0.0578
3.0000,0.0272,-0.0579
3.0000,0.0295,-0.0579
3.0000,0.0318,-0.0578
3.0000,0.0341,-0.0577
3.0000,0.0364,-0.0574
3.0000,0.0388,-0.0571
3.0000,0.0411,-0.0566
3.0000,0.0435,-0.0561
3.0000,0.0459,-0.0555
3.0000,0.0483,-0.0548
3.0000,0.0507,-0.0539
3.0000,0.0530,-0.0530
3.0000,0.0554,-0.0520
3.0000,0.0578,-0.0509
3.0000,0.0601,-0.0497
3.0000,0.0624,-0.0484
3.0000,0.0647,-0.0470
3.0000,0.0670,-0.0455
3.0000,0.0692,-0.0439
3.0000,0.0714,-0.0423
3.0000,0.0736,-0.0405
3.0000,0.0757,-0.0386
3.0000,0.0778,-0.0366
3.0000,0.0798,-0.0346
3.0000,0.0818,-0.0324
3.0000,0.0837,-0.0301
3.0000,0.0856,-0.0278
3.0000,0.0874,-0.0254
3.0000,0.0891,-0.0229
3.0000,0.0908,-0.0203
3.0000,0.0923,-0.0176
3.0000,0.0938,-0.0149
3.0000,0.0952,-0.0120
3.0000,0.0966,-0.0091
3.0000,0.0978,-0.0062
3.0000,0.0990,-0.0031
3.0000,0.1000,-0.0000
3.0000,0.1010,0.0032
3.0000,0.1018,0.0064
3.0000,0.1025,0.0097
3.0000,0.1032,0.0130
3.0000,0.1037,0.0164
3.0000,0.1041,0.0199
3.0000,0.1044,0.0233
3.0000,0.1046,0.0269
3.0000,0.1047,0.0304
3.0000,0.1046,0.0340
3.0000,0.1044,0.0376
3.0000,0.1041,0.0412
3.0000,0.1037,0.0449
3.0000,0.1032,0.0485
3.0000,0.1025,0.0522
3.0000,0.1017,0.0559
3.0000,0.1007,0.0596
3.0000,0.0996,0.0632
3.0000,0.0984,0.0669
3.0000,0.0971,0.0705
3.0000,0.0956,0.0742
3.0000,0.0940,0.0778
3.0000,0.0923,0.0813
3.0000,0.0904,0.0849
3.0000,0.0884,0.0884
3.0000,0.0863,0.0919
3.0000,0.0840,0.0953
3.0000,0.0816,0.0986
3.0000,0.0791,0.1019
3.0000,0.0764,0.1052
3.0000,0.0736,0.1083
3.0000,0.0707,0.1115
3.0000,0.0677,0.1145
3.0000,0.0646,0.1174
3.0000,0.0613,0.1203
3.0000,0.0579,0.1231
3.0000,0.0544,0.1257
3.0000,0.0508,0.1283
3.0000,0.0471,0.1308
3.0000,0.0433,0.1331
3.0000,0.0393,0.1354
3.0000,0.0353,0.1375
3.0000,0.0312,0.1396
3.0000,0.0270,0.1414
3.0000,0.0227,0.1432
3.0000,0.0183,0.1448
3.0000,0.0138,0.1463
3.0000,0.0093,0.1477
3.0000,0.0047,0.1489
3.0000,0.0000,0.1500
3.0000,-0.0047,0.1509
3.0000,-0.0095,0.1517
3.0000,-0.0144,0.1523
3.0000,-0.0193,0.1528
3.0000,-0.0242,0.1531
3.0000,-0.0292,0.1532
3.0000,-0.0342,0.1532
3.0000,-0.0393,0.1530
3.0000,-0.0444,0.1527
3.0000,-0.0494,0.1522
3.0000,-0.0545,0.1515
3.0000,-0.0596,0.1506
3.0000,-0.0647,0.1496
3.0000,-0.0698,0.1484
3.0000,-0.0749,0.1470
3.0000,-0.0800,0.1455
3.0000,-0.0850,0.1437
3.0000,-0.0900,0.1418
3.0000,-0.0950,0.1398
3.0000,-0.0999,0.1375
3.0000,-0.1048,0.1351
3.0000,-0.1096,0.1325
3.0000,-0.1144,0.1298
3.0000,-0.1191,0.1268
3.0000,-0.1237,0.1237
3.0000,-0.1283,0.1205
3.0000,-0.1328,0.1171
3.0000,-0.1372,0.1135
3.0000,-0.1414,0.1097
3.0000,-0.1456,0.1058
3.0000,-0.1497,0.1017
3.0000,-0.1537,0.0975
3.0000,-0.1575,0.0932
3.0000,-0.1612,0.0886
3.0000,-0.1648,0.0840
3.0000,-0.1683,0.0792
3.0000,-0.1716,0.0743
3.0000,-0.1748,0.0692
3.0000,-0.1778,0.0640
3.0000,-0.1807,0.0587
3.0000,-0.1834,0.0533
3.0000,-0.1860,0.0477
3.0000,-0.1884,0.0421
3.0000,-0.1906,0.0364
3.0000,-0.1926,0.0305
3.0000,-0.1945,0.0246
3.0000,-0.1961,0.0185
3.0000,-0.1976,0.0124
3.0000,-0.1989,0.0063
3.0000,-0.2000,0.0000
3.0000,-0.2009,-0.0063
3.0000,-0.2016,-0.0127
3.0000,-0.2021,-0.0191
3.0000,-0.2024,-0.0256
3.0000,-0.2025,-0.0321
3.0000,-0.2024,-0.0386
3.0000,-0.2020,-0.0452
3.0000,-0.2015,-0.0517
3.0000,-0.2007,-0.0583
3.0000,-0.1997,-0.0649
3.0000,-0.1985,-0.0715
3.0000,-0.1971,-0.0780
3.0000,-0.1955,-0.0846
3.0000,-0.1936,-0.0911
3.0000,-0.1916,-0.0976
3.0000,-0.1893,-0.1041
3.0000,-0.1868,-0.1105
3.0000,-0.1841,-0.1168
3.0000,-0.1811,-0.1231
3.0000,-0.1780,-0.1293
3.0000,-0.1746,-0.1355
3.0000,-0.1711,-0.1415
3.0000,-0.1673,-0.1475
3.0000,-0.1633,-0.1533
3.0000,-0.1591,-0.1591
3.0000,-0.1547,-0.1647
3.0000,-0.1501,-0.1703
3.0000,-0.1453,-0.1757
3.0000,-0.1404,-0.1809
3.0000,-0.1352,-0.1861
3.0000,-0.1298,-0.1911
3.0000,-0.1243,-0.1959
3.0000,-0.1186,-0.2006
3.0000,-0.1127,-0.2051
3.0000,-0.1067,-0.2094
3.0000,-0.1005,-0.2135
3.0000,-0.0941,-0.2175
3.0000,-0.0876,-0.2213
3.0000,-0.0810,-0.2249
3.0000,-0.0742,-0.2283
3.0000,-0.0672,-0.2314
3.0000,-0.0602,-0.2344
3.0000,-0.0530,-0.2371
3.0000,-0.0457,-0.2397
3.0000,-0.0383,-0.2420
3.0000,-0.0308,-0.2441
3.0000,-0.0232,-0.2459
3.0000,-0.0156,-0.2475
3.0000,-0.0078,-0.2489
3.0000,-0.0000,-0.2500
3.0000,0.0079,-0.2509
3.0000,0.0158,-0.2515
3.0000,0.0238,-0.2519
3.0000,0.0318,-0.2520
3.0000,0.0399,-0.2519
3.0000,0.0480,-0.2515
3.0000,0.0561,-0.2508
3.0000,0.0642,-0.2499
3.0000,0.0723,-0.2487
3.0000,0.0803,-0.2473
3.0000,0.0884,-0.2456
3.0000,0.0964,-0.2436
3.0000,0.1044,-0.2414
3.0000,0.1124,-0.2389
3.0000,0.1203,-0.2361
3.0000,0.1281,-0.2331
3.0000,0.1359,-0.2298
3.0000,0.1436,-0.2263
3.0000,0.1512,-0.2225
3.0000,0.1587,-0.2184
3.0000,0.1661,-0.2141
3.0000,0.1734,-0.2096
3.0000,0.1805,-0.2048
3.0000,0.1876,-0.1997
3.0000,0.1945,-0.1945
3.0000,0.2012,-0.1889
3.0000,0.2078,-0.1832
3.0000,0.2142,-0.1772
3.0000,0.2205,-0.1710
3.0000,0.2265,-0.1646
3.0000,0.2324,-0.1579
3.0000,0.2381,-0.1511
3.0000,0.2436,-0.1441
3.0000,0.2489,-0.1368
3.0000,0.2539,-0.1294
3.0000,0.2588,-0.1218
3.0000,0.2634,-0.1140
3.0000,0.2678,-0.1060
3.0000,0.2719,-0.0979
3.0000,0.2758,-0.0896
3.0000,0.2794,-0.0812
3.0000,0.2828,-0.0726
3.0000,0.2859,-0.0639
3.0000,0.2888,-0.0551
3.0000,0.2914,-0.0461
3.0000,0.2937,-0.0371
3.0000,0.2957,-0.0280
3.0000,0.2974,-0.0187
3.0000,0.2989,-0.0094
3.0000,0.3000,-0.0000
3.0000,0.3009,0.0095
3.0000,0.3014,0.0190
3.0000,0.3017,0.0285
3.0000,0.3016,0.0381
3.0000,0.3012,0.0477
3.0000,0.3006,0.0573
3.0000,0.2996,0.0670
3.0000,0.2983,0.0766
3.0000,0.2967,0.0862
3.0000,0.2948,0.0958
3.0000,0.2926,0.1053
3.0000,0.2901,0.1149
3.0000,0.2873,0.1243
3.0000,0.2841,0.1337
3.0000,0.2807,0.1430
3.0000,0.2769,0.1522
3.0000,0.2729,0.1614
3.0000,0.2685,0.1704
3.0000,0.2638,0.1793
3.0000,0.2589,0.1881
3.0000,0.2536,0.1967
3.0000,0.2481,0.2053
3.0000,0.2423,0.2136
3.0000,0.2362,0.2218
3.0000,0.2298,0.2298
3.0000,0.2232,0.2376
3.0000,0.2162,0.2453
3.0000,0.2091,0.2527
3.0000,0.2016,0.2600
3.0000,0.1940,0.2670
3.0000,0.1860,0.2738
3.0000,0.1779,0.2803
3.0000,0.1695,0.2866
3.0000,0.1609,0.2927
3.0000,0.1521,0.2985
3.0000,0.1431,0.3040
3.0000,0.1338,0.3093
3.0000,0.1244,0.3143
3.0000,0.1148,0.3190
3.0000,0.1051,0.3234
3.0000,0.0951,0.3275
3.0000,0.0851,0.3313
3.0000,0.0748,0.3347
3.0000,0.0645,0.3379
3.0000,0.0540,0.3408
3.0000,0.0434,0.3433
3.0000,0.0327,0.3455
3.0000,0.0219,0.3473
3.0000,0.0110,0.3488
3.0000,0.0000,0.3500
3.0000,-0.0110,0.3508
3.0000,-0.0221,0.3513
3.0000,-0.0332,0.3514
3.0000,-0.0444,0.3512
3.0000,-0.0555,0.3506
3.0000,-0.0667,0.3497
3.0000,-0.0779,0.3484
3.0000,-0.0890,0.3468
3.0000,-0.1002,0.3447
3.0000,-0.1112,0.3424
3.0000,-0.1223,0.3397
3.0000,-0.1333,0.3366
3.0000,-0.1442,0.3331
3.0000,-0.1550,0.3294
3.0000,-0.1657,0.3252
3.0000,-0.1763,0.3207
3.0000,-0.1868,0.3159
3.0000,-0.1972,0.3107
3.0000,-0.2074,0.3052
3.0000,-0.2175,0.2993
3.0000,-0.2274,0.2931
3.0000,-0.2371,0.2866
3.0000,-0.2467,0.2798
3.0000,-0.2560,0.2726
3.0000,-0.2652,0.2652
3.0000,-0.2741,0.2574
3.0000,-0.2828,0.2493
3.0000,-0.2913,0.2409
3.0000,-0.2995,0.2323
3.0000,-0.3074,0.2234
3.0000,-0.3151,0.2142
3.0000,-0.3225,0.2047
3.0000,-0.3297,0.1950
3.0000,-0.3365,0.1850
3.0000,-0.3430,0.1748
3.0000,-0.3493,0.1644
3.0000,-0.3552,0.1537
3.0000,-0.3608,0.1428
3.0000,-0.3660,0.1318
3.0000,-0.3709,0.1205
3.0000,-0.3755,0.1091
3.0000,-0.3797,0.0975
3.0000,-0.3835,0.0857
3.0000,-0.3870,0.0738
3.0000,-0.3901,0.0618
3.0000,-0.3929,0.0496
3.0000,-0.3952,0.0374
3.0000,-0.3972,0.0250
3.0000,-0.3988,0.0125
3.0000,-0.4000,0.0000
3.0000,-0.4008,-0.0126
3.0000,-0.4012,-0.0252
3.0000,-0.4012,-0.0379
3.0000,-0.4008,-0.0506
3.0000,-0.4000,-0.0634
3.0000,-0.3988,-0.0761
3.0000,-0.3972,-0.0888
3.0000,-0.3952,-0.1015
3.0000,-0.3928,-0.1141
3.0000,-0.3899,-0.1267
3.0000,-0.3867,-0.1392
3.0000,-0.3831,-0.1517
3.0000,-0.3790,-0.1640
3.0000,-0.3746,-0.1763
3.0000,-0.3698,-0.1884
3.0000,-0.3645,-0.2004
3.0000,-0.3589,-0.2123
3.0000,-0.3529,-0.2240
3.0000,-0.3465,-0.2355
3.0000,-0.3398,-0.2469
3.0000,-0.3327,-0.2580
3.0000,-0.3252,-0.2690
3.0000,-0.3173,-0.2797
3.0000,-0.3091,-0.2902
3.0000,-0.3005,-0.3005
3.0000,-0.2916,-0.3105
3.0000,-0.2824,-0.3203
3.0000,-0.2728,-0.3298
3.0000,-0.2629,-0.3390
3.0000,-0.2527,-0.3479
3.0000,-0.2423,-0.3565
3.0000,-0.2315,-0.3647
3.0000,-0.2204,-0.3727
3.0000,-0.2091,-0.3803
3.0000,-0.1975,-0.3876
3.0000,-0.1856,-0.3945
3.0000,-0.1736,-0.4011
3.0000,-0.1612,-0.4072
3.0000,-0.1487,-0.4130
3.0000,-0.1360,-0.4185
3.0000,-0.1230,-0.4235
3.0000,-0.1099,-0.4281
3.0000,-0.0966,-0.4323
3.0000,-0.0832,-0.4361
3.0000,-0.0696,-0.4395
3.0000,-0.0559,-0.4425
3.0000,-0.0421,-0.4450
3.0000,-0.0281,-0.4471
3.0000,-0.0141,-0.4488
3.0000,-0.0000,-0.4500
3.0000,0.0142,-0.4508
3.0000,0.0284,-0.4511
3.0000,0.0426,-0.4510
3.0000,0.0569,-0.4504
3.0000,0.0712,-0.4494
3.0000,0.0854,-0.4479
3.0000,0.0997,-0.4460
3.0000,0.1139,-0.4436
3.0000,0.1281,-0.4408
3.0000,0.1421,-0.4375
3.0000,0.1562,-0.4337
3.0000,0.1701,-0.4296
3.0000,0.1839,-0.4249
3.0000,0.1976,-0.4198
3.0000,0.2111,-0.4143
3.0000,0.2245,-0.4084
3.0000,0.2377,-0.4020
3.0000,0.2508,-0.3951
3.0000,0.2636,-0.3879
3.0000,0.2763,-0.3802
3.0000,0.2887,-0.3722
3.0000,0.3009,-0.3637
3.0000,0.3128,-0.3548
3.0000,0.3245,-0.3455
3.0000,0.3359,-0.3359
3.0000,0.3470,-0.3258
3.0000,0.3578,-0.3154
3.0000,0.3683,-0.3047
3.0000,0.3785,-0.2936
3.0000,0.3883,-0.2821
3.0000,0.3978,-0.2704
3.0000,0.4070,-0.2583
3.0000,0.4157,-0.2459
3.0000,0.4241,-0.2332
3.0000,0.4321,-0.2202
3.0000,0.4397,-0.2069
3.0000,0.4469,-0.1934
3.0000,0.4537,-0.1796
3.0000,0.4601,-0.1656
3.0000,0.4660,-0.1514
3.0000,0.4715,-0.1370
3.0000,0.4765,-0.1224
3.0000,0.4811,-0.1075
3.0000,0.4852,-0.0926
3.0000,0.4889,-0.0774
3.0000,0.4921,-0.0622
3.0000,0.4948,-0.0468
3.0000,0.4970,-0.0313
3.0000,0.4988,-0.0157
3.0000,0.5000,-0.0000
3.0000,0.5008,0.0157
3.0000,0.5010,0.0315
3.0000,0.5008,0.0473
3.0000,0.5000,0.0632
3.0000,0.4988,0.0790
3.0000,0.4970,0.0948
3.0000,0.4948,0.1106
3.0000,0.4920,0.1263
3.0000,0.4888,0.1420
3.0000,0.4850,0.1576
3.0000,0.4808,0.1731
3.0000,0.4760,0.1885
3.0000,0.4708,0.2037
3.0000,0.4651,0.2189
3.0000,0.4589,0.2338
3.0000,0.4522,0.2486
3.0000,0.4450,0.2632
3.0000,0.4374,0.2776
3.0000,0.4293,0.2917
3.0000,0.4207,0.3056
3.0000,0.4117,0.3193
3.0000,0.4022,0.3327
3.0000,0.3923,0.3459
3.0000,0.3820,0.3587
3.0000,0.3712,0.3712
3.0000,0.3601,0.3834
3.0000,0.3485,0.3953
3.0000,0.3366,0.4068
3.0000,0.3242,0.4180
3.0000,0.3115,0.4288
3.0000,0.2985,0.4392
3.0000,0.2851,0.4492
3.0000,0.2713,0.4588
3.0000,0.2573,0.4679
3.0000,0.2429,0.4767
3.0000,0.2282,0.4850
3.0000,0.2133,0.4928
3.0000,0.1981,0.5002
3.0000,0.1826,0.5071
3.0000,0.1669,0.5136
3.0000,0.1509,0.5195
3.0000,0.1348,0.5250
3.0000,0.1185,0.5299
3.0000,0.1019,0.5344
3.0000,0.0853,0.5383
3.0000,0.0684,0.5417
3.0000,0.0515,0.5446
3.0000,0.0344,0.5469
3.0000,0.0172,0.5487
3.0000,0.0000,0.5500
3.0000,-0.0173,0.5507
3.0000,-0.0347,0.5509
3.0000,-0.0520,0.5505
3.0000,-0.0694,0.5496
3.0000,-0.0868,0.5482
3.0000,-0.1042,0.5462
3.0000,-0.1215,0.5436
3.0000,-0.1388,0.5405
3.0000,-0.1560,0.5368
3.0000,-0.1730,0.5326
3.0000,-0.1900,0.5278
3.0000,-0.2069,0.5225
3.0000,-0.2236,0.5167
3.0000,-0.2401,0.5103
3.0000,-0.2565,0.5034
3.0000,-0.2727,0.4960
3.0000,-0.2886,0.4880
3.0000,-0.3043,0.4796
3.0000,-0.3198,0.4706
3.0000,-0.3350,0.4611
3.0000,-0.3500,0.4512
3.0000,-0.3646,0.4407
3.0000,-0.3789,0.4298
3.0000,-0.3929,0.4184
3.0000,-0.4066,0.4066
3.0000,-0.4199,0.3943
3.0000,-0.4328,0.3816
3.0000,-0.4454,0.3684
3.0000,-0.4575,0.3549
3.0000,-0.4692,0.3409
3.0000,-0.4805,0.3266
3.0000,-0.4914,0.3119
3.0000,-0.5018,0.2968
3.0000,-0.5118,0.2813
3.0000,-0.5212,0.2656
3.0000,-0.5302,0.2495
3.0000,-0.5387,0.2331
3.0000,-0.5467,0.2165
3.0000,-0.5542,0.1995
3.0000,-0.5611,0.1823
3.0000,-0.5675,0.1649
3.0000,-0.5734,0.1472
3.0000,-0.5787,0.1294
3.0000,-0.5835,0.1113
3.0000,-0.5877,0.0931
3.0000,-0.5913,0.0747
3.0000,-0.5944,0.0562
3.0000,-0.5968,0.0375
3.0000,-0.5987,0.0188
3.0000,-0.6000,0.0000
3.0000,-0.6007,-0.0189
3.0000,-0.6008,-0.0378
3.0000,-0.6003,-0.0567
3.0000,-0.5992,-0.0757
3.0000,-0.5976,-0.0946
3.0000,-0.5953,-0.1136
3.0000,-0.5924,-0.1324
3.0000,-0.5889,-0.1512
3.0000,-0.5848,-0.1699
3.0000,-0.5801,-0.1885
3.0000,-0.5749,-0.2070
3.0000,-0.5690,-0.2253
3.0000,-0.5626,-0.2435
3.0000,-0.5556,-0.2614
3.0000,-0.5480,-0.2792
3.0000,-0.5398,-0.2968
3.0000,-0.5311,-0.3141
3.0000,-0.5218,-0.3311
3.0000,-0.5120,-0.3479
3.0000,-0.5016,-0.3644
3.0000,-0.4907,-0.3806
3.0000,-0.4793,-0.3965
3.0000,-0.4673,-0.4120
3.0000,-0.4549,-0.4272
3.0000,-0.4419,-0.4419
3.0000,-0.4285,-0.4563
3.0000,-0.4146,-0.4703
3.0000,-0.4003,-0.4839
3.0000,-0.3855,-0.4970
3.0000,-0.3703,-0.5097
3.0000,-0.3547,-0.5219
3.0000,-0.3386,-0.5336
3.0000,-0.3222,-0.5448
3.0000,-0.3054,-0.5556
3.0000,-0.2883,-0.5658
3.0000,-0.2708,-0.5755
3.0000,-0.2530,-0.5846
3.0000,-0.2349,-0.5932
3.0000,-0.2165,-0.6012
3.0000,-0.1978,-0.6087
3.0000,-0.1788,-0.6155
3.0000,-0.1597,-0.6218
3.0000,-0.1403,-0.6275
3.0000,-0.1207,-0.6326
3.0000,-0.1009,-0.6371
3.0000,-0.0810,-0.6409
3.0000,-0.0609,-0.6441
3.0000,-0.0407,-0.6467
3.0000,-0.0204,-0.6487
3.0000,-0.0000,-0.6500
3.0000,0.0204,-0.6507
3.0000,0.0409,-0.6507
3.0000,0.0615,-0.6501
3.0000,0.0820,-0.6488
3.0000,0.1025,-0.6469
3.0000,0.1229,-0.6444
3.0000,0.1433,-0.6412
3.0000,0.1636,-0.6373
3.0000,0.1839,-0.6328
3.0000,0.2040,-0.6277
3.0000,0.2239,-0.6219
3.0000,0.2437,-0.6155
3.0000,0.2633,-0.6085
3.0000,0.2827,-0.6008
3.0000,0.3019,-0.5925
3.0000,0.3208,-0.5836
3.0000,0.3395,-0.5741
3.0000,0.3579,-0.5640
3.0000,0.3760,-0.5533
3.0000,0.3938,-0.5420
3.0000,0.4113,-0.5302
3.0000,0.4283,-0.5178
3.0000,0.4451,-0.5048
3.0000,0.4614,-0.4913
3.0000,0.4773,-0.4773
3.0000,0.4928,-0.4628
3.0000,0.5078,-0.4477
3.0000,0.5224,-0.4322
3.0000,0.5365,-0.4162
3.0000,0.5501,-0.3997
3.0000,0.5632,-0.3828
3.0000,0.5758,-0.3654
3.0000,0.5879,-0.3477
3.0000,0.5994,-0.3295
3.0000,0.6103,-0.3110
3.0000,0.6207,-0.2921
3.0000,0.6305,-0.2728
3.0000,0.6397,-0.2533
3.0000,0.6483,-0.2334
3.0000,0.6562,-0.2132
3.0000,0.6636,-0.1928
3.0000,0.6703,-0.1721
3.0000,0.6763,-0.1512
3.0000,0.6817,-0.1300
3.0000,0.6864,-0.1087
3.0000,0.6905,-0.0872
3.0000,0.6939,-0.0656
3.0000,0.6966,-0.0438
3.0000,0.6987,-0.0220
3.0000,0.7000,-0.0000
3.0000,0.7007,0.0220
3.0000,0.7006,0.0441
3.0000,0.6999,0.0662
3.0000,0.6984,0.0882
3.0000,0.6963,0.1103
3.0000,0.6935,0.1323
3.0000,0.6900,0.1542
3.0000,0.6858,0.1761
3.0000,0.6808,0.1978
3.0000,0.6753,0.2194
3.0000,0.6690,0.2408
3.0000,0.6620,0.2621
3.0000,0.6544,0.2832
3.0000,0.6460,0.3040
3.0000,0.6371,0.3246
3.0000,0.6274,0.3449
3.0000,0.6172,0.3650
3.0000,0.6062,0.3847
3.0000,0.5947,0.4041
3.0000,0.5825,0.4232
3.0000,0.5697,0.4419
3.0000,0.5563,0.4602
3.0000,0.5423,0.4781
3.0000,0.5278,0.4956
3.0000,0.5127,0.5127
3.0000,0.4970,0.5292
3.0000,0.4808,0.5453
3.0000,0.4640,0.5609
3.0000,0.4468,0.5760
3.0000,0.4291,0.5906
3.0000,0.4109,0.6046
3.0000,0.3922,0.6180
3.0000,0.3731,0.6309
3.0000,0.3536,0.6432
3.0000,0.3337,0.6549
3.0000,0.3134,0.6660
3.0000,0.2927,0.6764
3.0000,0.2717,0.6862
3.0000,0.2503,0.6953
3.0000,0.2287,0.7038
3.0000,0.2067,0.7116
3.0000,0.1845,0.7187
3.0000,0.1621,0.7251
3.0000,0.1394,0.7308
3.0000,0.1165,0.7358
3.0000,0.0935,0.7401
3.0000,0.0703,0.7437
3.0000,0.0470,0.7465
3.0000,0.0235,0.7486
3.0000,0.0000,0.7500
3.0000,-0.0236,0.7506
3.0000,-0.0472,0.7505
3.0000,-0.0709,0.7497
3.0000,-0.0945,0.7481
3.0000,-0.1181,0.7457
3.0000,-0.1417,0.7426
3.0000,-0.1651,0.7388
3.0000,-0.1885,0.7342
3.0000,-0.2118,0.7289
3.0000,-0.2349,0.7228
3.0000,-0.2578,0.7160
3.0000,-0.2805,0.7085
3.0000,-0.3030,0.7002
3.0000,-0.3253,0.6913
3.0000,-0.3473,0.6816
3.0000,-0.3690,0.6713
3.0000,-0.3904,0.6602
3.0000,-0.4115,0.6484
3.0000,-0.4322,0.6360
3.0000,-0.4526,0.6229
3.0000,-0.4726,0.6092
3.0000,-0.4921,0.5948
3.0000,-0.5112,0.5798
3.0000,-0.5298,0.5642
3.0000,-0.5480,0.5480
3.0000,-0.5657,0.5312
3.0000,-0.5828,0.5138
3.0000,-0.5995,0.4959
3.0000,-0.6155,0.4775
3.0000,-0.6310,0.4585
3.0000,-0.6459,0.4390
3.0000,-0.6603,0.4190
3.0000,-0.6740,0.3986
3.0000,-0.6870,0.3777
3.0000,-0.6994,0.3564
3.0000,-0.7112,0.3347
3.0000,-0.7223,0.3126
3.0000,-0.7327,0.2901
3.0000,-0.7424,0.2673
3.0000,-0.7513,0.2441
3.0000,-0.7596,0.2207
3.0000,-0.7671,0.1970
3.0000,-0.7739,0.1730
3.0000,-0.7799,0.1488
3.0000,-0.7852,0.1244
3.0000,-0.7897,0.0998
3.0000,-0.7935,0.0750
3.0000,-0.7964,0.0501
3.0000,-0.7986,0.0251
3.0000,-0.8000,0.0000
3.0000,-0.8006,-0.0252
3.0000,-0.8004,-0.0504
3.0000,-0.7994,-0.0756
3.0000,-0.7977,-0.1008
3.0000,-0.7951,-0.1259
3.0000,-0.7917,-0.1510
3.0000,-0.7876,-0.1760
3.0000,-0.7826,-0.2009
3.0000,-0.7769,-0.2257
3.0000,-0.7704,-0.2503
3.0000,-0.7631,-0.2747
3.0000,-0.7550,-0.2989
3.0000,-0.7461,-0.3229
3.0000,-0.7365,-0.3466
3.0000,-0.7262,-0.3700
3.0000,-0.7151,-0.3931
3.0000,-0.7032,-0.4159
3.0000,-0.6907,-0.4383
3.0000,-0.6774,-0.4603
3.0000,-0.6634,-0.4820
3.0000,-0.6487,-0.5032
3.0000,-0.6334,-0.5240
3.0000,-0.6173,-0.5443
3.0000,-0.6007,-0.5641
3.0000,-0.5834,-0.5834
3.0000,-0.5654,-0.6021
3.0000,-0.5469,-0.6203
3.0000,-0.5278,-0.6380
3.0000,-0.5081,-0.6550
3.0000,-0.4879,-0.6715
3.0000,-0.4671,-0.6873
3.0000,-0.4458,-0.7025
3.0000,-0.4240,-0.7170
3.0000,-0.4018,-0.7308
3.0000,-0.3791,-0.7440
3.0000,-0.3560,-0.7564
3.0000,-0.3324,-0.7682
3.0000,-0.3085,-0.7792
3.0000,-0.2842,-0.7894
3.0000,-0.2596,-0.7989
3.0000,-0.2346,-0.8076
3.0000,-0.2094,-0.8155
3.0000,-0.1839,-0.8227
3.0000,-0.1581,-0.8291
3.0000,-0.1322,-0.8346
3.0000,-0.1060,-0.8393
3.0000,-0.0797,-0.8432
3.0000,-0.0532,-0.8463
3.0000,-0.0267,-0.8486
3.0000,-0.0000,-0.8500
3.0000,0.0267,-0.8506
3.0000,0.0535,-0.8503
3.0000,0.0803,-0.8492
3.0000,0.1070,-0.8473
3.0000,0.1338,-0.8445
3.0000,0.1604,-0.8408
3.0000,0.1869,-0.8364
3.0000,0.2134,-0.8310
3.0000,0.2397,-0.8249
3.0000,0.2658,-0.8179
3.0000,0.2917,-0.8101
3.0000,0.3173,-0.8015
3.0000,0.3427,-0.7920
3.0000,0.3679,-0.7818
3.0000,0.3927,-0.7707
3.0000,0.4172,-0.7589
3.0000,0.4413,-0.7463
3.0000,0.4651,-0.7329
3.0000,0.4885,-0.7187
3.0000,0.5114,-0.7038
3.0000,0.5338,-0.6882
3.0000,0.5558,-0.6719
3.0000,0.5773,-0.6548
3.0000,0.5983,-0.6371
3.0000,0.6187,-0.6187
3.0000,0.6386,-0.5997
3.0000,0.6578,-0.5800
3.0000,0.6765,-0.5597
3.0000,0.6945,-0.5387
3.0000,0.7119,-0.5173
3.0000,0.7287,-0.4952
3.0000,0.7447,-0.4726
3.0000,0.7600,-0.4495
3.0000,0.7747,-0.4259
3.0000,0.7885,-0.4018
3.0000,0.8017,-0.3772
3.0000,0.8140,-0.3523
3.0000,0.8256,-0.3269
3.0000,0.8364,-0.3011
3.0000,0.8464,-0.2750
3.0000,0.8556,-0.2486
3.0000,0.8640,-0.2218
3.0000,0.8715,-0.1948
3.0000,0.8782,-0.1675
3.0000,0.8840,-0.1400
3.0000,0.8889,-0.1123
3.0000,0.8930,-0.0844
3.0000,0.8962,-0.0564
3.0000,0.8986,-0.0282
3.0000,0.9000,-0.0000
3.0000,0.9006,0.0283
3.0000,0.9002,0.0566
3.0000,0.8990,0.0850
3.0000,0.8969,0.1133
3.0000,0.8939,0.1416
3.0000,0.8900,0.1698
3.0000,0.8852,0.1979
3.0000,0.8795,0.2258
3.0000,0.8729,0.2536
3.0000,0.8655,0.2812
3.0000,0.8571,0.3086
3.0000,0.8480,0.3357
3.0000,0.8379,0.3626
3.0000,0.8270,0.3892
3.0000,0.8153,0.4154
3.0000,0.8027,0.4413
3.0000,0.7893,0.4668
3.0000,0.7751,0.4919
3.0000,0.7601,0.5166
3.0000,0.7443,0.5408
3.0000,0.7277,0.5645
3.0000,0.7104,0.5877
3.0000,0.6924,0.6104
3.0000,0.6736,0.6325
3.0000,0.6541,0.6541
3.0000,0.6339,0.6750
3.0000,0.6130,0.6954
3.0000,0.5915,0.7150
3.0000,0.5694,0.7341
3.0000,0.5466,0.7524
3.0000,0.5233,0.7700
3.0000,0.4994,0.7869
3.0000,0.4749,0.8031
3.0000,0.4500,0.8185
3.0000,0.4245,0.8331
3.0000,0.3985,0.8469
3.0000,0.3721,0.8599
3.0000,0.3453,0.8721
3.0000,0.3181,0.8835
3.0000,0.2905,0.8940
3.0000,0.2625,0.9036
3.0000,0.2343,0.9124
3.0000,0.2057,0.9203
3.0000,0.1769,0.9273
3.0000,0.1478,0.9334
3.0000,0.1186,0.9385
3.0000,0.0891,0.9428
3.0000,0.0595,0.9461
3.0000,0.0298,0.9485
3.0000,-0.0000,0.9500
3.0000,-0.0299,0.9505
3.0000,-0.0598,0.9501
3.0000,-0.0897,0.9488
3.0000,-0.1196,0.9465
3.0000,-0.1494,0.9432
3.0000,-0.1791,0.9391
3.0000,-0.2088,0.9340
3.0000,-0.2382,0.9279
3.0000,-0.2676,0.9209
3.0000,-0.2967,0.9130
3.0000,-0.3255,0.9042
3.0000,-0.3541,0.8944
3.0000,-0.3825,0.8838
3.0000,-0.4105,0.8723
3.0000,-0.4381,0.8598
3.0000,-0.4654,0.8465
3.0000,-0.4922,0.8323
3.0000,-0.5187,0.8173
3.0000,-0.5447,0.8014
3.0000,-0.5702,0.7847
3.0000,-0.5951,0.7672
3.0000,-0.6196,0.7489
3.0000,-0.6435,0.7299
3.0000,-0.6667,0.7100
3.0000,-0.6894,0.6894
3.0000,-0.7115,0.6681
3.0000,-0.7329,0.6461
3.0000,-0.7536,0.6234
3.0000,-0.7736,0.6000
3.0000,-0.7928,0.5760
3.0000,-0.8114,0.5514
3.0000,-0.8291,0.5262
3.0000,-0.8461,0.5004
3.0000,-0.8623,0.4740
3.0000,-0.8776,0.4472
3.0000,-0.8922,0.4198
3.0000,-0.9058,0.3920
3.0000,-0.9186,0.3637
3.0000,-0.9305,0.3350
3.0000,-0.9415,0.3059
3.0000,-0.9517,0.2765
3.0000,-0.9608,0.2467
3.0000,-0.9691,0.2166
3.0000,-0.9764,0.1863
3.0000,-0.9827,0.1557
3.0000,-0.9881,0.1248
3.0000,-0.9926,0.0938
3.0000,-0.9960,0.0627
3.0000,-0.9985,0.0314
3.0000,-1.0000,0.0000
4.0000,0.0000,-0.0010
4.0000,0.0001,-0.0020
4.0000,0.0003,-0.0030
4.0000,0.0005,-0.0040
4.0000,0.0008,-0.0049
4.0000,0.0011,-0.0059
4.0000,0.0015,-0.0068
4.0000,0.0020,-0.0077
4.0000,0.0025,-0.0086
4.0000,0.0031,-0.0095
4.0000,0.0037,-0.0103
4.0000,0.0044,-0.0112
4.0000,0.0052,-0.0119
4.0000,0.0060,-0.0127
4.0000,0.0068,-0.0134
4.0000,0.0077,-0.0140
4.0000,0.0087,-0.0146
4.0000,0.0096,-0.0152
4.0000,0.0107,-0.0157
4.0000,0.0118,-0.0162
4.0000,0.0129,-0.0166
4.0000,0.0140,-0.0170
4.0000,0.0152,-0.0173
4.0000,0.0164,-0.0175
4.0000,0.0177,-0.0177
4.0000,0.0190,-0.0178
4.0000,0.0203,-0.0179
4.0000,0.0216,-0.0178
4.0000,0.0229,-0.0178
4.0000,0.0243,-0.0176
4.0000,0.0256,-0.0174
4.0000,0.0270,-0.0171
4.0000,0.0284,-0.0168
4.0000,0.0298,-0.0164
4.0000,0.0312,-0.0159
4.0000,0.0326,-0.0153
4.0000,0.0340,-0.0147
4.0000,0.0353,-0.0140
4.0000,0.0367,-0.0132
4.0000,0.0380,-0.0124
4.0000,0.0394,-0.0114
4.0000,0.0407,-0.0104
4.0000,0.0420,-0.0094
4.0000,0.0432,-0.0082
4.0000,0.0444,-0.0070
4.0000,0.0456,-0.0058
4.0000,0.0468,-0.0044
4.0000,0.0479,-0.0030
4.0000,0.0490,-0.0015
4.0000,0.0500,-0.0000
4.0000,0.0510,0.0016
4.0000,0.0519,0.0033
4.0000,0.0528,0.0050
4.0000,0.0536,0.0068
4.0000,0.0543,0.0086
4.0000,0.0550,0.0105
4.0000,0.0556,0.0124
4.0000,0.0562,0.0144
4.0000,0.0567,0.0165
4.0000,0.0571,0.0185
4.0000,0.0574,0.0207
4.0000,0.0576,0.0228
4.0000,0.0578,0.0250
4.0000,0.0579,0.0272
4.0000,0.0579,0.0295
4.0000,0.0578,0.0318
4.0000,0.0577,0.0341
4.0000,0.0574,0.0364
4.0000,0.0571,0.0388
4.0000,0.0566,0.0411
4.0000,0.0561,0.0435
4.0000,0.0555,0.0459
4.0000,0.0548,0.0483
4.0000,0.0539,0.0507
4.0000,0.0530,0.0530
4.0000,0.0520,0.0554
4.0000,0.0509,0.0578
4.0000,0.0497,0.0601
4.0000,0.0484,0.0624
4.0000,0.0470,0.0647
4.0000,0.0455,0.0670
4.0000,0.0439,0.0692
4.0000,0.0423,0.0714
4.0000,0.0405,0.0736
4.0000,0.0386,0.0757
4.0000,0.0366,0.0778
4.0000,0.0346,0.0798
4.0000,0.0324,0.0818
4.0000,0.0301,0.0837
4.0000,0.0278,0.0856
4.0000,0.0254,0.0874
4.0000,0.0229,0.0891
4.0000,0.0203,0.0908
4.0000,0.0176,0.0923
4.0000,0.0149,0.0938
4.0000,0.0120,0.0952
4.0000,0.0091,0.0966
4.0000,0.0062,0.0978
4.0000,0.0031,0.0990
4.0000,0.0000,0.1000
4.0000,-0.0032,0.1010
4.0000,-0.0064,0.1018
4.0000,-0.0097,0.1025
4.0000,-0.0130,0.1032
4.0000,-0.0164,0.1037
4.0000,-0.0199,0.1041
4.0000,-0.0233,0.1044
4.0000,-0.0269,0.1046
4.0000,-0.0304,0.1047
4.0000,-0.0340,0.1046
4.0000,-0.0376,0.1044
4.0000,-0.0412,0.1041
4.0000,-0.0449,0.1037
4.0000,-0.0485,0.1032
4.0000,-0.0522,0.1025
4.0000,-0.0559,0.1017
4.0000,-0.0596,0.1007
4.0000,-0.0632,0.0996
4.0000,-0.0669,0.0984
4.0000,-0.0705,0.0971
4.0000,-0.0742,0.0956
4.0000,-0.0778,0.0940
4.0000,-0.0813,0.0923
4.0000,-0.0849,0.0904
4.0000,-0.0884,0.0884
4.0000,-0.0919,0.0863
4.0000,-0.0953,0.0840
4.0000,-0.0986,0.0816
4.0000,-0.1019,0.0791
4.0000,-0.1052,0.0764
4.0000,-0.1083,0.0736
4.0000,-0.1115,0.0707
4.0000,-0.1145,0.0677
4.0000,-0.1174,0.0646
4.0000,-0.1203,0.0613
4.0000,-0.1231,0.0579
4.0000,-0.1257,0.0544
4.0000,-0.1283,0.0508
4.0000,-0.1308,0.0471
4.0000,-0.1331,0.0433
4.0000,-0.1354,0.0393
4.0000,-0.1375,0.0353
4.0000,-0.1396,0.0312
4.0000,-0.1414,0.0270
4.0000,-0.1432,0.0227
4.0000,-0.1448,0.0183
4.0000,-0.1463,0.0138
4.0000,-0.1477,0.0093
4.0000,-0.1489,0.0047
4.0000,-0.1500,0.0000
4.0000,-0.1509,-0.0047
4.0000,-0.1517,-0.0095
4.0000,-0.1523,-0.0144
4.0000,-0.1528,-0.0193
4.0000,-0.1531,-0.0242
4.0000,-0.1532,-0.0292
4.0000,-0.1532,-0.0342
4.0000,-0.1530,-0.0393
4.0000,-0.1527,-0.0444
4.0000,-0.1522,-0.0494
4.0000,-0.1515,-0.0545
4.0000,-0.1506,-0.0596
4.0000,-0.1496,-0.0647
4.0000,-0.1484,-0.0698
4.0000,-0.1470,-0.0749
4.0000,-0.1455,-0.0800
4.0000,-0.1437,-0.0850
4.0000,-0.1418,-0.0900
4.0000,-0.1398,-0.0950
4.0000,-0.1375,-0.0999
4.0000,-0.1351,-0.1048
4.0000,-0.1325,-0.1096
4.0000,-0.1298,-0.1144
4.0000,-0.1268,-0.1191
4.0000,-0.1237,-0.1237
4.0000,-0.1205,-0.1283
4.0000,-0.1171,-0.1328
4.0000,-0.1135,-0.1372
4.0000,-0.1097,-0.1414
4.0000,-0.1058,-0.1456
4.0000,-0.1017,-0.1497
4.0000,-0.0975,-0.1537
4.0000,-0.0932,-0.1575
4.0000,-0.0886,-0.1612
4.0000,-0.0840,-0.1648
4.0000,-0.0792,-0.1683
4.0000,-0.0743,-0.1716
4.0000,-0.0692,-0.1748
4.0000,-0.0640,-0.1778
4.0000,-0.0587,-0.1807
4.0000,-0.0533,-0.1834
4.0000,-0.0477,-0.1860
4.0000,-0.0421,-0.1884
4.0000,-0.0364,-0.1906
4.0000,-0.0305,-0.1926
4.0000,-0.0246,-0.1945
4.0000,-0.0185,-0.1961
4.0000,-0.0124,-0.1976
4.0000,-0.0063,-0.1989
4.0000,-0.0000,-0.2000
4.0000,0.0063,-0.2009
4.0000,0.0127,-0.2016
4.0000,0.0191,-0.2021
4.0000,0.0256,-0.2024
4.0000,0.0321,-0.2025
4.0000,0.0386,-0.2024
4.0000,0.0452,-0.2020
4.0000,0.0517,-0.2015
4.0000,0.0583,-0.2007
4.0000,0.0649,-0.1997
4.0000,0.0715,-0.1985
4.0000,0.0780,-0.1971
4.0000,0.0846,-0.1955
4.0000,0.0911,-0.1936
4.0000,0.0976,-0.1916
4.0000,0.1041,-0.1893
4.0000,0.1105,-0.1868
4.0000,0.1168,-0.1841
4.0000,0.1231,-0.1811
4.0000,0.1293,-0.1780
4.0000,0.1355,-0.1746
4.0000,0.1415,-0.1711
4.0000,0.1475,-0.1673
4.0000,0.1533,-0.1633
4.0000,0.1591,-0.1591
4.0000,0.1647,-0.1547
4.0000,0.1703,-0.1501
4.0000,0.1757,-0.1453
4.0000,0.1809,-0.1404
4.0000,0.1861,-0.1352
4.0000,0.1911,-0.1298
4.0000,0.1959,-0.1243
4.0000,0.2006,-0.1186
4.0000,0.2051,-0.1127
4.0000,0.2094,-0.1067
4.0000,0.2135,-0.1005
4.0000,0.2175,-0.0941
4.0000,0.2213,-0.0876
4.0000,0.2249,-0.0810
4.0000,0.2283,-0.0742
4.0000,0.2314,-0.0672
4.0000,0.2344,-0.0602
4.0000,0.2371,-0.0530
4.0000,0.2397,-0.0457
4.0000,0.2420,-0.0383
4.0000,0.2441,-0.0308
4.0000,0.2459,-0.0232
4.0000,0.2475,-0.0156
4.0000,0.2489,-0.0078
4.0000,0.2500,-0.0000
4.0000,0.2509,0.0079
4.0000,0.2515,0.0158
4.0000,0.2519,0.0238
4.0000,0.2520,0.0318
4.0000,0.2519,0.0399
4.0000,0.2515,0.0480
4.0000,0.2508,0.0561
4.0000,0.2499,0.0642
4.0000,0.2487,0.0723
4.0000,0.2473,0.0803
4.0000,0.2456,0.0884
4.0000,0.2436,0.0964
4.0000,0.2414,0.1044
4.0000,0.2389,0.1124
4.0000,0.2361,0.1203
4.0000,0.2331,0.1281
4.0000,0.2298,0.1359
4.0000,0.2263,0.1436
4.0000,0.2225,0.1512
4.0000,0.2184,0.1587
4.0000,0.2141,0.1661
4.0000,0.2096,0.1734
4.0000,0.2048,0.1805
4.0000,0.1997,0.1876
4.0000,0.1945,0.1945
4.0000,0.1889,0.2012
4.0000,0.1832,0.2078
4.0000,0.1772,0.2142
4.0000,0.1710,0.2205
4.0000,0.1646,0.2265
4.0000,0.1579,0.2324
4.0000,0.1511,0.2381
4.0000,0.1441,0.2436
4.0000,0.1368,0.2489
4.0000,0.1294,0.2539
4.0000,0.1218,0.2588
4.0000,0.1140,0.2634
4.0000,0.1060,0.2678
4.0000,0.0979,0.2719
4.0000,0.0896,0.2758
4.0000,0.0812,0.2794
4.0000,0.0726,0.2828
4.0000,0.0639,0.2859
4.0000,0.0551,0.2888
4.0000,0.0461,0.2914
4.0000,0.0371,0.2937
4.0000,0.0280,0.2957
4.0000,0.0187,0.2974
4.0000,0.0094,0.2989
4.0000,0.0000,0.3000
4.0000,-0.0095,0.3009
4.0000,-0.0190,0.3014
4.0000,-0.0285,0.3017
4.0000,-0.0381,0.3016
4.0000,-0.0477,0.3012
4.0000,-0.0573,0.3006
4.0000,-0.0670,0.2996
4.0000,-0.0766,0.2983
4.0000,-0.0862,0.2967
4.0000,-0.0958,0.2948
4.0000,-0.1053,0.2926
4.0000,-0.1149,0.2901
4.0000,-0.1243,0.2873
4.0000,-0.1337,0.2841
4.0000,-0.1430,0.2807
4.0000,-0.1522,0.2769
4.0000,-0.1614,0.2729
4.0000,-0.1704,0.2685
4.0000,-0.1793,0.2638
4.0000,-0.1881,0.2589
4.0000,-0.1967,0.2536
4.0000,-0.2053,0.2481
4.0000,-0.2136,0.2423
4.0000,-0.2218,0.2362
4.0000,-0.2298,0.2298
4.0000,-0.2376,0.2232
4.0000,-0.2453,0.2162
4.0000,-0.2527,0.2091
4.0000,-0.2600,0.2016
4.0000,-0.2670,0.1940
4.0000,-0.2738,0.1860
4.0000,-0.2803,0.1779
4.0000,-0.2866,0.1695
4.0000,-0.2927,0.1609
4.0000,-0.2985,0.1521
4.0000,-0.3040,0.1431
4.0000,-0.3093,0.1338
4.0000,-0.3143,0.1244
4.0000,-0.3190,0.1148
4.0000,-0.3234,0.1051
4.0000,-0.3275,0.0951
4.0000,-0.3313,0.0851
4.0000,-0.3347,0.0748
4.0000,-0.3379,0.0645
4.0000,-0.3408,0.0540
4.0000,-0.3433,0.0434
4.0000,-0.3455,0.0327
4.0000,-0.3473,0.0219
4.0000,-0.3488,0.0110
4.0000,-0.3500,0.0000
4.0000,-0.3508,-0.0110
4.0000,-0.3513,-0.0221
4.0000,-0.3514,-0.0332
4.0000,-0.3512,-0.0444
4.0000,-0.3506,-0.0555
4.0000,-0.3497,-0.0667
4.0000,-0.3484,-0.0779
4.0000,-0.3468,-0.0890
4.0000,-0.3447,-0.1002
4.0000,-0.3424,-0.1112
4.0000,-0.3397,-0.1223
4.0000,-0.3366,-0.1333
4.0000,-0.3331,-0.1442
4.0000,-0.3294,-0.1550
4.0000,-0.3252,-0.1657
4.0000,-0.3207,-0.1763
4.0000,-0.3159,-0.1868
4.0000,-0.3107,-0.1972
4.0000,-0.3052,-0.2074
4.0000,-0.2993,-0.2175
4.0000,-0.2931,-0.2274
4.0000,-0.2866,-0.2371
4.0000,-0.2798,-0.2467
4.0000,-0.2726,-0.2560
4.0000,-0.2652,-0.2652
4.0000,-0.2574,-0.2741
4.0000,-0.2493,-0.2828
4.0000,-0.2409,-0.2913
4.0000,-0.2323,-0.2995
4.0000,-0.2234,-0.3074
4.0000,-0.2142,-0.3151
4.0000,-0.2047,-0.3225
4.0000,-0.1950,-0.3297
4.0000,-0.1850,-0.3365
4.0000,-0.1748,-0.3430
4.0000,-0.1644,-0.3493
4.0000,-0.1537,-0.3552
4.0000,-0.1428,-0.3608
4.0000,-0.1318,-0.3660
4.0000,-0.1205,-0.3709
4.0000,-0.1091,-0.3755
4.0000,-0.0975,-0.3797
4.0000,-0.0857,-0.3835
4.0000,-0.0738,-0.3870
4.0000,-0.0618,-0.3901
4.0000,-0.0496,-0.3929
4.0000,-0.0374,-0.3952
4.0000,-0.0250,-0.3972
4.0000,-0.0125,-0.3988
4.0000,-0.0000,-0.4000
4.0000,0.0126,-0.4008
4.0000,0.0252,-0.4012
4.0000,0.0379,-0.4012
4.0000,0.0506,-0.4008
4.0000,0.0634,-0.4000
4.0000,0.0761,-0.3988
4.0000,0.0888,-0.3972
4.0000,0.1015,-0.3952
4.0000,0.1141,-0.3928
4.0000,0.1267,-0.3899
4.0000,0.1392,-0.3867
4.0000,0.1517,-0.3831
4.0000,0.1640,-0.3790
4.0000,0.1763,-0.3746
4.0000,0.1884,-0.3698
4.0000,0.2004,-0.3645
4.0000,0.2123,-0.3589
4.0000,0.2240,-0.3529
4.0000,0.2355,-0.3465
4.0000,0.2469,-0.3398
4.0000,0.2580,-0.3327
4.0000,0.2690,-0.3252
4.0000,0.2797,-0.3173
4.0000,0.2902,-0.3091
4.0000,0.3005,-0.3005
4.0000,0.3105,-0.2916
4.0000,0.3203,-0.2824
4.0000,0.3298,-0.2728
4.0000,0.3390,-0.2629
4.0000,0.3479,-0.2527
4.0000,0.3565,-0.2423
4.0000,0.3647,-0.2315
4.0000,0.3727,-0.2204
4.0000,0.3803,-0.2091
4.0000,0.3876,-0.1975
4.0000,0.3945,-0.1856
4.0000,0.4011,-0.1736
4.0000,0.4072,-0.1612
4.0000,0.4130,-0.1487
4.0000,0.4185,-0.1360
4.0000,0.4235,-0.1230
4.0000,0.4281,-0.1099
4.0000,0.4323,-0.0966
4.0000,0.4361,-0.0832
4.0000,0.4395,-0.0696
4.0000,0.4425,-0.0559
4.0000,0.4450,-0.0421
4.0000,0.4471,-0.0281
4.0000,0.4488,-0.0141
4.0000,0.4500,-0.0000
4.0000,0.4508,0.0142
4.0000,0.4511,0.0284
4.0000,0.4510,0.0426
4.0000,0.4504,0.0569
4.0000,0.4494,0.0712
4.0000,0.4479,0.0854
4.0000,0.4460,0.0997
4.0000,0.4436,0.1139
4.0000,0.4408,0.1281
4.0000,0.4375,0.1421
4.0000,0.4337,0.1562
4.0000,0.4296,0.1701
4.0000,0.4249,0.1839
4.0000,0.4198,0.1976
4.0000,0.4143,0.2111
4.0000,0.4084,0.2245
4.0000,0.4020,0.2377
4.0000,0.3951,0.2508
4.0000,0.3879,0.2636
4.0000,0.3802,0.2763
4.0000,0.3722,0.2887
4.0000,0.3637,0.3009
4.0000,0.3548,0.3128
4.0000,0.3455,0.3245
4.0000,0.3359,0.3359
4.0000,0.3258,0.3470
4.0000,0.3154,0.3578
4.0000,0.3047,0.3683
4.0000,0.2936,0.3785
4.0000,0.2821,0.3883
4.0000,0.2704,0.3978
4.0000,0.2583,0.4070
4.0000,0.2459,0.4157
4.0000,0.2332,0.4241
4.0000,0.2202,0.4321
4.0000,0.2069,0.4397
4.0000,0.1934,0.4469
4.0000,0.1796,0.4537
4.0000,0.1656,0.4601
4.0000,0.1514,0.4660
4.0000,0.1370,0.4715
4.0000,0.1224,0.4765
4.0000,0.1075,0.4811
4.0000,0.0926,0.4852
4.0000,0.0774,0.4889
4.0000,0.0622,0.4921
4.0000,0.0468,0.4948
4.0000,0.0313,0.4970
4.0000,0.0157,0.4988
4.0000,0.0000,0.5000
4.0000,-0.0157,0.5008
4.0000,-0.0315,0.5010
4.0000,-0.0473,0.5008
4.0000,-0.0632,0.5000
4.0000,-0.0790,0.4988
4.0000,-0.0948,0.4970
4.0000,-0.1106,0.4948
4.0000,-0.1263,0.4920
4.0000,-0.1420,0.4888
4.0000,-0.1576,0.4850
4.0000,-0.1731,0.4808
4.0000,-0.1885,0.4760
4.0000,-0.2037,0.4708
4.0000,-0.2189,0.4651
4.0000,-0.2338,0.4589
4.0000,-0.2486,0.4522
4.0000,-0.2632,0.4450
4.0000,-0.2776,0.4374
4.0000,-0.2917,0.4293
4.0000,-0.3056,0.4207
4.0000,-0.3193,0.4117
4.0000,-0.3327,0.4022
4.0000,-0.3459,0.3923
4.0000,-0.3587,0.3820
4.0000,-0.3712,0.3712
4.0000,-0.3834,0.3601
4.0000,-0.3953,0.3485
4.0000,-0.4068,0.3366
4.0000,-0.4180,0.3242
4.0000,-0.4288,0.3115
4.0000,-0.4392,0.2985
4.0000,-0.4492,0.2851
4.0000,-0.4588,0.2713
4.0000,-0.4679,0.2573
4.0000,-0.4767,0.2429
4.0000,-0.4850,0.2282
4.0000,-0.4928,0.2133
4.0000,-0.5002,0.1981
4.0000,-0.5071,0.1826
4.0000,-0.5136,0.1669
4.0000,-0.5195,0.1509
4.0000,-0.5250,0.1348
4.0000,-0.5299,0.1185
4.0000,-0.5344,0.1019
4.0000,-0.5383,0.0853
4.0000,-0.5417,0.0684
4.0000,-0.5446,0.0515
4.0000,-0.5469,0.0344
4.0000,-0.5487,0.0172
4.0000,-0.5500,0.0000
4.0000,-0.5507,-0.0173
4.0000,-0.5509,-0.0347
4.0000,-0.5505,-0.0520
4.0000,-0.5496,-0.0694
4.0000,-0.5482,-0.0868
4.0000,-0.5462,-0.1042
4.0000,-0.5436,-0.1215
4.0000,-0.5405,-0.1388
4.0000,-0.5368,-0.1560
4.0000,-0.5326,-0.1730
4.0000,-0.5278,-0.1900
4.0000,-0.5225,-0.2069
4.0000,-0.5167,-0.2236
4.0000,-0.5103,-0.2401
4.0000,-0.5034,-0.2565
4.0000,-0.4960,-0.2727
4.0000,-0.4880,-0.2886
4.0000,-0.4796,-0.3043
4.0000,-0.4706,-0.3198
4.0000,-0.4611,-0.3350
4.0000,-0.4512,-0.3500
4.0000,-0.4407,-0.3646
4.0000,-0.4298,-0.3789
4.0000,-0.4184,-0.3929
4.0000,-0.4066,-0.4066
4.0000,-0.3943,-0.4199
4.0000,-0.3816,-0.4328
4.0000,-0.3684,-0.4454
4.0000,-0.3549,-0.4575
4.0000,-0.3409,-0.4692
4.0000,-0.3266,-0.4805
4.0000,-0.3119,-0.4914
4.0000,-0.2968,-0.5018
4.0000,-0.2813,-0.5118
4.0000,-0.2656,-0.5212
4.0000,-0.2495,-0.5302
4.0000,-0.2331,-0.5387
4.0000,-0.2165,-0.5467
4.0000,-0.1995,-0.5542
4.0000,-0.1823,-0.5611
4.0000,-0.1649,-0.5675
4.0000,-0.1472,-0.5734
4.0000,-0.1294,-0.5787
4.0000,-0.1113,-0.5835
4.0000,-0.0931,-0.5877
4.0000,-0.0747,-0.5913
4.0000,-0.0562,-0.5944
4.0000,-0.0375,-0.5968
4.0000,-0.0188,-0.5987
4.0000,-0.0000,-0.6000
4.0000,0.0189,-0.6007
4.0000,0.0378,-0.6008
4.0000,0.0567,-0.6003
4.0000,0.0757,-0.5992
4.0000,0.0946,-0.5976
4.0000,0.1136,-0.5953
4.0000,0.1324,-0.5924
4.0000,0.1512,-0.5889
4.0000,0.1699,-0.5848
4.0000,0.1885,-0.5801
4.0000,0.2070,-0.5749
4.0000,0.2253,-0.5690
4.0000,0.2435,-0.5626
4.0000,0.2614,-0.5556
4.0000,0.2792,-0.5480
4.0000,0.2968,-0.5398
4.0000,0.3141,-0.5311
4.0000,0.3311,-0.5218
4.0000,0.3479,-0.5120
4.0000,0.3644,-0.5016
4.0000,0.3806,-0.4907
4.0000,0.3965,-0.4793
4.0000,0.4120,-0.4673
4.0000,0.4272,-0.4549
4.0000,0.4419,-0.4419
4.0000,0.4563,-0.4285
4.0000,0.4703,-0.4146
4.0000,0.4839,-0.4003
4.0000,0.4970,-0.3855
4.0000,0.5097,-0.3703
4.0000,0.5219,-0.3547
4.0000,0.5336,-0.3386
4.0000,0.5448,-0.3222
4.0000,0.5556,-0.3054
4.0000,0.5658,-0.2883
4.0000,0.5755,-0.2708
4.0000,0.5846,-0.2530
4.0000,0.5932,-0.2349
4.0000,0.6012,-0.2165
4.0000,0.6087,-0.1978
4.0000,0.6155,-0.1788
4.0000,0.6218,-0.1597
4.0000,0.6275,-0.1403
4.0000,0.6326,-0.1207
4.0000,0.6371,-0.1009
4.0000,0.6409,-0.0810
4.0000,0.6441,-0.0609
4.0000,0.6467,-0.0407
4.0000,0.6487,-0.0204
4.0000,0.6500,-0.0000
4.0000,0.6507,0.0204
4.0000,0.6507,0.0409
4.0000,0.6501,0.0615
4.0000,0.6488,0.0820
4.0000,0.6469,0.1025
4.0000,0.6444,0.1229
4.0000,0.6412,0.1433
4.0000,0.6373,0.1636
4.0000,0.6328,0.1839
4.0000,0.6277,0.2040
4.0000,0.6219,0.2239
4.0000,0.6155,0.2437
4.0000,0.6085,0.2633
4.0000,0.6008,0.2827
4.0000,0.5925,0.3019
4.0000,0.5836,0.3208
4.0000,0.5741,0.3395
4.0000,0.5640,0.3579
4.0000,0.5533,0.3760
4.0000,0.5420,0.3938
4.0000,0.5302,0.4113
4.0000,0.5178,0.4283
4.0000,0.5048,0.4451
4.0000,0.4913,0.4614
4.0000,0.4773,0.4773
4.0000,0.4628,0.4928
4.0000,0.4477,0.5078
4.0000,0.4322,0.5224
4.0000,0.4162,0.5365
4.0000,0.3997,0.5501
4.0000,0.3828,0.5632
4.0000,0.3654,0.5758
4.0000,0.3477,0.5879
4.0000,0.3295,0.5994
4.0000,0.3110,0.6103
4.0000,0.2921,0.6207
4.0000,0.2728,0.6305
4.0000,0.2533,0.6397
4.0000,0.2334,0.6483
4.0000,0.2132,0.6562
4.0000,0.1928,0.6636
4.0000,0.1721,0.6703
4.0000,0.1512,0.6763
4.0000,0.1300,0.6817
4.0000,0.1087,0.6864
4.0000,0.0872,0.6905
4.0000,0.0656,0.6939
4.0000,0.0438,0.6966
4.0000,0.0220,0.6987
4.0000,-0.0000,0.7000
4.0000,-0.0220,0.7007
4.0000,-0.0441,0.7006
4.0000,-0.0662,0.6999
4.0000,-0.0882,0.6984
4.0000,-0.1103,0.6963
4.0000,-0.1323,0.6935
4.0000,-0.1542,0.6900
4.0000,-0.1761,0.6858
4.0000,-0.1978,0.6808
4.0000,-0.2194,0.6753
4.0000,-0.2408,0.6690
4.0000,-0.2621,0.6620
4.0000,-0.2832,0.6544
4.0000,-0.3040,0.6460
4.0000,-0.3246,0.6371
4.0000,-0.3449,0.6274
4.0000,-0.3650,0.6172
4.0000,-0.3847,0.6062
4.0000,-0.4041,0.5947
4.0000,-0.4232,0.5825
4.0000,-0.4419,0.5697
4.0000,-0.4602,0.5563
4.0000,-0.4781,0.5423
4.0000,-0.4956,0.5278
4.0000,-0.5127,0.5127
4.0000,-0.5292,0.4970
4.0000,-0.5453,0.4808
4.0000,-0.5609,0.4640
4.0000,-0.5760,0.4468
4.0000,-0.5906,0.4291
4.0000,-0.6046,0.4109
4.0000,-0.6180,0.3922
4.0000,-0.6309,0.3731
4.0000,-0.6432,0.3536
4.0000,-0.6549,0.3337
4.0000,-0.6660,0.3134
4.0000,-0.6764,0.2927
4.0000,-0.6862,0.2717
4.0000,-0.6953,0.2503
4.0000,-0.7038,0.2287
4.0000,-0.7116,0.2067
4.0000,-0.7187,0.1845
4.0000,-0.7251,0.1621
4.0000,-0.7308,0.1394
4.0000,-0.7358,0.1165
4.0000,-0.7401,0.0935
4.0000,-0.7437,0.0703
4.0000,-0.7465,0.0470
4.0000,-0.7486,0.0235
4.0000,-0.7500,0.0000
4.0000,-0.7506,-0.0236
4.0000,-0.7505,-0.0472
4.0000,-0.7497,-0.0709
4.0000,-0.7481,-0.0945
4.0000,-0.7457,-0.1181
4.0000,-0.7426,-0.1417
4.0000,-0.7388,-0.1651
4.0000,-0.7342,-0.1885
4.0000,-0.7289,-0.2118
4.0000,-0.7228,-0.2349
4.0000,-0.7160,-0.2578
4.0000,-0.7085,-0.2805
4.0000,-0.7002,-0.3030
4.0000,-0.6913,-0.3253
4.0000,-0.6816,-0.3473
4.0000,-0.6713,-0.3690
4.0000,-0.6602,-0.3904
4.0000,-0.6484,-0.4115
4.0000,-0.6360,-0.4322
4.0000,-0.6229,-0.4526
4.0000,-0.6092,-0.4726
4.0000,-0.5948,-0.4921
4.0000,-0.5798,-0.5112
4.0000,-0.5642,-0.5298
4.0000,-0.5480,-0.5480
4.0000,-0.5312,-0.5657
4.0000,-0.5138,-0.5828
4.0000,-0.4959,-0.5995
4.0000,-0.4775,-0.6155
4.0000,-0.4585,-0.6310
4.0000,-0.4390,-0.6459
4.0000,-0.4190,-0.6603
4.0000,-0.3986,-0.6740
4.0000,-0.3777,-0.6870
4.0000,-0.3564,-0.6994
4.0000,-0.3347,-0.7112
4.0000,-0.3126,-0.7223
4.0000,-0.2901,-0.7327
4.0000,-0.2673,-0.7424
4.0000,-0.2441,-0.7513
4.0000,-0.2207,-0.7596
4.0000,-0.1970,-0.7671
4.0000,-0.1730,-0.7739
4.0000,-0.1488,-0.7799
4.0000,-0.1244,-0.7852
4.0000,-0.0998,-0.7897
4.0000,-0.0750,-0.7935
4.0000,-0.0501,-0.7964
4.0000,-0.0251,-0.7986
4.0000,-0.0000,-0.8000
4.0000,0.0252,-0.8006
4.0000,0.0504,-0.8004
4.0000,0.0756,-0.7994
4.0000,0.1008,-0.7977
4.0000,0.1259,-0.7951
4.0000,0.1510,-0.7917
4.0000,0.1760,-0.7876
4.0000,0.2009,-0.7826
4.0000,0.2257,-0.7769
4.0000,0.2503,-0.7704
4.0000,0.2747,-0.7631
4.0000,0.2989,-0.7550
4.0000,0.3229,-0.7461
4.0000,0.3466,-0.7365
4.0000,0.3700,-0.7262
4.0000,0.3931,-0.7151
4.0000,0.4159,-0.7032
4.0000,0.4383,-0.6907
4.0000,0.4603,-0.6774
4.0000,0.4820,-0.6634
4.0000,0.5032,-0.6487
4.0000,0.5240,-0.6334
4.0000,0.5443,-0.6173
4.0000,0.5641,-0.6007
4.0000,0.5834,-0.5834
4.0000,0.6021,-0.5654
4.0000,0.6203,-0.5469
4.0000,0.6380,-0.5278
4.0000,0.6550,-0.5081
4.0000,0.6715,-0.4879
4.0000,0.6873,-0.4671
4.0000,0.7025,-0.4458
4.0000,0.7170,-0.4240
4.0000,0.7308,-0.4018
4.0000,0.7440,-0.3791
4.0000,0.7564,-0.3560
4.0000,0.7682,-0.3324
4.0000,0.7792,-0.3085
4.0000,0.7894,-0.2842
4.0000,0.7989,-0.2596
4.0000,0.8076,-0.2346
4.0000,0.8155,-0.2094
4.0000,0.8227,-0.1839
4.0000,0.8291,-0.1581
4.0000,0.8346,-0.1322
4.0000,0.8393,-0.1060
4.0000,0.8432,-0.0797
4.0000,0.8463,-0.0532
4.0000,0.8486,-0.0267
4.0000,0.8500,-0.0000
4.0000,0.8506,0.0267
4.0000,0.8503,0.0535
4.0000,0.8492,0.0803
4.0000,0.8473,0.1070
4.0000,0.8445,0.1338
4.0000,0.8408,0.1604
4.0000,0.8364,0.1869
4.0000,0.8310,0.2134
4.0000,0.8249,0.2397
4.0000,0.8179,0.2658
4.0000,0.8101,0.2917
4.0000,0.8015,0.3173
4.0000,0.7920,0.3427
4.0000,0.7818,0.3679
4.0000,0.7707,0.3927
4.0000,0.7589,0.4172
4.0000,0.7463,0.4413
4.0000,0.7329,0.4651
4.0000,0.7187,0.4885
4.0000,0.7038,0.5114
4.0000,0.6882,0.5338
4.0000,0.6719,0.5558
4.0000,0.6548,0.5773
4.0000,0.6371,0.5983
4.0000,0.6187,0.6187
4.0000,0.5997,0.6386
4.0000,0.5800,0.6578
4.0000,0.5597,0.6765
4.0000,0.5387,0.6945
4.0000,0.5173,0.7119
4.0000,0.4952,0.7287
4.0000,0.4726,0.7447
4.0000,0.4495,0.7600
4.0000,0.4259,0.7747
4.0000,0.4018,0.7885
4.0000,0.3772,0.8017
4.0000,0.3523,0.8140
4.0000,0.3269,0.8256
4.0000,0.3011,0.8364
4.0000,0.2750,0.8464
4.0000,0.2486,0.8556
4.0000,0.2218,0.8640
4.0000,0.1948,0.8715
4.0000,0.1675,0.8782
4.0000,0.1400,0.8840
4.0000,0.1123,0.8889
4.0000,0.0844,0.8930
4.0000,0.0564,0.8962
4.0000,0.0282,0.8986
4.0000,0.0000,0.9000
4.0000,-0.0283,0.9006
4.0000,-0.0566,0.9002
4.0000,-0.0850,0.8990
4.0000,-0.1133,0.8969
4.0000,-0.1416,0.8939
4.0000,-0.1698,0.8900
4.0000,-0.1979,0.8852
4.0000,-0.2258,0.8795
4.0000,-0.2536,0.8729
4.0000,-0.2812,0.8655
4.0000,-0.3086,0.8571
4.0000,-0.3357,0.8480
4.0000,-0.3626,0.8379
4.0000,-0.3892,0.8270
4.0000,-0.4154,0.8153
4.0000,-0.4413,0.8027
4.0000,-0.4668,0.7893
4.0000,-0.4919,0.7751
4.0000,-0.5166,0.7601
4.0000,-0.5408,0.7443
4.0000,-0.5645,0.7277
4.0000,-0.5877,0.7104
4.0000,-0.6104,0.6924
4.0000,-0.6325,0.6736
4.0000,-0.6541,0.6541
4.0000,-0.6750,0.6339
4.0000,-0.6954,0.6130
4.0000,-0.7150,0.5915
4.0000,-0.7341,0.5694
4.0000,-0.7524,0.5466
4.0000,-0.7700,0.5233
4.0000,-0.7869,0.4994
4.0000,-0.8031,0.4749
4.0000,-0.8185,0.4500
4.0000,-0.8331,0.4245
4.0000,-0.8469,0.3985
4.0000,-0.8599,0.3721
4.0000,-0.8721,0.3453
4.0000,-0.8835,0.3181
4.0000,-0.8940,0.2905
4.0000,-0.9036,0.2625
4.0000,-0.9124,0.2343
4.0000,-0.9203,0.2057
4.0000,-0.9273,0.1769
4.0000,-0.9334,0.1478
4.0000,-0.9385,0.1186
4.0000,-0.9428,0.0891
4.0000,-0.9461,0.0595
4.0000,-0.9485,0.0298
4.0000,-0.9500,0.0000
4.0000,-0.9505,-0.0299
4.0000,-0.9501,-0.0598
4.0000,-0.9488,-0.0897
4.0000,-0.9465,-0.1196
4.0000,-0.9432,-0.1494
4.0000,-0.9391,-0.1791
4.0000,-0.9340,-0.2088
4.0000,-0.9279,-0.2382
4.0000,-0.9209,-0.2676
4.0000,-0.9130,-0.2967
4.0000,-0.9042,-0.3255
4.0000,-0.8944,-0.3541
4.0000,-0.8838,-0.3825
4.0000,-0.8723,-0.4105
4.0000,-0.8598,-0.4381
4.0000,-0.8465,-0.4654
4.0000,-0.8323,-0.4922
4.0000,-0.8173,-0.5187
4.0000,-0.8014,-0.5447
4.0000,-0.7847,-0.5702
4.0000,-0.7672,-0.5951
4.0000,-0.7489,-0.6196
4.0000,-0.7299,-0.6435
4.0000,-0.7100,-0.6667
4.0000,-0.6894,-0.6894
4.0000,-0.6681,-0.7115
4.0000,-0.6461,-0.7329
4.0000,-0.6234,-0.7536
4.0000,-0.6000,-0.7736
4.0000,-0.5760,-0.7928
4.0000,-0.5514,-0.8114
4.0000,-0.5262,-0.8291
4.0000,-0.5004,-0.8461
4.0000,-0.4740,-0.8623
4.0000,-0.4472,-0.8776
4.0000,-0.4198,-0.8922
4.0000,-0.3920,-0.9058
4.0000,-0.3637,-0.9186
4.0000,-0.3350,-0.9305
4.0000,-0.3059,-0.9415
4.0000,-0.2765,-0.9517
4.0000,-0.2467,-0.9608
4.0000,-0.2166,-0.9691
4.0000,-0.1863,-0.9764
4.0000,-0.1557,-0.9827
4.0000,-0.1248,-0.9881
4.0000,-0.0938,-0.9926
4.0000,-0.0627,-0.9960
4.0000,-0.0314,-0.9985
4.0000,-0.0000,-1.0000
