1.0000,-0.0200,-0.0233
1.0000,-0.0652,-0.0718
1.0000,-0.0625,-0.0724
1.0000,-0.0244,-0.0374
1.0000,0.0995,0.0833
1.0000,-0.0052,-0.0246
1.0000,-0.0046,-0.0271
1.0000,-0.0136,-0.0391
1.0000,0.0762,0.0476
1.0000,0.1124,0.0809
1.0000,0.1421,0.1076
1.0000,0.1664,0.1290
1.0000,0.1518,0.1115
1.0000,0.0942,0.0511
1.0000,-0.0148,-0.0607
1.0000,-0.0350,-0.0837
1.0000,-0.0631,-0.1145
1.0000,0.1453,0.0912
1.0000,-0.0630,-0.1197
1.0000,-0.0063,-0.0656
1.0000,0.0058,-0.0561
1.0000,-0.0464,-0.1108
1.0000,0.1006,0.0336
1.0000,0.0719,0.0025
1.0000,0.0037,-0.0681
1.0000,0.1727,0.0986
1.0000,0.0639,-0.0125
1.0000,0.1022,0.0235
1.0000,0.2197,0.1387
1.0000,0.1771,0.0939
1.0000,0.1167,0.0314
1.0000,0.1819,0.0945
1.0000,0.0166,-0.0729
1.0000,0.1915,0.1000
1.0000,0.0403,-0.0531
1.0000,0.0012,-0.0942
1.0000,0.0898,-0.0075
1.0000,0.2319,0.1328
1.0000,0.0946,-0.0063
1.0000,0.1838,0.0811
1.0000,0.2033,0.0989
1.0000,0.0794,-0.0267
1.0000,0.1562,0.0484
1.0000,0.1521,0.0428
1.0000,0.2712,0.1604
1.0000,0.1986,0.0862
1.0000,0.1835,0.0697
1.0000,0.1489,0.0337
1.0000,0.2479,0.1314
1.0000,0.1760,0.0582
1.0000,0.2830,0.1639
1.0000,0.1823,0.0620
1.0000,0.1107,-0.0108
1.0000,0.2798,0.1572
1.0000,0.2873,0.1636
1.0000,0.2821,0.1574
1.0000,0.1702,0.0444
1.0000,0.2426,0.1160
1.0000,0.2394,0.1118
1.0000,0.1864,0.0580
1.0000,0.2518,0.1226
1.0000,0.2838,0.1538
1.0000,0.1401,0.0095
1.0000,0.2130,0.0817
1.0000,0.1626,0.0307
1.0000,0.1419,0.0094
1.0000,0.3332,0.2002
1.0000,0.2513,0.1179
1.0000,0.1569,0.0230
1.0000,0.3438,0.2095
1.0000,0.2394,0.1049
1.0000,0.3281,0.1933
1.0000,0.3130,0.1780
1.0000,0.2635,0.1283
1.0000,0.3372,0.2019
1.0000,0.2845,0.1492
1.0000,0.3449,0.2095
1.0000,0.3162,0.1809
1.0000,0.2422,0.1069
1.0000,0.2705,0.1354
1.0000,0.1927,0.0578
1.0000,0.1248,-0.0099
1.0000,0.2184,0.0839
1.0000,0.2553,0.1211
1.0000,0.1398,0.0060
1.0000,0.1516,0.0183
1.0000,0.1370,0.0041
1.0000,0.3656,0.2332
1.0000,0.2740,0.1423
1.0000,0.1892,0.0581
1.0000,0.2362,0.1057
1.0000,0.3381,0.2084
1.0000,0.1540,0.0251
1.0000,0.1945,0.0664
1.0000,0.2777,0.1505
1.0000,0.1682,0.0420
1.0000,0.2094,0.0841
1.0000,0.4116,0.2874
1.0000,0.2676,0.1445
1.0000,0.3070,0.1850
1.0000,0.4095,0.2887
1.0000,0.3669,0.2473
1.0000,0.2501,0.1318
1.0000,0.3685,0.2515
1.0000,0.3354,0.2199
1.0000,0.4246,0.3104
1.0000,0.4250,0.3124
1.0000,0.2200,0.1090
1.0000,0.2541,0.1446
1.0000,0.3891,0.2813
1.0000,0.2252,0.1191
1.0000,0.2241,0.1197
1.0000,0.1937,0.0911
1.0000,0.3066,0.2059
1.0000,0.4205,0.3217
1.0000,0.2830,0.1861
1.0000,0.3283,0.2335
1.0000,0.3202,0.2274
1.0000,0.4054,0.3148
1.0000,0.3126,0.2241
1.0000,0.2166,0.1303
1.0000,0.2824,0.1984
1.0000,0.2390,0.1573
1.0000,0.3638,0.2844
1.0000,0.4188,0.3419
1.0000,0.3796,0.3051
1.0000,0.3082,0.2362
1.0000,0.2803,0.2109
1.0000,0.3004,0.2336
1.0000,0.2775,0.2135
1.0000,0.3645,0.3032
1.0000,0.3905,0.3320
1.0000,0.3750,0.3192
1.0000,0.2391,0.1863
1.0000,0.2795,0.2296
1.0000,0.3998,0.3528
1.0000,0.2695,0.2256
1.0000,0.4129,0.3720
1.0000,0.4497,0.4120
1.0000,0.2239,0.1894
1.0000,0.4658,0.4345
1.0000,0.3208,0.2928
1.0000,0.2940,0.2693
1.0000,0.4083,0.3869
1.0000,0.2275,0.2096
1.0000,0.2903,0.2758
1.0000,0.2439,0.2330
1.0000,0.3818,0.3745
1.0000,0.3100,0.3063
1.0000,0.3220,0.3220
1.0000,0.2528,0.2566
1.0000,0.4124,0.4199
1.0000,0.2341,0.2455
1.0000,0.3313,0.3465
1.0000,0.3022,0.3213
1.0000,0.3046,0.3277
1.0000,0.2627,0.2898
1.0000,0.2339,0.2651
1.0000,0.3936,0.4289
1.0000,0.4439,0.4834
1.0000,0.4374,0.4811
1.0000,0.2434,0.2914
1.0000,0.3806,0.4329
1.0000,0.2861,0.3428
1.0000,0.3729,0.4339
1.0000,0.4587,0.5242
1.0000,0.3537,0.4236
1.0000,0.3627,0.4372
1.0000,0.4191,0.4982
1.0000,0.2340,0.3177
1.0000,0.4457,0.5342
1.0000,0.4201,0.5133
1.0000,0.3417,0.4397
1.0000,0.4126,0.5154
1.0000,0.4752,0.5829
1.0000,0.2409,0.3535
1.0000,0.4083,0.5258
1.0000,0.2538,0.3764
1.0000,0.3039,0.4316
1.0000,0.4742,0.6070
1.0000,0.3863,0.5242
1.0000,0.4783,0.6213
1.0000,0.4671,0.6154
1.0000,0.3153,0.4689
1.0000,0.4555,0.6144
1.0000,0.4242,0.5885
1.0000,0.4553,0.6250
1.0000,0.4697,0.6449
1.0000,0.3176,0.4983
1.0000,0.2413,0.4276
1.0000,0.2820,0.4738
1.0000,0.2663,0.4637
1.0000,0.2159,0.4190
1.0000,0.2385,0.4473
1.0000,0.2694,0.4840
1.0000,0.4388,0.6592
1.0000,0.3560,0.5822
1.0000,0.3740,0.6061
1.0000,0.2228,0.4609
1.0000,0.2225,0.4666
1.0000,0.2551,0.5051
1.0000,0.3438,0.5999
1.0000,0.2390,0.5012
1.0000,0.2875,0.5558
1.0000,0.2163,0.4908
1.0000,0.2168,0.4974
1.0000,0.3871,0.6741
1.0000,0.2362,0.5294
1.0000,0.3290,0.6286
1.0000,0.3166,0.6225
1.0000,0.2330,0.5453
1.0000,0.2925,0.6113
1.0000,0.2081,0.5334
1.0000,0.2137,0.5454
1.0000,0.1924,0.5307
1.0000,0.2656,0.6105
1.0000,0.3545,0.7060
1.0000,0.2462,0.6044
1.0000,0.1989,0.5639
1.0000,0.3361,0.7078
1.0000,0.2529,0.6314
1.0000,0.3942,0.7794
1.0000,0.3593,0.7514
1.0000,0.3793,0.7783
1.0000,0.3011,0.7070
1.0000,0.3071,0.7200
1.0000,0.3807,0.8005
1.0000,0.2061,0.6329
1.0000,0.2883,0.7222
1.0000,0.1906,0.6316
1.0000,0.3097,0.7579
1.0000,0.1674,0.6227
1.0000,0.3160,0.7785
1.0000,0.3044,0.7741
1.0000,0.3833,0.8602
1.0000,0.2844,0.7686
1.0000,0.2348,0.7263
1.0000,0.2557,0.7546
1.0000,0.1775,0.6838
1.0000,0.3737,0.8873
1.0000,0.3263,0.8474
1.0000,0.1912,0.7198
1.0000,0.2772,0.8132
1.0000,0.2960,0.8395
1.0000,0.1823,0.7334
1.0000,0.3322,0.8909
1.0000,0.2458,0.8120
1.0000,0.1398,0.7137
1.0000,0.2200,0.8015
1.0000,0.0964,0.6856
1.0000,0.2336,0.8306
1.0000,0.3198,0.9245
1.0000,0.3005,0.9130
1.0000,0.0761,0.6964
1.0000,0.2140,0.8421
1.0000,0.1645,0.8005
1.0000,0.0701,0.7139
1.0000,0.2952,0.9469
1.0000,0.2187,0.8783
1.0000,0.2068,0.8743
1.0000,0.1863,0.8618
1.0000,0.1756,0.8591
1.0000,0.2265,0.9180
1.0000,0.1097,0.8093
1.0000,0.2568,0.9643
1.0000,0.0324,0.7480
1.0000,0.1521,0.8758
1.0000,0.1316,0.8634
1.0000,0.1879,0.9279
1.0000,0.2142,0.9624
1.0000,0.1985,0.9548
1.0000,0.0095,0.7740
1.0000,0.2184,0.9911
1.0000,0.0946,0.8755
1.0000,0.0525,0.8416
1.0000,0.1729,0.9704
1.0000,0.0755,0.8812
1.0000,0.0798,0.8938
1.0000,0.0807,0.9030
1.0000,0.0820,0.9127
1.0000,0.0101,0.8491
1.0000,0.0879,0.9353
1.0000,0.0354,0.8912
1.0000,-0.0130,0.8511
1.0000,0.0969,0.9694
1.0000,-0.0180,0.8630
1.0000,0.1744,1.0638
1.0000,-0.0657,0.8321
1.0000,0.1769,1.0832
1.0000,0.1219,1.0366
1.0000,-0.0584,0.8648
1.0000,-0.0679,0.8638
1.0000,0.0813,1.0216
1.0000,0.0936,1.0423
1.0000,-0.0341,0.9232
1.0000,-0.0723,0.8935
1.0000,-0.0918,0.8825
1.0000,0.0381,1.0209
1.0000,0.0890,1.0805
1.0000,-0.0672,0.9328
2.0000,-0.0645,-0.0612
2.0000,0.1148,0.1215
2.0000,-0.0841,-0.0739
2.0000,0.1077,0.1213
2.0000,-0.0342,-0.0171
2.0000,0.1051,0.1257
2.0000,0.0931,0.1173
2.0000,0.1230,0.1508
2.0000,-0.0537,-0.0223
2.0000,0.0843,0.1193
2.0000,0.1178,0.1565
2.0000,-0.0003,0.0421
2.0000,0.1149,0.1611
2.0000,0.0098,0.0598
2.0000,0.0472,0.1010
2.0000,-0.0586,-0.0010
2.0000,-0.0248,0.0367
2.0000,0.0160,0.0814
2.0000,-0.0337,0.0356
2.0000,-0.0960,-0.0227
2.0000,-0.0291,0.0481
2.0000,-0.0602,0.0211
2.0000,0.0664,0.1518
2.0000,-0.0498,0.0396
2.0000,-0.0262,0.0673
2.0000,0.0613,0.1589
2.0000,0.0984,0.2002
2.0000,0.1000,0.2060
2.0000,0.1116,0.2217
2.0000,-0.0365,0.0779
2.0000,-0.0854,0.0332
2.0000,0.0648,0.1878
2.0000,0.0130,0.1402
2.0000,-0.1352,-0.0036
2.0000,-0.1394,-0.0035
2.0000,0.0634,0.2037
2.0000,0.0597,0.2045
2.0000,-0.0474,0.1018
2.0000,0.0118,0.1655
2.0000,-0.0717,0.0864
2.0000,-0.0611,0.1015
2.0000,0.0440,0.2111
2.0000,-0.0834,0.0883
2.0000,-0.1169,0.0593
2.0000,0.0031,0.1840
2.0000,0.0378,0.2233
2.0000,-0.0247,0.1654
2.0000,-0.1080,0.0867
2.0000,-0.0922,0.1073
2.0000,-0.1499,0.0542
2.0000,0.0100,0.2188
2.0000,-0.0295,0.1841
2.0000,-0.1100,0.1083
2.0000,-0.1549,0.0682
2.0000,0.0734,0.3013
2.0000,0.0712,0.3038
2.0000,-0.0439,0.1935
2.0000,-0.0643,0.1780
2.0000,-0.1786,0.0685
2.0000,-0.0534,0.1986
2.0000,-0.0042,0.2527
2.0000,-0.1134,0.1483
2.0000,-0.1181,0.1486
2.0000,-0.1892,0.0824
2.0000,0.0140,0.2906
2.0000,-0.1241,0.1575
2.0000,-0.0327,0.2537
2.0000,-0.0329,0.2586
2.0000,-0.0632,0.2333
2.0000,-0.0606,0.2409
2.0000,-0.0165,0.2900
2.0000,-0.1857,0.1258
2.0000,-0.0274,0.2891
2.0000,-0.2129,0.1087
2.0000,-0.0036,0.3231
2.0000,-0.0174,0.3143
2.0000,-0.0204,0.3164
2.0000,-0.0374,0.3045
2.0000,-0.0210,0.3260
2.0000,-0.1760,0.1761
2.0000,-0.2145,0.1426
2.0000,-0.1036,0.2587
2.0000,-0.0984,0.2690
2.0000,-0.1130,0.2596
2.0000,-0.1185,0.2592
2.0000,-0.2142,0.1687
2.0000,-0.0947,0.2933
2.0000,-0.0756,0.3176
2.0000,-0.1949,0.2035
2.0000,-0.1072,0.2963
2.0000,-0.1824,0.2263
2.0000,-0.2248,0.1891
2.0000,-0.1575,0.2615
2.0000,-0.0532,0.3710
2.0000,-0.2764,0.1530
2.0000,-0.1589,0.2757
2.0000,-0.1741,0.2657
2.0000,-0.1310,0.3140
2.0000,-0.2065,0.2437
2.0000,-0.2325,0.2228
2.0000,-0.0994,0.3612
2.0000,-0.2077,0.2580
2.0000,-0.2984,0.1725
2.0000,-0.2959,0.1802
2.0000,-0.2122,0.2691
2.0000,-0.0940,0.3925
2.0000,-0.1956,0.2961
2.0000,-0.3029,0.1940
2.0000,-0.2739,0.2281
2.0000,-0.2594,0.2478
2.0000,-0.1625,0.3499
2.0000,-0.1068,0.4107
2.0000,-0.1747,0.3481
2.0000,-0.3337,0.1942
2.0000,-0.1593,0.3738
2.0000,-0.2354,0.3028
2.0000,-0.2308,0.3126
2.0000,-0.1040,0.4444
2.0000,-0.1257,0.4279
2.0000,-0.2412,0.3175
2.0000,-0.1337,0.4301
2.0000,-0.2161,0.3528
2.0000,-0.2338,0.3402
2.0000,-0.3209,0.2583
2.0000,-0.2614,0.3228
2.0000,-0.2001,0.3892
2.0000,-0.3298,0.2646
2.0000,-0.3197,0.2797
2.0000,-0.1643,0.4402
2.0000,-0.1834,0.4260
2.0000,-0.1625,0.4520
2.0000,-0.2790,0.3405
2.0000,-0.2126,0.4119
2.0000,-0.3893,0.2401
2.0000,-0.1908,0.4437
2.0000,-0.2127,0.4267
2.0000,-0.3243,0.3200
2.0000,-0.2588,0.3904
2.0000,-0.3864,0.2677
2.0000,-0.3446,0.3144
2.0000,-0.3934,0.2705
2.0000,-0.3987,0.2701
2.0000,-0.2186,0.4550
2.0000,-0.2676,0.4109
2.0000,-0.4445,0.2388
2.0000,-0.4526,0.2355
2.0000,-0.2801,0.4127
2.0000,-0.3630,0.3347
2.0000,-0.3602,0.3422
2.0000,-0.4689,0.2382
2.0000,-0.4121,0.2997
2.0000,-0.3938,0.3227
2.0000,-0.3364,0.3848
2.0000,-0.4534,0.2724
2.0000,-0.3775,0.3530
2.0000,-0.2530,0.4820
2.0000,-0.3688,0.3708
2.0000,-0.3064,0.4377
2.0000,-0.2957,0.4530
2.0000,-0.4533,0.2999
2.0000,-0.2905,0.4672
2.0000,-0.4230,0.3391
2.0000,-0.3173,0.4493
2.0000,-0.3713,0.3997
2.0000,-0.5270,0.2485
2.0000,-0.4325,0.3473
2.0000,-0.3671,0.4170
2.0000,-0.4876,0.3009
2.0000,-0.5576,0.2352
2.0000,-0.3528,0.4442
2.0000,-0.4477,0.3536
2.0000,-0.3528,0.4526
2.0000,-0.5628,0.2468
2.0000,-0.3880,0.4258
2.0000,-0.3734,0.4445
2.0000,-0.5906,0.2314
2.0000,-0.5072,0.3189
2.0000,-0.4523,0.3778
2.0000,-0.4594,0.3747
2.0000,-0.5445,0.2936
2.0000,-0.5861,0.2559
2.0000,-0.5557,0.2903
2.0000,-0.5151,0.3347
2.0000,-0.3821,0.4716
2.0000,-0.5770,0.2805
2.0000,-0.5424,0.3189
2.0000,-0.6014,0.2637
2.0000,-0.4177,0.4511
2.0000,-0.6219,0.2506
2.0000,-0.6410,0.2351
2.0000,-0.5422,0.3375
2.0000,-0.4719,0.4114
2.0000,-0.5232,0.3637
2.0000,-0.5704,0.3200
2.0000,-0.6487,0.2452
2.0000,-0.4905,0.4067
2.0000,-0.6289,0.2718
2.0000,-0.5454,0.3586
2.0000,-0.5785,0.3289
2.0000,-0.5497,0.3610
2.0000,-0.4618,0.4522
2.0000,-0.5895,0.3276
2.0000,-0.6860,0.2344
2.0000,-0.5604,0.3630
2.0000,-0.6014,0.3252
2.0000,-0.5574,0.3722
2.0000,-0.6587,0.2740
2.0000,-0.7108,0.2249
2.0000,-0.5855,0.3531
2.0000,-0.6254,0.3161
2.0000,-0.5674,0.3769
2.0000,-0.5125,0.4346
2.0000,-0.5117,0.4383
2.0000,-0.5401,0.4126
2.0000,-0.7343,0.2211
2.0000,-0.7490,0.2090
2.0000,-0.5538,0.4069
2.0000,-0.7214,0.2418
2.0000,-0.6828,0.2830
2.0000,-0.5677,0.4005
2.0000,-0.6179,0.3527
2.0000,-0.6841,0.2889
2.0000,-0.7782,0.1972
2.0000,-0.8108,0.1669
2.0000,-0.7445,0.2354
2.0000,-0.6884,0.2938
2.0000,-0.7558,0.2285
2.0000,-0.6445,0.3419
2.0000,-0.7521,0.2363
2.0000,-0.7087,0.2818
2.0000,-0.7875,0.2050
2.0000,-0.5990,0.3954
2.0000,-0.7480,0.2483
2.0000,-0.7089,0.2892
2.0000,-0.6603,0.3396
2.0000,-0.6344,0.3672
2.0000,-0.6844,0.3190
2.0000,-0.8039,0.2010
2.0000,-0.6582,0.3484
2.0000,-0.8710,0.1371
2.0000,-0.8354,0.1742
2.0000,-0.8591,0.1519
2.0000,-0.7295,0.2829
2.0000,-0.7776,0.2361
2.0000,-0.8009,0.2140
2.0000,-0.6792,0.3370
2.0000,-0.7229,0.2945
2.0000,-0.8915,0.1271
2.0000,-0.7333,0.2863
2.0000,-0.8065,0.2142
2.0000,-0.8812,0.1404
2.0000,-0.7845,0.2380
2.0000,-0.8544,0.1690
2.0000,-0.8195,0.2047
2.0000,-0.9451,0.0798
2.0000,-0.8271,0.1986
2.0000,-0.9577,0.0686
2.0000,-0.9631,0.0638
2.0000,-0.7164,0.3110
2.0000,-0.8920,0.1359
2.0000,-0.7808,0.2475
2.0000,-0.8323,0.1965
2.0000,-0.7939,0.2352
2.0000,-0.7672,0.2621
2.0000,-0.8205,0.2090
2.0000,-0.8844,0.1452
2.0000,-0.7946,0.2351
2.0000,-0.9794,0.0504
2.0000,-0.8722,0.1576
2.0000,-0.9860,0.0437
2.0000,-0.9295,0.1001
2.0000,-1.0089,0.0205
2.0000,-0.8855,0.1437
2.0000,-0.9831,0.0457
2.0000,-0.9172,0.1113
2.0000,-0.9362,0.0918
2.0000,-0.9760,0.0516
2.0000,-0.8542,0.1729
2.0000,-0.9025,0.1240
2.0000,-0.9577,0.0681
2.0000,-0.8449,0.1802
2.0000,-0.9366,0.0877
2.0000,-0.8259,0.1975
2.0000,-0.8951,0.1274
2.0000,-1.0042,0.0174
2.0000,-0.9518,0.0688
2.0000,-0.8339,0.1856
2.0000,-0.9932,0.0252
2.0000,-0.8923,0.1249
2.0000,-1.0156,0.0004
2.0000,-0.8580,0.1567
2.0000,-0.9765,0.0367
2.0000,-0.9991,0.0127
2.0000,-0.8790,0.1313
2.0000,-1.0217,-0.0130
2.0000,-1.0185,-0.0114
2.0000,-0.9546,0.0509
2.0000,-0.9373,0.0664
2.0000,-0.8732,0.1287
2.0000,-0.9097,0.0903
3.0000,0.0765,0.0799
3.0000,0.0998,0.1064
3.0000,-0.0435,-0.0337
3.0000,-0.0097,0.0034
3.0000,0.0325,0.0487
3.0000,-0.1198,-0.1004
3.0000,0.0015,0.0239
3.0000,0.0287,0.0542
3.0000,-0.0761,-0.0475
3.0000,-0.0784,-0.0469
3.0000,0.0735,0.1080
3.0000,-0.0072,0.0302
3.0000,-0.1253,-0.0851
3.0000,0.0587,0.1018
3.0000,0.0341,0.0801
3.0000,-0.1475,-0.0989
3.0000,-0.0718,-0.0204
3.0000,-0.1779,-0.1238
3.0000,0.0343,0.0910
3.0000,0.0257,0.0850
3.0000,-0.0890,-0.0271
3.0000,-0.1448,-0.0804
3.0000,-0.1018,-0.0349
3.0000,-0.1645,-0.0952
3.0000,-0.0285,0.0432
3.0000,-0.1725,-0.0984
3.0000,-0.0961,-0.0197
3.0000,-0.0195,0.0592
3.0000,-0.0970,-0.0161
3.0000,-0.1923,-0.1092
3.0000,0.0144,0.0997
3.0000,0.0088,0.0962
3.0000,-0.1708,-0.0813
3.0000,-0.1979,-0.1064
3.0000,-0.2083,-0.1148
3.0000,0.0056,0.1010
3.0000,-0.1792,-0.0819
3.0000,-0.0202,0.0790
3.0000,-0.2137,-0.1127
3.0000,-0.1205,-0.0178
3.0000,-0.0669,0.0375
3.0000,-0.1555,-0.0494
3.0000,-0.2344,-0.1267
3.0000,-0.0742,0.0351
3.0000,-0.0312,0.0797
3.0000,-0.1323,-0.0200
3.0000,-0.2317,-0.1179
3.0000,-0.2534,-0.1382
3.0000,-0.1494,-0.0329
3.0000,-0.1654,-0.0475
3.0000,-0.1177,0.0015
3.0000,-0.0548,0.0655
3.0000,-0.1952,-0.0737
3.0000,-0.1650,-0.0423
3.0000,-0.2905,-0.1668
3.0000,-0.0927,0.0320
3.0000,-0.2992,-0.1735
3.0000,-0.0802,0.0465
3.0000,-0.1534,-0.0258
3.0000,-0.2528,-0.1244
3.0000,-0.2463,-0.1171
3.0000,-0.1016,0.0283
3.0000,-0.3087,-0.1780
3.0000,-0.3088,-0.1775
3.0000,-0.1950,-0.0631
3.0000,-0.1226,0.0099
3.0000,-0.2284,-0.0955
3.0000,-0.0986,0.0349
3.0000,-0.2111,-0.0773
3.0000,-0.0944,0.0398
3.0000,-0.1751,-0.0406
3.0000,-0.3069,-0.1721
3.0000,-0.2157,-0.0807
3.0000,-0.3520,-0.2168
3.0000,-0.1607,-0.0254
3.0000,-0.2210,-0.0856
3.0000,-0.2412,-0.1058
3.0000,-0.3175,-0.1821
3.0000,-0.1903,-0.0550
3.0000,-0.2866,-0.1515
3.0000,-0.1868,-0.0518
3.0000,-0.1938,-0.0591
3.0000,-0.3481,-0.2136
3.0000,-0.2842,-0.1500
3.0000,-0.1314,0.0024
3.0000,-0.3402,-0.2069
3.0000,-0.1447,-0.0118
3.0000,-0.2289,-0.0966
3.0000,-0.1842,-0.0525
3.0000,-0.3729,-0.2417
3.0000,-0.3208,-0.1904
3.0000,-0.2870,-0.1573
3.0000,-0.2755,-0.1466
3.0000,-0.1681,-0.0400
3.0000,-0.3841,-0.2569
3.0000,-0.1560,-0.0298
3.0000,-0.3745,-0.2492
3.0000,-0.3928,-0.2686
3.0000,-0.3043,-0.1811
3.0000,-0.2464,-0.1244
3.0000,-0.3686,-0.2478
3.0000,-0.2901,-0.1706
3.0000,-0.3193,-0.2010
3.0000,-0.2399,-0.1229
3.0000,-0.4137,-0.2981
3.0000,-0.1904,-0.0763
3.0000,-0.2418,-0.1292
3.0000,-0.4143,-0.3033
3.0000,-0.2460,-0.1365
3.0000,-0.3443,-0.2365
3.0000,-0.2682,-0.1621
3.0000,-0.2288,-0.1244
3.0000,-0.3756,-0.2730
3.0000,-0.2661,-0.1654
3.0000,-0.3988,-0.3000
3.0000,-0.4387,-0.3419
3.0000,-0.2725,-0.1777
3.0000,-0.2297,-0.1370
3.0000,-0.2579,-0.1672
3.0000,-0.4392,-0.3507
3.0000,-0.3378,-0.2515
3.0000,-0.4037,-0.3197
3.0000,-0.2594,-0.1777
3.0000,-0.3367,-0.2573
3.0000,-0.3468,-0.2699
3.0000,-0.3787,-0.3042
3.0000,-0.2468,-0.1748
3.0000,-0.2752,-0.2058
3.0000,-0.2589,-0.1922
3.0000,-0.3363,-0.2722
3.0000,-0.3042,-0.2429
3.0000,-0.3478,-0.2893
3.0000,-0.2817,-0.2260
3.0000,-0.4250,-0.3721
3.0000,-0.4290,-0.3790
3.0000,-0.3457,-0.2988
3.0000,-0.3323,-0.2884
3.0000,-0.4484,-0.4075
3.0000,-0.2761,-0.2383
3.0000,-0.2612,-0.2267
3.0000,-0.2904,-0.2591
3.0000,-0.3067,-0.2787
3.0000,-0.4015,-0.3768
3.0000,-0.3183,-0.2970
3.0000,-0.2323,-0.2144
3.0000,-0.2394,-0.2250
3.0000,-0.2518,-0.2409
3.0000,-0.4731,-0.4658
3.0000,-0.4740,-0.4703
3.0000,-0.4485,-0.4485
3.0000,-0.3754,-0.3791
3.0000,-0.2657,-0.2732
3.0000,-0.3102,-0.3216
3.0000,-0.3335,-0.3487
3.0000,-0.3935,-0.4127
3.0000,-0.3090,-0.3321
3.0000,-0.4009,-0.4280
3.0000,-0.2880,-0.3192
3.0000,-0.2320,-0.2673
3.0000,-0.2425,-0.2819
3.0000,-0.3010,-0.3447
3.0000,-0.3077,-0.3556
3.0000,-0.4736,-0.5259
3.0000,-0.2778,-0.3344
3.0000,-0.3671,-0.4281
3.0000,-0.3599,-0.4254
3.0000,-0.3954,-0.4653
3.0000,-0.4097,-0.4842
3.0000,-0.4128,-0.4919
3.0000,-0.2716,-0.3554
3.0000,-0.3403,-0.4288
3.0000,-0.3816,-0.4748
3.0000,-0.3444,-0.4424
3.0000,-0.3452,-0.4480
3.0000,-0.4094,-0.5170
3.0000,-0.4298,-0.5424
3.0000,-0.4250,-0.5426
3.0000,-0.3125,-0.4350
3.0000,-0.3099,-0.4375
3.0000,-0.2665,-0.3993
3.0000,-0.2987,-0.4366
3.0000,-0.2882,-0.4313
3.0000,-0.2247,-0.3730
3.0000,-0.2674,-0.4210
3.0000,-0.2756,-0.4345
3.0000,-0.2920,-0.4563
3.0000,-0.2831,-0.4529
3.0000,-0.3990,-0.5742
3.0000,-0.4675,-0.6482
3.0000,-0.3205,-0.5067
3.0000,-0.4582,-0.6500
3.0000,-0.4426,-0.6400
3.0000,-0.2856,-0.4887
3.0000,-0.3132,-0.5220
3.0000,-0.4125,-0.6271
3.0000,-0.4575,-0.6779
3.0000,-0.3256,-0.5518
3.0000,-0.3522,-0.5843
3.0000,-0.2610,-0.4990
3.0000,-0.2987,-0.5427
3.0000,-0.3090,-0.5590
3.0000,-0.4121,-0.6681
3.0000,-0.2923,-0.5544
3.0000,-0.2796,-0.5479
3.0000,-0.3881,-0.6625
3.0000,-0.3015,-0.5822
3.0000,-0.3908,-0.6777
3.0000,-0.4109,-0.7042
3.0000,-0.2639,-0.5634
3.0000,-0.4069,-0.7128
3.0000,-0.4373,-0.7496
3.0000,-0.4202,-0.7390
3.0000,-0.2321,-0.5573
3.0000,-0.3999,-0.7317
3.0000,-0.2243,-0.5626
3.0000,-0.3353,-0.6803
3.0000,-0.2142,-0.5658
3.0000,-0.2221,-0.5804
3.0000,-0.2189,-0.5838
3.0000,-0.4191,-0.7908
3.0000,-0.2163,-0.5947
3.0000,-0.2402,-0.6254
3.0000,-0.3584,-0.7505
3.0000,-0.2709,-0.6698
3.0000,-0.1806,-0.5865
3.0000,-0.4029,-0.8158
3.0000,-0.3949,-0.8147
3.0000,-0.4010,-0.8278
3.0000,-0.2564,-0.6903
3.0000,-0.2700,-0.7110
3.0000,-0.2415,-0.6896
3.0000,-0.3863,-0.8416
3.0000,-0.2841,-0.7466
3.0000,-0.2300,-0.6996
3.0000,-0.2370,-0.7140
3.0000,-0.1463,-0.6305
3.0000,-0.1913,-0.6828
3.0000,-0.2498,-0.7487
3.0000,-0.3606,-0.8669
3.0000,-0.1634,-0.6771
3.0000,-0.2479,-0.7690
3.0000,-0.3625,-0.8911
3.0000,-0.3211,-0.8571
3.0000,-0.1285,-0.6721
3.0000,-0.2864,-0.8375
3.0000,-0.2520,-0.8107
3.0000,-0.2079,-0.7741
3.0000,-0.1964,-0.7703
3.0000,-0.3126,-0.8942
3.0000,-0.1066,-0.6958
3.0000,-0.2238,-0.8208
3.0000,-0.3308,-0.9355
3.0000,-0.1149,-0.7274
3.0000,-0.2049,-0.8252
3.0000,-0.3040,-0.9321
3.0000,-0.1013,-0.7372
3.0000,-0.0984,-0.7422
3.0000,-0.2860,-0.9377
3.0000,-0.2757,-0.9353
3.0000,-0.2590,-0.9265
3.0000,-0.0963,-0.7718
3.0000,-0.1191,-0.8026
3.0000,-0.1513,-0.8428
3.0000,-0.2003,-0.8998
3.0000,-0.2702,-0.9777
3.0000,-0.2484,-0.9641
3.0000,-0.0565,-0.7802
3.0000,-0.1418,-0.8736
3.0000,-0.2436,-0.9836
3.0000,-0.1545,-0.9026
3.0000,-0.0138,-0.7701
3.0000,-0.0658,-0.8303
3.0000,-0.1879,-0.9606
3.0000,-0.0882,-0.8692
3.0000,-0.1321,-0.9213
3.0000,-0.1720,-0.9694
3.0000,-0.1207,-0.9264
3.0000,-0.2045,-1.0185
3.0000,-0.1240,-0.9463
3.0000,-0.0732,-0.9038
3.0000,0.0191,-0.8199
3.0000,-0.1709,-1.0183
3.0000,-0.0680,-0.9237
3.0000,0.0209,-0.8432
3.0000,0.0156,-0.8569
3.0000,-0.1699,-1.0508
3.0000,-0.1818,-1.0712
3.0000,-0.0616,-0.9594
3.0000,-0.1452,-1.0515
3.0000,0.0702,-0.8446
3.0000,-0.1648,-1.0880
3.0000,0.0783,-0.8534
3.0000,0.0887,-0.8515
3.0000,0.0936,-0.8551
3.0000,-0.1461,-1.1033
3.0000,-0.0161,-0.9819
3.0000,-0.0070,-0.9813
3.0000,-0.1372,-1.1201
3.0000,-0.0704,-1.0618
3.0000,-0.1151,-1.1151
4.0000,0.0441,0.0408
4.0000,-0.0843,-0.0911
4.0000,-0.0076,-0.0178
4.0000,-0.0767,-0.0903
4.0000,-0.0684,-0.0855
4.0000,0.1011,0.0805
4.0000,0.1178,0.0936
4.0000,0.0873,0.0595
4.0000,0.0779,0.0465
4.0000,0.0685,0.0335
4.0000,-0.0967,-0.1354
4.0000,-0.1111,-0.1535
4.0000,0.0095,-0.0366
4.0000,-0.0335,-0.0835
4.0000,0.0408,-0.0129
4.0000,0.1222,0.0646
4.0000,-0.0579,-0.1194
4.0000,-0.0525,-0.1178
4.0000,-0.0739,-0.1432
4.0000,0.0355,-0.0377
4.0000,-0.0240,-0.1013
4.0000,0.0049,-0.0763
4.0000,-0.0843,-0.1696
4.0000,0.0642,-0.0252
4.0000,-0.0868,-0.1803
4.0000,0.0117,-0.0859
4.0000,0.1360,0.0342
4.0000,0.0932,-0.0128
4.0000,0.0114,-0.0988
4.0000,0.0765,-0.0379
4.0000,0.0025,-0.1162
4.0000,0.1076,-0.0153
4.0000,0.1377,0.0104
4.0000,0.1425,0.0109
4.0000,-0.0664,-0.2023
4.0000,-0.0799,-0.2203
4.0000,0.1345,-0.0103
4.0000,0.1139,-0.0353
4.0000,-0.0284,-0.1820
4.0000,0.0354,-0.1227
4.0000,0.1110,-0.0516
4.0000,0.0999,-0.0673
4.0000,0.0159,-0.1559
4.0000,0.0101,-0.1662
4.0000,-0.0314,-0.2123
4.0000,0.1187,-0.0667
4.0000,0.0240,-0.1662
4.0000,0.1507,-0.0441
4.0000,0.0471,-0.1523
4.0000,-0.0306,-0.2348
4.0000,-0.0101,-0.2190
4.0000,0.0050,-0.2085
4.0000,0.0488,-0.1695
4.0000,-0.0593,-0.2824
4.0000,0.0826,-0.1453
4.0000,0.1548,-0.0779
4.0000,0.0635,-0.1739
4.0000,-0.0574,-0.2997
4.0000,0.1238,-0.1233
4.0000,0.0139,-0.2381
4.0000,0.0324,-0.2245
4.0000,0.0577,-0.2041
4.0000,0.0553,-0.2114
4.0000,0.1659,-0.1057
4.0000,0.1295,-0.1470
4.0000,0.1866,-0.0950
4.0000,0.1541,-0.1324
4.0000,0.0421,-0.2494
4.0000,-0.0055,-0.3020
4.0000,0.1838,-0.1176
4.0000,0.1773,-0.1291
4.0000,-0.0255,-0.3370
4.0000,0.0268,-0.2898
4.0000,0.0775,-0.2441
4.0000,0.0768,-0.2498
4.0000,0.1561,-0.1756
4.0000,0.1509,-0.1859
4.0000,0.1958,-0.1461
4.0000,0.1903,-0.1567
4.0000,0.1446,-0.2074
4.0000,0.0262,-0.3310
4.0000,0.0433,-0.3190
4.0000,0.1998,-0.1676
4.0000,0.1848,-0.1878
4.0000,0.1918,-0.1859
4.0000,0.1969,-0.1860
4.0000,0.0045,-0.3835
4.0000,0.2411,-0.1520
4.0000,0.2540,-0.1444
4.0000,0.1106,-0.2929
4.0000,0.2658,-0.1429
4.0000,0.0278,-0.3860
4.0000,0.2176,-0.2015
4.0000,0.1202,-0.3040
4.0000,0.1368,-0.2925
4.0000,0.1552,-0.2794
4.0000,0.0778,-0.3620
4.0000,0.2307,-0.2142
4.0000,0.1084,-0.3417
4.0000,0.1842,-0.2711
4.0000,0.1556,-0.3049
4.0000,0.2669,-0.1988
4.0000,0.1851,-0.2859
4.0000,0.1376,-0.3385
4.0000,0.2124,-0.2689
4.0000,0.1486,-0.3379
4.0000,0.1393,-0.3523
4.0000,0.1947,-0.3022
4.0000,0.3100,-0.1920
4.0000,0.1560,-0.3512
4.0000,0.1768,-0.3356
4.0000,0.2061,-0.3115
4.0000,0.3123,-0.2104
4.0000,0.2695,-0.2584
4.0000,0.2468,-0.2862
4.0000,0.1957,-0.3425
4.0000,0.2155,-0.3278
4.0000,0.2803,-0.2682
4.0000,0.2765,-0.2771
4.0000,0.2287,-0.3301
4.0000,0.1974,-0.3664
4.0000,0.3143,-0.2546
4.0000,0.2845,-0.2895
4.0000,0.2720,-0.3071
4.0000,0.3652,-0.2190
4.0000,0.2503,-0.3390
4.0000,0.2198,-0.3745
4.0000,0.3401,-0.2593
4.0000,0.3896,-0.2148
4.0000,0.2790,-0.3304
4.0000,0.3777,-0.2368
4.0000,0.2868,-0.3327
4.0000,0.3123,-0.3122
4.0000,0.3514,-0.2781
4.0000,0.3040,-0.3304
4.0000,0.3490,-0.2903
4.0000,0.1845,-0.4599
4.0000,0.3344,-0.3148
4.0000,0.2983,-0.3558
4.0000,0.2700,-0.3890
4.0000,0.2506,-0.4134
4.0000,0.3274,-0.3414
4.0000,0.4375,-0.2362
4.0000,0.4144,-0.2641
4.0000,0.3959,-0.2874
4.0000,0.4311,-0.2570
4.0000,0.4000,-0.2929
4.0000,0.3596,-0.3381
4.0000,0.3080,-0.3943
4.0000,0.3946,-0.3125
4.0000,0.2800,-0.4318
4.0000,0.2552,-0.4613
4.0000,0.2416,-0.4796
4.0000,0.3318,-0.3940
4.0000,0.4600,-0.2704
4.0000,0.3240,-0.4110
4.0000,0.2926,-0.4470
4.0000,0.2810,-0.4632
4.0000,0.4627,-0.2860
4.0000,0.5058,-0.2474
4.0000,0.4924,-0.2653
4.0000,0.2918,-0.4703
4.0000,0.3145,-0.4521
4.0000,0.5164,-0.2546
4.0000,0.3992,-0.3763
4.0000,0.4861,-0.2937
4.0000,0.3636,-0.4205
4.0000,0.3691,-0.4193
4.0000,0.5566,-0.2361
4.0000,0.4599,-0.3371
4.0000,0.5570,-0.2442
4.0000,0.4908,-0.3146
4.0000,0.5531,-0.2565
4.0000,0.3984,-0.4154
4.0000,0.4444,-0.3735
4.0000,0.3800,-0.4420
4.0000,0.3914,-0.4347
4.0000,0.4950,-0.3351
4.0000,0.5092,-0.3249
4.0000,0.5707,-0.2674
4.0000,0.3797,-0.4624
4.0000,0.4374,-0.4085
4.0000,0.4465,-0.4033
4.0000,0.4425,-0.4111
4.0000,0.5674,-0.2901
4.0000,0.6164,-0.2449
4.0000,0.6371,-0.2279
4.0000,0.4569,-0.4119
4.0000,0.4505,-0.4219
4.0000,0.4363,-0.4398
4.0000,0.4117,-0.4680
4.0000,0.6549,-0.2284
4.0000,0.4885,-0.3983
4.0000,0.4973,-0.3931
4.0000,0.6356,-0.2582
4.0000,0.6033,-0.2940
4.0000,0.5447,-0.3559
4.0000,0.5527,-0.3513
4.0000,0.5305,-0.3769
4.0000,0.5991,-0.3116
4.0000,0.6932,-0.2207
4.0000,0.6800,-0.2371
4.0000,0.6597,-0.2607
4.0000,0.6279,-0.2956
4.0000,0.5565,-0.3701
4.0000,0.7150,-0.2147
4.0000,0.7249,-0.2077
4.0000,0.6360,-0.2997
4.0000,0.7195,-0.2191
4.0000,0.6893,-0.2522
4.0000,0.6448,-0.2995
4.0000,0.7023,-0.2448
4.0000,0.7033,-0.2466
4.0000,0.5278,-0.4249
4.0000,0.6408,-0.3146
4.0000,0.6186,-0.3394
4.0000,0.6620,-0.2987
4.0000,0.5465,-0.4167
4.0000,0.7111,-0.2547
4.0000,0.7644,-0.2038
4.0000,0.5888,-0.3818
4.0000,0.5832,-0.3899
4.0000,0.5761,-0.3993
4.0000,0.6069,-0.3707
4.0000,0.6742,-0.3057
4.0000,0.6992,-0.2830
4.0000,0.6933,-0.2910
4.0000,0.6246,-0.3618
4.0000,0.6703,-0.3182
4.0000,0.7835,-0.2070
4.0000,0.8023,-0.1901
4.0000,0.6433,-0.3511
4.0000,0.6976,-0.2987
4.0000,0.8400,-0.1581
4.0000,0.6451,-0.3548
4.0000,0.7308,-0.2709
4.0000,0.8659,-0.1374
4.0000,0.7775,-0.2274
4.0000,0.8089,-0.1977
4.0000,0.6741,-0.3340
4.0000,0.8879,-0.1217
4.0000,0.7253,-0.2857
4.0000,0.8517,-0.1606
4.0000,0.7141,-0.2996
4.0000,0.7979,-0.2171
4.0000,0.7391,-0.2771
4.0000,0.8738,-0.1436
4.0000,0.8937,-0.1248
4.0000,0.6926,-0.3270
4.0000,0.8089,-0.2117
4.0000,0.9233,-0.0982
4.0000,0.8996,-0.1229
4.0000,0.7385,-0.2848
4.0000,0.8556,-0.1686
4.0000,0.8038,-0.2212
4.0000,0.7213,-0.3044
4.0000,0.9604,-0.0659
4.0000,0.8118,-0.2151
4.0000,0.7464,-0.2810
4.0000,0.7820,-0.2459
4.0000,0.9241,-0.1042
4.0000,0.9669,-0.0618
4.0000,0.9229,-0.1062
4.0000,0.9725,-0.0568
4.0000,0.8342,-0.1954
4.0000,0.7975,-0.2322
4.0000,0.8954,-0.1343
4.0000,0.9633,-0.0665
4.0000,0.7710,-0.2588
4.0000,0.9390,-0.0907
4.0000,0.8919,-0.1377
4.0000,0.9086,-0.1208
4.0000,0.8825,-0.1467
4.0000,0.7880,-0.2409
4.0000,1.0251,-0.0034
4.0000,0.9181,-0.1100
4.0000,0.9865,-0.0411
4.0000,0.9881,-0.0390
4.0000,0.8971,-0.1293
4.0000,0.8130,-0.2127
4.0000,0.9315,-0.0936
4.0000,0.9740,-0.0503
4.0000,0.9828,-0.0407
4.0000,1.0224,-0.0001
4.0000,1.0354,0.0138
4.0000,1.0104,-0.0102
4.0000,0.8930,-0.1265
4.0000,0.9212,-0.0972
4.0000,0.9680,-0.0492
4.0000,1.0259,0.0100
4.0000,0.9561,-0.0585
4.0000,0.9145,-0.0987
4.0000,0.8998,-0.1120
4.0000,0.8845,-0.1258
4.0000,1.0631,0.0544
4.0000,0.9831,-0.0241
4.0000,0.9239,-0.0815
4.0000,0.9555,-0.0482
4.0000,1.0015,-0.0003
4.0000,1.1132,0.1132
