1.0000,0.0061,0.0051
1.0000,0.0140,0.0120
1.0000,0.0038,0.0008
1.0000,0.0012,-0.0027
1.0000,0.0109,0.0061
1.0000,0.0069,0.0012
1.0000,0.0211,0.0144
1.0000,0.0188,0.0113
1.0000,0.0085,0.0000
1.0000,0.0077,-0.0017
1.0000,0.0054,-0.0048
1.0000,0.0066,-0.0045
1.0000,0.0096,-0.0023
1.0000,-0.0002,-0.0130
1.0000,0.0201,0.0065
1.0000,0.0275,0.0132
1.0000,0.0324,0.0173
1.0000,0.0318,0.0159
1.0000,0.0095,-0.0071
1.0000,0.0044,-0.0130
1.0000,0.0071,-0.0109
1.0000,0.0060,-0.0127
1.0000,0.0140,-0.0054
1.0000,0.0254,0.0053
1.0000,0.0332,0.0124
1.0000,0.0159,-0.0055
1.0000,0.0176,-0.0044
1.0000,0.0228,0.0001
1.0000,0.0349,0.0116
1.0000,0.0280,0.0041
1.0000,0.0244,0.0000
1.0000,0.0172,-0.0078
1.0000,0.0224,-0.0031
1.0000,0.0285,0.0025
1.0000,0.0464,0.0199
1.0000,0.0257,-0.0013
1.0000,0.0264,-0.0011
1.0000,0.0244,-0.0036
1.0000,0.0483,0.0199
1.0000,0.0419,0.0131
1.0000,0.0483,0.0191
1.0000,0.0341,0.0045
1.0000,0.0318,0.0018
1.0000,0.0311,0.0008
1.0000,0.0299,-0.0007
1.0000,0.0427,0.0118
1.0000,0.0597,0.0285
1.0000,0.0583,0.0267
1.0000,0.0551,0.0232
1.0000,0.0503,0.0182
1.0000,0.0596,0.0272
1.0000,0.0494,0.0168
1.0000,0.0644,0.0316
1.0000,0.0529,0.0200
1.0000,0.0431,0.0100
1.0000,0.0605,0.0272
1.0000,0.0421,0.0087
1.0000,0.0671,0.0335
1.0000,0.0657,0.0321
1.0000,0.0455,0.0118
1.0000,0.0497,0.0159
1.0000,0.0428,0.0090
1.0000,0.0612,0.0273
1.0000,0.0647,0.0308
1.0000,0.0654,0.0316
1.0000,0.0583,0.0244
1.0000,0.0623,0.0286
1.0000,0.0545,0.0208
1.0000,0.0605,0.0268
1.0000,0.0540,0.0205
1.0000,0.0513,0.0179
1.0000,0.0786,0.0454
1.0000,0.0686,0.0355
1.0000,0.0644,0.0314
1.0000,0.0659,0.0331
1.0000,0.0662,0.0336
1.0000,0.0648,0.0325
1.0000,0.0789,0.0468
1.0000,0.0584,0.0266
1.0000,0.0568,0.0252
1.0000,0.0634,0.0321
1.0000,0.0701,0.0391
1.0000,0.0617,0.0311
1.0000,0.0601,0.0298
1.0000,0.0645,0.0346
1.0000,0.0889,0.0594
1.0000,0.0888,0.0597
1.0000,0.0854,0.0568
1.0000,0.0772,0.0490
1.0000,0.0852,0.0574
1.0000,0.0924,0.0651
1.0000,0.0726,0.0459
1.0000,0.0688,0.0426
1.0000,0.0827,0.0569
1.0000,0.0832,0.0580
1.0000,0.0779,0.0533
1.0000,0.0751,0.0511
1.0000,0.0784,0.0550
1.0000,0.0788,0.0560
1.0000,0.0883,0.0662
1.0000,0.0744,0.0529
1.0000,0.0767,0.0559
1.0000,0.0967,0.0766
1.0000,0.0698,0.0504
1.0000,0.0810,0.0624
1.0000,0.0796,0.0617
1.0000,0.0989,0.0818
1.0000,0.0939,0.0776
1.0000,0.0987,0.0832
1.0000,0.0763,0.0616
1.0000,0.0941,0.0803
1.0000,0.0721,0.0592
1.0000,0.0835,0.0714
1.0000,0.0960,0.0849
1.0000,0.0903,0.0801
1.0000,0.0955,0.0862
1.0000,0.0788,0.0705
1.0000,0.0927,0.0854
1.0000,0.0735,0.0671
1.0000,0.0870,0.0817
1.0000,0.0764,0.0721
1.0000,0.0819,0.0786
1.0000,0.0966,0.0944
1.0000,0.0892,0.0881
1.0000,0.0891,0.0891
1.0000,0.0870,0.0881
1.0000,0.1033,0.1056
1.0000,0.0739,0.0773
1.0000,0.0999,0.1045
1.0000,0.0804,0.0862
1.0000,0.0837,0.0907
1.0000,0.0943,0.1025
1.0000,0.0817,0.0912
1.0000,0.0957,0.1064
1.0000,0.0740,0.0859
1.0000,0.0902,0.1035
1.0000,0.0990,0.1136
1.0000,0.0824,0.0983
1.0000,0.0826,0.0999
1.0000,0.0739,0.0925
1.0000,0.0973,0.1173
1.0000,0.0743,0.0957
1.0000,0.0995,0.1224
1.0000,0.0803,0.1045
1.0000,0.0947,0.1204
1.0000,0.0867,0.1139
1.0000,0.1030,0.1317
1.0000,0.0989,0.1290
1.0000,0.0794,0.1111
1.0000,0.0839,0.1171
1.0000,0.0835,0.1183
1.0000,0.0836,0.1199
1.0000,0.1014,0.1392
1.0000,0.0750,0.1145
1.0000,0.0844,0.1255
1.0000,0.0796,0.1223
1.0000,0.0827,0.1271
1.0000,0.0914,0.1374
1.0000,0.0860,0.1337
1.0000,0.0724,0.1217
1.0000,0.0930,0.1441
1.0000,0.0823,0.1351
1.0000,0.0899,0.1444
1.0000,0.0946,0.1508
1.0000,0.0980,0.1560
1.0000,0.0928,0.1526
1.0000,0.0877,0.1493
1.0000,0.0789,0.1423
1.0000,0.0845,0.1498
1.0000,0.0941,0.1612
1.0000,0.0907,0.1596
1.0000,0.0815,0.1523
1.0000,0.0651,0.1378
1.0000,0.0852,0.1598
1.0000,0.0732,0.1497
1.0000,0.0750,0.1534
1.0000,0.0809,0.1613
1.0000,0.0788,0.1611
1.0000,0.0860,0.1703
1.0000,0.0902,0.1764
1.0000,0.0890,0.1772
1.0000,0.0816,0.1718
1.0000,0.0593,0.1515
1.0000,0.0612,0.1555
1.0000,0.0815,0.1779
1.0000,0.0799,0.1783
1.0000,0.0625,0.1630
1.0000,0.0853,0.1878
1.0000,0.0807,0.1853
1.0000,0.0850,0.1917
1.0000,0.0541,0.1629
1.0000,0.0694,0.1804
1.0000,0.0538,0.1669
1.0000,0.0662,0.1815
1.0000,0.0756,0.1930
1.0000,0.0629,0.1825
1.0000,0.0520,0.1738
1.0000,0.0743,0.1983
1.0000,0.0540,0.1802
1.0000,0.0640,0.1924
1.0000,0.0656,0.1962
1.0000,0.0581,0.1910
1.0000,0.0675,0.2027
1.0000,0.0657,0.2031
1.0000,0.0585,0.1982
1.0000,0.0517,0.1936
1.0000,0.0676,0.2118
1.0000,0.0502,0.1968
1.0000,0.0456,0.1945
1.0000,0.0586,0.2098
1.0000,0.0386,0.1921
1.0000,0.0401,0.1960
1.0000,0.0506,0.2088
1.0000,0.0522,0.2128
1.0000,0.0395,0.2025
1.0000,0.0505,0.2158
1.0000,0.0327,0.2004
1.0000,0.0456,0.2157
1.0000,0.0387,0.2112
1.0000,0.0385,0.2134
1.0000,0.0455,0.2228
1.0000,0.0547,0.2345
1.0000,0.0285,0.2106
1.0000,0.0287,0.2133
1.0000,0.0467,0.2338
1.0000,0.0300,0.2195
1.0000,0.0417,0.2337
1.0000,0.0352,0.2296
1.0000,0.0246,0.2215
1.0000,0.0321,0.2315
1.0000,0.0412,0.2431
1.0000,0.0103,0.2146
1.0000,0.0298,0.2366
1.0000,0.0381,0.2475
1.0000,0.0224,0.2343
1.0000,0.0268,0.2411
1.0000,0.0116,0.2284
1.0000,0.0170,0.2364
1.0000,0.0014,0.2234
1.0000,0.0194,0.2438
1.0000,0.0059,0.2329
1.0000,0.0119,0.2414
1.0000,0.0110,0.2431
1.0000,0.0111,0.2458
1.0000,0.0145,0.2517
1.0000,0.0108,0.2506
1.0000,0.0022,0.2445
1.0000,0.0061,0.2510
1.0000,-0.0015,0.2459
1.0000,-0.0101,0.2399
1.0000,0.0023,0.2549
1.0000,-0.0117,0.2435
1.0000,-0.0006,0.2571
1.0000,-0.0188,0.2415
1.0000,0.0020,0.2649
1.0000,-0.0226,0.2429
1.0000,-0.0014,0.2666
1.0000,-0.0243,0.2464
1.0000,-0.0059,0.2673
1.0000,-0.0204,0.2554
1.0000,-0.0312,0.2472
1.0000,-0.0271,0.2539
1.0000,-0.0344,0.2492
1.0000,-0.0362,0.2500
1.0000,-0.0372,0.2516
1.0000,-0.0393,0.2520
1.0000,-0.0261,0.2679
1.0000,-0.0192,0.2773
1.0000,-0.0292,0.2699
1.0000,-0.0420,0.2597
1.0000,-0.0325,0.2718
1.0000,-0.0495,0.2574
1.0000,-0.0289,0.2806
1.0000,-0.0257,0.2864
1.0000,-0.0388,0.2759
1.0000,-0.0566,0.2607
1.0000,-0.0557,0.2641
1.0000,-0.0539,0.2684
1.0000,-0.0495,0.2755
1.0000,-0.0497,0.2778
1.0000,-0.0499,0.2802
1.0000,-0.0550,0.2777
1.0000,-0.0642,0.2710
1.0000,-0.0612,0.2766
1.0000,-0.0523,0.2880
1.0000,-0.0653,0.2776
1.0000,-0.0644,0.2810
1.0000,-0.0577,0.2903
1.0000,-0.0647,0.2858
1.0000,-0.0791,0.2739
1.0000,-0.0759,0.2797
1.0000,-0.0640,0.2940
1.0000,-0.0904,0.2702
1.0000,-0.0680,0.2950
1.0000,-0.0885,0.2771
1.0000,-0.0738,0.2943
1.0000,-0.0888,0.2818
1.0000,-0.0884,0.2846
1.0000,-0.0916,0.2839
1.0000,-0.0976,0.2804
1.0000,-0.0832,0.2973
1.0000,-0.0811,0.3018
1.0000,-0.0867,0.2987
1.0000,-0.0930,0.2948
1.0000,-0.1089,0.2814
1.0000,-0.0985,0.2942
1.0000,-0.1099,0.2852
1.0000,-0.1134,0.2841
1.0000,-0.1014,0.2985
1.0000,-0.1073,0.2950
1.0000,-0.1039,0.3008
1.0000,-0.1256,0.2815
1.0000,-0.1324,0.2771
1.0000,-0.1176,0.2942
1.0000,-0.1318,0.2824
1.0000,-0.1417,0.2749
1.0000,-0.1406,0.2783
1.0000,-0.1203,0.3009
1.0000,-0.1447,0.2788
1.0000,-0.1489,0.2769
1.0000,-0.1518,0.2762
1.0000,-0.1527,0.2777
1.0000,-0.1377,0.2950
1.0000,-0.1503,0.2846
1.0000,-0.1545,0.2826
1.0000,-0.1527,0.2867
1.0000,-0.1424,0.2992
1.0000,-0.1496,0.2942
1.0000,-0.1650,0.2809
1.0000,-0.1674,0.2808
1.0000,-0.1757,0.2746
1.0000,-0.1479,0.3046
1.0000,-0.1595,0.2952
1.0000,-0.1767,0.2800
1.0000,-0.1836,0.2753
1.0000,-0.1882,0.2728
1.0000,-0.1689,0.2942
1.0000,-0.1714,0.2938
1.0000,-0.1926,0.2747
1.0000,-0.1804,0.2888
1.0000,-0.1970,0.2743
1.0000,-0.1777,0.2956
1.0000,-0.1833,0.2920
1.0000,-0.1842,0.2931
1.0000,-0.1811,0.2982
1.0000,-0.1873,0.2939
1.0000,-0.1959,0.2873
1.0000,-0.2098,0.2753
1.0000,-0.2148,0.2722
1.0000,-0.1989,0.2900
1.0000,-0.1969,0.2938
1.0000,-0.2047,0.2879
1.0000,-0.2053,0.2892
1.0000,-0.2133,0.2830
1.0000,-0.2243,0.2738
1.0000,-0.2333,0.2666
1.0000,-0.2219,0.2797
1.0000,-0.2201,0.2833
1.0000,-0.2421,0.2630
1.0000,-0.2442,0.2626
1.0000,-0.2315,0.2771
1.0000,-0.2466,0.2637
1.0000,-0.2426,0.2693
1.0000,-0.2381,0.2754
1.0000,-0.2448,0.2704
1.0000,-0.2469,0.2699
1.0000,-0.2364,0.2819
1.0000,-0.2591,0.2609
1.0000,-0.2577,0.2637
1.0000,-0.2617,0.2613
1.0000,-0.2651,0.2594
1.0000,-0.2539,0.2721
1.0000,-0.2599,0.2676
1.0000,-0.2587,0.2702
1.0000,-0.2516,0.2788
1.0000,-0.2822,0.2495
1.0000,-0.2678,0.2653
1.0000,-0.2654,0.2691
1.0000,-0.2800,0.2558
1.0000,-0.2710,0.2661
1.0000,-0.2876,0.2508
1.0000,-0.2765,0.2632
1.0000,-0.2744,0.2666
1.0000,-0.3020,0.2402
1.0000,-0.2751,0.2683
1.0000,-0.2789,0.2656
1.0000,-0.2812,0.2645
1.0000,-0.2860,0.2609
1.0000,-0.2858,0.2622
1.0000,-0.3104,0.2387
1.0000,-0.3009,0.2492
1.0000,-0.3082,0.2430
1.0000,-0.3208,0.2315
1.0000,-0.2986,0.2547
1.0000,-0.3021,0.2521
1.0000,-0.3033,0.2518
1.0000,-0.3095,0.2466
1.0000,-0.3317,0.2253
1.0000,-0.3220,0.2359
1.0000,-0.3100,0.2487
1.0000,-0.3132,0.2463
1.0000,-0.3312,0.2292
1.0000,-0.3295,0.2316
1.0000,-0.3468,0.2151
1.0000,-0.3260,0.2366
1.0000,-0.3295,0.2338
1.0000,-0.3537,0.2103
1.0000,-0.3506,0.2140
1.0000,-0.3522,0.2131
1.0000,-0.3312,0.2346
1.0000,-0.3334,0.2330
1.0000,-0.3585,0.2085
1.0000,-0.3432,0.2243
1.0000,-0.3630,0.2050
1.0000,-0.3429,0.2256
1.0000,-0.3708,0.1981
1.0000,-0.3697,0.1996
1.0000,-0.3667,0.2030
1.0000,-0.3591,0.2109
1.0000,-0.3659,0.2045
1.0000,-0.3860,0.1847
1.0000,-0.3598,0.2112
1.0000,-0.3672,0.2040
1.0000,-0.3726,0.1988
1.0000,-0.3854,0.1862
1.0000,-0.3941,0.1777
1.0000,-0.3906,0.1813
1.0000,-0.3845,0.1876
1.0000,-0.3743,0.1978
1.0000,-0.3965,0.1756
1.0000,-0.3990,0.1732
1.0000,-0.4005,0.1717
1.0000,-0.3825,0.1896
1.0000,-0.4001,0.1720
1.0000,-0.4038,0.1682
1.0000,-0.4160,0.1559
1.0000,-0.3888,0.1829
1.0000,-0.4121,0.1594
1.0000,-0.4088,0.1625
1.0000,-0.4121,0.1590
1.0000,-0.4133,0.1575
1.0000,-0.4128,0.1577
1.0000,-0.4175,0.1526
1.0000,-0.4321,0.1377
1.0000,-0.4261,0.1433
1.0000,-0.4305,0.1385
1.0000,-0.4256,0.1430
1.0000,-0.4158,0.1523
1.0000,-0.4187,0.1488
1.0000,-0.4391,0.1279
1.0000,-0.4309,0.1356
1.0000,-0.4338,0.1321
1.0000,-0.4418,0.1234
1.0000,-0.4353,0.1292
1.0000,-0.4403,0.1236
1.0000,-0.4478,0.1153
1.0000,-0.4492,0.1132
1.0000,-0.4435,0.1181
1.0000,-0.4581,0.1027
1.0000,-0.4559,0.1040
1.0000,-0.4375,0.1216
1.0000,-0.4550,0.1031
1.0000,-0.4550,0.1022
1.0000,-0.4607,0.0955
1.0000,-0.4599,0.0953
1.0000,-0.4490,0.1052
1.0000,-0.4695,0.0836
1.0000,-0.4506,0.1014
1.0000,-0.4736,0.0774
1.0000,-0.4645,0.0852
1.0000,-0.4760,0.0725
1.0000,-0.4492,0.0982
1.0000,-0.4574,0.0887
1.0000,-0.4668,0.0780
1.0000,-0.4800,0.0634
1.0000,-0.4783,0.0638
1.0000,-0.4659,0.0748
1.0000,-0.4610,0.0783
1.0000,-0.4774,0.0605
1.0000,-0.4741,0.0623
1.0000,-0.4672,0.0677
1.0000,-0.4862,0.0471
1.0000,-0.4821,0.0497
1.0000,-0.4732,0.0569
1.0000,-0.4960,0.0324
1.0000,-0.4772,0.0496
1.0000,-0.4987,0.0264
1.0000,-0.4831,0.0402
1.0000,-0.4934,0.0282
1.0000,-0.4787,0.0411
1.0000,-0.4866,0.0314
1.0000,-0.4856,0.0305
1.0000,-0.4781,0.0361
1.0000,-0.4881,0.0241
1.0000,-0.4789,0.0314
1.0000,-0.4830,0.0253
1.0000,-0.5016,0.0046
1.0000,-0.5123,-0.0081
1.0000,-0.4925,0.0096
1.0000,-0.5001,-0.0001
1.0000,-0.4949,0.0029
1.0000,-0.5017,-0.0060
1.0000,-0.4972,-0.0037
1.0000,-0.4886,0.0025
1.0000,-0.5134,-0.0245
1.0000,-0.5072,-0.0207
1.0000,-0.5058,-0.0216
1.0000,-0.4959,-0.0141
1.0000,-0.5119,-0.0325
1.0000,-0.5030,-0.0261
1.0000,-0.5257,-0.0512
1.0000,-0.4993,-0.0273
1.0000,-0.5073,-0.0379
1.0000,-0.5265,-0.0597
1.0000,-0.4978,-0.0335
1.0000,-0.5265,-0.0649
1.0000,-0.5219,-0.0630
1.0000,-0.5084,-0.0521
1.0000,-0.5014,-0.0479
1.0000,-0.5195,-0.0688
1.0000,-0.5158,-0.0679
1.0000,-0.5138,-0.0687
1.0000,-0.5205,-0.0783
1.0000,-0.5054,-0.0660
1.0000,-0.5027,-0.0663
1.0000,-0.5183,-0.0848
1.0000,-0.5191,-0.0886
1.0000,-0.5226,-0.0952
1.0000,-0.5287,-0.1044
1.0000,-0.5199,-0.0986
1.0000,-0.5108,-0.0926
1.0000,-0.5350,-0.1200
1.0000,-0.5248,-0.1129
1.0000,-0.5286,-0.1199
1.0000,-0.5157,-0.1103
1.0000,-0.5268,-0.1247
1.0000,-0.5091,-0.1103
1.0000,-0.5320,-0.1365
1.0000,-0.5237,-0.1316
1.0000,-0.5359,-0.1471
1.0000,-0.5178,-0.1325
1.0000,-0.5099,-0.1281
1.0000,-0.5310,-0.1526
1.0000,-0.5377,-0.1629
1.0000,-0.5200,-0.1487
1.0000,-0.5253,-0.1576
1.0000,-0.5077,-0.1436
1.0000,-0.5272,-0.1667
1.0000,-0.5091,-0.1522
1.0000,-0.5282,-0.1751
1.0000,-0.5231,-0.1737
1.0000,-0.5310,-0.1854
1.0000,-0.5325,-0.1907
1.0000,-0.5221,-0.1841
1.0000,-0.5283,-0.1941
1.0000,-0.5128,-0.1825
1.0000,-0.5297,-0.2033
1.0000,-0.5265,-0.2040
1.0000,-0.5185,-0.2000
1.0000,-0.5138,-0.1992
1.0000,-0.5105,-0.2000
1.0000,-0.5282,-0.2217
1.0000,-0.5338,-0.2315
1.0000,-0.5168,-0.2185
1.0000,-0.5039,-0.2097
1.0000,-0.5064,-0.2164
1.0000,-0.5148,-0.2290
1.0000,-0.5132,-0.2317
1.0000,-0.5189,-0.2416
1.0000,-0.5188,-0.2458
1.0000,-0.5251,-0.2563
1.0000,-0.5159,-0.2515
1.0000,-0.4984,-0.2384
1.0000,-0.5150,-0.2593
1.0000,-0.5182,-0.2669
1.0000,-0.5217,-0.2748
1.0000,-0.5109,-0.2685
1.0000,-0.4956,-0.2577
1.0000,-0.5186,-0.2852
1.0000,-0.5152,-0.2864
1.0000,-0.5168,-0.2925
1.0000,-0.5037,-0.2841
1.0000,-0.5166,-0.3016
1.0000,-0.4986,-0.2882
1.0000,-0.4899,-0.2842
1.0000,-0.4883,-0.2872
1.0000,-0.4944,-0.2980
1.0000,-0.5146,-0.3231
1.0000,-0.5129,-0.3260
1.0000,-0.5011,-0.3190
1.0000,-0.4832,-0.3060
1.0000,-0.4972,-0.3248
1.0000,-0.4849,-0.3174
1.0000,-0.4821,-0.3195
1.0000,-0.5028,-0.3452
1.0000,-0.4879,-0.3352
1.0000,-0.5045,-0.3568
1.0000,-0.4928,-0.3500
1.0000,-0.4893,-0.3515
1.0000,-0.5008,-0.3681
1.0000,-0.4935,-0.3658
1.0000,-0.4968,-0.3742
1.0000,-0.4851,-0.3676
1.0000,-0.4882,-0.3758
1.0000,-0.4849,-0.3776
1.0000,-0.4686,-0.3665
1.0000,-0.4694,-0.3725
1.0000,-0.4611,-0.3694
1.0000,-0.4682,-0.3818
1.0000,-0.4802,-0.3990
1.0000,-0.4619,-0.3860
1.0000,-0.4721,-0.4015
1.0000,-0.4790,-0.4137
1.0000,-0.4623,-0.4024
1.0000,-0.4724,-0.4178
1.0000,-0.4705,-0.4213
1.0000,-0.4485,-0.4047
1.0000,-0.4623,-0.4239
1.0000,-0.4399,-0.4069
1.0000,-0.4573,-0.4298
1.0000,-0.4527,-0.4306
1.0000,-0.4322,-0.4156
1.0000,-0.4402,-0.4291
1.0000,-0.4404,-0.4349
1.0000,-0.4407,-0.4407
1.0000,-0.4353,-0.4408
1.0000,-0.4334,-0.4446
1.0000,-0.4441,-0.4608
1.0000,-0.4412,-0.4635
1.0000,-0.4288,-0.4568
1.0000,-0.4251,-0.4588
1.0000,-0.4140,-0.4533
1.0000,-0.4155,-0.4605
1.0000,-0.4160,-0.4666
1.0000,-0.4180,-0.4744
1.0000,-0.4192,-0.4813
1.0000,-0.4017,-0.4695
1.0000,-0.4074,-0.4810
1.0000,-0.4048,-0.4842
1.0000,-0.4166,-0.5018
1.0000,-0.3950,-0.4860
1.0000,-0.4046,-0.5014
1.0000,-0.3850,-0.4877
1.0000,-0.4070,-0.5155
1.0000,-0.4004,-0.5148
1.0000,-0.3978,-0.5180
1.0000,-0.3906,-0.5167
1.0000,-0.4001,-0.5320
1.0000,-0.3809,-0.5187
1.0000,-0.3862,-0.5300
1.0000,-0.3707,-0.5204
1.0000,-0.3896,-0.5453
1.0000,-0.3728,-0.5344
1.0000,-0.3815,-0.5491
1.0000,-0.3529,-0.5265
1.0000,-0.3801,-0.5597
1.0000,-0.3778,-0.5634
1.0000,-0.3466,-0.5381
1.0000,-0.3612,-0.5587
1.0000,-0.3403,-0.5439
1.0000,-0.3408,-0.5504
1.0000,-0.3479,-0.5636
1.0000,-0.3527,-0.5744
1.0000,-0.3386,-0.5664
1.0000,-0.3414,-0.5753
1.0000,-0.3285,-0.5685
1.0000,-0.3322,-0.5783
1.0000,-0.3368,-0.5890
1.0000,-0.3107,-0.5690
1.0000,-0.3072,-0.5715
1.0000,-0.3220,-0.5925
1.0000,-0.3246,-0.6012
1.0000,-0.3166,-0.5993
1.0000,-0.3128,-0.6017
1.0000,-0.2932,-0.5881
1.0000,-0.3064,-0.6076
1.0000,-0.2923,-0.5996
1.0000,-0.2846,-0.5980
1.0000,-0.3048,-0.6244
1.0000,-0.2897,-0.6154
1.0000,-0.2967,-0.6287
1.0000,-0.2834,-0.6215
1.0000,-0.2882,-0.6325
1.0000,-0.2698,-0.6202
1.0000,-0.2753,-0.6319
1.0000,-0.2597,-0.6225
1.0000,-0.2610,-0.6300
1.0000,-0.2705,-0.6457
1.0000,-0.2732,-0.6546
1.0000,-0.2429,-0.6304
1.0000,-0.2555,-0.6492
1.0000,-0.2480,-0.6480
1.0000,-0.2343,-0.6405
1.0000,-0.2303,-0.6426
1.0000,-0.2206,-0.6391
1.0000,-0.2250,-0.6497
1.0000,-0.2242,-0.6551
1.0000,-0.2107,-0.6477
1.0000,-0.2295,-0.6727
1.0000,-0.2011,-0.6505
1.0000,-0.2003,-0.6559
1.0000,-0.2105,-0.6723
1.0000,-0.1920,-0.6600
1.0000,-0.2002,-0.6744
1.0000,-0.1952,-0.6755
1.0000,-0.1795,-0.6660
1.0000,-0.1928,-0.6854
1.0000,-0.1753,-0.6741
1.0000,-0.1955,-0.7005
1.0000,-0.1627,-0.6738
1.0000,-0.1630,-0.6803
1.0000,-0.1723,-0.6957
1.0000,-0.1552,-0.6848
1.0000,-0.1601,-0.6958
1.0000,-0.1496,-0.6914
1.0000,-0.1373,-0.6853
1.0000,-0.1338,-0.6878
1.0000,-0.1385,-0.6987
1.0000,-0.1402,-0.7064
1.0000,-0.1191,-0.6914
1.0000,-0.1433,-0.7217
1.0000,-0.1260,-0.7105
1.0000,-0.1254,-0.7160
1.0000,-0.1045,-0.7011
1.0000,-0.1149,-0.7176
1.0000,-0.1120,-0.7207
1.0000,-0.1183,-0.7330
1.0000,-0.1101,-0.7309
1.0000,-0.0906,-0.7173
1.0000,-0.0840,-0.7167
1.0000,-0.0749,-0.7136
1.0000,-0.0701,-0.7148
1.0000,-0.0651,-0.7158
1.0000,-0.0847,-0.7413
1.0000,-0.0603,-0.7228
1.0000,-0.0577,-0.7262
1.0000,-0.0518,-0.7262
1.0000,-0.0494,-0.7297
1.0000,-0.0543,-0.7405
1.0000,-0.0457,-0.7378
1.0000,-0.0383,-0.7362
1.0000,-0.0452,-0.7489
1.0000,-0.0349,-0.7445
1.0000,-0.0279,-0.7433
1.0000,-0.0261,-0.7474
1.0000,-0.0265,-0.7535
1.0000,-0.0223,-0.7551
1.0000,-0.0061,-0.7446
1.0000,-0.0019,-0.7462
1.0000,0.0134,-0.7366
1.0000,0.0121,-0.7436
1.0000,0.0014,-0.7600
1.0000,0.0094,-0.7576
1.0000,0.0194,-0.7534
1.0000,0.0245,-0.7539
1.0000,0.0305,-0.7534
1.0000,0.0175,-0.7720
1.0000,0.0427,-0.7524
1.0000,0.0528,-0.7479
1.0000,0.0515,-0.7547
1.0000,0.0549,-0.7568
1.0000,0.0421,-0.7751
1.0000,0.0748,-0.7479
1.0000,0.0825,-0.7457
1.0000,0.0613,-0.7723
1.0000,0.0647,-0.7743
1.0000,0.0788,-0.7656
1.0000,0.0919,-0.7579
1.0000,0.1005,-0.7547
1.0000,0.1038,-0.7567
1.0000,0.0880,-0.7778
1.0000,0.0924,-0.7786
1.0000,0.1184,-0.7579
1.0000,0.1063,-0.7752
1.0000,0.1111,-0.7756
1.0000,0.1104,-0.7815
1.0000,0.1330,-0.7640
1.0000,0.1381,-0.7640
1.0000,0.1378,-0.7694
1.0000,0.1473,-0.7651
1.0000,0.1598,-0.7576
1.0000,0.1434,-0.7790
1.0000,0.1499,-0.7775
1.0000,0.1812,-0.7512
1.0000,0.1842,-0.7532
1.0000,0.1831,-0.7592
1.0000,0.1675,-0.7796
1.0000,0.1740,-0.7780
1.0000,0.1941,-0.7628
1.0000,0.1934,-0.7682
1.0000,0.2059,-0.7605
1.0000,0.1937,-0.7775
1.0000,0.2238,-0.7521
1.0000,0.2103,-0.7702
1.0000,0.2370,-0.7482
1.0000,0.2315,-0.7584
1.0000,0.2368,-0.7576
1.0000,0.2272,-0.7718
1.0000,0.2297,-0.7738
1.0000,0.2369,-0.7712
1.0000,0.2536,-0.7589
1.0000,0.2556,-0.7614
1.0000,0.2704,-0.7509
1.0000,0.2668,-0.7589
1.0000,0.2882,-0.7419
1.0000,0.2762,-0.7582
1.0000,0.2845,-0.7542
1.0000,0.2846,-0.7583
1.0000,0.2772,-0.7699
1.0000,0.3064,-0.7449
1.0000,0.2962,-0.7592
1.0000,0.3231,-0.7365
1.0000,0.3214,-0.7422
1.0000,0.3213,-0.7463
1.0000,0.3124,-0.7592
1.0000,0.3405,-0.7351
1.0000,0.3403,-0.7392
1.0000,0.3371,-0.7464
1.0000,0.3440,-0.7433
1.0000,0.3376,-0.7535
1.0000,0.3654,-0.7295
1.0000,0.3467,-0.7520
1.0000,0.3652,-0.7371
1.0000,0.3544,-0.7516
1.0000,0.3878,-0.7218
1.0000,0.3832,-0.7301
1.0000,0.3862,-0.7306
1.0000,0.3972,-0.7231
1.0000,0.4060,-0.7177
1.0000,0.3910,-0.7362
1.0000,0.3942,-0.7364
1.0000,0.4190,-0.7149
1.0000,0.4014,-0.7359
1.0000,0.4171,-0.7234
1.0000,0.4129,-0.7308
1.0000,0.4415,-0.7054
1.0000,0.4286,-0.7215
1.0000,0.4555,-0.6977
1.0000,0.4535,-0.7028
1.0000,0.4383,-0.7210
1.0000,0.4405,-0.7218
1.0000,0.4717,-0.6936
1.0000,0.4599,-0.7083
1.0000,0.4712,-0.6999
1.0000,0.4689,-0.7050
1.0000,0.4776,-0.6990
1.0000,0.4967,-0.6827
1.0000,0.5003,-0.6817
1.0000,0.4848,-0.6998
1.0000,0.5012,-0.6861
1.0000,0.5065,-0.6833
1.0000,0.5144,-0.6779
1.0000,0.5300,-0.6648
1.0000,0.5145,-0.6827
1.0000,0.5301,-0.6695
1.0000,0.5232,-0.6787
1.0000,0.5227,-0.6815
1.0000,0.5321,-0.6744
1.0000,0.5289,-0.6798
1.0000,0.5429,-0.6679
1.0000,0.5619,-0.6510
1.0000,0.5712,-0.6438
1.0000,0.5706,-0.6464
1.0000,0.5614,-0.6576
1.0000,0.5876,-0.6333
1.0000,0.5714,-0.6513
1.0000,0.5939,-0.6307
1.0000,0.6020,-0.6243
1.0000,0.5912,-0.6368
1.0000,0.5981,-0.6317
1.0000,0.5881,-0.6433
1.0000,0.6104,-0.6226
1.0000,0.6063,-0.6282
1.0000,0.6175,-0.6185
1.0000,0.6071,-0.6303
1.0000,0.6276,-0.6112
1.0000,0.6318,-0.6084
1.0000,0.6223,-0.6192
1.0000,0.6308,-0.6119
1.0000,0.6473,-0.5966
1.0000,0.6409,-0.6041
1.0000,0.6550,-0.5911
1.0000,0.6580,-0.5892
1.0000,0.6720,-0.5762
1.0000,0.6783,-0.5709
1.0000,0.6594,-0.5906
1.0000,0.6750,-0.5759
1.0000,0.6783,-0.5733
1.0000,0.6845,-0.5679
1.0000,0.6715,-0.5816
1.0000,0.6845,-0.5692
1.0000,0.6981,-0.5562
1.0000,0.6904,-0.5644
1.0000,0.7087,-0.5466
1.0000,0.7105,-0.5453
1.0000,0.6968,-0.5593
1.0000,0.7036,-0.5528
1.0000,0.7046,-0.5521
1.0000,0.7314,-0.5256
1.0000,0.7355,-0.5216
1.0000,0.7405,-0.5168
1.0000,0.7483,-0.5090
1.0000,0.7369,-0.5204
1.0000,0.7535,-0.5037
1.0000,0.7473,-0.5099
1.0000,0.7375,-0.5195
1.0000,0.7591,-0.4978
1.0000,0.7502,-0.5064
1.0000,0.7614,-0.4949
1.0000,0.7590,-0.4970
1.0000,0.7735,-0.4821
1.0000,0.7633,-0.4918
1.0000,0.7838,-0.4708
1.0000,0.7904,-0.4636
1.0000,0.7937,-0.4597
1.0000,0.8062,-0.4465
1.0000,0.8101,-0.4419
1.0000,0.8096,-0.4415
1.0000,0.7985,-0.4518
1.0000,0.7996,-0.4498
1.0000,0.7946,-0.4539
1.0000,0.8212,-0.4262
1.0000,0.8167,-0.4297
1.0000,0.8318,-0.4135
1.0000,0.8388,-0.4054
1.0000,0.8152,-0.4277
1.0000,0.8329,-0.4087
1.0000,0.8383,-0.4020
1.0000,0.8480,-0.3909
1.0000,0.8315,-0.4060
1.0000,0.8400,-0.3960
1.0000,0.8493,-0.3851
1.0000,0.8449,-0.3880
1.0000,0.8418,-0.3893
1.0000,0.8445,-0.3849
1.0000,0.8609,-0.3667
1.0000,0.8565,-0.3694
1.0000,0.8697,-0.3543
1.0000,0.8586,-0.3634
1.0000,0.8823,-0.3377
1.0000,0.8867,-0.3313
1.0000,0.8732,-0.3426
1.0000,0.8862,-0.3275
1.0000,0.8866,-0.3249
1.0000,0.8949,-0.3143
1.0000,0.8956,-0.3113
1.0000,0.8794,-0.3251
1.0000,0.9011,-0.3010
1.0000,0.8900,-0.3096
1.0000,0.8933,-0.3038
1.0000,0.9128,-0.2816
1.0000,0.9051,-0.2867
1.0000,0.9130,-0.2761
1.0000,0.9175,-0.2689
1.0000,0.9147,-0.2688
1.0000,0.9122,-0.2684
1.0000,0.9290,-0.2487
1.0000,0.9357,-0.2390
1.0000,0.9325,-0.2392
1.0000,0.9200,-0.2486
1.0000,0.9167,-0.2487
1.0000,0.9486,-0.2136
1.0000,0.9519,-0.2071
1.0000,0.9357,-0.2199
1.0000,0.9495,-0.2027
1.0000,0.9460,-0.2028
1.0000,0.9449,-0.2004
1.0000,0.9344,-0.2074
1.0000,0.9469,-0.1913
1.0000,0.9511,-0.1834
1.0000,0.9562,-0.1747
1.0000,0.9569,-0.1702
1.0000,0.9654,-0.1579
1.0000,0.9682,-0.1512
1.0000,0.9729,-0.1426
1.0000,0.9801,-0.1314
1.0000,0.9610,-0.1465
1.0000,0.9705,-0.1329
1.0000,0.9635,-0.1358
1.0000,0.9877,-0.1074
1.0000,0.9654,-0.1254
1.0000,0.9674,-0.1192
1.0000,0.9645,-0.1177
1.0000,0.9904,-0.0874
1.0000,0.9909,-0.0825
1.0000,0.9833,-0.0855
1.0000,0.9778,-0.0865
1.0000,0.9974,-0.0622
1.0000,0.9844,-0.0706
1.0000,0.9894,-0.0608
1.0000,0.9860,-0.0594
1.0000,1.0013,-0.0393
1.0000,1.0027,-0.0330
1.0000,0.9941,-0.0367
1.0000,0.9924,-0.0334
1.0000,0.9999,-0.0208
1.0000,0.9826,-0.0330
1.0000,1.0100,-0.0005
1.0000,0.9898,-0.0154
1.0000,0.9952,-0.0048
2.0000,-0.0070,-0.0060
2.0000,-0.0063,-0.0042
2.0000,0.0078,0.0109
2.0000,-0.0016,0.0025
2.0000,-0.0021,0.0031
2.0000,-0.0071,-0.0009
2.0000,0.0079,0.0152
2.0000,0.0029,0.0113
2.0000,-0.0112,-0.0017
2.0000,-0.0132,-0.0026
2.0000,0.0101,0.0219
2.0000,-0.0035,0.0094
2.0000,0.0136,0.0276
2.0000,0.0123,0.0275
2.0000,0.0033,0.0197
2.0000,0.0030,0.0205
2.0000,-0.0055,0.0132
2.0000,0.0111,0.0310
2.0000,0.0076,0.0288
2.0000,-0.0030,0.0194
2.0000,0.0110,0.0345
2.0000,-0.0106,0.0143
2.0000,0.0039,0.0299
2.0000,0.0108,0.0382
2.0000,0.0057,0.0343
2.0000,0.0030,0.0329
2.0000,0.0044,0.0356
2.0000,-0.0206,0.0119
2.0000,-0.0096,0.0242
2.0000,0.0001,0.0352
2.0000,-0.0098,0.0266
2.0000,0.0062,0.0440
2.0000,-0.0092,0.0299
2.0000,-0.0139,0.0265
2.0000,0.0049,0.0467
2.0000,-0.0130,0.0302
2.0000,-0.0015,0.0430
2.0000,0.0032,0.0491
2.0000,-0.0031,0.0442
2.0000,0.0031,0.0518
2.0000,-0.0142,0.0359
2.0000,-0.0265,0.0250
2.0000,-0.0064,0.0466
2.0000,0.0026,0.0569
2.0000,-0.0205,0.0352
2.0000,-0.0233,0.0339
2.0000,-0.0230,0.0356
2.0000,-0.0160,0.0441
2.0000,-0.0190,0.0425
2.0000,-0.0063,0.0567
2.0000,-0.0084,0.0561
2.0000,-0.0194,0.0466
2.0000,-0.0277,0.0397
2.0000,-0.0226,0.0463
2.0000,-0.0174,0.0529
2.0000,-0.0262,0.0457
2.0000,-0.0325,0.0409
2.0000,-0.0143,0.0606
2.0000,-0.0134,0.0629
2.0000,-0.0119,0.0659
2.0000,-0.0285,0.0509
2.0000,-0.0227,0.0582
2.0000,-0.0284,0.0540
2.0000,-0.0399,0.0440
2.0000,-0.0127,0.0727
2.0000,-0.0195,0.0675
2.0000,-0.0117,0.0768
2.0000,-0.0276,0.0625
2.0000,-0.0135,0.0781
2.0000,-0.0403,0.0528
2.0000,-0.0407,0.0540
2.0000,-0.0267,0.0695
2.0000,-0.0204,0.0774
2.0000,-0.0201,0.0792
2.0000,-0.0366,0.0643
2.0000,-0.0213,0.0812
2.0000,-0.0429,0.0611
2.0000,-0.0426,0.0629
2.0000,-0.0494,0.0577
2.0000,-0.0454,0.0632
2.0000,-0.0313,0.0789
2.0000,-0.0430,0.0687
2.0000,-0.0498,0.0636
2.0000,-0.0413,0.0735
2.0000,-0.0439,0.0725
2.0000,-0.0481,0.0699
2.0000,-0.0341,0.0854
2.0000,-0.0513,0.0698
2.0000,-0.0337,0.0889
2.0000,-0.0437,0.0805
2.0000,-0.0559,0.0699
2.0000,-0.0390,0.0883
2.0000,-0.0379,0.0909
2.0000,-0.0620,0.0685
2.0000,-0.0647,0.0673
2.0000,-0.0631,0.0704
2.0000,-0.0397,0.0954
2.0000,-0.0636,0.0730
2.0000,-0.0547,0.0834
2.0000,-0.0472,0.0925
2.0000,-0.0739,0.0673
2.0000,-0.0753,0.0675
2.0000,-0.0528,0.0915
2.0000,-0.0648,0.0810
2.0000,-0.0578,0.0896
2.0000,-0.0692,0.0797
2.0000,-0.0676,0.0828
2.0000,-0.0753,0.0766
2.0000,-0.0582,0.0951
2.0000,-0.0589,0.0959
2.0000,-0.0590,0.0973
2.0000,-0.0631,0.0948
2.0000,-0.0807,0.0786
2.0000,-0.0708,0.0900
2.0000,-0.0914,0.0709
2.0000,-0.0842,0.0796
2.0000,-0.0732,0.0920
2.0000,-0.0929,0.0738
2.0000,-0.0930,0.0752
2.0000,-0.0873,0.0823
2.0000,-0.0835,0.0876
2.0000,-0.0946,0.0779
2.0000,-0.0940,0.0799
2.0000,-0.0816,0.0938
2.0000,-0.0996,0.0772
2.0000,-0.0746,0.1036
2.0000,-0.1020,0.0776
2.0000,-0.0944,0.0866
2.0000,-0.0988,0.0836
2.0000,-0.0975,0.0863
2.0000,-0.0863,0.0988
2.0000,-0.1074,0.0791
2.0000,-0.1017,0.0862
2.0000,-0.1097,0.0795
2.0000,-0.1017,0.0888
2.0000,-0.1006,0.0913
2.0000,-0.1041,0.0891
2.0000,-0.1183,0.0762
2.0000,-0.0985,0.0973
2.0000,-0.1016,0.0955
2.0000,-0.1137,0.0847
2.0000,-0.1094,0.0903
2.0000,-0.1261,0.0748
2.0000,-0.1184,0.0838
2.0000,-0.1289,0.0746
2.0000,-0.1213,0.0833
2.0000,-0.1197,0.0862
2.0000,-0.1262,0.0810
2.0000,-0.1084,0.0999
2.0000,-0.1275,0.0821
2.0000,-0.1081,0.1026
2.0000,-0.1343,0.0775
2.0000,-0.1314,0.0816
2.0000,-0.1304,0.0838
2.0000,-0.1211,0.0942
2.0000,-0.1445,0.0719
2.0000,-0.1281,0.0895
2.0000,-0.1321,0.0865
2.0000,-0.1214,0.0984
2.0000,-0.1401,0.0808
2.0000,-0.1422,0.0797
2.0000,-0.1335,0.0894
2.0000,-0.1346,0.0893
2.0000,-0.1548,0.0702
2.0000,-0.1284,0.0976
2.0000,-0.1503,0.0767
2.0000,-0.1603,0.0677
2.0000,-0.1484,0.0805
2.0000,-0.1521,0.0778
2.0000,-0.1478,0.0831
2.0000,-0.1593,0.0725
2.0000,-0.1395,0.0932
2.0000,-0.1499,0.0837
2.0000,-0.1532,0.0813
2.0000,-0.1635,0.0719
2.0000,-0.1502,0.0860
2.0000,-0.1553,0.0818
2.0000,-0.1504,0.0875
2.0000,-0.1718,0.0670
2.0000,-0.1550,0.0845
2.0000,-0.1725,0.0678
2.0000,-0.1508,0.0902
2.0000,-0.1680,0.0738
2.0000,-0.1597,0.0828
2.0000,-0.1575,0.0857
2.0000,-0.1631,0.0809
2.0000,-0.1574,0.0873
2.0000,-0.1705,0.0748
2.0000,-0.1622,0.0838
2.0000,-0.1725,0.0741
2.0000,-0.1887,0.0585
2.0000,-0.1918,0.0560
2.0000,-0.1689,0.0795
2.0000,-0.1693,0.0796
2.0000,-0.1891,0.0604
2.0000,-0.1990,0.0511
2.0000,-0.1887,0.0618
2.0000,-0.1743,0.0768
2.0000,-0.1922,0.0594
2.0000,-0.1993,0.0527
2.0000,-0.1876,0.0649
2.0000,-0.1801,0.0728
2.0000,-0.1943,0.0590
2.0000,-0.1862,0.0675
2.0000,-0.1903,0.0638
2.0000,-0.2009,0.0535
2.0000,-0.2024,0.0524
2.0000,-0.1901,0.0649
2.0000,-0.2060,0.0494
2.0000,-0.2019,0.0537
2.0000,-0.2191,0.0368
2.0000,-0.2211,0.0350
2.0000,-0.1916,0.0647
2.0000,-0.2086,0.0479
2.0000,-0.2124,0.0443
2.0000,-0.2169,0.0400
2.0000,-0.2117,0.0453
2.0000,-0.2281,0.0290
2.0000,-0.2223,0.0349
2.0000,-0.2014,0.0559
2.0000,-0.2329,0.0244
2.0000,-0.2185,0.0389
2.0000,-0.2263,0.0311
2.0000,-0.2097,0.0478
2.0000,-0.2127,0.0447
2.0000,-0.2345,0.0229
2.0000,-0.2377,0.0196
2.0000,-0.2329,0.0243
2.0000,-0.2375,0.0196
2.0000,-0.2285,0.0285
2.0000,-0.2173,0.0395
2.0000,-0.2206,0.0361
2.0000,-0.2245,0.0320
2.0000,-0.2392,0.0171
2.0000,-0.2389,0.0172
2.0000,-0.2499,0.0059
2.0000,-0.2406,0.0149
2.0000,-0.2313,0.0239
2.0000,-0.2230,0.0319
2.0000,-0.2506,0.0040
2.0000,-0.2400,0.0142
2.0000,-0.2440,0.0098
2.0000,-0.2437,0.0097
2.0000,-0.2428,0.0102
2.0000,-0.2492,0.0034
2.0000,-0.2592,-0.0071
2.0000,-0.2466,0.0050
2.0000,-0.2525,-0.0014
2.0000,-0.2459,0.0046
2.0000,-0.2524,-0.0024
2.0000,-0.2652,-0.0158
2.0000,-0.2367,0.0121
2.0000,-0.2412,0.0070
2.0000,-0.2583,-0.0107
2.0000,-0.2483,-0.0014
2.0000,-0.2469,-0.0007
2.0000,-0.2602,-0.0147
2.0000,-0.2428,0.0019
2.0000,-0.2720,-0.0281
2.0000,-0.2536,-0.0105
2.0000,-0.2603,-0.0180
2.0000,-0.2630,-0.0214
2.0000,-0.2755,-0.0348
2.0000,-0.2730,-0.0332
2.0000,-0.2679,-0.0290
2.0000,-0.2492,-0.0112
2.0000,-0.2737,-0.0367
2.0000,-0.2518,-0.0157
2.0000,-0.2645,-0.0294
2.0000,-0.2759,-0.0418
2.0000,-0.2818,-0.0489
2.0000,-0.2610,-0.0291
2.0000,-0.2812,-0.0504
2.0000,-0.2736,-0.0438
2.0000,-0.2863,-0.0577
2.0000,-0.2701,-0.0427
2.0000,-0.2638,-0.0375
2.0000,-0.2806,-0.0555
2.0000,-0.2665,-0.0427
2.0000,-0.2766,-0.0541
2.0000,-0.2653,-0.0440
2.0000,-0.2906,-0.0706
2.0000,-0.2814,-0.0627
2.0000,-0.2822,-0.0649
2.0000,-0.2828,-0.0669
2.0000,-0.2909,-0.0763
2.0000,-0.2911,-0.0779
2.0000,-0.2851,-0.0734
2.0000,-0.2812,-0.0709
2.0000,-0.2964,-0.0876
2.0000,-0.2722,-0.0650
2.0000,-0.2758,-0.0700
2.0000,-0.2687,-0.0645
2.0000,-0.2761,-0.0735
2.0000,-0.2778,-0.0769
2.0000,-0.2728,-0.0735
2.0000,-0.2779,-0.0802
2.0000,-0.2950,-0.0990
2.0000,-0.2701,-0.0758
2.0000,-0.2972,-0.1046
2.0000,-0.2712,-0.0803
2.0000,-0.2937,-0.1046
2.0000,-0.2751,-0.0877
2.0000,-0.2763,-0.0909
2.0000,-0.2977,-0.1140
2.0000,-0.2901,-0.1083
2.0000,-0.2763,-0.0964
2.0000,-0.2928,-0.1148
2.0000,-0.2813,-0.1053
2.0000,-0.2778,-0.1037
2.0000,-0.2977,-0.1256
2.0000,-0.2787,-0.1086
2.0000,-0.2840,-0.1159
2.0000,-0.3040,-0.1380
2.0000,-0.2980,-0.1340
2.0000,-0.2953,-0.1334
2.0000,-0.2829,-0.1231
2.0000,-0.2887,-0.1311
2.0000,-0.2756,-0.1201
2.0000,-0.3005,-0.1472
2.0000,-0.2769,-0.1258
2.0000,-0.2932,-0.1443
2.0000,-0.2872,-0.1406
2.0000,-0.2951,-0.1508
2.0000,-0.2941,-0.1521
2.0000,-0.2842,-0.1445
2.0000,-0.2769,-0.1396
2.0000,-0.2740,-0.1390
2.0000,-0.2956,-0.1630
2.0000,-0.2786,-0.1484
2.0000,-0.2742,-0.1464
2.0000,-0.3007,-0.1754
2.0000,-0.2791,-0.1563
2.0000,-0.3035,-0.1831
2.0000,-0.2872,-0.1693
2.0000,-0.2979,-0.1826
2.0000,-0.2800,-0.1673
2.0000,-0.3003,-0.1902
2.0000,-0.2778,-0.1703
2.0000,-0.3015,-0.1966
2.0000,-0.2734,-0.1712
2.0000,-0.2790,-0.1795
2.0000,-0.2785,-0.1816
2.0000,-0.2940,-0.1999
2.0000,-0.2729,-0.1815
2.0000,-0.2998,-0.2112
2.0000,-0.2944,-0.2085
2.0000,-0.2857,-0.2026
2.0000,-0.2886,-0.2083
2.0000,-0.2964,-0.2189
2.0000,-0.2894,-0.2148
2.0000,-0.2820,-0.2104
2.0000,-0.2743,-0.2056
2.0000,-0.2717,-0.2058
2.0000,-0.2864,-0.2235
2.0000,-0.2878,-0.2279
2.0000,-0.2702,-0.2132
2.0000,-0.2662,-0.2122
2.0000,-0.2638,-0.2128
2.0000,-0.2928,-0.2449
2.0000,-0.2703,-0.2255
2.0000,-0.2870,-0.2453
2.0000,-0.2694,-0.2307
2.0000,-0.2604,-0.2248
2.0000,-0.2621,-0.2297
2.0000,-0.2788,-0.2495
2.0000,-0.2724,-0.2463
2.0000,-0.2762,-0.2533
2.0000,-0.2624,-0.2427
2.0000,-0.2703,-0.2539
2.0000,-0.2668,-0.2537
2.0000,-0.2811,-0.2712
2.0000,-0.2750,-0.2684
2.0000,-0.2567,-0.2534
2.0000,-0.2744,-0.2744
2.0000,-0.2704,-0.2738
2.0000,-0.2611,-0.2678
2.0000,-0.2692,-0.2792
2.0000,-0.2690,-0.2825
2.0000,-0.2576,-0.2745
2.0000,-0.2602,-0.2805
2.0000,-0.2664,-0.2902
2.0000,-0.2516,-0.2788
2.0000,-0.2689,-0.2996
2.0000,-0.2589,-0.2931
2.0000,-0.2646,-0.3023
2.0000,-0.2629,-0.3042
2.0000,-0.2520,-0.2968
2.0000,-0.2387,-0.2871
2.0000,-0.2359,-0.2878
2.0000,-0.2428,-0.2983
2.0000,-0.2397,-0.2988
2.0000,-0.2445,-0.3073
2.0000,-0.2453,-0.3116
2.0000,-0.2267,-0.2967
2.0000,-0.2527,-0.3264
2.0000,-0.2294,-0.3068
2.0000,-0.2326,-0.3137
2.0000,-0.2313,-0.3161
2.0000,-0.2432,-0.3317
2.0000,-0.2327,-0.3250
2.0000,-0.2235,-0.3195
2.0000,-0.2418,-0.3416
2.0000,-0.2379,-0.3415
2.0000,-0.2340,-0.3414
2.0000,-0.2202,-0.3313
2.0000,-0.2245,-0.3395
2.0000,-0.2227,-0.3415
2.0000,-0.2144,-0.3370
2.0000,-0.2217,-0.3482
2.0000,-0.2234,-0.3537
2.0000,-0.2102,-0.3444
2.0000,-0.2065,-0.3446
2.0000,-0.2262,-0.3683
2.0000,-0.2061,-0.3520
2.0000,-0.2173,-0.3672
2.0000,-0.2219,-0.3757
2.0000,-0.2096,-0.3673
2.0000,-0.2070,-0.3687
2.0000,-0.1984,-0.3641
2.0000,-0.1949,-0.3646
2.0000,-0.1997,-0.3734
2.0000,-0.2088,-0.3865
2.0000,-0.1922,-0.3739
2.0000,-0.1916,-0.3773
2.0000,-0.1835,-0.3733
2.0000,-0.2009,-0.3947
2.0000,-0.1887,-0.3865
2.0000,-0.1959,-0.3978
2.0000,-0.1840,-0.3900
2.0000,-0.1730,-0.3831
2.0000,-0.1703,-0.3845
2.0000,-0.1771,-0.3953
2.0000,-0.1595,-0.3818
2.0000,-0.1571,-0.3835
2.0000,-0.1737,-0.4043
2.0000,-0.1760,-0.4107
2.0000,-0.1543,-0.3932
2.0000,-0.1623,-0.4053
2.0000,-0.1517,-0.3988
2.0000,-0.1719,-0.4232
2.0000,-0.1475,-0.4029
2.0000,-0.1547,-0.4143
2.0000,-0.1437,-0.4074
2.0000,-0.1613,-0.4292
2.0000,-0.1466,-0.4188
2.0000,-0.1476,-0.4239
2.0000,-0.1334,-0.4139
2.0000,-0.1505,-0.4352
2.0000,-0.1254,-0.4143
2.0000,-0.1298,-0.4230
2.0000,-0.1285,-0.4258
2.0000,-0.1313,-0.4328
2.0000,-0.1136,-0.4194
2.0000,-0.1238,-0.4338
2.0000,-0.1324,-0.4466
2.0000,-0.1102,-0.4287
2.0000,-0.1054,-0.4281
2.0000,-0.1105,-0.4374
2.0000,-0.1149,-0.4460
2.0000,-0.0999,-0.4353
2.0000,-0.1079,-0.4475
2.0000,-0.1012,-0.4451
2.0000,-0.1046,-0.4527
2.0000,-0.1098,-0.4622
2.0000,-0.1065,-0.4632
2.0000,-0.0836,-0.4445
2.0000,-0.0864,-0.4515
2.0000,-0.0849,-0.4542
2.0000,-0.0895,-0.4631
2.0000,-0.0947,-0.4726
2.0000,-0.0728,-0.4549
2.0000,-0.0893,-0.4757
2.0000,-0.0923,-0.4829
2.0000,-0.0676,-0.4624
2.0000,-0.0763,-0.4754
2.0000,-0.0717,-0.4750
2.0000,-0.0566,-0.4642
2.0000,-0.0685,-0.4803
2.0000,-0.0522,-0.4682
2.0000,-0.0640,-0.4843
2.0000,-0.0476,-0.4721
2.0000,-0.0428,-0.4715
2.0000,-0.0370,-0.4700
2.0000,-0.0586,-0.4958
2.0000,-0.0526,-0.4940
2.0000,-0.0412,-0.4869
2.0000,-0.0277,-0.4775
2.0000,-0.0314,-0.4855
2.0000,-0.0255,-0.4838
2.0000,-0.0243,-0.4867
2.0000,-0.0135,-0.4802
2.0000,-0.0132,-0.4840
2.0000,-0.0250,-0.5000
2.0000,-0.0177,-0.4969
2.0000,-0.0112,-0.4946
2.0000,-0.0249,-0.5124
2.0000,-0.0192,-0.5109
2.0000,-0.0108,-0.5066
2.0000,-0.0085,-0.5085
2.0000,-0.0116,-0.5157
2.0000,0.0057,-0.5026
2.0000,0.0182,-0.4942
2.0000,0.0014,-0.5151
2.0000,0.0113,-0.5093
2.0000,0.0069,-0.5178
2.0000,0.0096,-0.5192
2.0000,0.0374,-0.4955
2.0000,0.0185,-0.5184
2.0000,0.0326,-0.5084
2.0000,0.0251,-0.5200
2.0000,0.0335,-0.5157
2.0000,0.0297,-0.5235
2.0000,0.0328,-0.5243
2.0000,0.0638,-0.4973
2.0000,0.0460,-0.5192
2.0000,0.0516,-0.5175
2.0000,0.0671,-0.5061
2.0000,0.0698,-0.5073
2.0000,0.0655,-0.5156
2.0000,0.0801,-0.5049
2.0000,0.0801,-0.5089
2.0000,0.0693,-0.5236
2.0000,0.0783,-0.5184
2.0000,0.0685,-0.5322
2.0000,0.0920,-0.5126
2.0000,0.0836,-0.5248
2.0000,0.0799,-0.5324
2.0000,0.1051,-0.5110
2.0000,0.1114,-0.5085
2.0000,0.0892,-0.5345
2.0000,0.1215,-0.5061
2.0000,0.1245,-0.5068
2.0000,0.1269,-0.5082
2.0000,0.1253,-0.5135
2.0000,0.1331,-0.5095
2.0000,0.1234,-0.5229
2.0000,0.1202,-0.5298
2.0000,0.1428,-0.5109
2.0000,0.1357,-0.5216
2.0000,0.1257,-0.5352
2.0000,0.1414,-0.5232
2.0000,0.1474,-0.5208
2.0000,0.1599,-0.5119
2.0000,0.1488,-0.5266
2.0000,0.1639,-0.5150
2.0000,0.1452,-0.5373
2.0000,0.1762,-0.5099
2.0000,0.1561,-0.5335
2.0000,0.1677,-0.5253
2.0000,0.1614,-0.5351
2.0000,0.1925,-0.5075
2.0000,0.1745,-0.5289
2.0000,0.1969,-0.5099
2.0000,0.1860,-0.5241
2.0000,0.1832,-0.5304
2.0000,0.1897,-0.5272
2.0000,0.2136,-0.5066
2.0000,0.1994,-0.5242
2.0000,0.2146,-0.5122
2.0000,0.2158,-0.5143
2.0000,0.2056,-0.5278
2.0000,0.2091,-0.5274
2.0000,0.2066,-0.5331
2.0000,0.2088,-0.5342
2.0000,0.2431,-0.5030
2.0000,0.2362,-0.5130
2.0000,0.2443,-0.5080
2.0000,0.2403,-0.5151
2.0000,0.2415,-0.5169
2.0000,0.2460,-0.5154
2.0000,0.2617,-0.5027
2.0000,0.2472,-0.5203
2.0000,0.2703,-0.5001
2.0000,0.2566,-0.5168
2.0000,0.2501,-0.5262
2.0000,0.2731,-0.5061
2.0000,0.2775,-0.5046
2.0000,0.2671,-0.5178
2.0000,0.2660,-0.5217
2.0000,0.2762,-0.5143
2.0000,0.2931,-0.5001
2.0000,0.3000,-0.4959
2.0000,0.2801,-0.5186
2.0000,0.2926,-0.5087
2.0000,0.2985,-0.5055
2.0000,0.3019,-0.5047
2.0000,0.2979,-0.5113
2.0000,0.3172,-0.4945
2.0000,0.3273,-0.4870
2.0000,0.3115,-0.5053
2.0000,0.3115,-0.5078
2.0000,0.3117,-0.5100
2.0000,0.3437,-0.4804
2.0000,0.3452,-0.4814
2.0000,0.3369,-0.4920
2.0000,0.3389,-0.4923
2.0000,0.3388,-0.4948
2.0000,0.3523,-0.4835
2.0000,0.3388,-0.4993
2.0000,0.3657,-0.4745
2.0000,0.3478,-0.4947
2.0000,0.3541,-0.4906
2.0000,0.3755,-0.4712
2.0000,0.3762,-0.4727
2.0000,0.3677,-0.4832
2.0000,0.3869,-0.4661
2.0000,0.3758,-0.4791
2.0000,0.4001,-0.4568
2.0000,0.3764,-0.4825
2.0000,0.4069,-0.4538
2.0000,0.3812,-0.4814
2.0000,0.4063,-0.4581
2.0000,0.4048,-0.4614
2.0000,0.4015,-0.4666
2.0000,0.4025,-0.4673
2.0000,0.4256,-0.4459
2.0000,0.4065,-0.4667
2.0000,0.4350,-0.4397
2.0000,0.4271,-0.4493
2.0000,0.4276,-0.4503
2.0000,0.4311,-0.4484
2.0000,0.4487,-0.4322
2.0000,0.4355,-0.4470
2.0000,0.4269,-0.4570
2.0000,0.4503,-0.4350
2.0000,0.4484,-0.4382
2.0000,0.4621,-0.4259
2.0000,0.4637,-0.4256
2.0000,0.4570,-0.4335
2.0000,0.4616,-0.4301
2.0000,0.4713,-0.4217
2.0000,0.4744,-0.4197
2.0000,0.4628,-0.4323
2.0000,0.4841,-0.4122
2.0000,0.4662,-0.4311
2.0000,0.4746,-0.4236
2.0000,0.4726,-0.4266
2.0000,0.4842,-0.4160
2.0000,0.4902,-0.4108
2.0000,0.4898,-0.4122
2.0000,0.5090,-0.3937
2.0000,0.5060,-0.3975
2.0000,0.5205,-0.3837
2.0000,0.5004,-0.4045
2.0000,0.5203,-0.3854
2.0000,0.5299,-0.3764
2.0000,0.5194,-0.3875
2.0000,0.5162,-0.3913
2.0000,0.5229,-0.3850
2.0000,0.5249,-0.3835
2.0000,0.5191,-0.3897
2.0000,0.5365,-0.3727
2.0000,0.5305,-0.3791
2.0000,0.5568,-0.3531
2.0000,0.5467,-0.3635
2.0000,0.5591,-0.3513
2.0000,0.5589,-0.3517
2.0000,0.5615,-0.3493
2.0000,0.5614,-0.3495
2.0000,0.5653,-0.3457
2.0000,0.5643,-0.3468
2.0000,0.5752,-0.3358
2.0000,0.5703,-0.3407
2.0000,0.5742,-0.3367
2.0000,0.5751,-0.3357
2.0000,0.5854,-0.3253
2.0000,0.5779,-0.3325
2.0000,0.5903,-0.3198
2.0000,0.5736,-0.3363
2.0000,0.5998,-0.3098
2.0000,0.5873,-0.3219
2.0000,0.6048,-0.3040
2.0000,0.6002,-0.3081
2.0000,0.5902,-0.3177
2.0000,0.6006,-0.3067
2.0000,0.6177,-0.2890
2.0000,0.6175,-0.2887
2.0000,0.6047,-0.3009
2.0000,0.6051,-0.2997
2.0000,0.6124,-0.2917
2.0000,0.6312,-0.2721
2.0000,0.6100,-0.2925
2.0000,0.6153,-0.2863
2.0000,0.6407,-0.2600
2.0000,0.6436,-0.2561
2.0000,0.6489,-0.2498
2.0000,0.6486,-0.2492
2.0000,0.6483,-0.2484
2.0000,0.6503,-0.2453
2.0000,0.6389,-0.2555
2.0000,0.6407,-0.2525
2.0000,0.6347,-0.2573
2.0000,0.6627,-0.2280
2.0000,0.6386,-0.2507
2.0000,0.6668,-0.2211
2.0000,0.6717,-0.2148
2.0000,0.6607,-0.2244
2.0000,0.6630,-0.2206
2.0000,0.6533,-0.2288
2.0000,0.6541,-0.2263
2.0000,0.6545,-0.2244
2.0000,0.6757,-0.2015
2.0000,0.6619,-0.2136
2.0000,0.6714,-0.2023
2.0000,0.6637,-0.2082
2.0000,0.6798,-0.1903
2.0000,0.6735,-0.1946
2.0000,0.6861,-0.1802
2.0000,0.6748,-0.1895
2.0000,0.6963,-0.1659
2.0000,0.7015,-0.1587
2.0000,0.7052,-0.1529
2.0000,0.7055,-0.1504
2.0000,0.7056,-0.1482
2.0000,0.6896,-0.1619
2.0000,0.6896,-0.1597
2.0000,0.7152,-0.1317
2.0000,0.6959,-0.1486
2.0000,0.7151,-0.1271
2.0000,0.7198,-0.1199
2.0000,0.7237,-0.1135
2.0000,0.7261,-0.1086
2.0000,0.7079,-0.1242
2.0000,0.7040,-0.1255
2.0000,0.7130,-0.1138
2.0000,0.7335,-0.0906
2.0000,0.7088,-0.1125
2.0000,0.7086,-0.1100
2.0000,0.7352,-0.0805
2.0000,0.7162,-0.0967
2.0000,0.7375,-0.0725
2.0000,0.7225,-0.0845
2.0000,0.7193,-0.0847
2.0000,0.7288,-0.0721
2.0000,0.7234,-0.0744
2.0000,0.7502,-0.0445
2.0000,0.7467,-0.0448
2.0000,0.7498,-0.0385
2.0000,0.7303,-0.0547
2.0000,0.7360,-0.0457
2.0000,0.7456,-0.0327
2.0000,0.7303,-0.0447
2.0000,0.7443,-0.0272
2.0000,0.7443,-0.0237
2.0000,0.7542,-0.0103
2.0000,0.7364,-0.0246
2.0000,0.7433,-0.0140
2.0000,0.7630,0.0093
2.0000,0.7525,0.0025
2.0000,0.7566,0.0103
2.0000,0.7556,0.0131
2.0000,0.7467,0.0080
2.0000,0.7459,0.0111
2.0000,0.7584,0.0275
2.0000,0.7687,0.0417
2.0000,0.7589,0.0359
2.0000,0.7582,0.0392
2.0000,0.7660,0.0511
2.0000,0.7442,0.0334
2.0000,0.7637,0.0570
2.0000,0.7529,0.0505
2.0000,0.7731,0.0749
2.0000,0.7588,0.0649
2.0000,0.7545,0.0649
2.0000,0.7754,0.0902
2.0000,0.7569,0.0761
2.0000,0.7625,0.0861
2.0000,0.7602,0.0883
2.0000,0.7727,0.1052
2.0000,0.7779,0.1150
2.0000,0.7731,0.1148
2.0000,0.7770,0.1233
2.0000,0.7794,0.1305
2.0000,0.7707,0.1265
2.0000,0.7589,0.1195
2.0000,0.7689,0.1343
2.0000,0.7567,0.1269
2.0000,0.7725,0.1476
2.0000,0.7545,0.1345
2.0000,0.7560,0.1409
2.0000,0.7548,0.1447
2.0000,0.7554,0.1503
2.0000,0.7563,0.1563
2.0000,0.7740,0.1792
2.0000,0.7694,0.1797
2.0000,0.7813,0.1968
2.0000,0.7633,0.1840
2.0000,0.7729,0.1989
2.0000,0.7548,0.1861
2.0000,0.7732,0.2099
2.0000,0.7782,0.2202
2.0000,0.7789,0.2263
2.0000,0.7796,0.2324
2.0000,0.7619,0.2203
2.0000,0.7575,0.2214
2.0000,0.7746,0.2441
2.0000,0.7551,0.2301
2.0000,0.7528,0.2335
2.0000,0.7615,0.2479
2.0000,0.7649,0.2570
2.0000,0.7736,0.2714
2.0000,0.7449,0.2485
2.0000,0.7700,0.2794
2.0000,0.7436,0.2589
2.0000,0.7434,0.2645
2.0000,0.7423,0.2694
2.0000,0.7509,0.2839
2.0000,0.7394,0.2784
2.0000,0.7623,0.3074
2.0000,0.7553,0.3064
2.0000,0.7650,0.3222
2.0000,0.7526,0.3160
2.0000,0.7355,0.3050
2.0000,0.7460,0.3217
2.0000,0.7388,0.3207
2.0000,0.7426,0.3308
2.0000,0.7437,0.3382
2.0000,0.7500,0.3508
2.0000,0.7527,0.3599
2.0000,0.7307,0.3443
2.0000,0.7250,0.3450
2.0000,0.7505,0.3770
2.0000,0.7465,0.3794
2.0000,0.7413,0.3808
2.0000,0.7476,0.3936
2.0000,0.7456,0.3982
2.0000,0.7312,0.3904
2.0000,0.7398,0.4056
2.0000,0.7405,0.4130
2.0000,0.7320,0.4112
2.0000,0.7256,0.4116
2.0000,0.7362,0.4290
2.0000,0.7114,0.4110
2.0000,0.7267,0.4331
2.0000,0.7124,0.4256
2.0000,0.7264,0.4465
2.0000,0.7068,0.4338
2.0000,0.7227,0.4566
2.0000,0.7236,0.4644
2.0000,0.7134,0.4613
2.0000,0.6934,0.4483
2.0000,0.7073,0.4692
2.0000,0.6937,0.4627
2.0000,0.7146,0.4907
2.0000,0.6817,0.4649
2.0000,0.6825,0.4729
2.0000,0.6937,0.4913
2.0000,0.6907,0.4954
2.0000,0.6832,0.4952
2.0000,0.6790,0.4982
2.0000,0.6930,0.5195
2.0000,0.6697,0.5035
2.0000,0.6937,0.5348
2.0000,0.6805,0.5289
2.0000,0.6702,0.5260
2.0000,0.6799,0.5431
2.0000,0.6616,0.5323
2.0000,0.6681,0.5462
2.0000,0.6717,0.5572
2.0000,0.6546,0.5476
2.0000,0.6624,0.5629
2.0000,0.6479,0.5559
2.0000,0.6461,0.5617
2.0000,0.6338,0.5569
2.0000,0.6457,0.5765
2.0000,0.6455,0.5839
2.0000,0.6276,0.5737
2.0000,0.6467,0.6004
2.0000,0.6240,0.5853
2.0000,0.6450,0.6140
2.0000,0.6337,0.6105
2.0000,0.6216,0.6061
2.0000,0.6071,0.5994
2.0000,0.6139,0.6139
2.0000,0.6291,0.6369
2.0000,0.6089,0.6245
2.0000,0.6204,0.6438
2.0000,0.6124,0.6436
2.0000,0.6050,0.6441
2.0000,0.5886,0.6356
2.0000,0.5956,0.6505
2.0000,0.6023,0.6650
2.0000,0.6045,0.6752
2.0000,0.5724,0.6510
2.0000,0.5763,0.6628
2.0000,0.5807,0.6752
2.0000,0.5873,0.6898
2.0000,0.5701,0.6805
2.0000,0.5802,0.6987
2.0000,0.5625,0.6890
2.0000,0.5520,0.6865
2.0000,0.5527,0.6953
2.0000,0.5584,0.7090
2.0000,0.5634,0.7220
2.0000,0.5343,0.7011
2.0000,0.5314,0.7061
2.0000,0.5234,0.7063
2.0000,0.5296,0.7206
2.0000,0.5226,0.7217
2.0000,0.5152,0.7224
2.0000,0.5323,0.7476
2.0000,0.5314,0.7550
2.0000,0.5005,0.7321
2.0000,0.5246,0.7644
2.0000,0.5117,0.7597
2.0000,0.5107,0.7669
2.0000,0.4927,0.7570
2.0000,0.4788,0.7514
2.0000,0.4939,0.7747
2.0000,0.4756,0.7645
2.0000,0.4843,0.7814
2.0000,0.4656,0.7709
2.0000,0.4820,0.7955
2.0000,0.4667,0.7885
2.0000,0.4660,0.7961
2.0000,0.4481,0.7863
2.0000,0.4502,0.7967
2.0000,0.4484,0.8032
2.0000,0.4383,0.8013
2.0000,0.4507,0.8219
2.0000,0.4409,0.8204
2.0000,0.4209,0.8087
2.0000,0.4287,0.8247
2.0000,0.4232,0.8274
2.0000,0.4276,0.8400
2.0000,0.4229,0.8436
2.0000,0.3952,0.8242
2.0000,0.4088,0.8461
2.0000,0.3859,0.8314
2.0000,0.3927,0.8465
2.0000,0.3760,0.8380
2.0000,0.3687,0.8390
2.0000,0.3886,0.8671
2.0000,0.3654,0.8522
2.0000,0.3735,0.8685
2.0000,0.3535,0.8568
2.0000,0.3694,0.8809
2.0000,0.3427,0.8624
2.0000,0.3396,0.8676
2.0000,0.3340,0.8701
2.0000,0.3462,0.8906
2.0000,0.3163,0.8689
2.0000,0.3225,0.8833
2.0000,0.3098,0.8788
2.0000,0.3308,0.9080
2.0000,0.3043,0.8897
2.0000,0.3047,0.8982
2.0000,0.3129,0.9147
2.0000,0.2933,0.9033
2.0000,0.2798,0.8979
2.0000,0.2786,0.9048
2.0000,0.2877,0.9221
2.0000,0.2793,0.9218
2.0000,0.2767,0.9273
2.0000,0.2478,0.9065
2.0000,0.2592,0.9260
2.0000,0.2468,0.9217
2.0000,0.2391,0.9221
2.0000,0.2467,0.9378
2.0000,0.2176,0.9168
2.0000,0.2137,0.9209
2.0000,0.2097,0.9249
2.0000,0.2222,0.9455
2.0000,0.2150,0.9463
2.0000,0.1998,0.9390
2.0000,0.1934,0.9406
2.0000,0.1808,0.9359
2.0000,0.1958,0.9590
2.0000,0.1757,0.9467
2.0000,0.1747,0.9537
2.0000,0.1595,0.9464
2.0000,0.1601,0.9548
2.0000,0.1565,0.9591
2.0000,0.1568,0.9673
2.0000,0.1611,0.9795
2.0000,0.1416,0.9677
2.0000,0.1378,0.9717
2.0000,0.1186,0.9603
2.0000,0.1252,0.9746
2.0000,0.1078,0.9650
2.0000,0.1222,0.9871
2.0000,0.0903,0.9629
2.0000,0.0982,0.9785
2.0000,0.0792,0.9671
2.0000,0.0831,0.9786
2.0000,0.0652,0.9684
2.0000,0.0616,0.9723
2.0000,0.0682,0.9865
2.0000,0.0770,1.0029
2.0000,0.0586,0.9920
2.0000,0.0437,0.9846
2.0000,0.0448,0.9931
2.0000,0.0470,1.0028
2.0000,0.0266,0.9899
2.0000,0.0290,0.9997
2.0000,0.0104,0.9884
2.0000,-0.0018,0.9836
2.0000,-0.0078,0.9849
2.0000,0.0053,1.0053
3.0000,-0.0154,-0.0144
3.0000,0.0027,0.0047
3.0000,0.0067,0.0096
3.0000,-0.0087,-0.0048
3.0000,-0.0073,-0.0024
3.0000,-0.0086,-0.0028
3.0000,0.0030,0.0097
3.0000,0.0058,0.0133
3.0000,-0.0154,-0.0070
3.0000,-0.0236,-0.0143
3.0000,-0.0215,-0.0113
3.0000,0.0034,0.0145
3.0000,-0.0228,-0.0109
3.0000,-0.0155,-0.0028
3.0000,-0.0035,0.0100
3.0000,-0.0259,-0.0116
3.0000,-0.0110,0.0041
3.0000,-0.0216,-0.0057
3.0000,-0.0102,0.0064
3.0000,-0.0219,-0.0046
3.0000,-0.0323,-0.0143
3.0000,-0.0241,-0.0053
3.0000,-0.0296,-0.0101
3.0000,-0.0184,0.0018
3.0000,-0.0207,0.0001
3.0000,-0.0108,0.0106
3.0000,-0.0329,-0.0108
3.0000,-0.0212,0.0015
3.0000,-0.0418,-0.0185
3.0000,-0.0281,-0.0043
3.0000,-0.0227,0.0017
3.0000,-0.0285,-0.0035
3.0000,-0.0395,-0.0140
3.0000,-0.0180,0.0081
3.0000,-0.0492,-0.0227
3.0000,-0.0441,-0.0171
3.0000,-0.0298,-0.0023
3.0000,-0.0385,-0.0106
3.0000,-0.0246,0.0037
3.0000,-0.0513,-0.0225
3.0000,-0.0523,-0.0231
3.0000,-0.0256,0.0040
3.0000,-0.0287,0.0012
3.0000,-0.0364,-0.0061
3.0000,-0.0574,-0.0268
3.0000,-0.0495,-0.0185
3.0000,-0.0555,-0.0243
3.0000,-0.0558,-0.0242
3.0000,-0.0332,-0.0013
3.0000,-0.0571,-0.0250
3.0000,-0.0406,-0.0083
3.0000,-0.0571,-0.0245
3.0000,-0.0447,-0.0119
3.0000,-0.0558,-0.0228
3.0000,-0.0383,-0.0052
3.0000,-0.0536,-0.0204
3.0000,-0.0375,-0.0041
3.0000,-0.0630,-0.0295
3.0000,-0.0567,-0.0231
3.0000,-0.0447,-0.0110
3.0000,-0.0517,-0.0180
3.0000,-0.0581,-0.0243
3.0000,-0.0688,-0.0350
3.0000,-0.0668,-0.0330
3.0000,-0.0693,-0.0355
3.0000,-0.0673,-0.0335
3.0000,-0.0540,-0.0202
3.0000,-0.0613,-0.0276
3.0000,-0.0533,-0.0196
3.0000,-0.0757,-0.0422
3.0000,-0.0765,-0.0431
3.0000,-0.0587,-0.0254
3.0000,-0.0646,-0.0315
3.0000,-0.0552,-0.0223
3.0000,-0.0574,-0.0247
3.0000,-0.0596,-0.0270
3.0000,-0.0598,-0.0274
3.0000,-0.0644,-0.0323
3.0000,-0.0841,-0.0523
3.0000,-0.0718,-0.0403
3.0000,-0.0817,-0.0504
3.0000,-0.0682,-0.0372
3.0000,-0.0741,-0.0435
3.0000,-0.0858,-0.0555
3.0000,-0.0777,-0.0478
3.0000,-0.0812,-0.0517
3.0000,-0.0867,-0.0576
3.0000,-0.0746,-0.0459
3.0000,-0.0665,-0.0382
3.0000,-0.0819,-0.0541
3.0000,-0.0657,-0.0384
3.0000,-0.0796,-0.0528
3.0000,-0.0747,-0.0484
3.0000,-0.0910,-0.0653
3.0000,-0.0917,-0.0665
3.0000,-0.0632,-0.0386
3.0000,-0.0681,-0.0441
3.0000,-0.0659,-0.0425
3.0000,-0.0767,-0.0540
3.0000,-0.0790,-0.0569
3.0000,-0.0876,-0.0662
3.0000,-0.0966,-0.0758
3.0000,-0.0907,-0.0706
3.0000,-0.0981,-0.0787
3.0000,-0.0957,-0.0771
3.0000,-0.0691,-0.0513
3.0000,-0.0699,-0.0528
3.0000,-0.0968,-0.0805
3.0000,-0.0874,-0.0719
3.0000,-0.0717,-0.0571
3.0000,-0.0930,-0.0792
3.0000,-0.0950,-0.0821
3.0000,-0.0979,-0.0858
3.0000,-0.0964,-0.0853
3.0000,-0.0736,-0.0634
3.0000,-0.0809,-0.0716
3.0000,-0.1018,-0.0935
3.0000,-0.0966,-0.0893
3.0000,-0.0727,-0.0663
3.0000,-0.0880,-0.0827
3.0000,-0.0924,-0.0881
3.0000,-0.0925,-0.0892
3.0000,-0.0892,-0.0870
3.0000,-0.0950,-0.0939
3.0000,-0.0855,-0.0855
3.0000,-0.0786,-0.0798
3.0000,-0.0750,-0.0773
3.0000,-0.0982,-0.1016
3.0000,-0.0779,-0.0825
3.0000,-0.0952,-0.1010
3.0000,-0.0840,-0.0910
3.0000,-0.0863,-0.0945
3.0000,-0.0846,-0.0941
3.0000,-0.0944,-0.1051
3.0000,-0.1002,-0.1122
3.0000,-0.0895,-0.1028
3.0000,-0.0795,-0.0941
3.0000,-0.0748,-0.0908
3.0000,-0.1017,-0.1190
3.0000,-0.0749,-0.0935
3.0000,-0.0953,-0.1153
3.0000,-0.0882,-0.1096
3.0000,-0.1008,-0.1237
3.0000,-0.1011,-0.1254
3.0000,-0.0839,-0.1096
3.0000,-0.0965,-0.1237
3.0000,-0.0880,-0.1166
3.0000,-0.1006,-0.1308
3.0000,-0.1036,-0.1353
3.0000,-0.1032,-0.1364
3.0000,-0.0990,-0.1338
3.0000,-0.0983,-0.1346
3.0000,-0.0717,-0.1096
3.0000,-0.0855,-0.1249
3.0000,-0.0976,-0.1387
3.0000,-0.0874,-0.1301
3.0000,-0.0907,-0.1351
3.0000,-0.0709,-0.1169
3.0000,-0.1018,-0.1494
3.0000,-0.0875,-0.1369
3.0000,-0.0835,-0.1346
3.0000,-0.0719,-0.1246
3.0000,-0.0976,-0.1521
3.0000,-0.0720,-0.1283
3.0000,-0.0705,-0.1285
3.0000,-0.0898,-0.1496
3.0000,-0.0948,-0.1564
3.0000,-0.0923,-0.1557
3.0000,-0.0868,-0.1521
3.0000,-0.0794,-0.1464
3.0000,-0.0734,-0.1423
3.0000,-0.0879,-0.1587
3.0000,-0.0817,-0.1544
3.0000,-0.0833,-0.1578
3.0000,-0.0826,-0.1590
3.0000,-0.0754,-0.1538
3.0000,-0.0754,-0.1558
3.0000,-0.0729,-0.1552
3.0000,-0.0901,-0.1744
3.0000,-0.0707,-0.1569
3.0000,-0.0707,-0.1589
3.0000,-0.0736,-0.1638
3.0000,-0.0883,-0.1805
3.0000,-0.0607,-0.1549
3.0000,-0.0806,-0.1769
3.0000,-0.0596,-0.1579
3.0000,-0.0831,-0.1835
3.0000,-0.0740,-0.1765
3.0000,-0.0646,-0.1692
3.0000,-0.0551,-0.1618
3.0000,-0.0689,-0.1777
3.0000,-0.0614,-0.1723
3.0000,-0.0813,-0.1944
3.0000,-0.0736,-0.1888
3.0000,-0.0560,-0.1734
3.0000,-0.0774,-0.1970
3.0000,-0.0555,-0.1773
3.0000,-0.0589,-0.1829
3.0000,-0.0667,-0.1929
3.0000,-0.0688,-0.1972
3.0000,-0.0645,-0.1952
3.0000,-0.0621,-0.1949
3.0000,-0.0607,-0.1959
3.0000,-0.0562,-0.1936
3.0000,-0.0651,-0.2048
3.0000,-0.0581,-0.2001
3.0000,-0.0399,-0.1842
3.0000,-0.0496,-0.1962
3.0000,-0.0645,-0.2133
3.0000,-0.0552,-0.2064
3.0000,-0.0493,-0.2028
3.0000,-0.0348,-0.1907
3.0000,-0.0449,-0.2031
3.0000,-0.0499,-0.2105
3.0000,-0.0426,-0.2055
3.0000,-0.0558,-0.2211
3.0000,-0.0315,-0.1991
3.0000,-0.0342,-0.2042
3.0000,-0.0561,-0.2286
3.0000,-0.0324,-0.2073
3.0000,-0.0488,-0.2261
3.0000,-0.0256,-0.2053
3.0000,-0.0519,-0.2340
3.0000,-0.0318,-0.2163
3.0000,-0.0313,-0.2183
3.0000,-0.0402,-0.2297
3.0000,-0.0420,-0.2340
3.0000,-0.0425,-0.2369
3.0000,-0.0422,-0.2391
3.0000,-0.0394,-0.2388
3.0000,-0.0172,-0.2191
3.0000,-0.0347,-0.2390
3.0000,-0.0109,-0.2177
3.0000,-0.0095,-0.2188
3.0000,-0.0363,-0.2481
3.0000,-0.0333,-0.2476
3.0000,-0.0064,-0.2232
3.0000,-0.0081,-0.2275
3.0000,-0.0264,-0.2483
3.0000,-0.0091,-0.2336
3.0000,-0.0046,-0.2316
3.0000,-0.0125,-0.2420
3.0000,-0.0056,-0.2376
3.0000,-0.0179,-0.2525
3.0000,-0.0044,-0.2416
3.0000,0.0053,-0.2344
3.0000,0.0009,-0.2414
3.0000,-0.0018,-0.2466
3.0000,-0.0010,-0.2484
3.0000,0.0024,-0.2476
3.0000,0.0022,-0.2504
3.0000,0.0145,-0.2407
3.0000,0.0181,-0.2396
3.0000,0.0145,-0.2458
3.0000,0.0177,-0.2451
3.0000,0.0191,-0.2464
3.0000,-0.0008,-0.2689
3.0000,0.0240,-0.2466
3.0000,0.0259,-0.2473
3.0000,0.0089,-0.2669
3.0000,0.0085,-0.2699
3.0000,0.0328,-0.2482
3.0000,0.0244,-0.2592
3.0000,0.0383,-0.2479
3.0000,0.0307,-0.2580
3.0000,0.0258,-0.2655
3.0000,0.0293,-0.2646
3.0000,0.0411,-0.2554
3.0000,0.0342,-0.2650
3.0000,0.0458,-0.2559
3.0000,0.0259,-0.2784
3.0000,0.0430,-0.2639
3.0000,0.0470,-0.2625
3.0000,0.0482,-0.2639
3.0000,0.0506,-0.2641
3.0000,0.0374,-0.2798
3.0000,0.0363,-0.2835
3.0000,0.0370,-0.2854
3.0000,0.0354,-0.2895
3.0000,0.0619,-0.2656
3.0000,0.0568,-0.2733
3.0000,0.0543,-0.2783
3.0000,0.0740,-0.2612
3.0000,0.0746,-0.2632
3.0000,0.0507,-0.2896
3.0000,0.0530,-0.2898
3.0000,0.0752,-0.2702
3.0000,0.0634,-0.2845
3.0000,0.0724,-0.2781
3.0000,0.0572,-0.2958
3.0000,0.0597,-0.2958
3.0000,0.0676,-0.2904
3.0000,0.0728,-0.2878
3.0000,0.0710,-0.2921
3.0000,0.0705,-0.2951
3.0000,0.0964,-0.2716
3.0000,0.1023,-0.2682
3.0000,0.0804,-0.2927
3.0000,0.0824,-0.2931
3.0000,0.1063,-0.2718
3.0000,0.1002,-0.2803
3.0000,0.0984,-0.2845
3.0000,0.0926,-0.2928
3.0000,0.0944,-0.2935
3.0000,0.1038,-0.2865
3.0000,0.1082,-0.2845
3.0000,0.1003,-0.2948
3.0000,0.1218,-0.2758
3.0000,0.1058,-0.2941
3.0000,0.1090,-0.2933
3.0000,0.1140,-0.2908
3.0000,0.1338,-0.2733
3.0000,0.1315,-0.2780
3.0000,0.1246,-0.2873
3.0000,0.1180,-0.2962
3.0000,0.1203,-0.2962
3.0000,0.1417,-0.2772
3.0000,0.1369,-0.2843
3.0000,0.1215,-0.3020
3.0000,0.1343,-0.2915
3.0000,0.1372,-0.2909
3.0000,0.1412,-0.2892
3.0000,0.1579,-0.2748
3.0000,0.1363,-0.2986
3.0000,0.1443,-0.2929
3.0000,0.1655,-0.2738
3.0000,0.1598,-0.2817
3.0000,0.1539,-0.2899
3.0000,0.1552,-0.2908
3.0000,0.1470,-0.3012
3.0000,0.1498,-0.3005
3.0000,0.1655,-0.2870
3.0000,0.1707,-0.2839
3.0000,0.1723,-0.2845
3.0000,0.1629,-0.2960
3.0000,0.1876,-0.2734
3.0000,0.1628,-0.3003
3.0000,0.1740,-0.2911
3.0000,0.1945,-0.2727
3.0000,0.1698,-0.2994
3.0000,0.1691,-0.3022
3.0000,0.1999,-0.2734
3.0000,0.1910,-0.2843
3.0000,0.1787,-0.2986
3.0000,0.1812,-0.2981
3.0000,0.1930,-0.2882
3.0000,0.1897,-0.2935
3.0000,0.2133,-0.2718
3.0000,0.1914,-0.2956
3.0000,0.1926,-0.2963
3.0000,0.1960,-0.2948
3.0000,0.2141,-0.2785
3.0000,0.2138,-0.2806
3.0000,0.2285,-0.2677
3.0000,0.2311,-0.2670
3.0000,0.2163,-0.2836
3.0000,0.2139,-0.2878
3.0000,0.2104,-0.2930
3.0000,0.2322,-0.2729
3.0000,0.2418,-0.2650
3.0000,0.2326,-0.2759
3.0000,0.2406,-0.2697
3.0000,0.2388,-0.2731
3.0000,0.2442,-0.2693
3.0000,0.2537,-0.2614
3.0000,0.2467,-0.2701
3.0000,0.2441,-0.2743
3.0000,0.2628,-0.2572
3.0000,0.2487,-0.2728
3.0000,0.2541,-0.2689
3.0000,0.2509,-0.2736
3.0000,0.2708,-0.2552
3.0000,0.2519,-0.2755
3.0000,0.2677,-0.2612
3.0000,0.2554,-0.2749
3.0000,0.2785,-0.2533
3.0000,0.2686,-0.2646
3.0000,0.2743,-0.2602
3.0000,0.2592,-0.2766
3.0000,0.2881,-0.2490
3.0000,0.2878,-0.2507
3.0000,0.2731,-0.2666
3.0000,0.2888,-0.2521
3.0000,0.2861,-0.2561
3.0000,0.2880,-0.2554
3.0000,0.2959,-0.2487
3.0000,0.2855,-0.2602
3.0000,0.2825,-0.2644
3.0000,0.3014,-0.2466
3.0000,0.2999,-0.2492
3.0000,0.2987,-0.2515
3.0000,0.3157,-0.2356
3.0000,0.2944,-0.2578
3.0000,0.3037,-0.2495
3.0000,0.3131,-0.2411
3.0000,0.3235,-0.2317
3.0000,0.3037,-0.2524
3.0000,0.3153,-0.2417
3.0000,0.3260,-0.2319
3.0000,0.3185,-0.2402
3.0000,0.3364,-0.2231
3.0000,0.3273,-0.2330
3.0000,0.3306,-0.2306
3.0000,0.3292,-0.2327
3.0000,0.3293,-0.2333
3.0000,0.3350,-0.2283
3.0000,0.3312,-0.2328
3.0000,0.3515,-0.2131
3.0000,0.3410,-0.2243
3.0000,0.3404,-0.2255
3.0000,0.3381,-0.2284
3.0000,0.3546,-0.2124
3.0000,0.3513,-0.2162
3.0000,0.3436,-0.2244
3.0000,0.3604,-0.2081
3.0000,0.3447,-0.2242
3.0000,0.3592,-0.2101
3.0000,0.3752,-0.1945
3.0000,0.3677,-0.2024
3.0000,0.3607,-0.2097
3.0000,0.3692,-0.2015
3.0000,0.3834,-0.1876
3.0000,0.3863,-0.1849
3.0000,0.3907,-0.1807
3.0000,0.3790,-0.1926
3.0000,0.3676,-0.2042
3.0000,0.3746,-0.1974
3.0000,0.3837,-0.1884
3.0000,0.3951,-0.1770
3.0000,0.3752,-0.1969
3.0000,0.3859,-0.1863
3.0000,0.3845,-0.1877
3.0000,0.3839,-0.1882
3.0000,0.3945,-0.1776
3.0000,0.4029,-0.1691
3.0000,0.3907,-0.1812
3.0000,0.4143,-0.1574
3.0000,0.4136,-0.1579
3.0000,0.4215,-0.1498
3.0000,0.4204,-0.1507
3.0000,0.4044,-0.1664
3.0000,0.4260,-0.1445
3.0000,0.4050,-0.1652
3.0000,0.4204,-0.1494
3.0000,0.4237,-0.1458
3.0000,0.4189,-0.1501
3.0000,0.4365,-0.1321
3.0000,0.4087,-0.1594
3.0000,0.4392,-0.1284
3.0000,0.4217,-0.1453
3.0000,0.4422,-0.1243
3.0000,0.4241,-0.1418
3.0000,0.4180,-0.1473
3.0000,0.4463,-0.1182
3.0000,0.4479,-0.1160
3.0000,0.4251,-0.1380
3.0000,0.4267,-0.1357
3.0000,0.4486,-0.1130
3.0000,0.4525,-0.1083
3.0000,0.4419,-0.1180
3.0000,0.4571,-0.1020
3.0000,0.4392,-0.1189
3.0000,0.4621,-0.0951
3.0000,0.4589,-0.0973
3.0000,0.4459,-0.1093
3.0000,0.4616,-0.0926
3.0000,0.4689,-0.0843
3.0000,0.4581,-0.0939
3.0000,0.4504,-0.1005
3.0000,0.4639,-0.0858
3.0000,0.4504,-0.0981
3.0000,0.4596,-0.0877
3.0000,0.4555,-0.0905
3.0000,0.4536,-0.0912
3.0000,0.4689,-0.0745
3.0000,0.4724,-0.0697
3.0000,0.4835,-0.0573
3.0000,0.4607,-0.0786
3.0000,0.4612,-0.0767
3.0000,0.4772,-0.0592
3.0000,0.4923,-0.0426
3.0000,0.4666,-0.0667
3.0000,0.4907,-0.0411
3.0000,0.4766,-0.0536
3.0000,0.4961,-0.0324
3.0000,0.4843,-0.0425
3.0000,0.4905,-0.0347
3.0000,0.4876,-0.0358
3.0000,0.4881,-0.0335
3.0000,0.4737,-0.0461
3.0000,0.4915,-0.0264
3.0000,0.4998,-0.0163
3.0000,0.5021,-0.0121
3.0000,0.5000,-0.0123
3.0000,0.4940,-0.0163
3.0000,0.4930,-0.0153
3.0000,0.4871,-0.0192
3.0000,0.4864,-0.0179
3.0000,0.5010,-0.0011
3.0000,0.5154,0.0154
3.0000,0.5161,0.0182
3.0000,0.4992,0.0035
3.0000,0.4899,-0.0036
3.0000,0.5099,0.0188
3.0000,0.5135,0.0246
3.0000,0.5069,0.0204
3.0000,0.5052,0.0210
3.0000,0.5082,0.0264
3.0000,0.5105,0.0311
3.0000,0.5013,0.0244
3.0000,0.5209,0.0464
3.0000,0.5152,0.0432
3.0000,0.5229,0.0535
3.0000,0.5271,0.0602
3.0000,0.5141,0.0498
3.0000,0.5127,0.0511
3.0000,0.5296,0.0707
3.0000,0.5296,0.0734
3.0000,0.5310,0.0775
3.0000,0.5183,0.0676
3.0000,0.5253,0.0773
3.0000,0.5155,0.0704
3.0000,0.5275,0.0853
3.0000,0.5254,0.0861
3.0000,0.5058,0.0694
3.0000,0.5156,0.0821
3.0000,0.5255,0.0950
3.0000,0.5259,0.0984
3.0000,0.5133,0.0889
3.0000,0.5181,0.0968
3.0000,0.5163,0.0981
3.0000,0.5266,0.1116
3.0000,0.5325,0.1207
3.0000,0.5237,0.1150
3.0000,0.5273,0.1219
3.0000,0.5351,0.1329
3.0000,0.5214,0.1226
3.0000,0.5282,0.1327
3.0000,0.5384,0.1463
3.0000,0.5192,0.1304
3.0000,0.5186,0.1333
3.0000,0.5325,0.1507
3.0000,0.5326,0.1542
3.0000,0.5333,0.1585
3.0000,0.5082,0.1369
3.0000,0.5328,0.1651
3.0000,0.5164,0.1522
3.0000,0.5391,0.1786
3.0000,0.5152,0.1583
3.0000,0.5149,0.1618
3.0000,0.5338,0.1844
3.0000,0.5202,0.1746
3.0000,0.5085,0.1667
3.0000,0.5155,0.1775
3.0000,0.5372,0.2030
3.0000,0.5246,0.1943
3.0000,0.5343,0.2079
3.0000,0.5131,0.1906
3.0000,0.5170,0.1985
3.0000,0.5237,0.2092
3.0000,0.5106,0.2001
3.0000,0.5118,0.2054
3.0000,0.5352,0.2328
3.0000,0.5312,0.2329
3.0000,0.5221,0.2279
3.0000,0.5177,0.2277
3.0000,0.5329,0.2472
3.0000,0.5041,0.2226
3.0000,0.5122,0.2349
3.0000,0.5020,0.2289
3.0000,0.5231,0.2543
3.0000,0.5145,0.2501
3.0000,0.5134,0.2533
3.0000,0.5225,0.2668
3.0000,0.5254,0.2741
3.0000,0.5102,0.2634
3.0000,0.5130,0.2706
3.0000,0.4946,0.2567
3.0000,0.5086,0.2752
3.0000,0.5106,0.2817
3.0000,0.5229,0.2986
3.0000,0.4961,0.2764
3.0000,0.4918,0.2768
3.0000,0.4999,0.2895
3.0000,0.5028,0.2970
3.0000,0.5054,0.3043
3.0000,0.5159,0.3195
3.0000,0.4898,0.2982
3.0000,0.5092,0.3224
3.0000,0.4914,0.3094
3.0000,0.5027,0.3255
3.0000,0.5082,0.3358
3.0000,0.4824,0.3149
3.0000,0.4970,0.3345
3.0000,0.5064,0.3487
3.0000,0.5058,0.3531
3.0000,0.4945,0.3468
3.0000,0.4946,0.3518
3.0000,0.5019,0.3641
3.0000,0.4971,0.3643
3.0000,0.4965,0.3688
3.0000,0.4962,0.3736
3.0000,0.4752,0.3577
3.0000,0.4919,0.3795
3.0000,0.4767,0.3695
3.0000,0.4784,0.3764
3.0000,0.4606,0.3637
3.0000,0.4856,0.3939
3.0000,0.4579,0.3715
3.0000,0.4583,0.3771
3.0000,0.4766,0.4007
3.0000,0.4517,0.3811
3.0000,0.4701,0.4048
3.0000,0.4610,0.4010
3.0000,0.4633,0.4087
3.0000,0.4702,0.4210
3.0000,0.4558,0.4120
3.0000,0.4610,0.4225
3.0000,0.4658,0.4328
3.0000,0.4486,0.4211
3.0000,0.4411,0.4190
3.0000,0.4390,0.4225
3.0000,0.4516,0.4405
3.0000,0.4517,0.4461
3.0000,0.4416,0.4416
3.0000,0.4362,0.4418
3.0000,0.4323,0.4434
3.0000,0.4200,0.4367
3.0000,0.4292,0.4516
3.0000,0.4248,0.4528
3.0000,0.4262,0.4598
3.0000,0.4177,0.4570
3.0000,0.4298,0.4748
3.0000,0.4119,0.4626
3.0000,0.4143,0.4707
3.0000,0.4334,0.4955
3.0000,0.4043,0.4721
3.0000,0.4075,0.4811
3.0000,0.4071,0.4865
3.0000,0.4129,0.4981
3.0000,0.4208,0.5118
3.0000,0.4028,0.4996
3.0000,0.3915,0.4941
3.0000,0.3847,0.4932
3.0000,0.3801,0.4945
3.0000,0.4058,0.5260
3.0000,0.3984,0.5245
3.0000,0.3995,0.5315
3.0000,0.3746,0.5125
3.0000,0.3682,0.5120
3.0000,0.3892,0.5389
3.0000,0.3904,0.5461
3.0000,0.3812,0.5428
3.0000,0.3620,0.5296
3.0000,0.3770,0.5505
3.0000,0.3769,0.5565
3.0000,0.3732,0.5587
3.0000,0.3648,0.5563
3.0000,0.3547,0.5523
3.0000,0.3383,0.5419
3.0000,0.3395,0.5491
3.0000,0.3348,0.5505
3.0000,0.3357,0.5574
3.0000,0.3543,0.5821
3.0000,0.3333,0.5671
3.0000,0.3345,0.5745
3.0000,0.3482,0.5942
3.0000,0.3136,0.5657
3.0000,0.3180,0.5762
3.0000,0.3181,0.5824
3.0000,0.3233,0.5938
3.0000,0.3307,0.6073
3.0000,0.3089,0.5916
3.0000,0.2997,0.5886
3.0000,0.3092,0.6042
3.0000,0.3161,0.6172
3.0000,0.2976,0.6048
3.0000,0.2844,0.5978
3.0000,0.2981,0.6177
3.0000,0.3017,0.6275
3.0000,0.2998,0.6317
3.0000,0.2702,0.6083
3.0000,0.2702,0.6144
3.0000,0.2656,0.6160
3.0000,0.2654,0.6220
3.0000,0.2564,0.6192
3.0000,0.2752,0.6441
3.0000,0.2730,0.6482
3.0000,0.2453,0.6267
3.0000,0.2677,0.6552
3.0000,0.2619,0.6557
3.0000,0.2608,0.6608
3.0000,0.2332,0.6393
3.0000,0.2374,0.6497
3.0000,0.2368,0.6553
3.0000,0.2160,0.6407
3.0000,0.2329,0.6638
3.0000,0.2217,0.6588
3.0000,0.2053,0.6485
3.0000,0.2282,0.6776
3.0000,0.2041,0.6597
3.0000,0.2085,0.6703
3.0000,0.2116,0.6796
3.0000,0.2144,0.6885
3.0000,0.1943,0.6746
3.0000,0.2029,0.6894
3.0000,0.1992,0.6919
3.0000,0.1848,0.6836
3.0000,0.1784,0.6833
3.0000,0.1801,0.6912
3.0000,0.1862,0.7034
3.0000,0.1596,0.6830
3.0000,0.1760,0.7055
3.0000,0.1665,0.7022
3.0000,0.1641,0.7059
3.0000,0.1403,0.6882
3.0000,0.1628,0.7168
3.0000,0.1307,0.6908
3.0000,0.1343,0.7005
3.0000,0.1329,0.7052
3.0000,0.1367,0.7151
3.0000,0.1231,0.7076
3.0000,0.1165,0.7070
3.0000,0.1034,0.7000
3.0000,0.0994,0.7021
3.0000,0.1177,0.7264
3.0000,0.1006,0.7153
3.0000,0.1158,0.7366
3.0000,0.0851,0.7118
3.0000,0.0816,0.7144
3.0000,0.0885,0.7272
3.0000,0.0984,0.7431
3.0000,0.0843,0.7350
3.0000,0.0838,0.7404
3.0000,0.0534,0.7160
3.0000,0.0675,0.7360
3.0000,0.0687,0.7431
3.0000,0.0482,0.7285
3.0000,0.0507,0.7369
3.0000,0.0399,0.7320
3.0000,0.0314,0.7293
3.0000,0.0416,0.7453
3.0000,0.0315,0.7411
3.0000,0.0366,0.7520
3.0000,0.0230,0.7443
3.0000,0.0172,0.7443
3.0000,0.0062,0.7390
3.0000,0.0110,0.7495
3.0000,0.0193,0.7636
3.0000,-0.0087,0.7413
3.0000,-0.0083,0.7474
3.0000,-0.0110,0.7504
3.0000,-0.0073,0.7598
3.0000,-0.0167,0.7561
3.0000,-0.0170,0.7614
3.0000,-0.0263,0.7577
3.0000,-0.0227,0.7669
3.0000,-0.0387,0.7564
3.0000,-0.0272,0.7735
3.0000,-0.0625,0.7437
3.0000,-0.0581,0.7537
3.0000,-0.0667,0.7506
3.0000,-0.0545,0.7682
3.0000,-0.0751,0.7531
3.0000,-0.0837,0.7499
3.0000,-0.0664,0.7726
3.0000,-0.0930,0.7514
3.0000,-0.0847,0.7651
3.0000,-0.0993,0.7558
3.0000,-0.0843,0.7762
3.0000,-0.1109,0.7549
3.0000,-0.0927,0.7783
3.0000,-0.1111,0.7651
3.0000,-0.1305,0.7509
3.0000,-0.1314,0.7553
3.0000,-0.1272,0.7647
3.0000,-0.1448,0.7522
3.0000,-0.1205,0.7816
3.0000,-0.1321,0.7751
3.0000,-0.1359,0.7765
3.0000,-0.1634,0.7540
3.0000,-0.1500,0.7724
3.0000,-0.1594,0.7680
3.0000,-0.1508,0.7816
3.0000,-0.1784,0.7589
3.0000,-0.1665,0.7757
3.0000,-0.1853,0.7618
3.0000,-0.1761,0.7759
3.0000,-0.1885,0.7683
3.0000,-0.1830,0.7786
3.0000,-0.1906,0.7758
3.0000,-0.2146,0.7565
3.0000,-0.2128,0.7631
3.0000,-0.2033,0.7773
3.0000,-0.2195,0.7657
3.0000,-0.2175,0.7723
3.0000,-0.2229,0.7715
3.0000,-0.2386,0.7604
3.0000,-0.2552,0.7483
3.0000,-0.2542,0.7538
3.0000,-0.2530,0.7596
3.0000,-0.2502,0.7668
3.0000,-0.2499,0.7715
3.0000,-0.2582,0.7676
3.0000,-0.2629,0.7672
3.0000,-0.2691,0.7653
3.0000,-0.2936,0.7450
3.0000,-0.3019,0.7410
3.0000,-0.2973,0.7498
3.0000,-0.2921,0.7592
3.0000,-0.2975,0.7579
3.0000,-0.2975,0.7621
3.0000,-0.3104,0.7532
3.0000,-0.3234,0.7442
3.0000,-0.3381,0.7336
3.0000,-0.3334,0.7422
3.0000,-0.3485,0.7311
3.0000,-0.3502,0.7333
3.0000,-0.3449,0.7424
3.0000,-0.3439,0.7472
3.0000,-0.3638,0.7310
3.0000,-0.3471,0.7515
3.0000,-0.3687,0.7337
3.0000,-0.3599,0.7461
3.0000,-0.3705,0.7392
3.0000,-0.3685,0.7448
3.0000,-0.3929,0.7238
3.0000,-0.3852,0.7351
3.0000,-0.3884,0.7354
3.0000,-0.3880,0.7392
3.0000,-0.3892,0.7414
3.0000,-0.4124,0.7216
3.0000,-0.4000,0.7372
3.0000,-0.4246,0.7159
3.0000,-0.4362,0.7076
3.0000,-0.4386,0.7083
3.0000,-0.4258,0.7244
3.0000,-0.4259,0.7273
3.0000,-0.4466,0.7097
3.0000,-0.4491,0.7102
3.0000,-0.4408,0.7215
3.0000,-0.4470,0.7183
3.0000,-0.4600,0.7082
3.0000,-0.4682,0.7029
3.0000,-0.4756,0.6982
3.0000,-0.4728,0.7038
3.0000,-0.4915,0.6878
3.0000,-0.4942,0.6878
3.0000,-0.5060,0.6786
3.0000,-0.5123,0.6750
3.0000,-0.5089,0.6809
3.0000,-0.5182,0.6742
3.0000,-0.5018,0.6930
3.0000,-0.5179,0.6794
3.0000,-0.5379,0.6617
3.0000,-0.5338,0.6681
3.0000,-0.5356,0.6687
3.0000,-0.5353,0.6711
3.0000,-0.5513,0.6574
3.0000,-0.5566,0.6543
3.0000,-0.5617,0.6512
3.0000,-0.5650,0.6500
3.0000,-0.5694,0.6476
3.0000,-0.5658,0.6532
3.0000,-0.5607,0.6602
3.0000,-0.5610,0.6617
3.0000,-0.5691,0.6555
3.0000,-0.5880,0.6383
3.0000,-0.5762,0.6519
3.0000,-0.5892,0.6405
3.0000,-0.6069,0.6244
3.0000,-0.5908,0.6421
3.0000,-0.6121,0.6224
3.0000,-0.6153,0.6207
3.0000,-0.6165,0.6209
3.0000,-0.6169,0.6220
3.0000,-0.6339,0.6063
3.0000,-0.6333,0.6081
3.0000,-0.6235,0.6192
3.0000,-0.6520,0.5919
3.0000,-0.6372,0.6078
3.0000,-0.6372,0.6089
3.0000,-0.6672,0.5800
3.0000,-0.6541,0.5941
3.0000,-0.6492,0.5999
3.0000,-0.6529,0.5971
3.0000,-0.6570,0.5938
3.0000,-0.6897,0.5619
3.0000,-0.6897,0.5627
3.0000,-0.6902,0.5628
3.0000,-0.6794,0.5743
3.0000,-0.6832,0.5710
3.0000,-0.6957,0.5592
3.0000,-0.7172,0.5382
3.0000,-0.7117,0.5441
3.0000,-0.7234,0.5328
3.0000,-0.7175,0.5390
3.0000,-0.7065,0.5502
3.0000,-0.7395,0.5174
3.0000,-0.7397,0.5174
3.0000,-0.7221,0.5352
3.0000,-0.7208,0.5365
3.0000,-0.7345,0.5228
3.0000,-0.7297,0.5275
3.0000,-0.7367,0.5205
3.0000,-0.7413,0.5157
3.0000,-0.7546,0.5022
3.0000,-0.7451,0.5115
3.0000,-0.7753,0.4810
3.0000,-0.7698,0.4862
3.0000,-0.7641,0.4915
3.0000,-0.7605,0.4946
3.0000,-0.7727,0.4818
3.0000,-0.7861,0.4678
3.0000,-0.7911,0.4622
3.0000,-0.7773,0.4753
3.0000,-0.7813,0.4706
3.0000,-0.8082,0.4430
3.0000,-0.8108,0.4396
3.0000,-0.8089,0.4405
3.0000,-0.8106,0.4379
3.0000,-0.8053,0.4422
3.0000,-0.8111,0.4353
3.0000,-0.8365,0.4088
3.0000,-0.8390,0.4052
3.0000,-0.8306,0.4123
3.0000,-0.8335,0.4081
3.0000,-0.8414,0.3989
3.0000,-0.8472,0.3917
3.0000,-0.8384,0.3991
3.0000,-0.8490,0.3870
3.0000,-0.8390,0.3955
3.0000,-0.8508,0.3820
3.0000,-0.8624,0.3687
3.0000,-0.8454,0.3841
3.0000,-0.8579,0.3698
3.0000,-0.8754,0.3504
3.0000,-0.8627,0.3612
3.0000,-0.8624,0.3596
3.0000,-0.8668,0.3532
3.0000,-0.8698,0.3481
3.0000,-0.8748,0.3410
3.0000,-0.8727,0.3410
3.0000,-0.8837,0.3278
3.0000,-0.9029,0.3063
3.0000,-0.8833,0.3236
3.0000,-0.8855,0.3191
3.0000,-0.9008,0.3013
3.0000,-0.9052,0.2945
3.0000,-0.9050,0.2921
3.0000,-0.9060,0.2885
3.0000,-0.8984,0.2934
3.0000,-0.9016,0.2875
3.0000,-0.9049,0.2814
3.0000,-0.9050,0.2785
3.0000,-0.9129,0.2677
3.0000,-0.9323,0.2454
3.0000,-0.9223,0.2524
3.0000,-0.9265,0.2452
3.0000,-0.9319,0.2367
3.0000,-0.9475,0.2180
3.0000,-0.9261,0.2361
3.0000,-0.9499,0.2090
3.0000,-0.9428,0.2129
3.0000,-0.9443,0.2080
3.0000,-0.9324,0.2164
3.0000,-0.9561,0.1892
3.0000,-0.9569,0.1849
3.0000,-0.9570,0.1812
3.0000,-0.9494,0.1852
3.0000,-0.9699,0.1610
3.0000,-0.9544,0.1727
3.0000,-0.9592,0.1641
3.0000,-0.9649,0.1546
3.0000,-0.9740,0.1415
3.0000,-0.9675,0.1440
3.0000,-0.9687,0.1388
3.0000,-0.9830,0.1204
3.0000,-0.9558,0.1435
3.0000,-0.9668,0.1283
3.0000,-0.9649,0.1260
3.0000,-0.9750,0.1115
3.0000,-0.9787,0.1035
3.0000,-0.9645,0.1133
3.0000,-0.9687,0.1046
3.0000,-0.9876,0.0813
3.0000,-0.9763,0.0880
3.0000,-0.9895,0.0701
3.0000,-0.9780,0.0769
3.0000,-0.9993,0.0509
3.0000,-0.9989,0.0466
3.0000,-0.9909,0.0497
3.0000,-0.9955,0.0402
3.0000,-0.9896,0.0411
3.0000,-0.9810,0.0448
3.0000,-0.9850,0.0358
3.0000,-1.0084,0.0072
3.0000,-0.9998,0.0106
3.0000,-0.9878,0.0175
3.0000,-0.9869,0.0131
4.0000,-0.0121,-0.0131
4.0000,0.0150,0.0129
4.0000,-0.0038,-0.0068
4.0000,-0.0043,-0.0084
4.0000,0.0043,-0.0008
4.0000,0.0052,-0.0011
4.0000,0.0034,-0.0039
4.0000,0.0006,-0.0078
4.0000,0.0122,0.0027
4.0000,-0.0044,-0.0150
4.0000,-0.0060,-0.0177
4.0000,0.0027,-0.0101
4.0000,0.0099,-0.0041
4.0000,-0.0121,-0.0273
4.0000,0.0020,-0.0144
4.0000,0.0071,-0.0104
4.0000,0.0092,-0.0095
4.0000,-0.0092,-0.0291
4.0000,-0.0134,-0.0345
4.0000,0.0029,-0.0194
4.0000,0.0050,-0.0186
4.0000,0.0127,-0.0121
4.0000,0.0094,-0.0167
4.0000,-0.0048,-0.0321
4.0000,-0.0086,-0.0372
4.0000,-0.0097,-0.0396
4.0000,0.0033,-0.0279
4.0000,-0.0055,-0.0379
4.0000,0.0169,-0.0169
4.0000,0.0200,-0.0151
4.0000,0.0210,-0.0154
4.0000,-0.0036,-0.0414
4.0000,-0.0051,-0.0442
4.0000,0.0161,-0.0243
4.0000,0.0086,-0.0332
4.0000,0.0036,-0.0395
4.0000,-0.0063,-0.0508
4.0000,0.0195,-0.0264
4.0000,0.0043,-0.0430
4.0000,0.0182,-0.0305
4.0000,0.0045,-0.0456
4.0000,0.0232,-0.0283
4.0000,-0.0018,-0.0547
4.0000,0.0046,-0.0498
4.0000,0.0022,-0.0536
4.0000,0.0145,-0.0427
4.0000,0.0037,-0.0549
4.0000,0.0117,-0.0484
4.0000,0.0131,-0.0485
4.0000,0.0258,-0.0372
4.0000,0.0254,-0.0391
4.0000,0.0069,-0.0591
4.0000,0.0122,-0.0553
4.0000,0.0237,-0.0452
4.0000,0.0324,-0.0380
4.0000,0.0284,-0.0435
4.0000,0.0344,-0.0389
4.0000,0.0065,-0.0683
4.0000,0.0060,-0.0704
4.0000,0.0328,-0.0451
4.0000,0.0215,-0.0579
4.0000,0.0332,-0.0477
4.0000,0.0186,-0.0639
4.0000,0.0240,-0.0600
4.0000,0.0119,-0.0736
4.0000,0.0256,-0.0614
4.0000,0.0252,-0.0633
4.0000,0.0153,-0.0748
4.0000,0.0391,-0.0525
4.0000,0.0226,-0.0706
4.0000,0.0295,-0.0651
4.0000,0.0422,-0.0540
4.0000,0.0378,-0.0600
4.0000,0.0278,-0.0715
4.0000,0.0390,-0.0619
4.0000,0.0422,-0.0602
4.0000,0.0406,-0.0634
4.0000,0.0486,-0.0569
4.0000,0.0307,-0.0764
4.0000,0.0445,-0.0642
4.0000,0.0269,-0.0833
4.0000,0.0547,-0.0571
4.0000,0.0516,-0.0617
4.0000,0.0540,-0.0609
4.0000,0.0402,-0.0763
4.0000,0.0477,-0.0703
4.0000,0.0546,-0.0650
4.0000,0.0448,-0.0763
4.0000,0.0375,-0.0851
4.0000,0.0410,-0.0832
4.0000,0.0603,-0.0655
4.0000,0.0384,-0.0889
4.0000,0.0654,-0.0635
4.0000,0.0396,-0.0908
4.0000,0.0472,-0.0848
4.0000,0.0500,-0.0835
4.0000,0.0587,-0.0764
4.0000,0.0502,-0.0864
4.0000,0.0484,-0.0897
4.0000,0.0638,-0.0759
4.0000,0.0575,-0.0837
4.0000,0.0461,-0.0966
4.0000,0.0660,-0.0783
4.0000,0.0719,-0.0739
4.0000,0.0644,-0.0829
4.0000,0.0782,-0.0706
4.0000,0.0613,-0.0890
4.0000,0.0763,-0.0756
4.0000,0.0690,-0.0844
4.0000,0.0611,-0.0938
4.0000,0.0865,-0.0699
4.0000,0.0700,-0.0879
4.0000,0.0791,-0.0803
4.0000,0.0698,-0.0910
4.0000,0.0676,-0.0947
4.0000,0.0747,-0.0891
4.0000,0.0686,-0.0966
4.0000,0.0902,-0.0765
4.0000,0.0910,-0.0772
4.0000,0.0739,-0.0957
4.0000,0.0869,-0.0842
4.0000,0.0835,-0.0890
4.0000,0.0930,-0.0810
4.0000,0.0881,-0.0872
4.0000,0.0933,-0.0835
4.0000,0.0973,-0.0809
4.0000,0.0847,-0.0949
4.0000,0.0779,-0.1030
4.0000,0.0976,-0.0848
4.0000,0.1046,-0.0792
4.0000,0.0887,-0.0964
4.0000,0.1042,-0.0823
4.0000,0.1001,-0.0877
4.0000,0.1128,-0.0764
4.0000,0.1030,-0.0876
4.0000,0.1170,-0.0749
4.0000,0.1086,-0.0846
4.0000,0.1209,-0.0737
4.0000,0.1071,-0.0887
4.0000,0.1191,-0.0780
4.0000,0.1110,-0.0874
4.0000,0.1111,-0.0886
4.0000,0.1248,-0.0761
4.0000,0.1094,-0.0928
4.0000,0.1265,-0.0769
4.0000,0.1241,-0.0806
4.0000,0.1134,-0.0925
4.0000,0.1308,-0.0763
4.0000,0.1227,-0.0857
4.0000,0.1146,-0.0949
4.0000,0.1127,-0.0980
4.0000,0.1137,-0.0982
4.0000,0.1350,-0.0781
4.0000,0.1400,-0.0742
4.0000,0.1184,-0.0969
4.0000,0.1148,-0.1016
4.0000,0.1447,-0.0729
4.0000,0.1302,-0.0885
4.0000,0.1310,-0.0888
4.0000,0.1400,-0.0808
4.0000,0.1324,-0.0895
4.0000,0.1486,-0.0743
4.0000,0.1248,-0.0991
4.0000,0.1496,-0.0754
4.0000,0.1528,-0.0732
4.0000,0.1472,-0.0798
4.0000,0.1341,-0.0939
4.0000,0.1305,-0.0984
4.0000,0.1382,-0.0917
4.0000,0.1365,-0.0944
4.0000,0.1451,-0.0867
4.0000,0.1566,-0.0762
4.0000,0.1545,-0.0791
4.0000,0.1432,-0.0913
4.0000,0.1481,-0.0872
4.0000,0.1558,-0.0804
4.0000,0.1614,-0.0757
4.0000,0.1473,-0.0906
4.0000,0.1707,-0.0680
4.0000,0.1497,-0.0898
4.0000,0.1717,-0.0686
4.0000,0.1655,-0.0756
4.0000,0.1542,-0.0876
4.0000,0.1532,-0.0893
4.0000,0.1547,-0.0885
4.0000,0.1647,-0.0792
4.0000,0.1689,-0.0757
4.0000,0.1711,-0.0743
4.0000,0.1835,-0.0624
4.0000,0.1625,-0.0841
4.0000,0.1669,-0.0804
4.0000,0.1920,-0.0558
4.0000,0.1675,-0.0809
4.0000,0.1803,-0.0687
4.0000,0.1745,-0.0750
4.0000,0.1943,-0.0557
4.0000,0.1706,-0.0799
4.0000,0.1780,-0.0731
4.0000,0.1836,-0.0680
4.0000,0.2022,-0.0498
4.0000,0.1788,-0.0737
4.0000,0.1799,-0.0730
4.0000,0.2101,-0.0432
4.0000,0.2029,-0.0508
4.0000,0.1914,-0.0626
4.0000,0.2131,-0.0413
4.0000,0.2099,-0.0448
4.0000,0.2104,-0.0447
4.0000,0.2044,-0.0509
4.0000,0.1929,-0.0627
4.0000,0.2198,-0.0361
4.0000,0.2204,-0.0357
4.0000,0.2127,-0.0436
4.0000,0.2177,-0.0389
4.0000,0.2073,-0.0494
4.0000,0.2021,-0.0548
4.0000,0.2222,-0.0348
4.0000,0.2252,-0.0319
4.0000,0.2049,-0.0524
4.0000,0.2016,-0.0557
4.0000,0.2199,-0.0375
4.0000,0.2136,-0.0438
4.0000,0.2205,-0.0369
4.0000,0.2206,-0.0368
4.0000,0.2113,-0.0462
4.0000,0.2088,-0.0486
4.0000,0.2122,-0.0451
4.0000,0.2368,-0.0205
4.0000,0.2133,-0.0438
4.0000,0.2275,-0.0295
4.0000,0.2247,-0.0322
4.0000,0.2257,-0.0310
4.0000,0.2395,-0.0171
4.0000,0.2291,-0.0272
4.0000,0.2239,-0.0322
4.0000,0.2338,-0.0220
4.0000,0.2217,-0.0339
4.0000,0.2292,-0.0261
4.0000,0.2440,-0.0110
4.0000,0.2403,-0.0143
4.0000,0.2420,-0.0122
4.0000,0.2375,-0.0163
4.0000,0.2441,-0.0093
4.0000,0.2561,0.0030
4.0000,0.2459,-0.0067
4.0000,0.2592,0.0071
4.0000,0.2356,-0.0160
4.0000,0.2490,-0.0021
4.0000,0.2443,-0.0063
4.0000,0.2468,-0.0032
4.0000,0.2642,0.0148
4.0000,0.2548,0.0060
4.0000,0.2507,0.0025
4.0000,0.2598,0.0122
4.0000,0.2702,0.0234
4.0000,0.2643,0.0182
4.0000,0.2610,0.0156
4.0000,0.2554,0.0106
4.0000,0.2543,0.0104
4.0000,0.2717,0.0286
4.0000,0.2686,0.0263
4.0000,0.2580,0.0165
4.0000,0.2655,0.0248
4.0000,0.2689,0.0291
4.0000,0.2583,0.0194
4.0000,0.2568,0.0188
4.0000,0.2622,0.0252
4.0000,0.2617,0.0257
4.0000,0.2752,0.0402
4.0000,0.2631,0.0291
4.0000,0.2712,0.0382
4.0000,0.2843,0.0524
4.0000,0.2857,0.0548
4.0000,0.2821,0.0524
4.0000,0.2812,0.0526
4.0000,0.2824,0.0549
4.0000,0.2610,0.0347
4.0000,0.2697,0.0446
4.0000,0.2641,0.0403
4.0000,0.2656,0.0430
4.0000,0.2815,0.0602
4.0000,0.2722,0.0522
4.0000,0.2614,0.0427
4.0000,0.2618,0.0444
4.0000,0.2818,0.0659
4.0000,0.2798,0.0652
4.0000,0.2699,0.0568
4.0000,0.2811,0.0694
4.0000,0.2795,0.0693
4.0000,0.2688,0.0600
4.0000,0.2694,0.0621
4.0000,0.2715,0.0658
4.0000,0.2836,0.0795
4.0000,0.2955,0.0929
4.0000,0.2715,0.0705
4.0000,0.2980,0.0986
4.0000,0.2797,0.0820
4.0000,0.2754,0.0794
4.0000,0.2909,0.0966
4.0000,0.2934,0.1008
4.0000,0.2789,0.0881
4.0000,0.2879,0.0988
4.0000,0.2952,0.1079
4.0000,0.2803,0.0948
4.0000,0.2865,0.1028
4.0000,0.2806,0.0988
4.0000,0.2991,0.1192
4.0000,0.2728,0.0948
4.0000,0.2903,0.1143
4.0000,0.2960,0.1219
4.0000,0.2814,0.1093
4.0000,0.2962,0.1260
4.0000,0.2781,0.1100
4.0000,0.3048,0.1387
4.0000,0.2746,0.1106
4.0000,0.2783,0.1164
4.0000,0.2942,0.1345
4.0000,0.2825,0.1248
4.0000,0.2854,0.1299
4.0000,0.2849,0.1316
4.0000,0.2795,0.1284
4.0000,0.2980,0.1492
4.0000,0.2865,0.1399
4.0000,0.2916,0.1473
4.0000,0.2817,0.1396
4.0000,0.2849,0.1452
4.0000,0.2998,0.1624
4.0000,0.2902,0.1552
4.0000,0.2965,0.1639
4.0000,0.2746,0.1444
4.0000,0.2787,0.1510
4.0000,0.2787,0.1534
4.0000,0.2886,0.1658
4.0000,0.2868,0.1665
4.0000,0.2824,0.1646
4.0000,0.2953,0.1800
4.0000,0.2846,0.1719
4.0000,0.2888,0.1786
4.0000,0.2967,0.1891
4.0000,0.2876,0.1827
4.0000,0.2932,0.1909
4.0000,0.2757,0.1762
4.0000,0.2849,0.1880
4.0000,0.2827,0.1885
4.0000,0.2694,0.1780
4.0000,0.2877,0.1990
4.0000,0.2851,0.1992
4.0000,0.2793,0.1962
4.0000,0.2794,0.1991
4.0000,0.2769,0.1994
4.0000,0.2826,0.2081
4.0000,0.2953,0.2236
4.0000,0.2972,0.2284
4.0000,0.2902,0.2244
4.0000,0.2684,0.2055
4.0000,0.2719,0.2120
4.0000,0.2729,0.2160
4.0000,0.2637,0.2098
4.0000,0.2768,0.2258
4.0000,0.2775,0.2296
4.0000,0.2619,0.2170
4.0000,0.2737,0.2319
4.0000,0.2848,0.2462
4.0000,0.2763,0.2408
4.0000,0.2753,0.2429
4.0000,0.2633,0.2340
4.0000,0.2599,0.2338
4.0000,0.2743,0.2514
4.0000,0.2556,0.2359
4.0000,0.2669,0.2504
4.0000,0.2731,0.2599
4.0000,0.2702,0.2603
4.0000,0.2676,0.2610
4.0000,0.2752,0.2718
4.0000,0.2687,0.2687
4.0000,0.2595,0.2629
4.0000,0.2684,0.2751
4.0000,0.2683,0.2784
4.0000,0.2492,0.2627
4.0000,0.2612,0.2781
4.0000,0.2485,0.2688
4.0000,0.2498,0.2736
4.0000,0.2528,0.2801
4.0000,0.2543,0.2850
4.0000,0.2403,0.2745
4.0000,0.2567,0.2944
4.0000,0.2530,0.2942
4.0000,0.2470,0.2917
4.0000,0.2631,0.3115
4.0000,0.2519,0.3038
4.0000,0.2475,0.3030
4.0000,0.2304,0.2895
4.0000,0.2494,0.3121
4.0000,0.2578,0.3241
4.0000,0.2562,0.3262
4.0000,0.2265,0.3002
4.0000,0.2470,0.3243
4.0000,0.2478,0.3288
4.0000,0.2245,0.3093
4.0000,0.2481,0.3366
4.0000,0.2442,0.3364
4.0000,0.2357,0.3317
4.0000,0.2370,0.3367
4.0000,0.2415,0.3451
4.0000,0.2435,0.3509
4.0000,0.2257,0.3369
4.0000,0.2152,0.3302
4.0000,0.2091,0.3279
4.0000,0.2180,0.3407
4.0000,0.2206,0.3471
4.0000,0.2254,0.3558
4.0000,0.2311,0.3653
4.0000,0.2217,0.3598
4.0000,0.2140,0.3560
4.0000,0.1957,0.3416
4.0000,0.1980,0.3479
4.0000,0.1926,0.3464
4.0000,0.2063,0.3640
4.0000,0.2070,0.3687
4.0000,0.1995,0.3652
4.0000,0.1912,0.3608
4.0000,0.2100,0.3837
4.0000,0.2114,0.3891
4.0000,0.1987,0.3804
4.0000,0.1994,0.3851
4.0000,0.1842,0.3739
4.0000,0.1849,0.3787
4.0000,0.1744,0.3723
4.0000,0.1974,0.3994
4.0000,0.1779,0.3839
4.0000,0.1893,0.3994
4.0000,0.1888,0.4029
4.0000,0.1816,0.3998
4.0000,0.1658,0.3882
4.0000,0.1737,0.4002
4.0000,0.1578,0.3884
4.0000,0.1585,0.3932
4.0000,0.1680,0.4069
4.0000,0.1513,0.3943
4.0000,0.1616,0.4087
4.0000,0.1732,0.4245
4.0000,0.1482,0.4036
4.0000,0.1541,0.4137
4.0000,0.1521,0.4159
4.0000,0.1595,0.4275
4.0000,0.1411,0.4132
4.0000,0.1542,0.4305
4.0000,0.1562,0.4367
4.0000,0.1353,0.4201
4.0000,0.1364,0.4253
4.0000,0.1401,0.4333
4.0000,0.1337,0.4310
4.0000,0.1208,0.4223
4.0000,0.1161,0.4219
4.0000,0.1305,0.4405
4.0000,0.1209,0.4351
4.0000,0.1193,0.4378
4.0000,0.1345,0.4572
4.0000,0.1177,0.4446
4.0000,0.1254,0.4565
4.0000,0.1213,0.4567
4.0000,0.1192,0.4588
4.0000,0.0942,0.4381
4.0000,0.0940,0.4422
4.0000,0.1161,0.4684
4.0000,0.1031,0.4597
4.0000,0.0991,0.4600
4.0000,0.0956,0.4607
4.0000,0.1025,0.4718
4.0000,0.0894,0.4630
4.0000,0.0921,0.4699
4.0000,0.0899,0.4720
4.0000,0.0939,0.4803
4.0000,0.0893,0.4799
4.0000,0.0697,0.4645
4.0000,0.0822,0.4813
4.0000,0.0672,0.4705
4.0000,0.0658,0.4734
4.0000,0.0475,0.4594
4.0000,0.0473,0.4633
4.0000,0.0510,0.4713
4.0000,0.0438,0.4683
4.0000,0.0528,0.4815
4.0000,0.0529,0.4859
4.0000,0.0590,0.4962
4.0000,0.0570,0.4985
4.0000,0.0353,0.4810
4.0000,0.0513,0.5011
4.0000,0.0437,0.4978
4.0000,0.0269,0.4852
4.0000,0.0276,0.4901
4.0000,0.0396,0.5063
4.0000,0.0241,0.4949
4.0000,0.0310,0.5060
4.0000,0.0230,0.5022
4.0000,-0.0024,0.4810
4.0000,-0.0043,0.4833
4.0000,-0.0006,0.4911
4.0000,0.0096,0.5055
4.0000,-0.0121,0.4879
4.0000,-0.0023,0.5018
4.0000,0.0048,0.5131
4.0000,0.0054,0.5178
4.0000,-0.0084,0.5081
4.0000,-0.0091,0.5115
4.0000,-0.0262,0.4985
4.0000,-0.0331,0.4957
4.0000,-0.0374,0.4955
4.0000,-0.0431,0.4938
4.0000,-0.0406,0.5004
4.0000,-0.0429,0.5022
4.0000,-0.0291,0.5200
4.0000,-0.0547,0.4984
4.0000,-0.0568,0.5004
4.0000,-0.0578,0.5034
4.0000,-0.0547,0.5105
4.0000,-0.0608,0.5084
4.0000,-0.0554,0.5177
4.0000,-0.0597,0.5174
4.0000,-0.0653,0.5158
4.0000,-0.0581,0.5270
4.0000,-0.0595,0.5294
4.0000,-0.0817,0.5112
4.0000,-0.0632,0.5335
4.0000,-0.0833,0.5173
4.0000,-0.0798,0.5247
4.0000,-0.0909,0.5176
4.0000,-0.0822,0.5300
4.0000,-0.0893,0.5268
4.0000,-0.0986,0.5214
4.0000,-0.1053,0.5185
4.0000,-0.1155,0.5120
4.0000,-0.1173,0.5140
4.0000,-0.1214,0.5137
4.0000,-0.1037,0.5352
4.0000,-0.1045,0.5380
4.0000,-0.1267,0.5196
4.0000,-0.1248,0.5252
4.0000,-0.1385,0.5152
4.0000,-0.1279,0.5294
4.0000,-0.1508,0.5102
4.0000,-0.1280,0.5367
4.0000,-0.1295,0.5388
4.0000,-0.1603,0.5116
4.0000,-0.1490,0.5264
4.0000,-0.1412,0.5378
4.0000,-0.1435,0.5390
4.0000,-0.1712,0.5149
4.0000,-0.1620,0.5276
4.0000,-0.1849,0.5082
4.0000,-0.1869,0.5097
4.0000,-0.1616,0.5384
4.0000,-0.1795,0.5239
4.0000,-0.1723,0.5345
4.0000,-0.1908,0.5193
4.0000,-0.2068,0.5067
4.0000,-0.2023,0.5146
4.0000,-0.2085,0.5117
4.0000,-0.1920,0.5316
4.0000,-0.2183,0.5085
4.0000,-0.2202,0.5099
4.0000,-0.2170,0.5163
4.0000,-0.2048,0.5318
4.0000,-0.2077,0.5321
4.0000,-0.2355,0.5074
4.0000,-0.2242,0.5219
4.0000,-0.2339,0.5153
4.0000,-0.2452,0.5071
4.0000,-0.2458,0.5096
4.0000,-0.2445,0.5140
4.0000,-0.2603,0.5012
4.0000,-0.2448,0.5197
4.0000,-0.2671,0.5004
4.0000,-0.2433,0.5271
4.0000,-0.2594,0.5140
4.0000,-0.2659,0.5104
4.0000,-0.2607,0.5185
4.0000,-0.2580,0.5240
4.0000,-0.2677,0.5172
4.0000,-0.2887,0.4990
4.0000,-0.2987,0.4917
4.0000,-0.2795,0.5137
4.0000,-0.3002,0.4958
4.0000,-0.2786,0.5201
4.0000,-0.3107,0.4906
4.0000,-0.2953,0.5087
4.0000,-0.3098,0.4968
4.0000,-0.3153,0.4939
4.0000,-0.3254,0.4864
4.0000,-0.3278,0.4865
4.0000,-0.3113,0.5055
4.0000,-0.3235,0.4958
4.0000,-0.3290,0.4928
4.0000,-0.3191,0.5050
4.0000,-0.3317,0.4949
4.0000,-0.3452,0.4837
4.0000,-0.3312,0.5000
4.0000,-0.3374,0.4962
4.0000,-0.3456,0.4902
4.0000,-0.3563,0.4818
4.0000,-0.3574,0.4829
4.0000,-0.3757,0.4668
4.0000,-0.3712,0.4734
4.0000,-0.3636,0.4832
4.0000,-0.3823,0.4666
4.0000,-0.3670,0.4839
4.0000,-0.3655,0.4875
4.0000,-0.3969,0.4580
4.0000,-0.3769,0.4800
4.0000,-0.3812,0.4776
4.0000,-0.3846,0.4762
4.0000,-0.4104,0.4522
4.0000,-0.3878,0.4766
4.0000,-0.3928,0.4734
4.0000,-0.3985,0.4695
4.0000,-0.4164,0.4534
4.0000,-0.4248,0.4467
4.0000,-0.4247,0.4484
4.0000,-0.4082,0.4666
4.0000,-0.4204,0.4560
4.0000,-0.4430,0.4350
4.0000,-0.4344,0.4451
4.0000,-0.4234,0.4575
4.0000,-0.4332,0.4492
4.0000,-0.4462,0.4377
4.0000,-0.4613,0.4240
4.0000,-0.4641,0.4225
4.0000,-0.4633,0.4246
4.0000,-0.4559,0.4333
4.0000,-0.4631,0.4274
4.0000,-0.4671,0.4247
4.0000,-0.4695,0.4235
4.0000,-0.4748,0.4192
4.0000,-0.4719,0.4233
4.0000,-0.4696,0.4267
4.0000,-0.4944,0.4029
4.0000,-0.4767,0.4216
4.0000,-0.4977,0.4015
4.0000,-0.4794,0.4208
4.0000,-0.4884,0.4127
4.0000,-0.5052,0.3967
4.0000,-0.4975,0.4052
4.0000,-0.5078,0.3957
4.0000,-0.5064,0.3979
4.0000,-0.5146,0.3903
4.0000,-0.5163,0.3894
4.0000,-0.5120,0.3943
4.0000,-0.5124,0.3945
4.0000,-0.5366,0.3709
4.0000,-0.5321,0.3759
4.0000,-0.5312,0.3772
4.0000,-0.5443,0.3645
4.0000,-0.5350,0.3743
4.0000,-0.5343,0.3752
4.0000,-0.5423,0.3676
4.0000,-0.5493,0.3608
4.0000,-0.5571,0.3534
4.0000,-0.5546,0.3561
4.0000,-0.5675,0.3433
4.0000,-0.5655,0.3454
4.0000,-0.5677,0.3432
4.0000,-0.5594,0.3516
4.0000,-0.5636,0.3474
4.0000,-0.5659,0.3451
4.0000,-0.5732,0.3377
4.0000,-0.5727,0.3380
4.0000,-0.5933,0.3174
4.0000,-0.5769,0.3335
4.0000,-0.5696,0.3405
4.0000,-0.6004,0.3095
4.0000,-0.5866,0.3230
4.0000,-0.5825,0.3267
4.0000,-0.5932,0.3156
4.0000,-0.5903,0.3181
4.0000,-0.5880,0.3199
4.0000,-0.5951,0.3123
4.0000,-0.6171,0.2897
4.0000,-0.6166,0.2895
4.0000,-0.6002,0.3053
4.0000,-0.6022,0.3026
4.0000,-0.6067,0.2973
4.0000,-0.6153,0.2880
4.0000,-0.6134,0.2891
4.0000,-0.6400,0.2616
4.0000,-0.6168,0.2839
4.0000,-0.6324,0.2674
4.0000,-0.6323,0.2665
4.0000,-0.6489,0.2489
4.0000,-0.6360,0.2607
4.0000,-0.6484,0.2472
4.0000,-0.6462,0.2482
4.0000,-0.6422,0.2510
4.0000,-0.6386,0.2533
4.0000,-0.6540,0.2366
4.0000,-0.6435,0.2458
4.0000,-0.6434,0.2445
4.0000,-0.6636,0.2229
4.0000,-0.6543,0.2308
4.0000,-0.6711,0.2124
4.0000,-0.6783,0.2038
4.0000,-0.6807,0.1997
4.0000,-0.6692,0.2096
4.0000,-0.6754,0.2017
4.0000,-0.6871,0.1883
4.0000,-0.6772,0.1965
4.0000,-0.6898,0.1821
4.0000,-0.6958,0.1743
4.0000,-0.6834,0.1847
4.0000,-0.6716,0.1946
4.0000,-0.6862,0.1781
4.0000,-0.6922,0.1700
4.0000,-0.7054,0.1548
4.0000,-0.7048,0.1533
4.0000,-0.6994,0.1566
4.0000,-0.6892,0.1646
4.0000,-0.7057,0.1458
4.0000,-0.6953,0.1540
4.0000,-0.7096,0.1374
4.0000,-0.7036,0.1409
4.0000,-0.7149,0.1273
4.0000,-0.7200,0.1197
4.0000,-0.7253,0.1119
4.0000,-0.7195,0.1152
4.0000,-0.7232,0.1089
4.0000,-0.7172,0.1123
4.0000,-0.7246,0.1022
4.0000,-0.7137,0.1104
4.0000,-0.7367,0.0847
4.0000,-0.7341,0.0845
4.0000,-0.7174,0.0984
4.0000,-0.7180,0.0948
4.0000,-0.7153,0.0946
4.0000,-0.7183,0.0886
4.0000,-0.7350,0.0689
4.0000,-0.7475,0.0534
4.0000,-0.7230,0.0748
4.0000,-0.7409,0.0538
4.0000,-0.7442,0.0473
4.0000,-0.7328,0.0555
4.0000,-0.7290,0.0560
4.0000,-0.7523,0.0294
4.0000,-0.7306,0.0478
4.0000,-0.7353,0.0397
4.0000,-0.7357,0.0358
4.0000,-0.7295,0.0385
4.0000,-0.7498,0.0147
4.0000,-0.7600,0.0009
4.0000,-0.7637,-0.0064
4.0000,-0.7415,0.0122
4.0000,-0.7608,-0.0108
4.0000,-0.7599,-0.0136
4.0000,-0.7474,-0.0049
4.0000,-0.7434,-0.0047
4.0000,-0.7502,-0.0153
4.0000,-0.7501,-0.0192
4.0000,-0.7501,-0.0231
4.0000,-0.7417,-0.0187
4.0000,-0.7717,-0.0528
4.0000,-0.7419,-0.0270
4.0000,-0.7718,-0.0610
4.0000,-0.7512,-0.0446
4.0000,-0.7529,-0.0504
4.0000,-0.7623,-0.0641
4.0000,-0.7686,-0.0746
4.0000,-0.7518,-0.0622
4.0000,-0.7693,-0.0840
4.0000,-0.7582,-0.0773
4.0000,-0.7749,-0.0984
4.0000,-0.7745,-0.1026
4.0000,-0.7708,-0.1034
4.0000,-0.7770,-0.1141
4.0000,-0.7706,-0.1123
4.0000,-0.7657,-0.1121
4.0000,-0.7801,-0.1311
4.0000,-0.7565,-0.1122
4.0000,-0.7720,-0.1325
4.0000,-0.7736,-0.1390
4.0000,-0.7560,-0.1262
4.0000,-0.7680,-0.1430
4.0000,-0.7645,-0.1445
4.0000,-0.7506,-0.1355
4.0000,-0.7703,-0.1603
4.0000,-0.7633,-0.1583
4.0000,-0.7520,-0.1520
4.0000,-0.7710,-0.1762
4.0000,-0.7656,-0.1759
4.0000,-0.7745,-0.1900
4.0000,-0.7707,-0.1914
4.0000,-0.7629,-0.1889
4.0000,-0.7677,-0.1990
4.0000,-0.7795,-0.2161
4.0000,-0.7692,-0.2112
4.0000,-0.7540,-0.2014
4.0000,-0.7616,-0.2144
4.0000,-0.7663,-0.2247
4.0000,-0.7661,-0.2300
4.0000,-0.7576,-0.2270
4.0000,-0.7619,-0.2369
4.0000,-0.7529,-0.2336
4.0000,-0.7681,-0.2544
4.0000,-0.7727,-0.2648
4.0000,-0.7478,-0.2456
4.0000,-0.7518,-0.2554
4.0000,-0.7571,-0.2665
4.0000,-0.7711,-0.2864
4.0000,-0.7420,-0.2631
4.0000,-0.7468,-0.2739
4.0000,-0.7603,-0.2934
4.0000,-0.7585,-0.2975
4.0000,-0.7593,-0.3044
4.0000,-0.7522,-0.3034
4.0000,-0.7482,-0.3055
4.0000,-0.7479,-0.3112
4.0000,-0.7532,-0.3227
4.0000,-0.7503,-0.3260
4.0000,-0.7378,-0.3197
4.0000,-0.7371,-0.3253
4.0000,-0.7528,-0.3473
4.0000,-0.7356,-0.3364
4.0000,-0.7394,-0.3466
4.0000,-0.7339,-0.3475
4.0000,-0.7468,-0.3668
4.0000,-0.7514,-0.3778
4.0000,-0.7333,-0.3662
4.0000,-0.7496,-0.3891
4.0000,-0.7248,-0.3708
4.0000,-0.7265,-0.3791
4.0000,-0.7236,-0.3828
4.0000,-0.7294,-0.3952
4.0000,-0.7307,-0.4033
4.0000,-0.7352,-0.4145
4.0000,-0.7287,-0.4146
4.0000,-0.7141,-0.4068
4.0000,-0.7303,-0.4298
4.0000,-0.7175,-0.4239
4.0000,-0.7183,-0.4315
4.0000,-0.7143,-0.4344
4.0000,-0.7086,-0.4356
4.0000,-0.6957,-0.4296
4.0000,-0.7075,-0.4484
4.0000,-0.6932,-0.4410
4.0000,-0.6934,-0.4483
4.0000,-0.6891,-0.4510
4.0000,-0.7110,-0.4799
4.0000,-0.6902,-0.4663
4.0000,-0.6923,-0.4755
4.0000,-0.6987,-0.4891
4.0000,-0.6804,-0.4780
4.0000,-0.6980,-0.5027
4.0000,-0.6840,-0.4959
4.0000,-0.6967,-0.5159
4.0000,-0.6910,-0.5175
4.0000,-0.6665,-0.5003
4.0000,-0.6886,-0.5297
4.0000,-0.6704,-0.5188
4.0000,-0.6654,-0.5212
4.0000,-0.6575,-0.5207
4.0000,-0.6739,-0.5446
4.0000,-0.6536,-0.5317
4.0000,-0.6692,-0.5548
4.0000,-0.6618,-0.5548
4.0000,-0.6460,-0.5466
4.0000,-0.6594,-0.5675
4.0000,-0.6491,-0.5648
4.0000,-0.6378,-0.5610
4.0000,-0.6341,-0.5649
4.0000,-0.6542,-0.5926
4.0000,-0.6264,-0.5724
4.0000,-0.6345,-0.5882
4.0000,-0.6343,-0.5956
4.0000,-0.6264,-0.5954
4.0000,-0.6417,-0.6184
4.0000,-0.6226,-0.6070
4.0000,-0.6077,-0.6000
4.0000,-0.6333,-0.6333
4.0000,-0.6253,-0.6331
4.0000,-0.6255,-0.6411
4.0000,-0.6174,-0.6408
4.0000,-0.5921,-0.6233
4.0000,-0.6067,-0.6458
4.0000,-0.5853,-0.6322
4.0000,-0.5890,-0.6438
4.0000,-0.5912,-0.6540
4.0000,-0.6038,-0.6745
4.0000,-0.5698,-0.6484
4.0000,-0.5724,-0.6589
4.0000,-0.5688,-0.6633
4.0000,-0.5725,-0.6749
4.0000,-0.5687,-0.6791
4.0000,-0.5664,-0.6848
4.0000,-0.5560,-0.6825
4.0000,-0.5622,-0.6967
4.0000,-0.5412,-0.6838
4.0000,-0.5387,-0.6893
4.0000,-0.5551,-0.7137
4.0000,-0.5584,-0.7251
4.0000,-0.5312,-0.7060
4.0000,-0.5445,-0.7274
4.0000,-0.5399,-0.7309
4.0000,-0.5292,-0.7283
4.0000,-0.5284,-0.7356
4.0000,-0.5205,-0.7359
4.0000,-0.5077,-0.7312
4.0000,-0.5155,-0.7471
4.0000,-0.5104,-0.7502
4.0000,-0.5129,-0.7608
4.0000,-0.4968,-0.7529
4.0000,-0.5060,-0.7704
4.0000,-0.4987,-0.7712
4.0000,-0.4843,-0.7650
4.0000,-0.4802,-0.7692
4.0000,-0.4854,-0.7826
4.0000,-0.4866,-0.7920
4.0000,-0.4731,-0.7867
4.0000,-0.4694,-0.7912
4.0000,-0.4593,-0.7893
4.0000,-0.4711,-0.8094
4.0000,-0.4646,-0.8111
4.0000,-0.4517,-0.8065
4.0000,-0.4405,-0.8035
4.0000,-0.4376,-0.8088
4.0000,-0.4286,-0.8080
4.0000,-0.4196,-0.8073
4.0000,-0.4260,-0.8219
4.0000,-0.4274,-0.8316
4.0000,-0.4074,-0.8198
4.0000,-0.4248,-0.8455
4.0000,-0.3935,-0.8225
4.0000,-0.4075,-0.8447
4.0000,-0.4114,-0.8569
4.0000,-0.3759,-0.8297
4.0000,-0.3717,-0.8337
4.0000,-0.3859,-0.8562
4.0000,-0.3690,-0.8475
4.0000,-0.3691,-0.8558
4.0000,-0.3510,-0.8460
4.0000,-0.3748,-0.8780
4.0000,-0.3663,-0.8778
4.0000,-0.3451,-0.8649
4.0000,-0.3584,-0.8864
4.0000,-0.3439,-0.8801
4.0000,-0.3205,-0.8649
4.0000,-0.3264,-0.8791
4.0000,-0.3262,-0.8870
4.0000,-0.3305,-0.8995
4.0000,-0.3112,-0.8884
4.0000,-0.3017,-0.8871
4.0000,-0.3163,-0.9099
4.0000,-0.2939,-0.8957
4.0000,-0.3039,-0.9138
4.0000,-0.2988,-0.9169
4.0000,-0.2825,-0.9087
4.0000,-0.2665,-0.9009
4.0000,-0.2869,-0.9294
4.0000,-0.2711,-0.9218
4.0000,-0.2608,-0.9196
4.0000,-0.2609,-0.9277
4.0000,-0.2480,-0.9230
4.0000,-0.2348,-0.9178
4.0000,-0.2270,-0.9180
4.0000,-0.2331,-0.9323
4.0000,-0.2400,-0.9472
4.0000,-0.2351,-0.9504
4.0000,-0.2265,-0.9497
4.0000,-0.2148,-0.9461
4.0000,-0.2125,-0.9517
4.0000,-0.2109,-0.9581
4.0000,-0.1957,-0.9509
4.0000,-0.1997,-0.9628
4.0000,-0.1960,-0.9671
4.0000,-0.1748,-0.9538
4.0000,-0.1800,-0.9669
4.0000,-0.1609,-0.9556
4.0000,-0.1633,-0.9660
4.0000,-0.1658,-0.9763
4.0000,-0.1410,-0.9593
4.0000,-0.1258,-0.9519
4.0000,-0.1432,-0.9771
4.0000,-0.1330,-0.9747
4.0000,-0.1116,-0.9611
4.0000,-0.1125,-0.9697
4.0000,-0.1105,-0.9754
4.0000,-0.1077,-0.9803
4.0000,-0.1047,-0.9850
4.0000,-0.0971,-0.9850
4.0000,-0.0711,-0.9666
4.0000,-0.0669,-0.9701
4.0000,-0.0890,-0.9998
4.0000,-0.0550,-0.9734
4.0000,-0.0660,-0.9919
4.0000,-0.0560,-0.9895
4.0000,-0.0575,-0.9984
4.0000,-0.0577,-1.0061
4.0000,-0.0283,-0.9841
4.0000,-0.0343,-0.9975
4.0000,-0.0209,-0.9916
4.0000,-0.0111,-0.9891
4.0000,-0.0074,-0.9928
4.0000,-0.0173,-1.0100
4.0000,0.0021,-0.9979
