1.0000,-0.0239,-0.0249
1.0000,-0.0227,-0.0247
1.0000,-0.0144,-0.0174
1.0000,-0.0113,-0.0153
1.0000,-0.0100,-0.0149
1.0000,-0.0069,-0.0128
1.0000,0.0237,0.0168
1.0000,-0.0067,-0.0145
1.0000,0.0148,0.0060
1.0000,0.0272,0.0176
1.0000,0.0159,0.0053
1.0000,-0.0029,-0.0144
1.0000,0.0335,0.0210
1.0000,0.0204,0.0070
1.0000,0.0132,-0.0011
1.0000,0.0244,0.0092
1.0000,0.0339,0.0178
1.0000,0.0097,-0.0073
1.0000,0.0253,0.0074
1.0000,0.0219,0.0032
1.0000,0.0210,0.0014
1.0000,0.0313,0.0109
1.0000,0.0514,0.0302
1.0000,0.0011,-0.0210
1.0000,0.0223,-0.0007
1.0000,0.0161,-0.0077
1.0000,0.0305,0.0059
1.0000,0.0206,-0.0049
1.0000,0.0059,-0.0204
1.0000,0.0537,0.0267
1.0000,0.0294,0.0016
1.0000,0.0098,-0.0188
1.0000,0.0366,0.0072
1.0000,0.0605,0.0303
1.0000,0.0170,-0.0139
1.0000,0.0535,0.0218
1.0000,0.0425,0.0101
1.0000,0.0649,0.0317
1.0000,0.0607,0.0267
1.0000,0.0308,-0.0038
1.0000,0.0112,-0.0242
1.0000,0.0470,0.0109
1.0000,0.0393,0.0025
1.0000,0.0721,0.0346
1.0000,0.0243,-0.0140
1.0000,0.0613,0.0224
1.0000,0.0563,0.0167
1.0000,0.0482,0.0079
1.0000,0.0604,0.0195
1.0000,0.0256,-0.0160
1.0000,0.0741,0.0319
1.0000,0.0684,0.0255
1.0000,0.0580,0.0145
1.0000,0.0618,0.0177
1.0000,0.0554,0.0107
1.0000,0.0710,0.0256
1.0000,0.0628,0.0169
1.0000,0.0373,-0.0092
1.0000,0.0316,-0.0155
1.0000,0.0287,-0.0190
1.0000,0.0792,0.0310
1.0000,0.0745,0.0257
1.0000,0.0498,0.0004
1.0000,0.0504,0.0005
1.0000,0.0780,0.0275
1.0000,0.0584,0.0074
1.0000,0.0696,0.0181
1.0000,0.0899,0.0379
1.0000,0.0746,0.0220
1.0000,0.0413,-0.0117
1.0000,0.0489,-0.0046
1.0000,0.0462,-0.0078
1.0000,0.0826,0.0281
1.0000,0.0709,0.0160
1.0000,0.0893,0.0339
1.0000,0.0671,0.0112
1.0000,0.0681,0.0117
1.0000,0.0735,0.0167
1.0000,0.0736,0.0164
1.0000,0.0933,0.0357
1.0000,0.0759,0.0179
1.0000,0.0834,0.0250
1.0000,0.1046,0.0458
1.0000,0.0695,0.0103
1.0000,0.1099,0.0504
1.0000,0.0587,-0.0012
1.0000,0.0817,0.0214
1.0000,0.0598,-0.0009
1.0000,0.0633,0.0023
1.0000,0.1101,0.0488
1.0000,0.0579,-0.0037
1.0000,0.0628,0.0008
1.0000,0.0853,0.0230
1.0000,0.0683,0.0057
1.0000,0.0852,0.0223
1.0000,0.0749,0.0118
1.0000,0.1150,0.0516
1.0000,0.0776,0.0139
1.0000,0.0869,0.0229
1.0000,0.0883,0.0241
1.0000,0.0657,0.0012
1.0000,0.1171,0.0524
1.0000,0.1193,0.0544
1.0000,0.1054,0.0402
1.0000,0.0978,0.0324
1.0000,0.0881,0.0226
1.0000,0.1085,0.0428
1.0000,0.1256,0.0597
1.0000,0.1115,0.0454
1.0000,0.0788,0.0126
1.0000,0.0796,0.0132
1.0000,0.1209,0.0543
1.0000,0.0859,0.0192
1.0000,0.1238,0.0569
1.0000,0.1220,0.0550
1.0000,0.0993,0.0323
1.0000,0.0907,0.0235
1.0000,0.1209,0.0537
1.0000,0.0835,0.0162
1.0000,0.1298,0.0624
1.0000,0.0972,0.0297
1.0000,0.1311,0.0635
1.0000,0.1151,0.0476
1.0000,0.1138,0.0462
1.0000,0.1461,0.0785
1.0000,0.1195,0.0518
1.0000,0.1343,0.0666
1.0000,0.1162,0.0485
1.0000,0.1027,0.0350
1.0000,0.1504,0.0827
1.0000,0.1483,0.0806
1.0000,0.0934,0.0258
1.0000,0.1041,0.0365
1.0000,0.1185,0.0510
1.0000,0.1221,0.0546
1.0000,0.1516,0.0842
1.0000,0.1081,0.0408
1.0000,0.1329,0.0656
1.0000,0.1349,0.0677
1.0000,0.1019,0.0349
1.0000,0.1398,0.0728
1.0000,0.1002,0.0334
1.0000,0.1501,0.0834
1.0000,0.0994,0.0329
1.0000,0.1495,0.0830
1.0000,0.1157,0.0494
1.0000,0.1465,0.0804
1.0000,0.1537,0.0878
1.0000,0.1256,0.0599
1.0000,0.1583,0.0928
1.0000,0.1479,0.0826
1.0000,0.1274,0.0622
1.0000,0.1657,0.1008
1.0000,0.1512,0.0865
1.0000,0.1466,0.0821
1.0000,0.1345,0.0703
1.0000,0.1111,0.0471
1.0000,0.1375,0.0738
1.0000,0.1469,0.0835
1.0000,0.1684,0.1053
1.0000,0.1182,0.0553
1.0000,0.1171,0.0546
1.0000,0.1633,0.1011
1.0000,0.1260,0.0641
1.0000,0.1539,0.0924
1.0000,0.1342,0.0729
1.0000,0.1135,0.0527
1.0000,0.1456,0.0851
1.0000,0.1588,0.0986
1.0000,0.1773,0.1175
1.0000,0.1391,0.0797
1.0000,0.1729,0.1138
1.0000,0.1540,0.0954
1.0000,0.1252,0.0670
1.0000,0.1279,0.0701
1.0000,0.1329,0.0756
1.0000,0.1596,0.1027
1.0000,0.1577,0.1013
1.0000,0.1267,0.0707
1.0000,0.1689,0.1134
1.0000,0.1736,0.1185
1.0000,0.1383,0.0838
1.0000,0.1499,0.0958
1.0000,0.1627,0.1091
1.0000,0.1349,0.0818
1.0000,0.1384,0.0859
1.0000,0.1312,0.0792
1.0000,0.1707,0.1192
1.0000,0.1610,0.1101
1.0000,0.1709,0.1205
1.0000,0.1266,0.0768
1.0000,0.1304,0.0812
1.0000,0.1331,0.0845
1.0000,0.1435,0.0955
1.0000,0.1842,0.1368
1.0000,0.1688,0.1220
1.0000,0.1287,0.0825
1.0000,0.1293,0.0838
1.0000,0.1701,0.1252
1.0000,0.1583,0.1141
1.0000,0.1769,0.1333
1.0000,0.1757,0.1328
1.0000,0.1549,0.1127
1.0000,0.1758,0.1343
1.0000,0.1508,0.1100
1.0000,0.1753,0.1351
1.0000,0.1464,0.1069
1.0000,0.1661,0.1274
1.0000,0.1924,0.1544
1.0000,0.1425,0.1053
1.0000,0.1681,0.1316
1.0000,0.1733,0.1376
1.0000,0.1673,0.1324
1.0000,0.1972,0.1630
1.0000,0.1966,0.1633
1.0000,0.1729,0.1404
1.0000,0.1440,0.1122
1.0000,0.1858,0.1548
1.0000,0.1545,0.1243
1.0000,0.1765,0.1472
1.0000,0.1513,0.1229
1.0000,0.2000,0.1724
1.0000,0.1889,0.1622
1.0000,0.1747,0.1489
1.0000,0.1811,0.1562
1.0000,0.1437,0.1197
1.0000,0.1612,0.1381
1.0000,0.1453,0.1230
1.0000,0.1752,0.1538
1.0000,0.1710,0.1506
1.0000,0.2025,0.1831
1.0000,0.1427,0.1242
1.0000,0.1922,0.1746
1.0000,0.1995,0.1828
1.0000,0.1547,0.1391
1.0000,0.2002,0.1855
1.0000,0.1887,0.1750
1.0000,0.1847,0.1720
1.0000,0.1979,0.1862
1.0000,0.1636,0.1529
1.0000,0.1878,0.1782
1.0000,0.1995,0.1909
1.0000,0.1573,0.1498
1.0000,0.1592,0.1527
1.0000,0.1743,0.1689
1.0000,0.1918,0.1874
1.0000,0.1494,0.1462
1.0000,0.1854,0.1832
1.0000,0.1642,0.1631
1.0000,0.1926,0.1926
1.0000,0.1560,0.1572
1.0000,0.1635,0.1657
1.0000,0.1870,0.1903
1.0000,0.1943,0.1988
1.0000,0.1800,0.1856
1.0000,0.1980,0.2048
1.0000,0.1766,0.1846
1.0000,0.1813,0.1905
1.0000,0.1848,0.1951
1.0000,0.1946,0.2061
1.0000,0.1967,0.2095
1.0000,0.1987,0.2127
1.0000,0.1918,0.2070
1.0000,0.2081,0.2245
1.0000,0.1637,0.1814
1.0000,0.1905,0.2094
1.0000,0.2036,0.2238
1.0000,0.1892,0.2106
1.0000,0.1909,0.2136
1.0000,0.1933,0.2173
1.0000,0.1620,0.1873
1.0000,0.1647,0.1913
1.0000,0.2062,0.2341
1.0000,0.2016,0.2308
1.0000,0.1757,0.2062
1.0000,0.2042,0.2360
1.0000,0.1771,0.2103
1.0000,0.1811,0.2156
1.0000,0.2038,0.2397
1.0000,0.1756,0.2129
1.0000,0.2061,0.2448
1.0000,0.1816,0.2217
1.0000,0.2047,0.2461
1.0000,0.1977,0.2405
1.0000,0.1797,0.2239
1.0000,0.2025,0.2482
1.0000,0.1701,0.2171
1.0000,0.1996,0.2481
1.0000,0.1714,0.2214
1.0000,0.1913,0.2428
1.0000,0.1696,0.2225
1.0000,0.1937,0.2480
1.0000,0.1941,0.2499
1.0000,0.1832,0.2405
1.0000,0.1642,0.2230
1.0000,0.1994,0.2597
1.0000,0.2031,0.2649
1.0000,0.2055,0.2689
1.0000,0.1689,0.2337
1.0000,0.2020,0.2684
1.0000,0.1699,0.2379
1.0000,0.1442,0.2137
1.0000,0.1904,0.2615
1.0000,0.2043,0.2769
1.0000,0.1709,0.2450
1.0000,0.1997,0.2754
1.0000,0.1557,0.2330
1.0000,0.1886,0.2675
1.0000,0.1499,0.2304
1.0000,0.1697,0.2519
1.0000,0.1964,0.2801
1.0000,0.1419,0.2273
1.0000,0.2014,0.2884
1.0000,0.1514,0.2401
1.0000,0.1560,0.2463
1.0000,0.1537,0.2457
1.0000,0.1588,0.2525
1.0000,0.1588,0.2541
1.0000,0.1448,0.2418
1.0000,0.1514,0.2501
1.0000,0.1967,0.2971
1.0000,0.1596,0.2617
1.0000,0.1916,0.2955
1.0000,0.1529,0.2584
1.0000,0.1547,0.2619
1.0000,0.1812,0.2902
1.0000,0.1876,0.2984
1.0000,0.1483,0.2608
1.0000,0.1854,0.2997
1.0000,0.1727,0.2888
1.0000,0.1969,0.3148
1.0000,0.1510,0.2706
1.0000,0.1683,0.2897
1.0000,0.1893,0.3125
1.0000,0.1869,0.3119
1.0000,0.1650,0.2918
1.0000,0.1762,0.3048
1.0000,0.1949,0.3254
1.0000,0.1689,0.3012
1.0000,0.1335,0.2677
1.0000,0.1737,0.3097
1.0000,0.1653,0.3031
1.0000,0.1359,0.2756
1.0000,0.1733,0.3149
1.0000,0.1380,0.2815
1.0000,0.1446,0.2899
1.0000,0.1356,0.2828
1.0000,0.1381,0.2872
1.0000,0.1647,0.3157
1.0000,0.1615,0.3144
1.0000,0.1667,0.3215
1.0000,0.1894,0.3462
1.0000,0.1455,0.3042
1.0000,0.1522,0.3128
1.0000,0.1759,0.3385
1.0000,0.1501,0.3147
1.0000,0.1759,0.3425
1.0000,0.1805,0.3490
1.0000,0.1226,0.2931
1.0000,0.1339,0.3064
1.0000,0.1684,0.3429
1.0000,0.1696,0.3461
1.0000,0.1503,0.3288
1.0000,0.1697,0.3502
1.0000,0.1687,0.3512
1.0000,0.1622,0.3467
1.0000,0.1241,0.3106
1.0000,0.1776,0.3661
1.0000,0.1778,0.3684
1.0000,0.1246,0.3172
1.0000,0.1288,0.3235
1.0000,0.1207,0.3174
1.0000,0.1312,0.3300
1.0000,0.1524,0.3532
1.0000,0.1140,0.3170
1.0000,0.1296,0.3347
1.0000,0.1404,0.3475
1.0000,0.1471,0.3563
1.0000,0.1386,0.3499
1.0000,0.1106,0.3240
1.0000,0.1265,0.3421
1.0000,0.1140,0.3317
1.0000,0.1223,0.3421
1.0000,0.1271,0.3490
1.0000,0.1223,0.3464
1.0000,0.1644,0.3906
1.0000,0.1480,0.3764
1.0000,0.1482,0.3787
1.0000,0.1449,0.3776
1.0000,0.1545,0.3893
1.0000,0.1446,0.3816
1.0000,0.1537,0.3929
1.0000,0.1474,0.3888
1.0000,0.1367,0.3803
1.0000,0.1184,0.3642
1.0000,0.1123,0.3602
1.0000,0.1213,0.3715
1.0000,0.1017,0.3540
1.0000,0.1260,0.3806
1.0000,0.1395,0.3963
1.0000,0.0951,0.3541
1.0000,0.1351,0.3963
1.0000,0.1010,0.3645
1.0000,0.1022,0.3680
1.0000,0.1373,0.4054
1.0000,0.0868,0.3571
1.0000,0.1121,0.3846
1.0000,0.1147,0.3895
1.0000,0.1098,0.3869
1.0000,0.1227,0.4020
1.0000,0.1422,0.4238
1.0000,0.0997,0.3836
1.0000,0.1305,0.4167
1.0000,0.0951,0.3836
1.0000,0.1132,0.4039
1.0000,0.1260,0.4191
1.0000,0.0972,0.3926
1.0000,0.0807,0.3784
1.0000,0.0967,0.3967
1.0000,0.0924,0.3948
1.0000,0.1186,0.4233
1.0000,0.1317,0.4387
1.0000,0.0748,0.3841
1.0000,0.0826,0.3943
1.0000,0.0997,0.4138
1.0000,0.0823,0.3987
1.0000,0.1063,0.4251
1.0000,0.1056,0.4268
1.0000,0.0750,0.3985
1.0000,0.1111,0.4369
1.0000,0.0717,0.3999
1.0000,0.0811,0.4116
1.0000,0.0664,0.3994
1.0000,0.1208,0.4562
1.0000,0.0646,0.4024
1.0000,0.0953,0.4354
1.0000,0.0767,0.4193
1.0000,0.0548,0.3998
1.0000,0.1059,0.4532
1.0000,0.0805,0.4303
1.0000,0.0693,0.4215
1.0000,0.1039,0.4585
1.0000,0.0662,0.4233
1.0000,0.0956,0.4550
1.0000,0.0784,0.4403
1.0000,0.0927,0.4570
1.0000,0.1028,0.4696
1.0000,0.1001,0.4693
1.0000,0.0498,0.4214
1.0000,0.0986,0.4727
1.0000,0.0819,0.4585
1.0000,0.0457,0.4246
1.0000,0.0398,0.4212
1.0000,0.0813,0.4652
1.0000,0.0511,0.4374
1.0000,0.0374,0.4262
1.0000,0.0372,0.4285
1.0000,0.0854,0.4792
1.0000,0.0287,0.4249
1.0000,0.0520,0.4508
1.0000,0.0583,0.4595
1.0000,0.0609,0.4646
1.0000,0.0234,0.4296
1.0000,0.0598,0.4685
1.0000,0.0588,0.4699
1.0000,0.0539,0.4676
1.0000,0.0668,0.4830
1.0000,0.0683,0.4870
1.0000,0.0606,0.4818
1.0000,0.0576,0.4813
1.0000,0.0251,0.4513
1.0000,0.0577,0.4864
1.0000,0.0655,0.4967
1.0000,0.0271,0.4609
1.0000,0.0645,0.5008
1.0000,0.0492,0.4880
1.0000,0.0465,0.4879
1.0000,0.0338,0.4777
1.0000,0.0153,0.4617
1.0000,0.0521,0.5010
1.0000,0.0169,0.4683
1.0000,0.0473,0.5012
1.0000,0.0320,0.4885
1.0000,0.0353,0.4943
1.0000,0.0189,0.4805
1.0000,0.0145,0.4787
1.0000,0.0458,0.5125
1.0000,0.0198,0.4891
1.0000,0.0419,0.5138
1.0000,0.0396,0.5140
1.0000,0.0175,0.4945
1.0000,-0.0143,0.4652
1.0000,-0.0136,0.4685
1.0000,0.0183,0.5029
1.0000,-0.0145,0.4727
1.0000,0.0013,0.4910
1.0000,0.0129,0.5052
1.0000,-0.0037,0.4912
1.0000,0.0241,0.5215
1.0000,0.0248,0.5248
1.0000,-0.0319,0.4706
1.0000,0.0154,0.5205
1.0000,0.0104,0.5181
1.0000,-0.0031,0.5072
1.0000,0.0072,0.5201
1.0000,-0.0407,0.4747
1.0000,0.0007,0.5187
1.0000,-0.0362,0.4844
1.0000,-0.0180,0.5052
1.0000,-0.0088,0.5170
1.0000,-0.0256,0.5028
1.0000,-0.0164,0.5145
1.0000,-0.0378,0.4957
1.0000,-0.0212,0.5149
1.0000,-0.0527,0.4860
1.0000,-0.0544,0.4868
1.0000,-0.0365,0.5074
1.0000,-0.0386,0.5079
1.0000,-0.0287,0.5204
1.0000,-0.0624,0.4892
1.0000,-0.0161,0.5381
1.0000,-0.0510,0.5059
1.0000,-0.0663,0.4931
1.0000,-0.0412,0.5208
1.0000,-0.0445,0.5201
1.0000,-0.0437,0.5235
1.0000,-0.0397,0.5301
1.0000,-0.0370,0.5353
1.0000,-0.0453,0.5297
1.0000,-0.0478,0.5297
1.0000,-0.0364,0.5437
1.0000,-0.0440,0.5387
1.0000,-0.0736,0.5117
1.0000,-0.0527,0.5352
1.0000,-0.0724,0.5181
1.0000,-0.0647,0.5284
1.0000,-0.0560,0.5396
1.0000,-0.0328,0.5654
1.0000,-0.0798,0.5210
1.0000,-0.0501,0.5533
1.0000,-0.0945,0.5115
1.0000,-0.1015,0.5071
1.0000,-0.0576,0.5536
1.0000,-0.0953,0.5185
1.0000,-0.0991,0.5173
1.0000,-0.0805,0.5385
1.0000,-0.0790,0.5425
1.0000,-0.0767,0.5474
1.0000,-0.0569,0.5698
1.0000,-0.0946,0.5347
1.0000,-0.1128,0.5191
1.0000,-0.1016,0.5328
1.0000,-0.0625,0.5745
1.0000,-0.0839,0.5556
1.0000,-0.1063,0.5358
1.0000,-0.0727,0.5720
1.0000,-0.1304,0.5169
1.0000,-0.1285,0.5214
1.0000,-0.1281,0.5244
1.0000,-0.1291,0.5259
1.0000,-0.1228,0.5348
1.0000,-0.1286,0.5316
1.0000,-0.0806,0.5821
1.0000,-0.1418,0.5235
1.0000,-0.1402,0.5276
1.0000,-0.1055,0.5649
1.0000,-0.1093,0.5637
1.0000,-0.1361,0.5395
1.0000,-0.1527,0.5253
1.0000,-0.0930,0.5876
1.0000,-0.1117,0.5715
1.0000,-0.1071,0.5786
1.0000,-0.1290,0.5593
1.0000,-0.1137,0.5771
1.0000,-0.1593,0.5340
1.0000,-0.1387,0.5572
1.0000,-0.1200,0.5784
1.0000,-0.1235,0.5775
1.0000,-0.1464,0.5570
1.0000,-0.1323,0.5737
1.0000,-0.1517,0.5568
1.0000,-0.1448,0.5663
1.0000,-0.1533,0.5603
1.0000,-0.1236,0.5925
1.0000,-0.1245,0.5941
1.0000,-0.1482,0.5730
1.0000,-0.1613,0.5624
1.0000,-0.1353,0.5909
1.0000,-0.1518,0.5769
1.0000,-0.1341,0.5970
1.0000,-0.1547,0.5790
1.0000,-0.1921,0.5441
1.0000,-0.2010,0.5377
1.0000,-0.1799,0.5612
1.0000,-0.1695,0.5742
1.0000,-0.1728,0.5734
1.0000,-0.1914,0.5572
1.0000,-0.2082,0.5429
1.0000,-0.1618,0.5918
1.0000,-0.1892,0.5669
1.0000,-0.2025,0.5561
1.0000,-0.2070,0.5540
1.0000,-0.2235,0.5400
1.0000,-0.1810,0.5849
1.0000,-0.2156,0.5528
1.0000,-0.1879,0.5829
1.0000,-0.1967,0.5766
1.0000,-0.2282,0.5475
1.0000,-0.1773,0.6008
1.0000,-0.2188,0.5618
1.0000,-0.2141,0.5689
1.0000,-0.1799,0.6055
1.0000,-0.2312,0.5566
1.0000,-0.2225,0.5678
1.0000,-0.2213,0.5714
1.0000,-0.2186,0.5765
1.0000,-0.2423,0.5552
1.0000,-0.2471,0.5528
1.0000,-0.2301,0.5722
1.0000,-0.2050,0.5997
1.0000,-0.2444,0.5627
1.0000,-0.2622,0.5472
1.0000,-0.2572,0.5547
1.0000,-0.2282,0.5860
1.0000,-0.2476,0.5690
1.0000,-0.2383,0.5807
1.0000,-0.2637,0.5576
1.0000,-0.2252,0.5985
1.0000,-0.2789,0.5472
1.0000,-0.2672,0.5612
1.0000,-0.2515,0.5792
1.0000,-0.2370,0.5961
1.0000,-0.2715,0.5639
1.0000,-0.2659,0.5719
1.0000,-0.2357,0.6043
1.0000,-0.2415,0.6008
1.0000,-0.2964,0.5483
1.0000,-0.2976,0.5494
1.0000,-0.2556,0.5937
1.0000,-0.2896,0.5620
1.0000,-0.2482,0.6057
1.0000,-0.2679,0.5882
1.0000,-0.2862,0.5722
1.0000,-0.2990,0.5617
1.0000,-0.2831,0.5798
1.0000,-0.2762,0.5891
1.0000,-0.2936,0.5739
1.0000,-0.2877,0.5821
1.0000,-0.2862,0.5858
1.0000,-0.2832,0.5911
1.0000,-0.3043,0.5721
1.0000,-0.3254,0.5533
1.0000,-0.2941,0.5868
1.0000,-0.2881,0.5951
1.0000,-0.2987,0.5867
1.0000,-0.2867,0.6009
1.0000,-0.3276,0.5622
1.0000,-0.3327,0.5593
1.0000,-0.3452,0.5490
1.0000,-0.3069,0.5894
1.0000,-0.3015,0.5969
1.0000,-0.3380,0.5626
1.0000,-0.2980,0.6048
1.0000,-0.3285,0.5765
1.0000,-0.3078,0.5993
1.0000,-0.3153,0.5940
1.0000,-0.3655,0.5459
1.0000,-0.3524,0.5612
1.0000,-0.3665,0.5491
1.0000,-0.3160,0.6018
1.0000,-0.3406,0.5793
1.0000,-0.3766,0.5453
1.0000,-0.3767,0.5473
1.0000,-0.3820,0.5441
1.0000,-0.3655,0.5628
1.0000,-0.3541,0.5762
1.0000,-0.3470,0.5854
1.0000,-0.3645,0.5699
1.0000,-0.3427,0.5937
1.0000,-0.3686,0.5699
1.0000,-0.3622,0.5783
1.0000,-0.3955,0.5471
1.0000,-0.3792,0.5654
1.0000,-0.3762,0.5704
1.0000,-0.3996,0.5490
1.0000,-0.4030,0.5477
1.0000,-0.3798,0.5728
1.0000,-0.3809,0.5737
1.0000,-0.4027,0.5539
1.0000,-0.3920,0.5665
1.0000,-0.3915,0.5689
1.0000,-0.3946,0.5678
1.0000,-0.3922,0.5721
1.0000,-0.4049,0.5615
1.0000,-0.3943,0.5740
1.0000,-0.4073,0.5629
1.0000,-0.4181,0.5539
1.0000,-0.4075,0.5665
1.0000,-0.4337,0.5421
1.0000,-0.4176,0.5601
1.0000,-0.4246,0.5551
1.0000,-0.3953,0.5862
1.0000,-0.4306,0.5528
1.0000,-0.4490,0.5362
1.0000,-0.4244,0.5627
1.0000,-0.4087,0.5802
1.0000,-0.4549,0.5358
1.0000,-0.4448,0.5478
1.0000,-0.4375,0.5569
1.0000,-0.4069,0.5893
1.0000,-0.4159,0.5821
1.0000,-0.4143,0.5855
1.0000,-0.4304,0.5712
1.0000,-0.4634,0.5399
1.0000,-0.4356,0.5694
1.0000,-0.4479,0.5589
1.0000,-0.4335,0.5750
1.0000,-0.4766,0.5336
1.0000,-0.4411,0.5709
1.0000,-0.4427,0.5710
1.0000,-0.4715,0.5440
1.0000,-0.4319,0.5852
1.0000,-0.4399,0.5789
1.0000,-0.4765,0.5440
1.0000,-0.4839,0.5382
1.0000,-0.4988,0.5250
1.0000,-0.4913,0.5341
1.0000,-0.4657,0.5614
1.0000,-0.5072,0.5215
1.0000,-0.4939,0.5364
1.0000,-0.4846,0.5473
1.0000,-0.5043,0.5293
1.0000,-0.4975,0.5376
1.0000,-0.4911,0.5457
1.0000,-0.4639,0.5744
1.0000,-0.4838,0.5560
1.0000,-0.4860,0.5554
1.0000,-0.5146,0.5283
1.0000,-0.5355,0.5090
1.0000,-0.4904,0.5556
1.0000,-0.5192,0.5283
1.0000,-0.5168,0.5322
1.0000,-0.5102,0.5403
1.0000,-0.5006,0.5514
1.0000,-0.5202,0.5333
1.0000,-0.5417,0.5132
1.0000,-0.4942,0.5622
1.0000,-0.5298,0.5280
1.0000,-0.5508,0.5084
1.0000,-0.5535,0.5071
1.0000,-0.5056,0.5565
1.0000,-0.5627,0.5008
1.0000,-0.5596,0.5053
1.0000,-0.5619,0.5044
1.0000,-0.5435,0.5241
1.0000,-0.5427,0.5263
1.0000,-0.5254,0.5449
1.0000,-0.5602,0.5115
1.0000,-0.5583,0.5146
1.0000,-0.5539,0.5204
1.0000,-0.5506,0.5249
1.0000,-0.5885,0.4884
1.0000,-0.5567,0.5214
1.0000,-0.5855,0.4939
1.0000,-0.5747,0.5060
1.0000,-0.5828,0.4991
1.0000,-0.5573,0.5258
1.0000,-0.5738,0.5105
1.0000,-0.5490,0.5366
1.0000,-0.5906,0.4962
1.0000,-0.5882,0.4998
1.0000,-0.5866,0.5025
1.0000,-0.6039,0.4864
1.0000,-0.5846,0.5069
1.0000,-0.6091,0.4835
1.0000,-0.6061,0.4877
1.0000,-0.6190,0.4759
1.0000,-0.6203,0.4757
1.0000,-0.6259,0.4712
1.0000,-0.6055,0.4927
1.0000,-0.5775,0.5217
1.0000,-0.6263,0.4740
1.0000,-0.6394,0.4620
1.0000,-0.6225,0.4799
1.0000,-0.6179,0.4856
1.0000,-0.6385,0.4660
1.0000,-0.6352,0.4703
1.0000,-0.6441,0.4623
1.0000,-0.5972,0.5103
1.0000,-0.6119,0.4965
1.0000,-0.6089,0.5005
1.0000,-0.6020,0.5083
1.0000,-0.6294,0.4818
1.0000,-0.6319,0.4803
1.0000,-0.6431,0.4700
1.0000,-0.6318,0.4822
1.0000,-0.6590,0.4559
1.0000,-0.6346,0.4811
1.0000,-0.6417,0.4749
1.0000,-0.6728,0.4446
1.0000,-0.6271,0.4912
1.0000,-0.6207,0.4984
1.0000,-0.6298,0.4901
1.0000,-0.6759,0.4448
1.0000,-0.6443,0.4772
1.0000,-0.6351,0.4872
1.0000,-0.6690,0.4540
1.0000,-0.6562,0.4676
1.0000,-0.6601,0.4644
1.0000,-0.6984,0.4269
1.0000,-0.6465,0.4794
1.0000,-0.6862,0.4404
1.0000,-0.6712,0.4561
1.0000,-0.6520,0.4760
1.0000,-0.6991,0.4295
1.0000,-0.6741,0.4552
1.0000,-0.7083,0.4216
1.0000,-0.6633,0.4673
1.0000,-0.6706,0.4605
1.0000,-0.7069,0.4249
1.0000,-0.6771,0.4552
1.0000,-0.6818,0.4511
1.0000,-0.6703,0.4631
1.0000,-0.7032,0.4308
1.0000,-0.7055,0.4290
1.0000,-0.7340,0.4010
1.0000,-0.7346,0.4009
1.0000,-0.7383,0.3977
1.0000,-0.7398,0.3967
1.0000,-0.7054,0.4315
1.0000,-0.7405,0.3968
1.0000,-0.7075,0.4303
1.0000,-0.7463,0.3919
1.0000,-0.7185,0.4201
1.0000,-0.7488,0.3902
1.0000,-0.7506,0.3888
1.0000,-0.7580,0.3818
1.0000,-0.7345,0.4056
1.0000,-0.7304,0.4100
1.0000,-0.7293,0.4115
1.0000,-0.7160,0.4251
1.0000,-0.7715,0.3699
1.0000,-0.7124,0.4293
1.0000,-0.7587,0.3832
1.0000,-0.7623,0.3799
1.0000,-0.7490,0.3934
1.0000,-0.7464,0.3962
1.0000,-0.7234,0.4194
1.0000,-0.7594,0.3836
1.0000,-0.7445,0.3987
1.0000,-0.7692,0.3742
1.0000,-0.7523,0.3913
1.0000,-0.7337,0.4100
1.0000,-0.7971,0.3467
1.0000,-0.7991,0.3449
1.0000,-0.7746,0.3695
1.0000,-0.8013,0.3428
1.0000,-0.7724,0.3718
1.0000,-0.7530,0.3912
1.0000,-0.7508,0.3935
1.0000,-0.8052,0.3391
1.0000,-0.7836,0.3608
1.0000,-0.7590,0.3853
1.0000,-0.7695,0.3749
1.0000,-0.7766,0.3677
1.0000,-0.8076,0.3367
1.0000,-0.8119,0.3323
1.0000,-0.7802,0.3640
1.0000,-0.8151,0.3289
1.0000,-0.7964,0.3476
1.0000,-0.8004,0.3434
1.0000,-0.8314,0.3123
1.0000,-0.7851,0.3585
1.0000,-0.8222,0.3212
1.0000,-0.7909,0.3523
1.0000,-0.7837,0.3594
1.0000,-0.7854,0.3574
1.0000,-0.8189,0.3238
1.0000,-0.8479,0.2945
1.0000,-0.8433,0.2988
1.0000,-0.8237,0.3181
1.0000,-0.8237,0.3179
1.0000,-0.8277,0.3136
1.0000,-0.7981,0.3429
1.0000,-0.8231,0.3176
1.0000,-0.8213,0.3190
1.0000,-0.8298,0.3102
1.0000,-0.8245,0.3151
1.0000,-0.8244,0.3149
1.0000,-0.8431,0.2957
1.0000,-0.8612,0.2772
1.0000,-0.8427,0.2953
1.0000,-0.8248,0.3128
1.0000,-0.8214,0.3157
1.0000,-0.8170,0.3197
1.0000,-0.8206,0.3156
1.0000,-0.8228,0.3129
1.0000,-0.8754,0.2598
1.0000,-0.8654,0.2692
1.0000,-0.8641,0.2700
1.0000,-0.8506,0.2829
1.0000,-0.8782,0.2547
1.0000,-0.8592,0.2732
1.0000,-0.8505,0.2812
1.0000,-0.8560,0.2751
1.0000,-0.8499,0.2806
1.0000,-0.8484,0.2814
1.0000,-0.8961,0.2330
1.0000,-0.8412,0.2872
1.0000,-0.8630,0.2647
1.0000,-0.8633,0.2638
1.0000,-0.8771,0.2492
1.0000,-0.8581,0.2674
1.0000,-0.8817,0.2431
1.0000,-0.8861,0.2379
1.0000,-0.8686,0.2546
1.0000,-0.8822,0.2402
1.0000,-0.8986,0.2230
1.0000,-0.9201,0.2007
1.0000,-0.8802,0.2397
1.0000,-0.8956,0.2234
1.0000,-0.9091,0.2091
1.0000,-0.8837,0.2335
1.0000,-0.9128,0.2035
1.0000,-0.8787,0.2367
1.0000,-0.8962,0.2183
1.0000,-0.9264,0.1871
1.0000,-0.8749,0.2376
1.0000,-0.8820,0.2294
1.0000,-0.9219,0.1886
1.0000,-0.9072,0.2023
1.0000,-0.9109,0.1975
1.0000,-0.9363,0.1711
1.0000,-0.8864,0.2199
1.0000,-0.9443,0.1609
1.0000,-0.9471,0.1570
1.0000,-0.9281,0.1749
1.0000,-0.9386,0.1633
1.0000,-0.9155,0.1852
1.0000,-0.8972,0.2023
1.0000,-0.8981,0.2002
1.0000,-0.9218,0.1753
1.0000,-0.9030,0.1929
1.0000,-0.9296,0.1650
1.0000,-0.9413,0.1521
1.0000,-0.9325,0.1596
1.0000,-0.9447,0.1462
1.0000,-0.9598,0.1298
1.0000,-0.9468,0.1415
1.0000,-0.9622,0.1247
1.0000,-0.9439,0.1416
1.0000,-0.9427,0.1415
1.0000,-0.9502,0.1326
1.0000,-0.9611,0.1203
1.0000,-0.9707,0.1093
1.0000,-0.9715,0.1071
1.0000,-0.9425,0.1347
1.0000,-0.9493,0.1264
1.0000,-0.9230,0.1513
1.0000,-0.9574,0.1153
1.0000,-0.9262,0.1450
1.0000,-0.9432,0.1265
1.0000,-0.9357,0.1325
1.0000,-0.9300,0.1366
1.0000,-0.9810,0.0840
1.0000,-0.9750,0.0884
1.0000,-0.9590,0.1029
1.0000,-0.9399,0.1203
1.0000,-0.9771,0.0816
1.0000,-0.9500,0.1070
1.0000,-0.9505,0.1048
1.0000,-0.9615,0.0921
1.0000,-0.9708,0.0811
1.0000,-0.9560,0.0943
1.0000,-0.9575,0.0910
1.0000,-0.9934,0.0533
1.0000,-0.9473,0.0976
1.0000,-1.0047,0.0385
1.0000,-0.9997,0.0417
1.0000,-0.9578,0.0818
1.0000,-0.9615,0.0763
1.0000,-0.9929,0.0430
1.0000,-0.9541,0.0800
1.0000,-0.9877,0.0445
1.0000,-0.9908,0.0395
1.0000,-0.9553,0.0731
1.0000,-0.9606,0.0659
1.0000,-0.9724,0.0521
1.0000,-1.0094,0.0132
1.0000,-0.9941,0.0265
1.0000,-1.0054,0.0133
1.0000,-0.9822,0.0344
1.0000,-0.9838,0.0308
1.0000,-1.0095,0.0031
1.0000,-0.9831,0.0274
1.0000,-0.9901,0.0183
1.0000,-0.9839,0.0225
1.0000,-0.9951,0.0092
1.0000,-0.9955,0.0066
1.0000,-1.0249,-0.0249
2.0000,-0.0185,-0.0175
2.0000,0.0164,0.0184
2.0000,-0.0023,0.0008
2.0000,-0.0285,-0.0244
2.0000,0.0018,0.0069
2.0000,-0.0319,-0.0258
2.0000,0.0146,0.0217
2.0000,0.0143,0.0224
2.0000,0.0065,0.0157
2.0000,0.0040,0.0143
2.0000,-0.0062,0.0052
2.0000,-0.0029,0.0095
2.0000,-0.0016,0.0119
2.0000,0.0109,0.0255
2.0000,-0.0268,-0.0111
2.0000,-0.0142,0.0025
2.0000,0.0153,0.0331
2.0000,0.0138,0.0328
2.0000,-0.0250,-0.0049
2.0000,0.0250,0.0462
2.0000,0.0074,0.0297
2.0000,0.0083,0.0318
2.0000,-0.0000,0.0246
2.0000,-0.0086,0.0171
2.0000,0.0185,0.0454
2.0000,0.0118,0.0398
2.0000,-0.0339,-0.0047
2.0000,0.0243,0.0546
2.0000,-0.0130,0.0185
2.0000,-0.0259,0.0068
2.0000,-0.0233,0.0106
2.0000,-0.0305,0.0046
2.0000,0.0137,0.0500
2.0000,-0.0000,0.0374
2.0000,-0.0086,0.0301
2.0000,0.0002,0.0400
2.0000,-0.0196,0.0215
2.0000,-0.0302,0.0120
2.0000,-0.0159,0.0276
2.0000,0.0174,0.0621
2.0000,-0.0055,0.0404
2.0000,-0.0291,0.0180
2.0000,-0.0297,0.0187
2.0000,0.0082,0.0578
2.0000,0.0207,0.0716
2.0000,0.0025,0.0546
2.0000,-0.0362,0.0172
2.0000,-0.0003,0.0544
2.0000,-0.0181,0.0378
2.0000,0.0061,0.0633
2.0000,-0.0140,0.0445
2.0000,0.0161,0.0759
2.0000,0.0011,0.0622
2.0000,-0.0064,0.0559
2.0000,-0.0011,0.0625
2.0000,-0.0401,0.0248
2.0000,-0.0160,0.0503
2.0000,-0.0305,0.0371
2.0000,-0.0223,0.0466
2.0000,0.0142,0.0844
2.0000,0.0055,0.0770
2.0000,-0.0066,0.0663
2.0000,-0.0070,0.0672
2.0000,-0.0178,0.0577
2.0000,0.0000,0.0769
2.0000,-0.0210,0.0571
2.0000,-0.0027,0.0768
2.0000,0.0135,0.0943
2.0000,0.0145,0.0967
2.0000,-0.0212,0.0623
2.0000,-0.0195,0.0655
2.0000,0.0049,0.0912
2.0000,-0.0156,0.0721
2.0000,-0.0147,0.0744
2.0000,-0.0083,0.0822
2.0000,0.0131,0.1049
2.0000,0.0065,0.0997
2.0000,0.0127,0.1073
2.0000,-0.0512,0.0448
2.0000,-0.0482,0.0492
2.0000,-0.0413,0.0575
2.0000,-0.0515,0.0486
2.0000,-0.0425,0.0591
2.0000,0.0027,0.1057
2.0000,-0.0043,0.1001
2.0000,-0.0525,0.0533
2.0000,-0.0180,0.0893
2.0000,-0.0388,0.0698
2.0000,-0.0093,0.1008
2.0000,-0.0216,0.0899
2.0000,-0.0050,0.1080
2.0000,-0.0138,0.1006
2.0000,-0.0530,0.0628
2.0000,-0.0410,0.0762
2.0000,-0.0349,0.0838
2.0000,-0.0248,0.0954
2.0000,-0.0212,0.1005
2.0000,-0.0479,0.0752
2.0000,-0.0227,0.1019
2.0000,-0.0158,0.1102
2.0000,-0.0595,0.0680
2.0000,-0.0100,0.1189
2.0000,-0.0525,0.0779
2.0000,-0.0362,0.0957
2.0000,-0.0585,0.0749
2.0000,-0.0445,0.0903
2.0000,-0.0310,0.1053
2.0000,-0.0308,0.1070
2.0000,-0.0272,0.1121
2.0000,-0.0399,0.1009
2.0000,-0.0112,0.1310
2.0000,-0.0634,0.0804
2.0000,-0.0621,0.0831
2.0000,-0.0130,0.1337
2.0000,-0.0299,0.1183
2.0000,-0.0549,0.0949
2.0000,-0.0178,0.1334
2.0000,-0.0686,0.0841
2.0000,-0.0410,0.1132
2.0000,-0.0371,0.1187
2.0000,-0.0479,0.1094
2.0000,-0.0502,0.1086
2.0000,-0.0728,0.0875
2.0000,-0.0583,0.1035
2.0000,-0.0621,0.1012
2.0000,-0.0194,0.1454
2.0000,-0.0257,0.1406
2.0000,-0.0541,0.1138
2.0000,-0.0463,0.1231
2.0000,-0.0459,0.1250
2.0000,-0.0803,0.0922
2.0000,-0.0340,0.1400
2.0000,-0.0695,0.1060
2.0000,-0.0242,0.1529
2.0000,-0.0364,0.1422
2.0000,-0.0409,0.1392
2.0000,-0.0383,0.1433
2.0000,-0.0647,0.1185
2.0000,-0.0460,0.1388
2.0000,-0.0597,0.1266
2.0000,-0.0787,0.1091
2.0000,-0.0378,0.1516
2.0000,-0.0354,0.1555
2.0000,-0.0317,0.1607
2.0000,-0.0334,0.1606
2.0000,-0.0860,0.1095
2.0000,-0.0844,0.1127
2.0000,-0.0376,0.1610
2.0000,-0.0555,0.1447
2.0000,-0.0494,0.1524
2.0000,-0.0985,0.1048
2.0000,-0.0605,0.1444
2.0000,-0.0658,0.1406
2.0000,-0.0513,0.1567
2.0000,-0.0577,0.1518
2.0000,-0.0588,0.1523
2.0000,-0.0903,0.1223
2.0000,-0.1024,0.1118
2.0000,-0.0527,0.1631
2.0000,-0.1069,0.1104
2.0000,-0.0589,0.1600
2.0000,-0.1019,0.1185
2.0000,-0.0952,0.1267
2.0000,-0.0900,0.1335
2.0000,-0.1118,0.1132
2.0000,-0.0724,0.1543
2.0000,-0.0641,0.1641
2.0000,-0.0629,0.1668
2.0000,-0.1110,0.1203
2.0000,-0.0848,0.1481
2.0000,-0.0753,0.1591
2.0000,-0.1071,0.1289
2.0000,-0.0580,0.1795
2.0000,-0.1179,0.1212
2.0000,-0.1185,0.1222
2.0000,-0.1150,0.1272
2.0000,-0.1009,0.1429
2.0000,-0.1220,0.1233
2.0000,-0.0723,0.1746
2.0000,-0.0688,0.1796
2.0000,-0.0968,0.1532
2.0000,-0.0817,0.1699
2.0000,-0.1123,0.1408
2.0000,-0.0993,0.1553
2.0000,-0.1079,0.1483
2.0000,-0.0774,0.1803
2.0000,-0.0808,0.1785
2.0000,-0.0779,0.1829
2.0000,-0.1344,0.1280
2.0000,-0.1108,0.1532
2.0000,-0.1033,0.1622
2.0000,-0.0996,0.1674
2.0000,-0.1404,0.1282
2.0000,-0.0836,0.1866
2.0000,-0.1050,0.1666
2.0000,-0.1353,0.1379
2.0000,-0.0908,0.1840
2.0000,-0.0922,0.1841
2.0000,-0.1005,0.1773
2.0000,-0.1163,0.1631
2.0000,-0.1311,0.1498
2.0000,-0.0882,0.1942
2.0000,-0.1146,0.1694
2.0000,-0.1399,0.1456
2.0000,-0.1320,0.1550
2.0000,-0.0995,0.1891
2.0000,-0.1429,0.1472
2.0000,-0.1107,0.1809
2.0000,-0.1393,0.1538
2.0000,-0.1081,0.1865
2.0000,-0.1160,0.1801
2.0000,-0.1044,0.1932
2.0000,-0.1489,0.1503
2.0000,-0.1163,0.1844
2.0000,-0.1125,0.1898
2.0000,-0.1473,0.1564
2.0000,-0.1234,0.1818
2.0000,-0.1426,0.1642
2.0000,-0.1111,0.1971
2.0000,-0.1614,0.1484
2.0000,-0.1536,0.1577
2.0000,-0.1137,0.1990
2.0000,-0.1218,0.1924
2.0000,-0.1521,0.1636
2.0000,-0.1483,0.1689
2.0000,-0.1785,0.1402
2.0000,-0.1394,0.1808
2.0000,-0.1396,0.1821
2.0000,-0.1261,0.1970
2.0000,-0.1745,0.1501
2.0000,-0.1479,0.1782
2.0000,-0.1449,0.1827
2.0000,-0.1655,0.1635
2.0000,-0.1572,0.1733
2.0000,-0.1849,0.1471
2.0000,-0.1625,0.1710
2.0000,-0.1776,0.1573
2.0000,-0.1520,0.1844
2.0000,-0.1773,0.1605
2.0000,-0.1934,0.1458
2.0000,-0.1358,0.2049
2.0000,-0.1350,0.2071
2.0000,-0.1881,0.1555
2.0000,-0.1867,0.1583
2.0000,-0.1691,0.1774
2.0000,-0.1532,0.1946
2.0000,-0.1693,0.1800
2.0000,-0.1890,0.1617
2.0000,-0.1719,0.1802
2.0000,-0.2070,0.1465
2.0000,-0.1712,0.1837
2.0000,-0.1814,0.1750
2.0000,-0.1742,0.1836
2.0000,-0.1591,0.2001
2.0000,-0.1886,0.1720
2.0000,-0.2141,0.1479
2.0000,-0.2089,0.1545
2.0000,-0.1607,0.2040
2.0000,-0.1921,0.1740
2.0000,-0.2062,0.1613
2.0000,-0.1847,0.1841
2.0000,-0.2164,0.1539
2.0000,-0.2051,0.1665
2.0000,-0.1940,0.1790
2.0000,-0.2061,0.1683
2.0000,-0.2176,0.1581
2.0000,-0.1693,0.2077
2.0000,-0.2192,0.1592
2.0000,-0.1858,0.1939
2.0000,-0.1928,0.1883
2.0000,-0.2196,0.1628
2.0000,-0.1811,0.2027
2.0000,-0.2383,0.1468
2.0000,-0.2313,0.1551
2.0000,-0.2000,0.1877
2.0000,-0.1879,0.2011
2.0000,-0.1995,0.1908
2.0000,-0.1932,0.1984
2.0000,-0.2190,0.1739
2.0000,-0.2337,0.1605
2.0000,-0.1865,0.2090
2.0000,-0.2139,0.1829
2.0000,-0.2028,0.1953
2.0000,-0.1995,0.1998
2.0000,-0.2385,0.1621
2.0000,-0.2412,0.1607
2.0000,-0.2060,0.1971
2.0000,-0.2570,0.1474
2.0000,-0.2390,0.1666
2.0000,-0.2589,0.1480
2.0000,-0.2081,0.2000
2.0000,-0.2158,0.1936
2.0000,-0.2649,0.1457
2.0000,-0.2225,0.1893
2.0000,-0.2326,0.1804
2.0000,-0.2275,0.1868
2.0000,-0.2157,0.1998
2.0000,-0.2424,0.1743
2.0000,-0.2673,0.1506
2.0000,-0.2528,0.1662
2.0000,-0.2408,0.1795
2.0000,-0.2671,0.1543
2.0000,-0.2395,0.1831
2.0000,-0.2220,0.2018
2.0000,-0.2334,0.1915
2.0000,-0.2641,0.1619
2.0000,-0.2724,0.1548
2.0000,-0.2330,0.1954
2.0000,-0.2792,0.1503
2.0000,-0.2757,0.1549
2.0000,-0.2303,0.2015
2.0000,-0.2360,0.1969
2.0000,-0.2923,0.1417
2.0000,-0.2383,0.1969
2.0000,-0.2947,0.1415
2.0000,-0.2469,0.1905
2.0000,-0.2499,0.1885
2.0000,-0.2736,0.1659
2.0000,-0.2621,0.1785
2.0000,-0.2747,0.1669
2.0000,-0.2480,0.1947
2.0000,-0.2865,0.1573
2.0000,-0.2795,0.1653
2.0000,-0.2741,0.1718
2.0000,-0.2554,0.1916
2.0000,-0.2931,0.1548
2.0000,-0.2866,0.1624
2.0000,-0.2567,0.1933
2.0000,-0.2715,0.1796
2.0000,-0.2893,0.1627
2.0000,-0.3010,0.1520
2.0000,-0.3160,0.1380
2.0000,-0.3008,0.1542
2.0000,-0.2682,0.1878
2.0000,-0.3017,0.1553
2.0000,-0.3171,0.1408
2.0000,-0.2958,0.1631
2.0000,-0.2887,0.1711
2.0000,-0.3018,0.1590
2.0000,-0.3294,0.1323
2.0000,-0.2689,0.1938
2.0000,-0.3001,0.1635
2.0000,-0.3264,0.1381
2.0000,-0.2997,0.1657
2.0000,-0.2873,0.1790
2.0000,-0.2987,0.1685
2.0000,-0.3083,0.1598
2.0000,-0.3031,0.1659
2.0000,-0.2993,0.1706
2.0000,-0.3202,0.1505
2.0000,-0.3369,0.1348
2.0000,-0.3008,0.1716
2.0000,-0.2962,0.1771
2.0000,-0.3185,0.1557
2.0000,-0.3331,0.1418
2.0000,-0.3402,0.1356
2.0000,-0.2975,0.1792
2.0000,-0.3273,0.1501
2.0000,-0.3152,0.1631
2.0000,-0.3569,0.1221
2.0000,-0.3158,0.1640
2.0000,-0.3314,0.1492
2.0000,-0.3412,0.1401
2.0000,-0.3395,0.1426
2.0000,-0.3153,0.1675
2.0000,-0.3261,0.1575
2.0000,-0.3504,0.1339
2.0000,-0.3109,0.1742
2.0000,-0.3360,0.1498
2.0000,-0.3607,0.1258
2.0000,-0.3365,0.1507
2.0000,-0.3637,0.1242
2.0000,-0.3668,0.1218
2.0000,-0.3475,0.1418
2.0000,-0.3459,0.1441
2.0000,-0.3323,0.1583
2.0000,-0.3265,0.1648
2.0000,-0.3744,0.1175
2.0000,-0.3497,0.1429
2.0000,-0.3438,0.1494
2.0000,-0.3230,0.1708
2.0000,-0.3864,0.1080
2.0000,-0.3409,0.1541
2.0000,-0.3386,0.1570
2.0000,-0.3673,0.1289
2.0000,-0.3426,0.1542
2.0000,-0.3583,0.1390
2.0000,-0.3451,0.1528
2.0000,-0.3564,0.1421
2.0000,-0.3364,0.1626
2.0000,-0.3974,0.1022
2.0000,-0.3958,0.1043
2.0000,-0.3990,0.1017
2.0000,-0.3543,0.1469
2.0000,-0.4018,0.0998
2.0000,-0.3793,0.1229
2.0000,-0.3707,0.1320
2.0000,-0.3618,0.1413
2.0000,-0.3601,0.1434
2.0000,-0.3603,0.1438
2.0000,-0.3820,0.1225
2.0000,-0.3656,0.1393
2.0000,-0.3720,0.1334
2.0000,-0.3669,0.1389
2.0000,-0.3928,0.1134
2.0000,-0.3597,0.1469
2.0000,-0.4015,0.1055
2.0000,-0.3722,0.1352
2.0000,-0.3816,0.1261
2.0000,-0.4019,0.1062
2.0000,-0.4067,0.1017
2.0000,-0.3936,0.1152
2.0000,-0.4225,0.0867
2.0000,-0.4231,0.0864
2.0000,-0.3930,0.1168
2.0000,-0.4239,0.0862
2.0000,-0.4199,0.0905
2.0000,-0.3736,0.1371
2.0000,-0.3854,0.1256
2.0000,-0.3972,0.1141
2.0000,-0.4316,0.0799
2.0000,-0.4393,0.0725
2.0000,-0.4355,0.0765
2.0000,-0.4383,0.0740
2.0000,-0.4314,0.0811
2.0000,-0.4201,0.0926
2.0000,-0.4454,0.0675
2.0000,-0.4275,0.0856
2.0000,-0.4361,0.0772
2.0000,-0.4079,0.1056
2.0000,-0.4061,0.1076
2.0000,-0.3983,0.1155
2.0000,-0.4424,0.0715
2.0000,-0.4155,0.0986
2.0000,-0.4381,0.0761
2.0000,-0.3999,0.1143
2.0000,-0.4140,0.1004
2.0000,-0.4286,0.0859
2.0000,-0.4319,0.0827
2.0000,-0.4028,0.1118
2.0000,-0.4426,0.0721
2.0000,-0.4434,0.0714
2.0000,-0.4530,0.0619
2.0000,-0.4455,0.0694
2.0000,-0.4389,0.0759
2.0000,-0.4300,0.0849
2.0000,-0.4172,0.0977
2.0000,-0.4192,0.0957
2.0000,-0.4529,0.0620
2.0000,-0.4432,0.0716
2.0000,-0.4519,0.0629
2.0000,-0.4696,0.0452
2.0000,-0.4178,0.0970
2.0000,-0.4726,0.0420
2.0000,-0.4206,0.0939
2.0000,-0.4477,0.0668
2.0000,-0.4475,0.0669
2.0000,-0.4756,0.0386
2.0000,-0.4748,0.0394
2.0000,-0.4266,0.0875
2.0000,-0.4461,0.0678
2.0000,-0.4330,0.0807
2.0000,-0.4506,0.0630
2.0000,-0.4817,0.0317
2.0000,-0.4431,0.0702
2.0000,-0.4803,0.0328
2.0000,-0.4741,0.0387
2.0000,-0.4404,0.0722
2.0000,-0.4986,0.0138
2.0000,-0.4980,0.0142
2.0000,-0.4595,0.0524
2.0000,-0.4572,0.0545
2.0000,-0.4457,0.0657
2.0000,-0.4408,0.0703
2.0000,-0.4614,0.0494
2.0000,-0.4998,0.0107
2.0000,-0.4936,0.0165
2.0000,-0.5038,0.0061
2.0000,-0.4951,0.0144
2.0000,-0.4669,0.0423
2.0000,-0.4833,0.0256
2.0000,-0.4842,0.0243
2.0000,-0.4701,0.0380
2.0000,-0.4529,0.0548
2.0000,-0.4813,0.0260
2.0000,-0.5106,-0.0037
2.0000,-0.4737,0.0328
2.0000,-0.5113,-0.0053
2.0000,-0.4806,0.0250
2.0000,-0.4898,0.0153
2.0000,-0.4592,0.0455
2.0000,-0.4929,0.0113
2.0000,-0.4778,0.0260
2.0000,-0.4828,0.0204
2.0000,-0.4889,0.0138
2.0000,-0.5155,-0.0133
2.0000,-0.5151,-0.0134
2.0000,-0.5020,-0.0008
2.0000,-0.4894,0.0111
2.0000,-0.4779,0.0221
2.0000,-0.5118,-0.0123
2.0000,-0.4705,0.0284
2.0000,-0.5162,-0.0180
2.0000,-0.4840,0.0136
2.0000,-0.5015,-0.0045
2.0000,-0.4990,-0.0026
2.0000,-0.5339,-0.0382
2.0000,-0.4765,0.0185
2.0000,-0.5039,-0.0095
2.0000,-0.4966,-0.0029
2.0000,-0.4821,0.0109
2.0000,-0.5326,-0.0403
2.0000,-0.4938,-0.0022
2.0000,-0.4869,0.0040
2.0000,-0.5199,-0.0297
2.0000,-0.4995,-0.0101
2.0000,-0.5475,-0.0588
2.0000,-0.5301,-0.0422
2.0000,-0.5436,-0.0564
2.0000,-0.5456,-0.0593
2.0000,-0.4929,-0.0074
2.0000,-0.5229,-0.0382
2.0000,-0.5170,-0.0331
2.0000,-0.5044,-0.0214
2.0000,-0.5485,-0.0663
2.0000,-0.4926,-0.0112
2.0000,-0.4974,-0.0169
2.0000,-0.5333,-0.0537
2.0000,-0.5161,-0.0374
2.0000,-0.5475,-0.0697
2.0000,-0.5019,-0.0251
2.0000,-0.5398,-0.0639
2.0000,-0.5044,-0.0294
2.0000,-0.5021,-0.0281
2.0000,-0.5498,-0.0768
2.0000,-0.5464,-0.0743
2.0000,-0.5383,-0.0672
2.0000,-0.5588,-0.0887
2.0000,-0.5516,-0.0826
2.0000,-0.5294,-0.0613
2.0000,-0.5651,-0.0981
2.0000,-0.5073,-0.0413
2.0000,-0.5113,-0.0464
2.0000,-0.5483,-0.0844
2.0000,-0.5086,-0.0458
2.0000,-0.5137,-0.0521
2.0000,-0.5536,-0.0930
2.0000,-0.5466,-0.0871
2.0000,-0.5397,-0.0813
2.0000,-0.5176,-0.0605
2.0000,-0.5488,-0.0928
2.0000,-0.5147,-0.0598
2.0000,-0.5599,-0.1062
2.0000,-0.5432,-0.0907
2.0000,-0.5720,-0.1207
2.0000,-0.5484,-0.0983
2.0000,-0.5455,-0.0966
2.0000,-0.5633,-0.1156
2.0000,-0.5641,-0.1177
2.0000,-0.5751,-0.1300
2.0000,-0.5292,-0.0853
2.0000,-0.5465,-0.1039
2.0000,-0.5699,-0.1286
2.0000,-0.5726,-0.1326
2.0000,-0.5220,-0.0833
2.0000,-0.5790,-0.1417
2.0000,-0.5233,-0.0873
2.0000,-0.5446,-0.1099
2.0000,-0.5612,-0.1279
2.0000,-0.5414,-0.1095
2.0000,-0.5324,-0.1018
2.0000,-0.5670,-0.1379
2.0000,-0.5528,-0.1250
2.0000,-0.5307,-0.1043
2.0000,-0.5904,-0.1655
2.0000,-0.5748,-0.1514
2.0000,-0.5435,-0.1215
2.0000,-0.5739,-0.1533
2.0000,-0.5467,-0.1277
2.0000,-0.5577,-0.1402
2.0000,-0.5902,-0.1742
2.0000,-0.5429,-0.1284
2.0000,-0.5874,-0.1744
2.0000,-0.5368,-0.1254
2.0000,-0.5333,-0.1234
2.0000,-0.5624,-0.1540
2.0000,-0.5610,-0.1543
2.0000,-0.5594,-0.1542
2.0000,-0.5468,-0.1433
2.0000,-0.5843,-0.1823
2.0000,-0.5709,-0.1706
2.0000,-0.5499,-0.1512
2.0000,-0.5875,-0.1904
2.0000,-0.5550,-0.1596
2.0000,-0.5562,-0.1625
2.0000,-0.5498,-0.1578
2.0000,-0.5950,-0.2046
2.0000,-0.5821,-0.1934
2.0000,-0.5842,-0.1972
2.0000,-0.5520,-0.1668
2.0000,-0.5965,-0.2130
2.0000,-0.5494,-0.1677
2.0000,-0.5702,-0.1903
2.0000,-0.5816,-0.2034
2.0000,-0.5588,-0.1824
2.0000,-0.5533,-0.1787
2.0000,-0.5446,-0.1718
2.0000,-0.5768,-0.2058
2.0000,-0.5726,-0.2035
2.0000,-0.6030,-0.2357
2.0000,-0.5826,-0.2171
2.0000,-0.5750,-0.2114
2.0000,-0.5838,-0.2221
2.0000,-0.5585,-0.1987
2.0000,-0.5603,-0.2024
2.0000,-0.5603,-0.2043
2.0000,-0.5824,-0.2284
2.0000,-0.5865,-0.2344
2.0000,-0.5445,-0.1943
2.0000,-0.5968,-0.2486
2.0000,-0.5931,-0.2469
2.0000,-0.6042,-0.2599
2.0000,-0.5752,-0.2329
2.0000,-0.5905,-0.2502
2.0000,-0.6014,-0.2631
2.0000,-0.5826,-0.2463
2.0000,-0.5995,-0.2654
2.0000,-0.5509,-0.2188
2.0000,-0.5995,-0.2694
2.0000,-0.5579,-0.2299
2.0000,-0.5730,-0.2471
2.0000,-0.5772,-0.2534
2.0000,-0.5485,-0.2268
2.0000,-0.5645,-0.2449
2.0000,-0.5724,-0.2550
2.0000,-0.6077,-0.2924
2.0000,-0.5685,-0.2554
2.0000,-0.5526,-0.2417
2.0000,-0.5858,-0.2770
2.0000,-0.5595,-0.2529
2.0000,-0.5669,-0.2625
2.0000,-0.6069,-0.3048
2.0000,-0.5871,-0.2872
2.0000,-0.6090,-0.3113
2.0000,-0.5849,-0.2894
2.0000,-0.5917,-0.2985
2.0000,-0.5650,-0.2741
2.0000,-0.5998,-0.3112
2.0000,-0.5544,-0.2680
2.0000,-0.5966,-0.3125
2.0000,-0.5501,-0.2683
2.0000,-0.5643,-0.2849
2.0000,-0.5877,-0.3106
2.0000,-0.6059,-0.3311
2.0000,-0.5500,-0.2776
2.0000,-0.5890,-0.3190
2.0000,-0.6004,-0.3328
2.0000,-0.5840,-0.3187
2.0000,-0.6030,-0.3402
2.0000,-0.5713,-0.3109
2.0000,-0.5895,-0.3315
2.0000,-0.5861,-0.3306
2.0000,-0.5850,-0.3319
2.0000,-0.5769,-0.3263
2.0000,-0.5843,-0.3361
2.0000,-0.5978,-0.3521
2.0000,-0.5971,-0.3539
2.0000,-0.5801,-0.3394
2.0000,-0.5754,-0.3372
2.0000,-0.5452,-0.3095
2.0000,-0.5667,-0.3336
2.0000,-0.5557,-0.3251
2.0000,-0.6000,-0.3721
2.0000,-0.5586,-0.3332
2.0000,-0.5563,-0.3334
2.0000,-0.5744,-0.3542
2.0000,-0.5918,-0.3742
2.0000,-0.5687,-0.3536
2.0000,-0.5837,-0.3713
2.0000,-0.5805,-0.3707
2.0000,-0.5429,-0.3358
2.0000,-0.5854,-0.3810
2.0000,-0.5580,-0.3562
2.0000,-0.6036,-0.4045
2.0000,-0.5422,-0.3458
2.0000,-0.5602,-0.3664
2.0000,-0.5901,-0.3991
2.0000,-0.5721,-0.3838
2.0000,-0.6001,-0.4145
2.0000,-0.5919,-0.4091
2.0000,-0.5742,-0.3941
2.0000,-0.5945,-0.4172
2.0000,-0.5568,-0.3822
2.0000,-0.5506,-0.3788
2.0000,-0.5882,-0.4192
2.0000,-0.5757,-0.4095
2.0000,-0.5950,-0.4317
2.0000,-0.5930,-0.4324
2.0000,-0.5712,-0.4135
2.0000,-0.5766,-0.4217
2.0000,-0.5465,-0.3945
2.0000,-0.5606,-0.4115
2.0000,-0.5491,-0.4028
2.0000,-0.5463,-0.4029
2.0000,-0.5476,-0.4071
2.0000,-0.5553,-0.4177
2.0000,-0.5361,-0.4014
2.0000,-0.5524,-0.4206
2.0000,-0.5787,-0.4499
2.0000,-0.5506,-0.4248
2.0000,-0.5864,-0.4635
2.0000,-0.5527,-0.4327
2.0000,-0.5850,-0.4681
2.0000,-0.5576,-0.4436
2.0000,-0.5814,-0.4704
2.0000,-0.5568,-0.4489
2.0000,-0.5520,-0.4470
2.0000,-0.5634,-0.4615
2.0000,-0.5742,-0.4754
2.0000,-0.5400,-0.4442
2.0000,-0.5773,-0.4846
2.0000,-0.5423,-0.4526
2.0000,-0.5439,-0.4573
2.0000,-0.5668,-0.4832
2.0000,-0.5767,-0.4963
2.0000,-0.5236,-0.4462
2.0000,-0.5494,-0.4752
2.0000,-0.5633,-0.4922
2.0000,-0.5324,-0.4644
2.0000,-0.5560,-0.4912
2.0000,-0.5187,-0.4570
2.0000,-0.5711,-0.5126
2.0000,-0.5137,-0.4584
2.0000,-0.5398,-0.4876
2.0000,-0.5360,-0.4870
2.0000,-0.5655,-0.5197
2.0000,-0.5729,-0.5304
2.0000,-0.5200,-0.4807
2.0000,-0.5585,-0.5224
2.0000,-0.5186,-0.4857
2.0000,-0.5671,-0.5375
2.0000,-0.5686,-0.5422
2.0000,-0.5453,-0.5222
2.0000,-0.5096,-0.4897
2.0000,-0.5111,-0.4945
2.0000,-0.5561,-0.5428
2.0000,-0.5088,-0.4989
2.0000,-0.5068,-0.5001
2.0000,-0.5164,-0.5131
2.0000,-0.5375,-0.5375
2.0000,-0.5128,-0.5161
2.0000,-0.5101,-0.5168
2.0000,-0.5127,-0.5227
2.0000,-0.5499,-0.5633
2.0000,-0.5513,-0.5680
2.0000,-0.5306,-0.5508
2.0000,-0.5134,-0.5369
2.0000,-0.5176,-0.5445
2.0000,-0.5495,-0.5798
2.0000,-0.5196,-0.5534
2.0000,-0.5468,-0.5840
2.0000,-0.5136,-0.5542
2.0000,-0.5231,-0.5672
2.0000,-0.5076,-0.5551
2.0000,-0.5328,-0.5838
2.0000,-0.4966,-0.5510
2.0000,-0.5329,-0.5908
2.0000,-0.5127,-0.5741
2.0000,-0.5338,-0.5987
2.0000,-0.5404,-0.6088
2.0000,-0.5215,-0.5934
2.0000,-0.5181,-0.5935
2.0000,-0.4948,-0.5737
2.0000,-0.4793,-0.5617
2.0000,-0.5047,-0.5907
2.0000,-0.4840,-0.5736
2.0000,-0.5022,-0.5953
2.0000,-0.4679,-0.5646
2.0000,-0.5011,-0.6014
2.0000,-0.5214,-0.6252
2.0000,-0.5247,-0.6321
2.0000,-0.4856,-0.5966
2.0000,-0.5213,-0.6359
2.0000,-0.4894,-0.6076
2.0000,-0.4929,-0.6147
2.0000,-0.5054,-0.6308
2.0000,-0.4833,-0.6124
2.0000,-0.4800,-0.6127
2.0000,-0.4729,-0.6092
2.0000,-0.4641,-0.6041
2.0000,-0.4668,-0.6104
2.0000,-0.4984,-0.6458
2.0000,-0.4732,-0.6243
2.0000,-0.5049,-0.6596
2.0000,-0.4964,-0.6548
2.0000,-0.4721,-0.6342
2.0000,-0.4953,-0.6611
2.0000,-0.4738,-0.6433
2.0000,-0.4680,-0.6412
2.0000,-0.4945,-0.6715
2.0000,-0.4815,-0.6622
2.0000,-0.4909,-0.6754
2.0000,-0.4623,-0.6505
2.0000,-0.4923,-0.6843
2.0000,-0.4916,-0.6873
2.0000,-0.4531,-0.6526
2.0000,-0.4696,-0.6729
2.0000,-0.4372,-0.6442
2.0000,-0.4763,-0.6872
2.0000,-0.4735,-0.6882
2.0000,-0.4339,-0.6523
2.0000,-0.4469,-0.6691
2.0000,-0.4460,-0.6721
2.0000,-0.4280,-0.6579
2.0000,-0.4611,-0.6948
2.0000,-0.4473,-0.6848
2.0000,-0.4550,-0.6964
2.0000,-0.4734,-0.7187
2.0000,-0.4675,-0.7166
2.0000,-0.4086,-0.6616
2.0000,-0.4426,-0.6994
2.0000,-0.4193,-0.6800
2.0000,-0.4080,-0.6726
2.0000,-0.4361,-0.7046
2.0000,-0.4245,-0.6968
2.0000,-0.4296,-0.7058
2.0000,-0.4410,-0.7212
2.0000,-0.4562,-0.7402
2.0000,-0.4042,-0.6922
2.0000,-0.4243,-0.7162
2.0000,-0.4437,-0.7396
2.0000,-0.4305,-0.7303
2.0000,-0.4147,-0.7185
2.0000,-0.3907,-0.6983
2.0000,-0.3933,-0.7049
2.0000,-0.4290,-0.7445
2.0000,-0.4259,-0.7454
2.0000,-0.4069,-0.7304
2.0000,-0.3991,-0.7266
2.0000,-0.3854,-0.7168
2.0000,-0.3725,-0.7079
2.0000,-0.4256,-0.7650
2.0000,-0.3807,-0.7241
2.0000,-0.3985,-0.7459
2.0000,-0.4261,-0.7774
2.0000,-0.3618,-0.7172
2.0000,-0.4176,-0.7770
2.0000,-0.3759,-0.7393
2.0000,-0.3619,-0.7293
2.0000,-0.4151,-0.7866
2.0000,-0.3941,-0.7696
2.0000,-0.3724,-0.7519
2.0000,-0.3938,-0.7774
2.0000,-0.4036,-0.7912
2.0000,-0.3778,-0.7694
2.0000,-0.3690,-0.7647
2.0000,-0.3851,-0.7849
2.0000,-0.3935,-0.7974
2.0000,-0.3625,-0.7704
2.0000,-0.3374,-0.7494
2.0000,-0.3389,-0.7550
2.0000,-0.3729,-0.7931
2.0000,-0.3435,-0.7677
2.0000,-0.3526,-0.7809
2.0000,-0.3792,-0.8116
2.0000,-0.3821,-0.8186
2.0000,-0.3730,-0.8136
2.0000,-0.3805,-0.8252
2.0000,-0.3338,-0.7826
2.0000,-0.3553,-0.8082
2.0000,-0.3534,-0.8105
2.0000,-0.3230,-0.7842
2.0000,-0.3704,-0.8357
2.0000,-0.3288,-0.7982
2.0000,-0.3176,-0.7912
2.0000,-0.3072,-0.7849
2.0000,-0.3553,-0.8372
2.0000,-0.3253,-0.8112
2.0000,-0.3175,-0.8076
2.0000,-0.3001,-0.7943
2.0000,-0.3445,-0.8429
2.0000,-0.3064,-0.8090
2.0000,-0.3058,-0.8125
2.0000,-0.3321,-0.8430
2.0000,-0.3203,-0.8353
2.0000,-0.3028,-0.8220
2.0000,-0.3093,-0.8327
2.0000,-0.3051,-0.8326
2.0000,-0.3115,-0.8433
2.0000,-0.3253,-0.8612
2.0000,-0.2933,-0.8334
2.0000,-0.3182,-0.8625
2.0000,-0.3100,-0.8585
2.0000,-0.2803,-0.8330
2.0000,-0.2781,-0.8350
2.0000,-0.2618,-0.8228
2.0000,-0.2805,-0.8457
2.0000,-0.2720,-0.8414
2.0000,-0.2540,-0.8276
2.0000,-0.2988,-0.8767
2.0000,-0.2782,-0.8603
2.0000,-0.2518,-0.8381
2.0000,-0.2960,-0.8864
2.0000,-0.2973,-0.8920
2.0000,-0.2440,-0.8428
2.0000,-0.2394,-0.8425
2.0000,-0.2724,-0.8797
2.0000,-0.2778,-0.8893
2.0000,-0.2593,-0.8750
2.0000,-0.2628,-0.8828
2.0000,-0.2652,-0.8894
2.0000,-0.2238,-0.8523
2.0000,-0.2393,-0.8720
2.0000,-0.2194,-0.8563
2.0000,-0.2294,-0.8705
2.0000,-0.2679,-0.9133
2.0000,-0.2049,-0.8545
2.0000,-0.2299,-0.8837
2.0000,-0.2510,-0.9090
2.0000,-0.2463,-0.9086
2.0000,-0.2439,-0.9105
2.0000,-0.2283,-0.8991
2.0000,-0.1901,-0.8651
2.0000,-0.2179,-0.8972
2.0000,-0.2315,-0.9150
2.0000,-0.1822,-0.8699
2.0000,-0.2300,-0.9220
2.0000,-0.1909,-0.8871
2.0000,-0.2129,-0.9134
2.0000,-0.2000,-0.9047
2.0000,-0.2246,-0.9336
2.0000,-0.2031,-0.9163
2.0000,-0.1667,-0.8842
2.0000,-0.2144,-0.9361
2.0000,-0.1729,-0.8988
2.0000,-0.1967,-0.9269
2.0000,-0.2156,-0.9500
2.0000,-0.2111,-0.9498
2.0000,-0.2012,-0.9442
2.0000,-0.1547,-0.9020
2.0000,-0.1838,-0.9352
2.0000,-0.1883,-0.9441
2.0000,-0.1737,-0.9337
2.0000,-0.1363,-0.9005
2.0000,-0.1459,-0.9144
2.0000,-0.1659,-0.9386
2.0000,-0.1351,-0.9120
2.0000,-0.1262,-0.9074
2.0000,-0.1635,-0.9489
2.0000,-0.1797,-0.9694
2.0000,-0.1177,-0.9116
2.0000,-0.1667,-0.9649
2.0000,-0.1441,-0.9465
2.0000,-0.1379,-0.9445
2.0000,-0.1658,-0.9767
2.0000,-0.1322,-0.9474
2.0000,-0.1091,-0.9285
2.0000,-0.1480,-0.9716
2.0000,-0.1133,-0.9412
2.0000,-0.0992,-0.9313
2.0000,-0.1304,-0.9667
2.0000,-0.0913,-0.9319
2.0000,-0.1060,-0.9508
2.0000,-0.1204,-0.9695
2.0000,-0.1121,-0.9654
2.0000,-0.1051,-0.9626
2.0000,-0.0799,-0.9416
2.0000,-0.1198,-0.9857
2.0000,-0.1198,-0.9900
2.0000,-0.0987,-0.9731
2.0000,-0.1023,-0.9809
2.0000,-0.0949,-0.9778
2.0000,-0.1106,-0.9976
2.0000,-0.0613,-0.9525
2.0000,-0.0530,-0.9485
2.0000,-0.0429,-0.9426
2.0000,-0.0862,-0.9901
2.0000,-0.0986,-1.0068
2.0000,-0.0463,-0.9586
2.0000,-0.0909,-1.0075
2.0000,-0.0785,-0.9992
2.0000,-0.0465,-0.9714
2.0000,-0.0455,-0.9746
2.0000,-0.0282,-0.9616
2.0000,-0.0636,-1.0011
2.0000,-0.0648,-1.0065
2.0000,-0.0380,-0.9839
2.0000,-0.0123,-0.9624
2.0000,-0.0366,-0.9909
2.0000,-0.0424,-1.0008
2.0000,-0.0549,-1.0175
2.0000,-0.0434,-1.0101
2.0000,-0.0246,-0.9956
2.0000,-0.0488,-1.0239
2.0000,0.0060,-0.9733
2.0000,-0.0430,-1.0264
2.0000,-0.0129,-1.0005
2.0000,0.0078,-0.9839
2.0000,0.0047,-0.9912
2.0000,0.0314,-0.9686
3.0000,0.0017,0.0027
3.0000,-0.0336,-0.0316
3.0000,0.0221,0.0251
3.0000,-0.0234,-0.0195
3.0000,0.0153,0.0202
3.0000,0.0223,0.0282
3.0000,-0.0310,-0.0241
3.0000,-0.0386,-0.0308
3.0000,-0.0287,-0.0200
3.0000,-0.0400,-0.0303
3.0000,-0.0395,-0.0289
3.0000,-0.0004,0.0112
3.0000,-0.0253,-0.0128
3.0000,-0.0437,-0.0303
3.0000,0.0080,0.0223
3.0000,-0.0090,0.0062
3.0000,-0.0233,-0.0073
3.0000,-0.0353,-0.0184
3.0000,0.0020,0.0198
3.0000,-0.0279,-0.0092
3.0000,-0.0124,0.0072
3.0000,0.0061,0.0265
3.0000,-0.0137,0.0075
3.0000,-0.0123,0.0099
3.0000,-0.0400,-0.0170
3.0000,-0.0458,-0.0220
3.0000,-0.0147,0.0099
3.0000,-0.0252,0.0002
3.0000,-0.0150,0.0112
3.0000,-0.0199,0.0071
3.0000,-0.0177,0.0102
3.0000,-0.0193,0.0093
3.0000,-0.0017,0.0277
3.0000,-0.0188,0.0114
3.0000,-0.0596,-0.0287
3.0000,-0.0123,0.0194
3.0000,-0.0406,-0.0082
3.0000,-0.0197,0.0135
3.0000,-0.0570,-0.0230
3.0000,-0.0626,-0.0280
3.0000,-0.0129,0.0225
3.0000,-0.0365,-0.0004
3.0000,-0.0335,0.0033
3.0000,-0.0211,0.0165
3.0000,-0.0459,-0.0077
3.0000,-0.0218,0.0171
3.0000,-0.0606,-0.0211
3.0000,-0.0252,0.0150
3.0000,-0.0572,-0.0163
3.0000,-0.0470,-0.0054
3.0000,-0.0544,-0.0122
3.0000,-0.0360,0.0068
3.0000,-0.0491,-0.0056
3.0000,-0.0225,0.0216
3.0000,-0.0546,-0.0099
3.0000,-0.0257,0.0196
3.0000,-0.0868,-0.0408
3.0000,-0.0544,-0.0079
3.0000,-0.0799,-0.0328
3.0000,-0.0308,0.0169
3.0000,-0.0659,-0.0177
3.0000,-0.0565,-0.0077
3.0000,-0.0543,-0.0049
3.0000,-0.0739,-0.0239
3.0000,-0.0586,-0.0081
3.0000,-0.0842,-0.0332
3.0000,-0.0423,0.0092
3.0000,-0.0811,-0.0291
3.0000,-0.0385,0.0140
3.0000,-0.0549,-0.0018
3.0000,-0.0711,-0.0176
3.0000,-0.0809,-0.0268
3.0000,-0.0746,-0.0201
3.0000,-0.0848,-0.0299
3.0000,-0.0644,-0.0089
3.0000,-0.1043,-0.0485
3.0000,-0.0633,-0.0070
3.0000,-0.1036,-0.0469
3.0000,-0.0842,-0.0270
3.0000,-0.0714,-0.0138
3.0000,-0.0720,-0.0140
3.0000,-0.0585,-0.0001
3.0000,-0.0755,-0.0167
3.0000,-0.0807,-0.0215
3.0000,-0.0826,-0.0230
3.0000,-0.0873,-0.0273
3.0000,-0.0710,-0.0107
3.0000,-0.0939,-0.0333
3.0000,-0.1172,-0.0562
3.0000,-0.0939,-0.0326
3.0000,-0.0947,-0.0331
3.0000,-0.0588,0.0032
3.0000,-0.1149,-0.0526
3.0000,-0.0643,-0.0017
3.0000,-0.0762,-0.0134
3.0000,-0.0759,-0.0128
3.0000,-0.0929,-0.0295
3.0000,-0.0837,-0.0201
3.0000,-0.1116,-0.0476
3.0000,-0.0740,-0.0098
3.0000,-0.0898,-0.0254
3.0000,-0.0863,-0.0216
3.0000,-0.1088,-0.0438
3.0000,-0.1047,-0.0396
3.0000,-0.0875,-0.0222
3.0000,-0.1128,-0.0473
3.0000,-0.0940,-0.0282
3.0000,-0.0820,-0.0161
3.0000,-0.0774,-0.0113
3.0000,-0.0936,-0.0273
3.0000,-0.1357,-0.0693
3.0000,-0.0846,-0.0181
3.0000,-0.1051,-0.0385
3.0000,-0.1135,-0.0467
3.0000,-0.0831,-0.0162
3.0000,-0.0987,-0.0317
3.0000,-0.1150,-0.0479
3.0000,-0.0930,-0.0258
3.0000,-0.1020,-0.0346
3.0000,-0.1024,-0.0350
3.0000,-0.1354,-0.0679
3.0000,-0.1314,-0.0639
3.0000,-0.0856,-0.0180
3.0000,-0.1251,-0.0575
3.0000,-0.1294,-0.0617
3.0000,-0.1120,-0.0444
3.0000,-0.1218,-0.0541
3.0000,-0.1111,-0.0434
3.0000,-0.0937,-0.0260
3.0000,-0.1446,-0.0769
3.0000,-0.1310,-0.0633
3.0000,-0.1299,-0.0623
3.0000,-0.1510,-0.0834
3.0000,-0.1426,-0.0750
3.0000,-0.1507,-0.0832
3.0000,-0.0965,-0.0290
3.0000,-0.1115,-0.0441
3.0000,-0.1302,-0.0629
3.0000,-0.1160,-0.0488
3.0000,-0.1330,-0.0659
3.0000,-0.1252,-0.0583
3.0000,-0.1461,-0.0792
3.0000,-0.1027,-0.0360
3.0000,-0.1048,-0.0382
3.0000,-0.1058,-0.0394
3.0000,-0.1014,-0.0351
3.0000,-0.1096,-0.0435
3.0000,-0.1596,-0.0936
3.0000,-0.1591,-0.0934
3.0000,-0.1543,-0.0887
3.0000,-0.1459,-0.0806
3.0000,-0.1284,-0.0632
3.0000,-0.1129,-0.0480
3.0000,-0.1462,-0.0815
3.0000,-0.1543,-0.0898
3.0000,-0.1511,-0.0869
3.0000,-0.1211,-0.0571
3.0000,-0.1633,-0.0996
3.0000,-0.1624,-0.0990
3.0000,-0.1253,-0.0622
3.0000,-0.1154,-0.0526
3.0000,-0.1291,-0.0665
3.0000,-0.1457,-0.0834
3.0000,-0.1242,-0.0623
3.0000,-0.1331,-0.0716
3.0000,-0.1639,-0.1026
3.0000,-0.1619,-0.1010
3.0000,-0.1388,-0.0783
3.0000,-0.1522,-0.0921
3.0000,-0.1184,-0.0586
3.0000,-0.1555,-0.0961
3.0000,-0.1484,-0.0893
3.0000,-0.1436,-0.0850
3.0000,-0.1523,-0.0941
3.0000,-0.1420,-0.0842
3.0000,-0.1295,-0.0721
3.0000,-0.1770,-0.1201
3.0000,-0.1657,-0.1093
3.0000,-0.1753,-0.1193
3.0000,-0.1338,-0.0783
3.0000,-0.1431,-0.0881
3.0000,-0.1349,-0.0803
3.0000,-0.1583,-0.1042
3.0000,-0.1542,-0.1006
3.0000,-0.1526,-0.0995
3.0000,-0.1630,-0.1105
3.0000,-0.1814,-0.1294
3.0000,-0.1436,-0.0922
3.0000,-0.1642,-0.1133
3.0000,-0.1382,-0.0879
3.0000,-0.1816,-0.1318
3.0000,-0.1724,-0.1232
3.0000,-0.1408,-0.0922
3.0000,-0.1391,-0.0911
3.0000,-0.1896,-0.1422
3.0000,-0.1416,-0.0948
3.0000,-0.1308,-0.0846
3.0000,-0.1382,-0.0926
3.0000,-0.1906,-0.1457
3.0000,-0.1506,-0.1064
3.0000,-0.1351,-0.0915
3.0000,-0.1934,-0.1505
3.0000,-0.1833,-0.1411
3.0000,-0.1510,-0.1095
3.0000,-0.1404,-0.0996
3.0000,-0.1710,-0.1308
3.0000,-0.1831,-0.1437
3.0000,-0.1454,-0.1067
3.0000,-0.1395,-0.1016
3.0000,-0.1683,-0.1311
3.0000,-0.1692,-0.1327
3.0000,-0.1592,-0.1235
3.0000,-0.1490,-0.1140
3.0000,-0.1732,-0.1390
3.0000,-0.1975,-0.1641
3.0000,-0.1899,-0.1573
3.0000,-0.1637,-0.1319
3.0000,-0.1414,-0.1105
3.0000,-0.1391,-0.1090
3.0000,-0.1534,-0.1241
3.0000,-0.1472,-0.1187
3.0000,-0.1749,-0.1473
3.0000,-0.1455,-0.1188
3.0000,-0.1631,-0.1373
3.0000,-0.1809,-0.1559
3.0000,-0.2012,-0.1771
3.0000,-0.2004,-0.1772
3.0000,-0.1587,-0.1364
3.0000,-0.1869,-0.1655
3.0000,-0.1531,-0.1327
3.0000,-0.1738,-0.1543
3.0000,-0.1615,-0.1430
3.0000,-0.1919,-0.1743
3.0000,-0.2035,-0.1869
3.0000,-0.1807,-0.1651
3.0000,-0.1934,-0.1787
3.0000,-0.1505,-0.1368
3.0000,-0.1488,-0.1361
3.0000,-0.1472,-0.1355
3.0000,-0.1793,-0.1687
3.0000,-0.1962,-0.1865
3.0000,-0.2070,-0.1984
3.0000,-0.1952,-0.1876
3.0000,-0.1477,-0.1412
3.0000,-0.1534,-0.1480
3.0000,-0.1957,-0.1913
3.0000,-0.1722,-0.1689
3.0000,-0.1937,-0.1915
3.0000,-0.1830,-0.1819
3.0000,-0.1720,-0.1720
3.0000,-0.1645,-0.1656
3.0000,-0.1693,-0.1715
3.0000,-0.1735,-0.1769
3.0000,-0.1956,-0.2001
3.0000,-0.2057,-0.2114
3.0000,-0.2077,-0.2145
3.0000,-0.1982,-0.2062
3.0000,-0.1736,-0.1828
3.0000,-0.1541,-0.1645
3.0000,-0.1803,-0.1919
3.0000,-0.1643,-0.1770
3.0000,-0.2099,-0.2238
3.0000,-0.2092,-0.2244
3.0000,-0.1551,-0.1715
3.0000,-0.1467,-0.1644
3.0000,-0.1712,-0.1901
3.0000,-0.1589,-0.1790
3.0000,-0.2071,-0.2286
3.0000,-0.1756,-0.1983
3.0000,-0.2090,-0.2329
3.0000,-0.1881,-0.2134
3.0000,-0.2028,-0.2294
3.0000,-0.1488,-0.1767
3.0000,-0.1478,-0.1770
3.0000,-0.1699,-0.2004
3.0000,-0.1865,-0.2183
3.0000,-0.2093,-0.2425
3.0000,-0.1529,-0.1875
3.0000,-0.1965,-0.2324
3.0000,-0.1837,-0.2209
3.0000,-0.1905,-0.2292
3.0000,-0.2097,-0.2497
3.0000,-0.1903,-0.2318
3.0000,-0.1995,-0.2423
3.0000,-0.1718,-0.2160
3.0000,-0.1531,-0.1988
3.0000,-0.1842,-0.2313
3.0000,-0.2009,-0.2494
3.0000,-0.1955,-0.2455
3.0000,-0.1882,-0.2396
3.0000,-0.1922,-0.2450
3.0000,-0.1570,-0.2113
3.0000,-0.1873,-0.2432
3.0000,-0.1518,-0.2091
3.0000,-0.2066,-0.2653
3.0000,-0.1629,-0.2232
3.0000,-0.1668,-0.2285
3.0000,-0.1806,-0.2439
3.0000,-0.1806,-0.2454
3.0000,-0.1802,-0.2466
3.0000,-0.1824,-0.2503
3.0000,-0.2075,-0.2770
3.0000,-0.1875,-0.2585
3.0000,-0.1488,-0.2214
3.0000,-0.1654,-0.2395
3.0000,-0.1915,-0.2673
3.0000,-0.1518,-0.2291
3.0000,-0.2048,-0.2837
3.0000,-0.1789,-0.2595
3.0000,-0.1869,-0.2691
3.0000,-0.1583,-0.2421
3.0000,-0.1811,-0.2665
3.0000,-0.1752,-0.2622
3.0000,-0.1882,-0.2768
3.0000,-0.1865,-0.2769
3.0000,-0.1669,-0.2589
3.0000,-0.1857,-0.2794
3.0000,-0.1821,-0.2774
3.0000,-0.1979,-0.2949
3.0000,-0.1761,-0.2748
3.0000,-0.1435,-0.2439
3.0000,-0.1863,-0.2884
3.0000,-0.1485,-0.2524
3.0000,-0.1974,-0.3030
3.0000,-0.1416,-0.2489
3.0000,-0.1433,-0.2524
3.0000,-0.1485,-0.2592
3.0000,-0.1539,-0.2664
3.0000,-0.1689,-0.2832
3.0000,-0.1911,-0.3072
3.0000,-0.1594,-0.2773
3.0000,-0.1520,-0.2716
3.0000,-0.1559,-0.2773
3.0000,-0.1967,-0.3199
3.0000,-0.1527,-0.2777
3.0000,-0.1517,-0.2785
3.0000,-0.1599,-0.2886
3.0000,-0.1644,-0.2949
3.0000,-0.1661,-0.2984
3.0000,-0.1334,-0.2676
3.0000,-0.1515,-0.2875
3.0000,-0.1486,-0.2865
3.0000,-0.1892,-0.3289
3.0000,-0.1851,-0.3267
3.0000,-0.1776,-0.3211
3.0000,-0.1734,-0.3188
3.0000,-0.1436,-0.2908
3.0000,-0.1411,-0.2902
3.0000,-0.1895,-0.3405
3.0000,-0.1460,-0.2990
3.0000,-0.1769,-0.3318
3.0000,-0.1838,-0.3406
3.0000,-0.1263,-0.2851
3.0000,-0.1750,-0.3357
3.0000,-0.1716,-0.3342
3.0000,-0.1693,-0.3339
3.0000,-0.1713,-0.3378
3.0000,-0.1356,-0.3041
3.0000,-0.1729,-0.3434
3.0000,-0.1749,-0.3474
3.0000,-0.1297,-0.3042
3.0000,-0.1492,-0.3256
3.0000,-0.1816,-0.3600
3.0000,-0.1774,-0.3578
3.0000,-0.1388,-0.3213
3.0000,-0.1676,-0.3521
3.0000,-0.1412,-0.3277
3.0000,-0.1474,-0.3360
3.0000,-0.1505,-0.3411
3.0000,-0.1610,-0.3536
3.0000,-0.1438,-0.3384
3.0000,-0.1248,-0.3215
3.0000,-0.1622,-0.3610
3.0000,-0.1243,-0.3252
3.0000,-0.1205,-0.3234
3.0000,-0.1128,-0.3179
3.0000,-0.1597,-0.3668
3.0000,-0.1432,-0.3525
3.0000,-0.1195,-0.3308
3.0000,-0.1684,-0.3818
3.0000,-0.1405,-0.3560
3.0000,-0.1538,-0.3714
3.0000,-0.1310,-0.3508
3.0000,-0.1052,-0.3272
3.0000,-0.1622,-0.3863
3.0000,-0.1375,-0.3637
3.0000,-0.1282,-0.3566
3.0000,-0.1215,-0.3520
3.0000,-0.1081,-0.3407
3.0000,-0.1055,-0.3404
3.0000,-0.1345,-0.3715
3.0000,-0.0988,-0.3380
3.0000,-0.1528,-0.3942
3.0000,-0.1408,-0.3844
3.0000,-0.1109,-0.3566
3.0000,-0.1167,-0.3646
3.0000,-0.1285,-0.3787
3.0000,-0.0994,-0.3518
3.0000,-0.1158,-0.3704
3.0000,-0.1539,-0.4107
3.0000,-0.1410,-0.4001
3.0000,-0.1241,-0.3854
3.0000,-0.1230,-0.3865
3.0000,-0.0974,-0.3632
3.0000,-0.1125,-0.3806
3.0000,-0.0978,-0.3681
3.0000,-0.1198,-0.3923
3.0000,-0.1134,-0.3882
3.0000,-0.0924,-0.3695
3.0000,-0.0991,-0.3785
3.0000,-0.1443,-0.4259
3.0000,-0.1172,-0.4011
3.0000,-0.1255,-0.4117
3.0000,-0.1215,-0.4100
3.0000,-0.1031,-0.3939
3.0000,-0.0969,-0.3899
3.0000,-0.1358,-0.4312
3.0000,-0.1230,-0.4207
3.0000,-0.1202,-0.4202
3.0000,-0.0843,-0.3867
3.0000,-0.1318,-0.4365
3.0000,-0.1300,-0.4370
3.0000,-0.0965,-0.4058
3.0000,-0.0975,-0.4092
3.0000,-0.0944,-0.4084
3.0000,-0.1070,-0.4234
3.0000,-0.0886,-0.4073
3.0000,-0.1009,-0.4220
3.0000,-0.1036,-0.4271
3.0000,-0.0983,-0.4241
3.0000,-0.1244,-0.4526
3.0000,-0.1210,-0.4515
3.0000,-0.1179,-0.4509
3.0000,-0.1125,-0.4478
3.0000,-0.0977,-0.4354
3.0000,-0.0907,-0.4308
3.0000,-0.0861,-0.4287
3.0000,-0.0985,-0.4435
3.0000,-0.0595,-0.4068
3.0000,-0.0986,-0.4484
3.0000,-0.1115,-0.4637
3.0000,-0.1104,-0.4650
3.0000,-0.0640,-0.4210
3.0000,-0.0942,-0.4536
3.0000,-0.0449,-0.4068
3.0000,-0.0549,-0.4192
3.0000,-0.0699,-0.4366
3.0000,-0.0839,-0.4531
3.0000,-0.0667,-0.4383
3.0000,-0.0860,-0.4601
3.0000,-0.0968,-0.4733
3.0000,-0.0733,-0.4523
3.0000,-0.0732,-0.4546
3.0000,-0.0696,-0.4535
3.0000,-0.0380,-0.4243
3.0000,-0.0394,-0.4282
3.0000,-0.0688,-0.4601
3.0000,-0.0377,-0.4315
3.0000,-0.0337,-0.4299
3.0000,-0.0706,-0.4693
3.0000,-0.0494,-0.4506
3.0000,-0.0752,-0.4789
3.0000,-0.0444,-0.4506
3.0000,-0.0255,-0.4341
3.0000,-0.0288,-0.4400
3.0000,-0.0382,-0.4518
3.0000,-0.0449,-0.4611
3.0000,-0.0191,-0.4378
3.0000,-0.0597,-0.4809
3.0000,-0.0246,-0.4482
3.0000,-0.0401,-0.4663
3.0000,-0.0257,-0.4544
3.0000,-0.0491,-0.4804
3.0000,-0.0141,-0.4478
3.0000,-0.0549,-0.4911
3.0000,-0.0213,-0.4601
3.0000,-0.0590,-0.5003
3.0000,-0.0474,-0.4912
3.0000,-0.0477,-0.4940
3.0000,-0.0364,-0.4853
3.0000,-0.0140,-0.4655
3.0000,0.0028,-0.4511
3.0000,-0.0291,-0.4856
3.0000,-0.0504,-0.5095
3.0000,-0.0061,-0.4677
3.0000,-0.0462,-0.5104
3.0000,-0.0216,-0.4883
3.0000,-0.0018,-0.4710
3.0000,-0.0008,-0.4726
3.0000,-0.0102,-0.4846
3.0000,0.0106,-0.4663
3.0000,0.0182,-0.4613
3.0000,0.0138,-0.4682
3.0000,-0.0371,-0.5217
3.0000,-0.0089,-0.4961
3.0000,-0.0011,-0.4908
3.0000,-0.0158,-0.5081
3.0000,0.0239,-0.4710
3.0000,-0.0091,-0.5066
3.0000,-0.0262,-0.5262
3.0000,-0.0196,-0.5222
3.0000,0.0037,-0.5015
3.0000,0.0215,-0.4862
3.0000,-0.0201,-0.5304
3.0000,0.0373,-0.4755
3.0000,0.0219,-0.4936
3.0000,0.0002,-0.5178
3.0000,-0.0161,-0.5367
3.0000,0.0247,-0.4985
3.0000,0.0226,-0.5031
3.0000,-0.0098,-0.5382
3.0000,0.0096,-0.5213
3.0000,0.0519,-0.4816
3.0000,0.0513,-0.4848
3.0000,0.0006,-0.5381
3.0000,0.0258,-0.5155
3.0000,0.0537,-0.4901
3.0000,0.0359,-0.5106
3.0000,0.0233,-0.5258
3.0000,0.0184,-0.5332
3.0000,0.0146,-0.5397
3.0000,0.0466,-0.5102
3.0000,0.0691,-0.4903
3.0000,0.0164,-0.5456
3.0000,0.0328,-0.5318
3.0000,0.0464,-0.5208
3.0000,0.0745,-0.4953
3.0000,0.0408,-0.5315
3.0000,0.0255,-0.5495
3.0000,0.0631,-0.5144
3.0000,0.0780,-0.5021
3.0000,0.0264,-0.5563
3.0000,0.0755,-0.5098
3.0000,0.0460,-0.5419
3.0000,0.0627,-0.5277
3.0000,0.0673,-0.5258
3.0000,0.0560,-0.5397
3.0000,0.0551,-0.5431
3.0000,0.0872,-0.5136
3.0000,0.0427,-0.5608
3.0000,0.0520,-0.5540
3.0000,0.0634,-0.5452
3.0000,0.0584,-0.5528
3.0000,0.0718,-0.5419
3.0000,0.0878,-0.5286
3.0000,0.0539,-0.5651
3.0000,0.1064,-0.5151
3.0000,0.0812,-0.5429
3.0000,0.0631,-0.5636
3.0000,0.0816,-0.5477
3.0000,0.0951,-0.5367
3.0000,0.1186,-0.5158
3.0000,0.0976,-0.5394
3.0000,0.1061,-0.5335
3.0000,0.1047,-0.5374
3.0000,0.1065,-0.5382
3.0000,0.0959,-0.5514
3.0000,0.0826,-0.5673
3.0000,0.0885,-0.5639
3.0000,0.0758,-0.5793
3.0000,0.1098,-0.5478
3.0000,0.0968,-0.5634
3.0000,0.1128,-0.5499
3.0000,0.1101,-0.5552
3.0000,0.1181,-0.5498
3.0000,0.1118,-0.5585
3.0000,0.1441,-0.5289
3.0000,0.1077,-0.5678
3.0000,0.1479,-0.5302
3.0000,0.1200,-0.5606
3.0000,0.1061,-0.5771
3.0000,0.1259,-0.5598
3.0000,0.1295,-0.5587
3.0000,0.1141,-0.5767
3.0000,0.1215,-0.5719
3.0000,0.1264,-0.5694
3.0000,0.1350,-0.5634
3.0000,0.1182,-0.5827
3.0000,0.1385,-0.5650
3.0000,0.1714,-0.5347
3.0000,0.1347,-0.5738
3.0000,0.1671,-0.5439
3.0000,0.1334,-0.5802
3.0000,0.1385,-0.5776
3.0000,0.1625,-0.5562
3.0000,0.1493,-0.5718
3.0000,0.1389,-0.5848
3.0000,0.1581,-0.5680
3.0000,0.1878,-0.5408
3.0000,0.1429,-0.5883
3.0000,0.1487,-0.5850
3.0000,0.1778,-0.5583
3.0000,0.1446,-0.5941
3.0000,0.1993,-0.5419
3.0000,0.1967,-0.5470
3.0000,0.1501,-0.5960
3.0000,0.1939,-0.5547
3.0000,0.2122,-0.5389
3.0000,0.1654,-0.5882
3.0000,0.1818,-0.5742
3.0000,0.2062,-0.5523
3.0000,0.2124,-0.5486
3.0000,0.2081,-0.5553
3.0000,0.1661,-0.5998
3.0000,0.1763,-0.5921
3.0000,0.1939,-0.5769
3.0000,0.1785,-0.5948
3.0000,0.2046,-0.5711
3.0000,0.2290,-0.5491
3.0000,0.1771,-0.6034
3.0000,0.2011,-0.5819
3.0000,0.1834,-0.6020
3.0000,0.1932,-0.5946
3.0000,0.1918,-0.5985
3.0000,0.2005,-0.5922
3.0000,0.2471,-0.5480
3.0000,0.2192,-0.5783
3.0000,0.2480,-0.5519
3.0000,0.2415,-0.5608
3.0000,0.2326,-0.5721
3.0000,0.2159,-0.5912
3.0000,0.2196,-0.5899
3.0000,0.2160,-0.5958
3.0000,0.2084,-0.6058
3.0000,0.2709,-0.5457
3.0000,0.2522,-0.5668
3.0000,0.2521,-0.5692
3.0000,0.2365,-0.5871
3.0000,0.2545,-0.5715
3.0000,0.2692,-0.5592
3.0000,0.2796,-0.5512
3.0000,0.2842,-0.5489
3.0000,0.2289,-0.6065
3.0000,0.2695,-0.5682
3.0000,0.2890,-0.5511
3.0000,0.2745,-0.5679
3.0000,0.2517,-0.5930
3.0000,0.2694,-0.5776
3.0000,0.2880,-0.5613
3.0000,0.2883,-0.5633
3.0000,0.2548,-0.5991
3.0000,0.2506,-0.6056
3.0000,0.2718,-0.5867
3.0000,0.2852,-0.5755
3.0000,0.3068,-0.5562
3.0000,0.2854,-0.5799
3.0000,0.2798,-0.5877
3.0000,0.3101,-0.5597
3.0000,0.2691,-0.6029
3.0000,0.3220,-0.5523
3.0000,0.2955,-0.5810
3.0000,0.2788,-0.5999
3.0000,0.3133,-0.5676
3.0000,0.2955,-0.5877
3.0000,0.2846,-0.6008
3.0000,0.2800,-0.6076
3.0000,0.3282,-0.5616
3.0000,0.2916,-0.6003
3.0000,0.2884,-0.6057
3.0000,0.3378,-0.5586
3.0000,0.3453,-0.5532
3.0000,0.3477,-0.5530
3.0000,0.3212,-0.5816
3.0000,0.3161,-0.5889
3.0000,0.3543,-0.5529
3.0000,0.3182,-0.5911
3.0000,0.3441,-0.5673
3.0000,0.3116,-0.6019
3.0000,0.3649,-0.5508
3.0000,0.3256,-0.5921
3.0000,0.3440,-0.5759
3.0000,0.3569,-0.5651
3.0000,0.3258,-0.5983
3.0000,0.3388,-0.5873
3.0000,0.3660,-0.5622
3.0000,0.3397,-0.5906
3.0000,0.3382,-0.5941
3.0000,0.3528,-0.5816
3.0000,0.3305,-0.6060
3.0000,0.3824,-0.5561
3.0000,0.3524,-0.5882
3.0000,0.3754,-0.5672
3.0000,0.3617,-0.5829
3.0000,0.3728,-0.5738
3.0000,0.3628,-0.5858
3.0000,0.3671,-0.5835
3.0000,0.4089,-0.5437
3.0000,0.3924,-0.5622
3.0000,0.3797,-0.5768
3.0000,0.4119,-0.5466
3.0000,0.3818,-0.5787
3.0000,0.3953,-0.5671
3.0000,0.3710,-0.5934
3.0000,0.4118,-0.5545
3.0000,0.3811,-0.5871
3.0000,0.4214,-0.5487
3.0000,0.4181,-0.5540
3.0000,0.4136,-0.5603
3.0000,0.4089,-0.5670
3.0000,0.3963,-0.5814
3.0000,0.4309,-0.5487
3.0000,0.4039,-0.5776
3.0000,0.4237,-0.5597
3.0000,0.4089,-0.5763
3.0000,0.4379,-0.5491
3.0000,0.4287,-0.5602
3.0000,0.4261,-0.5646
3.0000,0.4129,-0.5797
3.0000,0.4408,-0.5536
3.0000,0.4657,-0.5305
3.0000,0.4672,-0.5308
3.0000,0.4207,-0.5790
3.0000,0.4448,-0.5567
3.0000,0.4763,-0.5270
3.0000,0.4741,-0.5310
3.0000,0.4234,-0.5834
3.0000,0.4438,-0.5647
3.0000,0.4296,-0.5807
3.0000,0.4248,-0.5872
3.0000,0.4399,-0.5738
3.0000,0.4551,-0.5604
3.0000,0.4839,-0.5332
3.0000,0.4801,-0.5387
3.0000,0.4528,-0.5677
3.0000,0.4754,-0.5468
3.0000,0.5032,-0.5206
3.0000,0.4720,-0.5534
3.0000,0.4523,-0.5748
3.0000,0.5045,-0.5242
3.0000,0.4619,-0.5685
3.0000,0.4973,-0.5347
3.0000,0.4888,-0.5448
3.0000,0.5020,-0.5332
3.0000,0.4634,-0.5733
3.0000,0.5005,-0.5378
3.0000,0.4811,-0.5588
3.0000,0.5174,-0.5240
3.0000,0.5017,-0.5413
3.0000,0.5323,-0.5121
3.0000,0.5120,-0.5340
3.0000,0.5085,-0.5390
3.0000,0.5311,-0.5180
3.0000,0.5383,-0.5122
3.0000,0.5466,-0.5054
3.0000,0.5234,-0.5301
3.0000,0.4931,-0.5618
3.0000,0.5220,-0.5343
3.0000,0.5258,-0.5320
3.0000,0.5082,-0.5511
3.0000,0.5079,-0.5528
3.0000,0.5289,-0.5332
3.0000,0.5449,-0.5186
3.0000,0.5477,-0.5172
3.0000,0.5438,-0.5224
3.0000,0.5191,-0.5485
3.0000,0.5404,-0.5286
3.0000,0.5426,-0.5277
3.0000,0.5809,-0.4907
3.0000,0.5591,-0.5138
3.0000,0.5549,-0.5193
3.0000,0.5588,-0.5167
3.0000,0.5609,-0.5160
3.0000,0.5491,-0.5290
3.0000,0.5503,-0.5291
3.0000,0.5465,-0.5342
3.0000,0.5511,-0.5308
3.0000,0.5487,-0.5345
3.0000,0.5488,-0.5356
3.0000,0.5807,-0.5049
3.0000,0.5969,-0.4899
3.0000,0.6026,-0.4854
3.0000,0.5737,-0.5155
3.0000,0.5905,-0.4999
3.0000,0.5711,-0.5204
3.0000,0.5866,-0.5061
3.0000,0.6149,-0.4789
3.0000,0.5770,-0.5179
3.0000,0.6135,-0.4825
3.0000,0.5978,-0.4993
3.0000,0.6189,-0.4793
3.0000,0.5972,-0.5020
3.0000,0.6371,-0.4632
3.0000,0.5862,-0.5152
3.0000,0.5890,-0.5134
3.0000,0.6060,-0.4975
3.0000,0.6020,-0.5025
3.0000,0.6264,-0.4791
3.0000,0.6195,-0.4869
3.0000,0.6372,-0.4702
3.0000,0.6346,-0.4738
3.0000,0.5998,-0.5096
3.0000,0.6599,-0.4505
3.0000,0.6286,-0.4827
3.0000,0.6333,-0.4789
3.0000,0.6653,-0.4478
3.0000,0.6314,-0.4826
3.0000,0.6108,-0.5041
3.0000,0.6417,-0.4740
3.0000,0.6179,-0.4987
3.0000,0.6537,-0.4637
3.0000,0.6641,-0.4541
3.0000,0.6619,-0.4572
3.0000,0.6688,-0.4511
3.0000,0.6642,-0.4565
3.0000,0.6516,-0.4699
3.0000,0.6745,-0.4477
3.0000,0.6376,-0.4855
3.0000,0.6702,-0.4536
3.0000,0.6439,-0.4806
3.0000,0.6852,-0.4400
3.0000,0.6556,-0.4703
3.0000,0.6880,-0.4386
3.0000,0.6685,-0.4588
3.0000,0.6859,-0.4421
3.0000,0.6589,-0.4697
3.0000,0.7101,-0.4192
3.0000,0.7015,-0.4284
3.0000,0.6656,-0.4649
3.0000,0.7065,-0.4246
3.0000,0.6762,-0.4555
3.0000,0.6899,-0.4424
3.0000,0.6952,-0.4377
3.0000,0.6702,-0.4633
3.0000,0.7010,-0.4329
3.0000,0.6749,-0.4596
3.0000,0.6914,-0.4436
3.0000,0.6948,-0.4407
3.0000,0.6782,-0.4578
3.0000,0.7008,-0.4356
3.0000,0.7014,-0.4355
3.0000,0.7287,-0.4087
3.0000,0.7367,-0.4011
3.0000,0.7505,-0.3878
3.0000,0.7110,-0.4276
3.0000,0.7531,-0.3859
3.0000,0.7531,-0.3863
3.0000,0.7538,-0.3860
3.0000,0.7069,-0.4333
3.0000,0.7523,-0.3882
3.0000,0.7548,-0.3859
3.0000,0.7170,-0.4241
3.0000,0.7690,-0.3723
3.0000,0.7316,-0.4101
3.0000,0.7750,-0.3670
3.0000,0.7715,-0.3707
3.0000,0.7203,-0.4222
3.0000,0.7278,-0.4149
3.0000,0.7350,-0.4079
3.0000,0.7382,-0.4048
3.0000,0.7436,-0.3997
3.0000,0.7615,-0.3819
3.0000,0.7713,-0.3722
3.0000,0.7889,-0.3548
3.0000,0.7446,-0.3992
3.0000,0.7791,-0.3648
3.0000,0.7951,-0.3489
3.0000,0.7609,-0.3832
3.0000,0.7906,-0.3536
3.0000,0.7816,-0.3627
3.0000,0.8096,-0.3348
3.0000,0.7882,-0.3561
3.0000,0.8089,-0.3355
3.0000,0.8014,-0.3429
3.0000,0.7895,-0.3548
3.0000,0.7816,-0.3627
3.0000,0.7599,-0.3844
3.0000,0.7906,-0.3537
3.0000,0.7953,-0.3489
3.0000,0.8261,-0.3179
3.0000,0.8234,-0.3206
3.0000,0.8106,-0.3333
3.0000,0.7919,-0.3519
3.0000,0.7915,-0.3521
3.0000,0.8325,-0.3109
3.0000,0.8351,-0.3082
3.0000,0.8104,-0.3326
3.0000,0.8277,-0.3152
3.0000,0.7908,-0.3518
3.0000,0.8082,-0.3342
3.0000,0.8356,-0.3066
3.0000,0.8128,-0.3291
3.0000,0.8089,-0.3328
3.0000,0.7981,-0.3433
3.0000,0.8449,-0.2961
3.0000,0.8449,-0.2958
3.0000,0.8332,-0.3071
3.0000,0.8620,-0.2781
3.0000,0.8422,-0.2975
3.0000,0.8668,-0.2725
3.0000,0.8080,-0.3308
3.0000,0.8138,-0.3247
3.0000,0.8648,-0.2733
3.0000,0.8301,-0.3075
3.0000,0.8309,-0.3062
3.0000,0.8283,-0.3084
3.0000,0.8332,-0.3030
3.0000,0.8343,-0.3014
3.0000,0.8260,-0.3091
3.0000,0.8573,-0.2773
3.0000,0.8868,-0.2472
3.0000,0.8676,-0.2659
3.0000,0.8468,-0.2861
3.0000,0.8824,-0.2500
3.0000,0.8871,-0.2447
3.0000,0.8614,-0.2697
3.0000,0.8402,-0.2902
3.0000,0.8530,-0.2768
3.0000,0.8529,-0.2763
3.0000,0.8509,-0.2775
3.0000,0.8550,-0.2728
3.0000,0.8590,-0.2680
3.0000,0.9037,-0.2226
3.0000,0.8853,-0.2403
3.0000,0.8636,-0.2612
3.0000,0.9080,-0.2160
3.0000,0.9082,-0.2150
3.0000,0.8709,-0.2515
3.0000,0.8843,-0.2373
3.0000,0.8650,-0.2557
3.0000,0.9196,-0.2003
3.0000,0.8990,-0.2200
3.0000,0.9045,-0.2136
3.0000,0.9109,-0.2063
3.0000,0.8883,-0.2280
3.0000,0.8802,-0.2352
3.0000,0.9296,-0.1848
3.0000,0.9215,-0.1919
3.0000,0.9216,-0.1909
3.0000,0.8827,-0.2288
3.0000,0.8785,-0.2320
3.0000,0.9373,-0.1722
3.0000,0.9064,-0.2020
3.0000,0.9148,-0.1925
3.0000,0.9101,-0.1962
3.0000,0.9432,-0.1620
3.0000,0.9044,-0.1997
3.0000,0.9346,-0.1683
3.0000,0.9170,-0.1849
3.0000,0.9526,-0.1480
3.0000,0.9141,-0.1854
3.0000,0.9188,-0.1795
3.0000,0.9527,-0.1444
3.0000,0.9041,-0.1918
3.0000,0.8979,-0.1968
3.0000,0.9054,-0.1880
3.0000,0.9438,-0.1483
3.0000,0.9390,-0.1519
3.0000,0.9199,-0.1697
3.0000,0.9341,-0.1541
3.0000,0.9336,-0.1533
3.0000,0.9414,-0.1442
3.0000,0.9636,-0.1206
3.0000,0.9145,-0.1684
3.0000,0.9341,-0.1473
3.0000,0.9356,-0.1445
3.0000,0.9434,-0.1352
3.0000,0.9632,-0.1140
3.0000,0.9438,-0.1319
3.0000,0.9213,-0.1530
3.0000,0.9559,-0.1168
3.0000,0.9538,-0.1174
3.0000,0.9577,-0.1120
3.0000,0.9301,-0.1381
3.0000,0.9696,-0.0971
3.0000,0.9519,-0.1132
3.0000,0.9553,-0.1081
3.0000,0.9621,-0.0998
3.0000,0.9437,-0.1165
3.0000,0.9683,-0.0904
3.0000,0.9897,-0.0672
3.0000,0.9956,-0.0597
3.0000,0.9606,-0.0930
3.0000,0.9925,-0.0594
3.0000,0.9933,-0.0569
3.0000,0.9898,-0.0587
3.0000,0.9510,-0.0958
3.0000,0.9861,-0.0588
3.0000,0.9786,-0.0646
3.0000,0.9769,-0.0645
3.0000,0.9730,-0.0666
3.0000,0.9829,-0.0548
3.0000,0.9766,-0.0594
3.0000,0.9520,-0.0821
3.0000,1.0027,-0.0295
3.0000,0.9766,-0.0537
3.0000,1.0072,-0.0212
3.0000,0.9559,-0.0706
3.0000,0.9569,-0.0676
3.0000,1.0054,-0.0172
3.0000,1.0074,-0.0132
3.0000,1.0175,-0.0012
3.0000,1.0113,-0.0054
3.0000,1.0232,0.0086
3.0000,1.0026,-0.0099
3.0000,0.9992,-0.0113
3.0000,1.0099,0.0015
3.0000,1.0276,0.0213
3.0000,1.0020,-0.0022
3.0000,0.9829,-0.0193
3.0000,0.9901,-0.0099
4.0000,0.0203,0.0193
4.0000,-0.0099,-0.0119
4.0000,-0.0237,-0.0268
4.0000,-0.0046,-0.0087
4.0000,-0.0262,-0.0312
4.0000,-0.0108,-0.0169
4.0000,-0.0194,-0.0265
4.0000,0.0301,0.0219
4.0000,-0.0111,-0.0203
4.0000,-0.0235,-0.0338
4.0000,0.0250,0.0136
4.0000,-0.0103,-0.0227
4.0000,-0.0086,-0.0221
4.0000,0.0161,0.0015
4.0000,0.0313,0.0156
4.0000,-0.0285,-0.0453
4.0000,-0.0172,-0.0350
4.0000,-0.0238,-0.0428
4.0000,0.0148,-0.0053
4.0000,-0.0283,-0.0495
4.0000,0.0145,-0.0079
4.0000,-0.0213,-0.0447
4.0000,0.0309,0.0063
4.0000,-0.0152,-0.0410
4.0000,-0.0200,-0.0469
4.0000,-0.0157,-0.0438
4.0000,0.0064,-0.0228
4.0000,-0.0201,-0.0505
4.0000,0.0003,-0.0312
4.0000,-0.0256,-0.0583
4.0000,0.0138,-0.0201
4.0000,0.0080,-0.0270
4.0000,-0.0261,-0.0623
4.0000,0.0029,-0.0346
4.0000,-0.0139,-0.0525
4.0000,0.0281,-0.0118
4.0000,0.0006,-0.0405
4.0000,0.0273,-0.0149
4.0000,0.0146,-0.0289
4.0000,-0.0255,-0.0702
4.0000,-0.0133,-0.0593
4.0000,0.0335,-0.0137
4.0000,-0.0018,-0.0502
4.0000,-0.0162,-0.0659
4.0000,0.0368,-0.0140
4.0000,-0.0242,-0.0763
4.0000,0.0083,-0.0451
4.0000,0.0048,-0.0499
4.0000,-0.0211,-0.0770
4.0000,-0.0071,-0.0643
4.0000,0.0103,-0.0482
4.0000,-0.0098,-0.0696
4.0000,0.0312,-0.0299
4.0000,0.0019,-0.0604
4.0000,-0.0201,-0.0837
4.0000,0.0318,-0.0331
4.0000,-0.0211,-0.0873
4.0000,0.0120,-0.0556
4.0000,0.0241,-0.0447
4.0000,0.0373,-0.0329
4.0000,-0.0137,-0.0852
4.0000,0.0068,-0.0660
4.0000,0.0136,-0.0605
4.0000,0.0094,-0.0660
4.0000,0.0066,-0.0702
4.0000,0.0055,-0.0727
4.0000,0.0065,-0.0730
4.0000,0.0020,-0.0789
4.0000,0.0373,-0.0449
4.0000,0.0092,-0.0744
4.0000,0.0138,-0.0711
4.0000,0.0028,-0.0835
4.0000,0.0436,-0.0441
4.0000,0.0333,-0.0557
4.0000,0.0167,-0.0737
4.0000,-0.0090,-0.1008
4.0000,0.0058,-0.0874
4.0000,0.0193,-0.0753
4.0000,-0.0013,-0.0973
4.0000,0.0484,-0.0490
4.0000,-0.0007,-0.0995
4.0000,0.0258,-0.0744
4.0000,0.0505,-0.0511
4.0000,-0.0039,-0.1069
4.0000,0.0246,-0.0798
4.0000,0.0280,-0.0778
4.0000,-0.0027,-0.1099
4.0000,0.0414,-0.0672
4.0000,0.0046,-0.1055
4.0000,0.0209,-0.0907
4.0000,0.0412,-0.0717
4.0000,0.0501,-0.0644
4.0000,0.0469,-0.0689
4.0000,0.0467,-0.0706
4.0000,0.0170,-0.1017
4.0000,0.0195,-0.1007
4.0000,0.0601,-0.0616
4.0000,0.0445,-0.0786
4.0000,0.0349,-0.0896
4.0000,0.0491,-0.0769
4.0000,0.0589,-0.0686
4.0000,0.0018,-0.1271
4.0000,0.0637,-0.0667
4.0000,0.0444,-0.0875
4.0000,0.0587,-0.0746
4.0000,0.0515,-0.0834
4.0000,0.0216,-0.1147
4.0000,0.0119,-0.1259
4.0000,0.0541,-0.0852
4.0000,0.0420,-0.0988
4.0000,0.0614,-0.0808
4.0000,0.0355,-0.1083
4.0000,0.0667,-0.0785
4.0000,0.0551,-0.0917
4.0000,0.0366,-0.1116
4.0000,0.0559,-0.0938
4.0000,0.0655,-0.0857
4.0000,0.0331,-0.1196
4.0000,0.0615,-0.0927
4.0000,0.0576,-0.0981
4.0000,0.0202,-0.1371
4.0000,0.0458,-0.1129
4.0000,0.0297,-0.1306
4.0000,0.0428,-0.1190
4.0000,0.0731,-0.0902
4.0000,0.0460,-0.1188
4.0000,0.0264,-0.1400
4.0000,0.0632,-0.1047
4.0000,0.0692,-0.1002
4.0000,0.0827,-0.0882
4.0000,0.0604,-0.1121
4.0000,0.0577,-0.1163
4.0000,0.0432,-0.1324
4.0000,0.0730,-0.1040
4.0000,0.0394,-0.1392
4.0000,0.0771,-0.1031
4.0000,0.0546,-0.1271
4.0000,0.0678,-0.1155
4.0000,0.0681,-0.1166
4.0000,0.0536,-0.1327
4.0000,0.0920,-0.0958
4.0000,0.0537,-0.1357
4.0000,0.0784,-0.1125
4.0000,0.0399,-0.1525
4.0000,0.0681,-0.1259
4.0000,0.0401,-0.1555
4.0000,0.0745,-0.1226
4.0000,0.0774,-0.1212
4.0000,0.0623,-0.1379
4.0000,0.0479,-0.1539
4.0000,0.0773,-0.1260
4.0000,0.0688,-0.1360
4.0000,0.0552,-0.1512
4.0000,0.0568,-0.1511
4.0000,0.0426,-0.1669
4.0000,0.0975,-0.1135
4.0000,0.0477,-0.1650
4.0000,0.0614,-0.1528
4.0000,0.0782,-0.1375
4.0000,0.0734,-0.1439
4.0000,0.0812,-0.1377
4.0000,0.1098,-0.1106
4.0000,0.0720,-0.1500
4.0000,0.0900,-0.1335
4.0000,0.0830,-0.1421
4.0000,0.0524,-0.1742
4.0000,0.1057,-0.1225
4.0000,0.1145,-0.1152
4.0000,0.0977,-0.1336
4.0000,0.0811,-0.1517
4.0000,0.0725,-0.1620
4.0000,0.0983,-0.1377
4.0000,0.1115,-0.1261
4.0000,0.0870,-0.1521
4.0000,0.0914,-0.1493
4.0000,0.1026,-0.1396
4.0000,0.1030,-0.1407
4.0000,0.0973,-0.1480
4.0000,0.1078,-0.1391
4.0000,0.1173,-0.1311
4.0000,0.1059,-0.1441
4.0000,0.0807,-0.1708
4.0000,0.1031,-0.1500
4.0000,0.1229,-0.1317
4.0000,0.1047,-0.1515
4.0000,0.1338,-0.1240
4.0000,0.1179,-0.1414
4.0000,0.1006,-0.1602
4.0000,0.1214,-0.1410
4.0000,0.1063,-0.1577
4.0000,0.0913,-0.1742
4.0000,0.1115,-0.1556
4.0000,0.0816,-0.1870
4.0000,0.0934,-0.1767
4.0000,0.1128,-0.1588
4.0000,0.1107,-0.1625
4.0000,0.1090,-0.1658
4.0000,0.1031,-0.1732
4.0000,0.1394,-0.1384
4.0000,0.1373,-0.1420
4.0000,0.1167,-0.1642
4.0000,0.1243,-0.1581
4.0000,0.1146,-0.1694
4.0000,0.1228,-0.1627
4.0000,0.1110,-0.1760
4.0000,0.1129,-0.1756
4.0000,0.1459,-0.1441
4.0000,0.1033,-0.1883
4.0000,0.1234,-0.1697
4.0000,0.1598,-0.1348
4.0000,0.1359,-0.1603
4.0000,0.1549,-0.1428
4.0000,0.1194,-0.1798
4.0000,0.1399,-0.1608
4.0000,0.1318,-0.1704
4.0000,0.1213,-0.1825
4.0000,0.1526,-0.1526
4.0000,0.1479,-0.1588
4.0000,0.1618,-0.1465
4.0000,0.1318,-0.1779
4.0000,0.1476,-0.1636
4.0000,0.1337,-0.1790
4.0000,0.1346,-0.1796
4.0000,0.1712,-0.1445
4.0000,0.1145,-0.2027
4.0000,0.1425,-0.1762
4.0000,0.1310,-0.1892
4.0000,0.1750,-0.1467
4.0000,0.1224,-0.2008
4.0000,0.1248,-0.1998
4.0000,0.1541,-0.1720
4.0000,0.1335,-0.1940
4.0000,0.1408,-0.1882
4.0000,0.1412,-0.1893
4.0000,0.1771,-0.1548
4.0000,0.1707,-0.1628
4.0000,0.1592,-0.1757
4.0000,0.1787,-0.1576
4.0000,0.1501,-0.1877
4.0000,0.1920,-0.1472
4.0000,0.1952,-0.1455
4.0000,0.1598,-0.1823
4.0000,0.1753,-0.1682
4.0000,0.1672,-0.1779
4.0000,0.1787,-0.1677
4.0000,0.1791,-0.1687
4.0000,0.1961,-0.1532
4.0000,0.2010,-0.1497
4.0000,0.1643,-0.1879
4.0000,0.1579,-0.1956
4.0000,0.1714,-0.1835
4.0000,0.1974,-0.1590
4.0000,0.1967,-0.1611
4.0000,0.1663,-0.1929
4.0000,0.1934,-0.1672
4.0000,0.1686,-0.1934
4.0000,0.1578,-0.2056
4.0000,0.2153,-0.1495
4.0000,0.1726,-0.1935
4.0000,0.1946,-0.1729
4.0000,0.2145,-0.1544
4.0000,0.1611,-0.2092
4.0000,0.2002,-0.1715
4.0000,0.2052,-0.1678
4.0000,0.2238,-0.1506
4.0000,0.2211,-0.1546
4.0000,0.2102,-0.1668
4.0000,0.1872,-0.1912
4.0000,0.2194,-0.1603
4.0000,0.1723,-0.2088
4.0000,0.2037,-0.1787
4.0000,0.1917,-0.1921
4.0000,0.1961,-0.1889
4.0000,0.1942,-0.1922
4.0000,0.1892,-0.1985
4.0000,0.2098,-0.1793
4.0000,0.2176,-0.1727
4.0000,0.2308,-0.1608
4.0000,0.2022,-0.1907
4.0000,0.1937,-0.2006
4.0000,0.2460,-0.1495
4.0000,0.2075,-0.1893
4.0000,0.1942,-0.2039
4.0000,0.1915,-0.2078
4.0000,0.1960,-0.2046
4.0000,0.2288,-0.1731
4.0000,0.2471,-0.1560
4.0000,0.2549,-0.1495
4.0000,0.2340,-0.1716
4.0000,0.2489,-0.1580
4.0000,0.2205,-0.1876
4.0000,0.2375,-0.1718
4.0000,0.2443,-0.1663
4.0000,0.2479,-0.1639
4.0000,0.2666,-0.1464
4.0000,0.2364,-0.1778
4.0000,0.2491,-0.1663
4.0000,0.2336,-0.1830
4.0000,0.2402,-0.1776
4.0000,0.2377,-0.1813
4.0000,0.2241,-0.1961
4.0000,0.2605,-0.1609
4.0000,0.2596,-0.1630
4.0000,0.2410,-0.1827
4.0000,0.2746,-0.1503
4.0000,0.2517,-0.1744
4.0000,0.2639,-0.1633
4.0000,0.2533,-0.1750
4.0000,0.2579,-0.1716
4.0000,0.2475,-0.1831
4.0000,0.2829,-0.1489
4.0000,0.2310,-0.2019
4.0000,0.2742,-0.1598
4.0000,0.2746,-0.1605
4.0000,0.2720,-0.1642
4.0000,0.2736,-0.1637
4.0000,0.2775,-0.1609
4.0000,0.2677,-0.1718
4.0000,0.2615,-0.1791
4.0000,0.2900,-0.1517
4.0000,0.3012,-0.1415
4.0000,0.2861,-0.1577
4.0000,0.2468,-0.1981
4.0000,0.2639,-0.1820
4.0000,0.2670,-0.1799
4.0000,0.2930,-0.1549
4.0000,0.2523,-0.1967
4.0000,0.2788,-0.1712
4.0000,0.2812,-0.1699
4.0000,0.2842,-0.1678
4.0000,0.2760,-0.1770
4.0000,0.3113,-0.1427
4.0000,0.2912,-0.1638
4.0000,0.2600,-0.1960
4.0000,0.2787,-0.1783
4.0000,0.3223,-0.1356
4.0000,0.2929,-0.1660
4.0000,0.3109,-0.1489
4.0000,0.2798,-0.1810
4.0000,0.3259,-0.1358
4.0000,0.2739,-0.1888
4.0000,0.3047,-0.1589
4.0000,0.2835,-0.1810
4.0000,0.2773,-0.1881
4.0000,0.2941,-0.1723
4.0000,0.2908,-0.1764
4.0000,0.2879,-0.1802
4.0000,0.3279,-0.1411
4.0000,0.3158,-0.1541
4.0000,0.3126,-0.1581
4.0000,0.3380,-0.1336
4.0000,0.3385,-0.1340
4.0000,0.3044,-0.1689
4.0000,0.2865,-0.1877
4.0000,0.3342,-0.1408
4.0000,0.3348,-0.1410
4.0000,0.2967,-0.1799
4.0000,0.3434,-0.1340
4.0000,0.3334,-0.1449
4.0000,0.3024,-0.1766
4.0000,0.3556,-0.1242
4.0000,0.3479,-0.1326
4.0000,0.3522,-0.1291
4.0000,0.3097,-0.1724
4.0000,0.3587,-0.1241
4.0000,0.3608,-0.1228
4.0000,0.3415,-0.1428
4.0000,0.3131,-0.1720
4.0000,0.3233,-0.1625
4.0000,0.3465,-0.1400
4.0000,0.3463,-0.1410
4.0000,0.3553,-0.1326
4.0000,0.3582,-0.1304
4.0000,0.3248,-0.1645
4.0000,0.3673,-0.1226
4.0000,0.3715,-0.1191
4.0000,0.3558,-0.1355
4.0000,0.3400,-0.1519
4.0000,0.3389,-0.1537
4.0000,0.3742,-0.1190
4.0000,0.3313,-0.1625
4.0000,0.3551,-0.1393
4.0000,0.3341,-0.1610
4.0000,0.3761,-0.1195
4.0000,0.3647,-0.1315
4.0000,0.3423,-0.1545
4.0000,0.3517,-0.1457
4.0000,0.3709,-0.1270
4.0000,0.3433,-0.1552
4.0000,0.3370,-0.1621
4.0000,0.3368,-0.1628
4.0000,0.3899,-0.1102
4.0000,0.3612,-0.1394
4.0000,0.3531,-0.1481
4.0000,0.4008,-0.1008
4.0000,0.4040,-0.0981
4.0000,0.3495,-0.1532
4.0000,0.3671,-0.1360
4.0000,0.3765,-0.1270
4.0000,0.3772,-0.1268
4.0000,0.3768,-0.1277
4.0000,0.3710,-0.1339
4.0000,0.3574,-0.1479
4.0000,0.3783,-0.1275
4.0000,0.3594,-0.1468
4.0000,0.3948,-0.1117
4.0000,0.3702,-0.1368
4.0000,0.4049,-0.1025
4.0000,0.3729,-0.1348
4.0000,0.3746,-0.1335
4.0000,0.4240,-0.0845
4.0000,0.3812,-0.1276
4.0000,0.3837,-0.1255
4.0000,0.4283,-0.0811
4.0000,0.4163,-0.0935
4.0000,0.4259,-0.0842
4.0000,0.4303,-0.0801
4.0000,0.4022,-0.1085
4.0000,0.4309,-0.0801
4.0000,0.4222,-0.0890
4.0000,0.4369,-0.0746
4.0000,0.3914,-0.1203
4.0000,0.4128,-0.0992
4.0000,0.4323,-0.0800
4.0000,0.4028,-0.1097
4.0000,0.4242,-0.0885
4.0000,0.4444,-0.0685
4.0000,0.4298,-0.0833
4.0000,0.4289,-0.0844
4.0000,0.4380,-0.0754
4.0000,0.4278,-0.0858
4.0000,0.3909,-0.1229
4.0000,0.4538,-0.0601
4.0000,0.3935,-0.1206
4.0000,0.4440,-0.0701
4.0000,0.4044,-0.1099
4.0000,0.4037,-0.1107
4.0000,0.4220,-0.0925
4.0000,0.4561,-0.0585
4.0000,0.4057,-0.1090
4.0000,0.4257,-0.0890
4.0000,0.4074,-0.1074
4.0000,0.4054,-0.1094
4.0000,0.4364,-0.0784
4.0000,0.4564,-0.0585
4.0000,0.4591,-0.0558
4.0000,0.4412,-0.0737
4.0000,0.4262,-0.0887
4.0000,0.4339,-0.0810
4.0000,0.4410,-0.0738
4.0000,0.4269,-0.0879
4.0000,0.4660,-0.0488
4.0000,0.4725,-0.0422
4.0000,0.4713,-0.0433
4.0000,0.4378,-0.0767
4.0000,0.4597,-0.0548
4.0000,0.4684,-0.0460
4.0000,0.4760,-0.0383
4.0000,0.4582,-0.0559
4.0000,0.4848,-0.0293
4.0000,0.4840,-0.0299
4.0000,0.4607,-0.0531
4.0000,0.4404,-0.0732
4.0000,0.4698,-0.0436
4.0000,0.4629,-0.0503
4.0000,0.4769,-0.0361
4.0000,0.4423,-0.0705
4.0000,0.4464,-0.0662
4.0000,0.4551,-0.0573
4.0000,0.4987,-0.0134
4.0000,0.4471,-0.0648
4.0000,0.4431,-0.0686
4.0000,0.4833,-0.0281
4.0000,0.4697,-0.0414
4.0000,0.4733,-0.0375
4.0000,0.4714,-0.0391
4.0000,0.5030,-0.0071
4.0000,0.4776,-0.0322
4.0000,0.4852,-0.0243
4.0000,0.4992,-0.0100
4.0000,0.5090,0.0001
4.0000,0.5016,-0.0068
4.0000,0.5082,0.0001
4.0000,0.4550,-0.0527
4.0000,0.5122,0.0049
4.0000,0.5117,0.0048
4.0000,0.4857,-0.0207
4.0000,0.5051,-0.0010
4.0000,0.5107,0.0051
4.0000,0.5125,0.0074
4.0000,0.4605,-0.0442
4.0000,0.4889,-0.0153
4.0000,0.5003,-0.0034
4.0000,0.5035,0.0003
4.0000,0.5003,-0.0024
4.0000,0.5230,0.0208
4.0000,0.5046,0.0029
4.0000,0.5155,0.0143
4.0000,0.5253,0.0247
4.0000,0.5292,0.0292
4.0000,0.4725,-0.0269
4.0000,0.5028,0.0039
4.0000,0.5233,0.0251
4.0000,0.4962,-0.0014
4.0000,0.5061,0.0091
4.0000,0.5097,0.0133
4.0000,0.4993,0.0035
4.0000,0.5326,0.0375
4.0000,0.5343,0.0399
4.0000,0.4799,-0.0138
4.0000,0.5031,0.0101
4.0000,0.4888,-0.0035
4.0000,0.4848,-0.0068
4.0000,0.4916,0.0007
4.0000,0.5377,0.0475
4.0000,0.4955,0.0061
4.0000,0.5115,0.0229
4.0000,0.5198,0.0319
4.0000,0.4989,0.0118
4.0000,0.5281,0.0418
4.0000,0.5030,0.0174
4.0000,0.5054,0.0207
4.0000,0.5456,0.0618
4.0000,0.5296,0.0466
4.0000,0.5140,0.0318
4.0000,0.5445,0.0632
4.0000,0.4987,0.0183
4.0000,0.4964,0.0169
4.0000,0.5314,0.0528
4.0000,0.5133,0.0355
4.0000,0.5062,0.0293
4.0000,0.5559,0.0800
4.0000,0.5456,0.0706
4.0000,0.5404,0.0664
4.0000,0.5333,0.0602
4.0000,0.5164,0.0444
4.0000,0.5367,0.0656
4.0000,0.5616,0.0915
4.0000,0.5184,0.0494
4.0000,0.5345,0.0664
4.0000,0.5400,0.0730
4.0000,0.5573,0.0913
4.0000,0.5183,0.0534
4.0000,0.5516,0.0877
4.0000,0.5190,0.0562
4.0000,0.5110,0.0493
4.0000,0.5312,0.0707
4.0000,0.5103,0.0508
4.0000,0.5669,0.1086
4.0000,0.5582,0.1010
4.0000,0.5225,0.0665
4.0000,0.5473,0.0924
4.0000,0.5398,0.0861
4.0000,0.5410,0.0884
4.0000,0.5279,0.0766
4.0000,0.5337,0.0836
4.0000,0.5551,0.1062
4.0000,0.5354,0.0877
4.0000,0.5325,0.0861
4.0000,0.5566,0.1114
4.0000,0.5451,0.1013
4.0000,0.5397,0.0971
4.0000,0.5220,0.0807
4.0000,0.5511,0.1111
4.0000,0.5272,0.0885
4.0000,0.5659,0.1285
4.0000,0.5846,0.1486
4.0000,0.5713,0.1367
4.0000,0.5344,0.1011
4.0000,0.5709,0.1390
4.0000,0.5476,0.1170
4.0000,0.5630,0.1338
4.0000,0.5435,0.1157
4.0000,0.5832,0.1569
4.0000,0.5419,0.1170
4.0000,0.5477,0.1243
4.0000,0.5714,0.1494
4.0000,0.5534,0.1329
4.0000,0.5617,0.1426
4.0000,0.5792,0.1617
4.0000,0.5581,0.1421
4.0000,0.5934,0.1789
4.0000,0.5464,0.1334
4.0000,0.5916,0.1802
4.0000,0.5586,0.1487
4.0000,0.5515,0.1432
4.0000,0.5500,0.1432
4.0000,0.5942,0.1890
4.0000,0.5655,0.1619
4.0000,0.5404,0.1384
4.0000,0.5929,0.1926
4.0000,0.5572,0.1585
4.0000,0.5513,0.1543
4.0000,0.5738,0.1784
4.0000,0.5491,0.1553
4.0000,0.5634,0.1714
4.0000,0.5934,0.2030
4.0000,0.5939,0.2053
4.0000,0.5556,0.1687
4.0000,0.5868,0.2016
4.0000,0.6009,0.2174
4.0000,0.5521,0.1703
4.0000,0.5656,0.1856
4.0000,0.5851,0.2069
4.0000,0.5512,0.1748
4.0000,0.5547,0.1801
4.0000,0.5622,0.1894
4.0000,0.5659,0.1949
4.0000,0.5805,0.2113
4.0000,0.5541,0.1868
4.0000,0.5860,0.2206
4.0000,0.5805,0.2169
4.0000,0.5749,0.2132
4.0000,0.5856,0.2258
4.0000,0.5727,0.2147
4.0000,0.5711,0.2151
4.0000,0.5958,0.2418
4.0000,0.6023,0.2502
4.0000,0.6029,0.2527
4.0000,0.5601,0.2119
4.0000,0.5636,0.2174
4.0000,0.5586,0.2143
4.0000,0.5848,0.2426
4.0000,0.5807,0.2404
4.0000,0.6001,0.2618
4.0000,0.6019,0.2657
4.0000,0.5540,0.2198
4.0000,0.5786,0.2464
4.0000,0.5526,0.2226
4.0000,0.5800,0.2520
4.0000,0.5733,0.2474
4.0000,0.5694,0.2456
4.0000,0.5929,0.2712
4.0000,0.5489,0.2294
4.0000,0.5710,0.2536
4.0000,0.5992,0.2839
4.0000,0.6058,0.2927
4.0000,0.5489,0.2380
4.0000,0.5886,0.2799
4.0000,0.5973,0.2907
4.0000,0.6009,0.2965
4.0000,0.5740,0.2719
4.0000,0.5939,0.2940
4.0000,0.5899,0.2922
4.0000,0.5535,0.2580
4.0000,0.5866,0.2934
4.0000,0.5759,0.2850
4.0000,0.5760,0.2873
4.0000,0.5737,0.2873
4.0000,0.6071,0.3230
4.0000,0.5563,0.2746
4.0000,0.5715,0.2921
4.0000,0.5703,0.2932
4.0000,0.5744,0.2997
4.0000,0.5489,0.2766
4.0000,0.5956,0.3256
4.0000,0.5650,0.2974
4.0000,0.6035,0.3383
4.0000,0.5479,0.2851
4.0000,0.5682,0.3077
4.0000,0.5625,0.3045
4.0000,0.5834,0.3279
4.0000,0.5522,0.2992
4.0000,0.5725,0.3219
4.0000,0.5928,0.3447
4.0000,0.6061,0.3604
4.0000,0.6012,0.3580
4.0000,0.5481,0.3074
4.0000,0.5885,0.3504
4.0000,0.5789,0.3432
4.0000,0.5464,0.3133
4.0000,0.6075,0.3770
4.0000,0.5841,0.3561
4.0000,0.5880,0.3626
4.0000,0.5997,0.3769
4.0000,0.6016,0.3813
4.0000,0.5529,0.3352
4.0000,0.5477,0.3326
4.0000,0.5819,0.3695
4.0000,0.6037,0.3940
4.0000,0.5460,0.3388
4.0000,0.5939,0.3895
4.0000,0.5825,0.3807
4.0000,0.5855,0.3864
4.0000,0.5553,0.3588
4.0000,0.5641,0.3703
4.0000,0.5999,0.4089
4.0000,0.5613,0.3730
4.0000,0.5583,0.3728
4.0000,0.5630,0.3802
4.0000,0.5741,0.3940
4.0000,0.5385,0.3612
4.0000,0.5775,0.4029
4.0000,0.5828,0.4110
4.0000,0.5639,0.3949
4.0000,0.5552,0.3890
4.0000,0.5898,0.4264
4.0000,0.5442,0.3836
4.0000,0.5370,0.3793
4.0000,0.5663,0.4115
4.0000,0.5560,0.4040
4.0000,0.5871,0.4380
4.0000,0.5361,0.3898
4.0000,0.5594,0.4160
4.0000,0.5554,0.4149
4.0000,0.5711,0.4336
4.0000,0.5883,0.4537
4.0000,0.5803,0.4485
4.0000,0.5774,0.4486
4.0000,0.5528,0.4269
4.0000,0.5888,0.4659
4.0000,0.5649,0.4450
4.0000,0.5581,0.4411
4.0000,0.5888,0.4749
4.0000,0.5666,0.4557
4.0000,0.5318,0.4238
4.0000,0.5819,0.4769
4.0000,0.5656,0.4637
4.0000,0.5560,0.4571
4.0000,0.5368,0.4410
4.0000,0.5823,0.4895
4.0000,0.5405,0.4508
4.0000,0.5698,0.4831
4.0000,0.5603,0.4768
4.0000,0.5360,0.4556
4.0000,0.5372,0.4598
4.0000,0.5706,0.4964
4.0000,0.5479,0.4768
4.0000,0.5340,0.4661
4.0000,0.5462,0.4814
4.0000,0.5720,0.5103
4.0000,0.5241,0.4656
4.0000,0.5669,0.5116
4.0000,0.5454,0.4932
4.0000,0.5695,0.5205
4.0000,0.5674,0.5216
4.0000,0.5536,0.5111
4.0000,0.5555,0.5162
4.0000,0.5200,0.4839
4.0000,0.5508,0.5179
4.0000,0.5329,0.5033
4.0000,0.5087,0.4824
4.0000,0.5300,0.5069
4.0000,0.5265,0.5066
4.0000,0.5221,0.5056
4.0000,0.5080,0.4947
4.0000,0.5168,0.5069
4.0000,0.5453,0.5387
4.0000,0.5594,0.5561
4.0000,0.5619,0.5619
4.0000,0.5177,0.5210
4.0000,0.5200,0.5267
4.0000,0.5393,0.5493
4.0000,0.5222,0.5356
4.0000,0.5214,0.5382
4.0000,0.5042,0.5244
4.0000,0.5075,0.5310
4.0000,0.5339,0.5608
4.0000,0.4966,0.5269
4.0000,0.5219,0.5557
4.0000,0.5135,0.5507
4.0000,0.4901,0.5307
4.0000,0.5208,0.5649
4.0000,0.5212,0.5687
4.0000,0.4994,0.5503
4.0000,0.4820,0.5364
4.0000,0.5416,0.5995
4.0000,0.4914,0.5528
4.0000,0.5305,0.5953
4.0000,0.5119,0.5802
4.0000,0.5063,0.5782
4.0000,0.5067,0.5821
4.0000,0.4776,0.5566
4.0000,0.4799,0.5623
4.0000,0.5266,0.6126
4.0000,0.5054,0.5949
4.0000,0.4924,0.5855
4.0000,0.4881,0.5847
4.0000,0.5191,0.6194
4.0000,0.5082,0.6120
4.0000,0.5114,0.6188
4.0000,0.5195,0.6305
4.0000,0.5058,0.6203
4.0000,0.4961,0.6143
4.0000,0.5048,0.6266
4.0000,0.4779,0.6034
4.0000,0.4807,0.6098
4.0000,0.5089,0.6417
4.0000,0.4648,0.6012
4.0000,0.4525,0.5925
4.0000,0.4582,0.6019
4.0000,0.4910,0.6383
4.0000,0.5091,0.6602
4.0000,0.4997,0.6544
4.0000,0.4768,0.6352
4.0000,0.4862,0.6483
4.0000,0.4845,0.6504
4.0000,0.4598,0.6294
4.0000,0.4958,0.6691
4.0000,0.4388,0.6158
4.0000,0.4658,0.6465
4.0000,0.4683,0.6527
4.0000,0.4773,0.6656
4.0000,0.4491,0.6410
4.0000,0.4726,0.6683
4.0000,0.4590,0.6585
4.0000,0.4765,0.6798
4.0000,0.4706,0.6777
4.0000,0.4736,0.6844
4.0000,0.4596,0.6743
4.0000,0.4595,0.6779
4.0000,0.4419,0.6642
4.0000,0.4340,0.6601
4.0000,0.4612,0.6911
4.0000,0.4177,0.6514
4.0000,0.4761,0.7137
4.0000,0.4489,0.6903
4.0000,0.4436,0.6889
4.0000,0.4182,0.6673
4.0000,0.4386,0.6916
4.0000,0.4481,0.7049
4.0000,0.4233,0.6841
4.0000,0.4407,0.7053
4.0000,0.4118,0.6803
4.0000,0.4229,0.6953
4.0000,0.4526,0.7289
4.0000,0.4231,0.7033
4.0000,0.4530,0.7370
4.0000,0.3949,0.6829
4.0000,0.4153,0.7072
4.0000,0.4194,0.7152
4.0000,0.3877,0.6875
4.0000,0.4043,0.7080
4.0000,0.4310,0.7387
4.0000,0.4247,0.7363
4.0000,0.4106,0.7261
4.0000,0.4156,0.7351
4.0000,0.4358,0.7593
4.0000,0.3826,0.7100
4.0000,0.4083,0.7397
4.0000,0.3765,0.7119
4.0000,0.4023,0.7417
4.0000,0.4259,0.7693
4.0000,0.3785,0.7258
4.0000,0.3667,0.7180
4.0000,0.4117,0.7671
4.0000,0.4145,0.7739
4.0000,0.3609,0.7243
4.0000,0.4145,0.7820
4.0000,0.4154,0.7869
4.0000,0.3967,0.7722
4.0000,0.3678,0.7473
4.0000,0.4034,0.7870
4.0000,0.3583,0.7459
4.0000,0.3912,0.7829
4.0000,0.3665,0.7622
4.0000,0.3772,0.7769
4.0000,0.3925,0.7963
4.0000,0.3705,0.7784
4.0000,0.3354,0.7474
4.0000,0.3952,0.8113
4.0000,0.3584,0.7786
4.0000,0.3525,0.7767
4.0000,0.3435,0.7718
4.0000,0.3749,0.8073
4.0000,0.3226,0.7591
4.0000,0.3214,0.7621
4.0000,0.3522,0.7969
4.0000,0.3640,0.8128
4.0000,0.3227,0.7757
4.0000,0.3269,0.7839
4.0000,0.3507,0.8119
4.0000,0.3104,0.7757
4.0000,0.3677,0.8371
4.0000,0.3599,0.8335
4.0000,0.3310,0.8087
4.0000,0.3460,0.8279
4.0000,0.3292,0.8151
4.0000,0.3145,0.8046
4.0000,0.3406,0.8348
4.0000,0.3371,0.8355
4.0000,0.2931,0.7956
4.0000,0.3158,0.8226
4.0000,0.3452,0.8560
4.0000,0.3290,0.8441
4.0000,0.2916,0.8108
4.0000,0.2929,0.8163
4.0000,0.3139,0.8415
4.0000,0.3308,0.8625
4.0000,0.3079,0.8438
4.0000,0.2703,0.8104
4.0000,0.3265,0.8708
4.0000,0.3006,0.8491
4.0000,0.3224,0.8751
4.0000,0.2620,0.8188
4.0000,0.3172,0.8782
4.0000,0.2824,0.8477
4.0000,0.3108,0.8802
4.0000,0.2739,0.8475
4.0000,0.2686,0.8465
4.0000,0.2655,0.8475
4.0000,0.2494,0.8356
4.0000,0.2919,0.8824
4.0000,0.2459,0.8406
4.0000,0.2681,0.8670
4.0000,0.2603,0.8634
4.0000,0.2319,0.8393
4.0000,0.2703,0.8818
4.0000,0.2723,0.8881
4.0000,0.2839,0.9039
4.0000,0.2720,0.8962
4.0000,0.2266,0.8551
4.0000,0.2149,0.8476
4.0000,0.2416,0.8785
4.0000,0.2632,0.9043
4.0000,0.2647,0.9100
4.0000,0.2582,0.9078
4.0000,0.2436,0.8974
4.0000,0.2178,0.8759
4.0000,0.2301,0.8924
4.0000,0.2030,0.8695
4.0000,0.2226,0.8934
4.0000,0.2403,0.9153
4.0000,0.1900,0.8693
4.0000,0.2394,0.9229
4.0000,0.1836,0.8714
4.0000,0.1882,0.8802
4.0000,0.1879,0.8842
4.0000,0.1739,0.8744
4.0000,0.2280,0.9328
4.0000,0.1730,0.8819
4.0000,0.1777,0.8909
4.0000,0.1952,0.9126
4.0000,0.1993,0.9211
4.0000,0.1790,0.9050
4.0000,0.2177,0.9480
4.0000,0.1764,0.9108
4.0000,0.1772,0.9160
4.0000,0.2098,0.9528
4.0000,0.1705,0.9178
4.0000,0.1625,0.9140
4.0000,0.1602,0.9159
4.0000,0.1928,0.9528
4.0000,0.1713,0.9355
4.0000,0.1323,0.9008
4.0000,0.1390,0.9117
4.0000,0.1562,0.9332
4.0000,0.1650,0.9462
4.0000,0.1379,0.9234
4.0000,0.1431,0.9327
4.0000,0.1361,0.9300
4.0000,0.1659,0.9641
4.0000,0.1484,0.9508
4.0000,0.1124,0.9190
4.0000,0.1659,0.9768
4.0000,0.1454,0.9606
4.0000,0.1122,0.9316
4.0000,0.0970,0.9206
4.0000,0.1151,0.9429
4.0000,0.1350,0.9671
4.0000,0.1450,0.9814
4.0000,0.1272,0.9678
4.0000,0.1416,0.9864
4.0000,0.1087,0.9577
4.0000,0.1291,0.9824
4.0000,0.0885,0.9460
4.0000,0.1101,0.9719
4.0000,0.0836,0.9496
4.0000,0.0681,0.9383
4.0000,0.1209,0.9953
4.0000,0.0796,0.9583
4.0000,0.0725,0.9554
4.0000,0.1046,0.9916
4.0000,0.0793,0.9705
4.0000,0.1046,1.0001
4.0000,0.0516,0.9513
4.0000,0.0761,0.9800
4.0000,0.0466,0.9547
4.0000,0.0950,1.0073
4.0000,0.0644,0.9810
4.0000,0.0878,1.0085
4.0000,0.0449,0.9699
4.0000,0.0611,0.9903
4.0000,0.0522,0.9855
4.0000,0.0457,0.9832
4.0000,0.0650,1.0067
4.0000,0.0089,0.9548
4.0000,0.0170,0.9671
4.0000,0.0347,0.9890
4.0000,0.0216,0.9800
4.0000,0.0459,1.0085
4.0000,0.0346,1.0013
4.0000,-0.0083,0.9626
4.0000,0.0268,1.0019
4.0000,0.0082,0.9874
4.0000,0.0415,1.0249
4.0000,0.0058,0.9934
4.0000,0.0377,1.0294
4.0000,0.0241,1.0200
4.0000,-0.0136,0.9864
