1.0000,-0.0118,-0.0128
1.0000,-0.0076,-0.0095
1.0000,-0.0016,-0.0045
1.0000,0.0032,-0.0006
1.0000,0.0037,-0.0010
1.0000,-0.0059,-0.0115
1.0000,-0.0002,-0.0065
1.0000,0.0209,0.0137
1.0000,-0.0059,-0.0139
1.0000,0.0219,0.0132
1.0000,0.0174,0.0080
1.0000,0.0209,0.0108
1.0000,0.0059,-0.0048
1.0000,-0.0011,-0.0125
1.0000,0.0201,0.0081
1.0000,0.0261,0.0136
1.0000,0.0249,0.0119
1.0000,0.0268,0.0133
1.0000,0.0342,0.0202
1.0000,0.0287,0.0144
1.0000,0.0070,-0.0077
1.0000,0.0221,0.0069
1.0000,0.0347,0.0192
1.0000,0.0214,0.0056
1.0000,0.0242,0.0082
1.0000,0.0193,0.0031
1.0000,0.0123,-0.0041
1.0000,0.0396,0.0229
1.0000,0.0231,0.0063
1.0000,0.0430,0.0262
1.0000,0.0202,0.0033
1.0000,0.0147,-0.0022
1.0000,0.0302,0.0133
1.0000,0.0155,-0.0013
1.0000,0.0203,0.0035
1.0000,0.0361,0.0195
1.0000,0.0381,0.0217
1.0000,0.0369,0.0207
1.0000,0.0200,0.0040
1.0000,0.0435,0.0277
1.0000,0.0383,0.0228
1.0000,0.0490,0.0339
1.0000,0.0419,0.0271
1.0000,0.0282,0.0139
1.0000,0.0302,0.0163
1.0000,0.0450,0.0316
1.0000,0.0489,0.0360
1.0000,0.0317,0.0194
1.0000,0.0549,0.0432
1.0000,0.0517,0.0407
1.0000,0.0424,0.0320
1.0000,0.0350,0.0253
1.0000,0.0552,0.0463
1.0000,0.0378,0.0296
1.0000,0.0433,0.0360
1.0000,0.0356,0.0292
1.0000,0.0517,0.0461
1.0000,0.0295,0.0249
1.0000,0.0565,0.0528
1.0000,0.0364,0.0337
1.0000,0.0465,0.0449
1.0000,0.0384,0.0379
1.0000,0.0488,0.0493
1.0000,0.0378,0.0395
1.0000,0.0389,0.0418
1.0000,0.0408,0.0449
1.0000,0.0547,0.0601
1.0000,0.0531,0.0598
1.0000,0.0466,0.0546
1.0000,0.0479,0.0572
1.0000,0.0408,0.0515
1.0000,0.0451,0.0572
1.0000,0.0538,0.0673
1.0000,0.0308,0.0459
1.0000,0.0342,0.0508
1.0000,0.0582,0.0764
1.0000,0.0445,0.0643
1.0000,0.0507,0.0721
1.0000,0.0312,0.0542
1.0000,0.0504,0.0751
1.0000,0.0314,0.0578
1.0000,0.0545,0.0826
1.0000,0.0303,0.0603
1.0000,0.0567,0.0884
1.0000,0.0355,0.0690
1.0000,0.0475,0.0829
1.0000,0.0437,0.0810
1.0000,0.0371,0.0763
1.0000,0.0420,0.0831
1.0000,0.0362,0.0793
1.0000,0.0522,0.0973
1.0000,0.0357,0.0828
1.0000,0.0237,0.0729
1.0000,0.0452,0.0965
1.0000,0.0260,0.0794
1.0000,0.0184,0.0739
1.0000,0.0297,0.0873
1.0000,0.0384,0.0982
1.0000,0.0299,0.0919
1.0000,0.0468,0.1110
1.0000,0.0213,0.0877
1.0000,0.0310,0.0997
1.0000,0.0421,0.1130
1.0000,0.0194,0.0927
1.0000,0.0272,0.1028
1.0000,0.0148,0.0927
1.0000,0.0296,0.1099
1.0000,0.0375,0.1201
1.0000,0.0104,0.0955
1.0000,0.0291,0.1165
1.0000,0.0153,0.1052
1.0000,0.0086,0.1008
1.0000,0.0221,0.1168
1.0000,0.0259,0.1231
1.0000,0.0161,0.1158
1.0000,0.0267,0.1288
1.0000,0.0067,0.1114
1.0000,0.0209,0.1281
1.0000,0.0152,0.1249
1.0000,0.0065,0.1187
1.0000,-0.0084,0.1063
1.0000,0.0065,0.1238
1.0000,0.0138,0.1336
1.0000,0.0094,0.1319
1.0000,-0.0091,0.1159
1.0000,0.0063,0.1338
1.0000,0.0070,0.1371
1.0000,-0.0061,0.1266
1.0000,-0.0142,0.1211
1.0000,-0.0025,0.1354
1.0000,-0.0254,0.1151
1.0000,-0.0025,0.1406
1.0000,-0.0284,0.1173
1.0000,-0.0192,0.1290
1.0000,-0.0072,0.1436
1.0000,-0.0188,0.1346
1.0000,-0.0232,0.1328
1.0000,-0.0136,0.1451
1.0000,-0.0369,0.1243
1.0000,-0.0172,0.1466
1.0000,-0.0144,0.1519
1.0000,-0.0435,0.1254
1.0000,-0.0466,0.1249
1.0000,-0.0344,0.1395
1.0000,-0.0297,0.1468
1.0000,-0.0520,0.1270
1.0000,-0.0485,0.1330
1.0000,-0.0411,0.1430
1.0000,-0.0337,0.1528
1.0000,-0.0444,0.1446
1.0000,-0.0581,0.1334
1.0000,-0.0429,0.1511
1.0000,-0.0501,0.1463
1.0000,-0.0587,0.1401
1.0000,-0.0540,0.1472
1.0000,-0.0673,0.1362
1.0000,-0.0677,0.1383
1.0000,-0.0541,0.1542
1.0000,-0.0813,0.1293
1.0000,-0.0713,0.1416
1.0000,-0.0613,0.1539
1.0000,-0.0572,0.1602
1.0000,-0.0605,0.1592
1.0000,-0.0817,0.1402
1.0000,-0.0828,0.1413
1.0000,-0.0975,0.1287
1.0000,-0.0927,0.1357
1.0000,-0.1020,0.1285
1.0000,-0.0830,0.1496
1.0000,-0.1016,0.1330
1.0000,-0.0908,0.1459
1.0000,-0.1098,0.1289
1.0000,-0.1087,0.1319
1.0000,-0.0961,0.1464
1.0000,-0.1157,0.1288
1.0000,-0.1200,0.1263
1.0000,-0.1192,0.1290
1.0000,-0.1224,0.1275
1.0000,-0.1031,0.1486
1.0000,-0.1175,0.1359
1.0000,-0.1082,0.1469
1.0000,-0.1242,0.1325
1.0000,-0.1247,0.1337
1.0000,-0.1219,0.1381
1.0000,-0.1343,0.1272
1.0000,-0.1215,0.1415
1.0000,-0.1242,0.1403
1.0000,-0.1422,0.1236
1.0000,-0.1398,0.1274
1.0000,-0.1363,0.1323
1.0000,-0.1402,0.1296
1.0000,-0.1566,0.1145
1.0000,-0.1571,0.1152
1.0000,-0.1527,0.1207
1.0000,-0.1506,0.1239
1.0000,-0.1428,0.1328
1.0000,-0.1430,0.1336
1.0000,-0.1652,0.1124
1.0000,-0.1448,0.1337
1.0000,-0.1649,0.1144
1.0000,-0.1647,0.1154
1.0000,-0.1750,0.1059
1.0000,-0.1620,0.1196
1.0000,-0.1769,0.1055
1.0000,-0.1763,0.1066
1.0000,-0.1681,0.1154
1.0000,-0.1656,0.1184
1.0000,-0.1716,0.1128
1.0000,-0.1819,0.1029
1.0000,-0.1897,0.0955
1.0000,-0.1795,0.1059
1.0000,-0.1992,0.0865
1.0000,-0.1856,0.1003
1.0000,-0.1969,0.0891
1.0000,-0.2031,0.0829
1.0000,-0.1834,0.1027
1.0000,-0.1843,0.1017
1.0000,-0.2148,0.0711
1.0000,-0.1970,0.0888
1.0000,-0.2020,0.0835
1.0000,-0.2158,0.0695
1.0000,-0.2204,0.0645
1.0000,-0.2085,0.0760
1.0000,-0.2070,0.0771
1.0000,-0.2059,0.0776
1.0000,-0.2038,0.0792
1.0000,-0.2164,0.0659
1.0000,-0.2257,0.0559
1.0000,-0.2362,0.0446
1.0000,-0.2373,0.0427
1.0000,-0.2360,0.0431
1.0000,-0.2360,0.0421
1.0000,-0.2232,0.0539
1.0000,-0.2138,0.0622
1.0000,-0.2420,0.0329
1.0000,-0.2459,0.0278
1.0000,-0.2391,0.0333
1.0000,-0.2490,0.0220
1.0000,-0.2410,0.0287
1.0000,-0.2434,0.0248
1.0000,-0.2335,0.0332
1.0000,-0.2409,0.0242
1.0000,-0.2562,0.0072
1.0000,-0.2434,0.0183
1.0000,-0.2572,0.0027
1.0000,-0.2507,0.0074
1.0000,-0.2462,0.0099
1.0000,-0.2474,0.0067
1.0000,-0.2436,0.0085
1.0000,-0.2546,-0.0046
1.0000,-0.2523,-0.0045
1.0000,-0.2593,-0.0137
1.0000,-0.2482,-0.0049
1.0000,-0.2534,-0.0124
1.0000,-0.2414,-0.0029
1.0000,-0.2532,-0.0172
1.0000,-0.2589,-0.0255
1.0000,-0.2522,-0.0214
1.0000,-0.2649,-0.0367
1.0000,-0.2534,-0.0280
1.0000,-0.2470,-0.0244
1.0000,-0.2501,-0.0304
1.0000,-0.2656,-0.0489
1.0000,-0.2719,-0.0582
1.0000,-0.2560,-0.0454
1.0000,-0.2671,-0.0596
1.0000,-0.2617,-0.0574
1.0000,-0.2763,-0.0752
1.0000,-0.2556,-0.0578
1.0000,-0.2506,-0.0563
1.0000,-0.2715,-0.0806
1.0000,-0.2515,-0.0641
1.0000,-0.2667,-0.0828
1.0000,-0.2493,-0.0691
1.0000,-0.2671,-0.0905
1.0000,-0.2656,-0.0928
1.0000,-0.2535,-0.0845
1.0000,-0.2634,-0.0983
1.0000,-0.2732,-0.1120
1.0000,-0.2489,-0.0917
1.0000,-0.2634,-0.1101
1.0000,-0.2559,-0.1067
1.0000,-0.2534,-0.1084
1.0000,-0.2448,-0.1040
1.0000,-0.2538,-0.1173
1.0000,-0.2524,-0.1202
1.0000,-0.2417,-0.1139
1.0000,-0.2606,-0.1372
1.0000,-0.2420,-0.1231
1.0000,-0.2529,-0.1385
1.0000,-0.2630,-0.1531
1.0000,-0.2597,-0.1545
1.0000,-0.2470,-0.1465
1.0000,-0.2441,-0.1483
1.0000,-0.2574,-0.1664
1.0000,-0.2403,-0.1542
1.0000,-0.2605,-0.1792
1.0000,-0.2495,-0.1732
1.0000,-0.2540,-0.1826
1.0000,-0.2364,-0.1700
1.0000,-0.2348,-0.1735
1.0000,-0.2374,-0.1812
1.0000,-0.2358,-0.1848
1.0000,-0.2377,-0.1919
1.0000,-0.2316,-0.1910
1.0000,-0.2405,-0.2052
1.0000,-0.2225,-0.1925
1.0000,-0.2427,-0.2181
1.0000,-0.2389,-0.2197
1.0000,-0.2174,-0.2036
1.0000,-0.2184,-0.2101
1.0000,-0.2268,-0.2240
1.0000,-0.2287,-0.2315
1.0000,-0.2309,-0.2393
1.0000,-0.2150,-0.2290
1.0000,-0.2229,-0.2425
1.0000,-0.2026,-0.2280
1.0000,-0.2108,-0.2419
1.0000,-0.2056,-0.2424
1.0000,-0.2131,-0.2557
1.0000,-0.1959,-0.2443
1.0000,-0.2011,-0.2553
1.0000,-0.2113,-0.2714
1.0000,-0.1885,-0.2545
1.0000,-0.1847,-0.2566
1.0000,-0.1801,-0.2580
1.0000,-0.1859,-0.2697
1.0000,-0.1789,-0.2687
1.0000,-0.1801,-0.2759
1.0000,-0.1674,-0.2692
1.0000,-0.1678,-0.2756
1.0000,-0.1774,-0.2913
1.0000,-0.1803,-0.3003
1.0000,-0.1751,-0.3012
1.0000,-0.1536,-0.2857
1.0000,-0.1716,-0.3099
1.0000,-0.1668,-0.3113
1.0000,-0.1421,-0.2926
1.0000,-0.1594,-0.3161
1.0000,-0.1342,-0.2970
1.0000,-0.1298,-0.2989
1.0000,-0.1308,-0.3061
1.0000,-0.1371,-0.3185
1.0000,-0.1385,-0.3261
1.0000,-0.1160,-0.3097
1.0000,-0.1092,-0.3091
1.0000,-0.1103,-0.3164
1.0000,-0.1306,-0.3430
1.0000,-0.1122,-0.3307
1.0000,-0.1206,-0.3453
1.0000,-0.0893,-0.3202
1.0000,-0.0934,-0.3304
1.0000,-0.0942,-0.3374
1.0000,-0.0973,-0.3467
1.0000,-0.0874,-0.3429
1.0000,-0.0699,-0.3316
1.0000,-0.0769,-0.3447
1.0000,-0.0780,-0.3520
1.0000,-0.0676,-0.3477
1.0000,-0.0549,-0.3411
1.0000,-0.0721,-0.3644
1.0000,-0.0684,-0.3667
1.0000,-0.0516,-0.3559
1.0000,-0.0485,-0.3589
1.0000,-0.0453,-0.3617
1.0000,-0.0415,-0.3638
1.0000,-0.0340,-0.3623
1.0000,-0.0249,-0.3591
1.0000,-0.0269,-0.3671
1.0000,-0.0287,-0.3748
1.0000,-0.0103,-0.3622
1.0000,-0.0027,-0.3604
1.0000,-0.0100,-0.3735
1.0000,-0.0143,-0.3836
1.0000,-0.0100,-0.3850
1.0000,0.0132,-0.3675
1.0000,0.0195,-0.3668
1.0000,0.0152,-0.3767
1.0000,0.0146,-0.3830
1.0000,0.0191,-0.3840
1.0000,0.0380,-0.3706
1.0000,0.0489,-0.3652
1.0000,0.0390,-0.3805
1.0000,0.0382,-0.3867
1.0000,0.0636,-0.3666
1.0000,0.0436,-0.3919
1.0000,0.0593,-0.3814
1.0000,0.0498,-0.3962
1.0000,0.0574,-0.3936
1.0000,0.0658,-0.3904
1.0000,0.0805,-0.3807
1.0000,0.0785,-0.3877
1.0000,0.0999,-0.3712
1.0000,0.0916,-0.3844
1.0000,0.1136,-0.3673
1.0000,0.1152,-0.3704
1.0000,0.1097,-0.3806
1.0000,0.1051,-0.3898
1.0000,0.1271,-0.3724
1.0000,0.1087,-0.3953
1.0000,0.1406,-0.3679
1.0000,0.1398,-0.3730
1.0000,0.1376,-0.3796
1.0000,0.1510,-0.3704
1.0000,0.1644,-0.3613
1.0000,0.1496,-0.3801
1.0000,0.1592,-0.3746
1.0000,0.1526,-0.3852
1.0000,0.1637,-0.3780
1.0000,0.1730,-0.3726
1.0000,0.1788,-0.3705
1.0000,0.1865,-0.3665
1.0000,0.1780,-0.3786
1.0000,0.2036,-0.3565
1.0000,0.1850,-0.3786
1.0000,0.2149,-0.3521
1.0000,0.2035,-0.3667
1.0000,0.2196,-0.3539
1.0000,0.2094,-0.3672
1.0000,0.2242,-0.3555
1.0000,0.2296,-0.3530
1.0000,0.2324,-0.3531
1.0000,0.2475,-0.3409
1.0000,0.2293,-0.3617
1.0000,0.2569,-0.3367
1.0000,0.2669,-0.3292
1.0000,0.2463,-0.3523
1.0000,0.2601,-0.3409
1.0000,0.2781,-0.3252
1.0000,0.2840,-0.3214
1.0000,0.2695,-0.3380
1.0000,0.2855,-0.3239
1.0000,0.2751,-0.3362
1.0000,0.2889,-0.3243
1.0000,0.2999,-0.3150
1.0000,0.2977,-0.3188
1.0000,0.3090,-0.3089
1.0000,0.3112,-0.3082
1.0000,0.3170,-0.3038
1.0000,0.3170,-0.3050
1.0000,0.3309,-0.2922
1.0000,0.3248,-0.2993
1.0000,0.3499,-0.2751
1.0000,0.3491,-0.2767
1.0000,0.3370,-0.2895
1.0000,0.3541,-0.2730
1.0000,0.3537,-0.2739
1.0000,0.3582,-0.2698
1.0000,0.3573,-0.2711
1.0000,0.3681,-0.2605
1.0000,0.3782,-0.2505
1.0000,0.3677,-0.2609
1.0000,0.3689,-0.2596
1.0000,0.3914,-0.2369
1.0000,0.3926,-0.2354
1.0000,0.3769,-0.2507
1.0000,0.3935,-0.2335
1.0000,0.3808,-0.2455
1.0000,0.4122,-0.2134
1.0000,0.3923,-0.2324
1.0000,0.3977,-0.2260
1.0000,0.4244,-0.1982
1.0000,0.4236,-0.1979
1.0000,0.4117,-0.2084
1.0000,0.4100,-0.2087
1.0000,0.4166,-0.2006
1.0000,0.4260,-0.1896
1.0000,0.4149,-0.1989
1.0000,0.4386,-0.1734
1.0000,0.4400,-0.1700
1.0000,0.4520,-0.1559
1.0000,0.4312,-0.1746
1.0000,0.4554,-0.1481
1.0000,0.4459,-0.1552
1.0000,0.4544,-0.1442
1.0000,0.4663,-0.1296
1.0000,0.4478,-0.1454
1.0000,0.4527,-0.1376
1.0000,0.4501,-0.1372
1.0000,0.4665,-0.1178
1.0000,0.4731,-0.1080
1.0000,0.4782,-0.0996
1.0000,0.4876,-0.0868
1.0000,0.4678,-0.1031
1.0000,0.4769,-0.0904
1.0000,0.4906,-0.0730
1.0000,0.4964,-0.0633
1.0000,0.4709,-0.0849
1.0000,0.4771,-0.0746
1.0000,0.4861,-0.0615
1.0000,0.4978,-0.0455
1.0000,0.4851,-0.0538
1.0000,0.4808,-0.0536
1.0000,0.5028,-0.0270
1.0000,0.5014,-0.0237
1.0000,0.5109,-0.0094
1.0000,0.5024,-0.0130
1.0000,0.5036,-0.0068
1.0000,0.4996,-0.0056
1.0000,0.5147,0.0147
1.0000,0.4954,0.0007
1.0000,0.5167,0.0275
1.0000,0.4968,0.0131
1.0000,0.5018,0.0238
1.0000,0.5060,0.0337
1.0000,0.4982,0.0318
1.0000,0.5207,0.0602
1.0000,0.5014,0.0470
1.0000,0.5056,0.0573
1.0000,0.5078,0.0658
1.0000,0.4972,0.0615
1.0000,0.5203,0.0910
1.0000,0.5165,0.0937
1.0000,0.5002,0.0841
1.0000,0.4928,0.0834
1.0000,0.5159,0.1133
1.0000,0.4978,0.1022
1.0000,0.5157,0.1271
1.0000,0.4904,0.1089
1.0000,0.4907,0.1163
1.0000,0.5020,0.1350
1.0000,0.4968,0.1371
1.0000,0.4886,0.1364
1.0000,0.4953,0.1506
1.0000,0.4864,0.1494
1.0000,0.5103,0.1810
1.0000,0.4858,0.1642
1.0000,0.4974,0.1837
1.0000,0.4805,0.1747
1.0000,0.4820,0.1843
1.0000,0.4838,0.1943
1.0000,0.4991,0.2177
1.0000,0.4754,0.2023
1.0000,0.4921,0.2274
1.0000,0.4971,0.2409
1.0000,0.4973,0.2495
1.0000,0.4767,0.2375
1.0000,0.4755,0.2450
1.0000,0.4627,0.2409
1.0000,0.4617,0.2486
1.0000,0.4713,0.2671
1.0000,0.4748,0.2795
1.0000,0.4622,0.2759
1.0000,0.4613,0.2840
1.0000,0.4758,0.3077
1.0000,0.4574,0.2984
1.0000,0.4689,0.3192
1.0000,0.4483,0.3079
1.0000,0.4456,0.3145
1.0000,0.4359,0.3142
1.0000,0.4368,0.3246
1.0000,0.4229,0.3202
1.0000,0.4437,0.3506
1.0000,0.4187,0.3352
1.0000,0.4124,0.3385
1.0000,0.4148,0.3506
1.0000,0.4073,0.3529
1.0000,0.4092,0.3646
1.0000,0.4242,0.3895
1.0000,0.4100,0.3851
1.0000,0.4197,0.4048
1.0000,0.3904,0.3854
1.0000,0.3839,0.3889
1.0000,0.3933,0.4084
1.0000,0.3969,0.4219
1.0000,0.3763,0.4115
1.0000,0.3924,0.4377
1.0000,0.3879,0.4434
1.0000,0.3531,0.4188
1.0000,0.3523,0.4281
1.0000,0.3450,0.4311
1.0000,0.3551,0.4514
1.0000,0.3571,0.4637
1.0000,0.3573,0.4742
1.0000,0.3494,0.4766
1.0000,0.3483,0.4859
1.0000,0.3298,0.4777
1.0000,0.3151,0.4734
1.0000,0.3283,0.4968
1.0000,0.3216,0.5006
1.0000,0.3014,0.4907
1.0000,0.2891,0.4887
1.0000,0.2952,0.5052
1.0000,0.2958,0.5163
1.0000,0.2690,0.4999
1.0000,0.2847,0.5258
1.0000,0.2595,0.5110
1.0000,0.2625,0.5244
1.0000,0.2625,0.5348
1.0000,0.2497,0.5323
1.0000,0.2510,0.5440
1.0000,0.2488,0.5521
1.0000,0.2231,0.5367
1.0000,0.2313,0.5552
1.0000,0.2227,0.5568
1.0000,0.2265,0.5709
1.0000,0.2162,0.5709
1.0000,0.2068,0.5717
1.0000,0.1975,0.5725
1.0000,0.1785,0.5637
1.0000,0.1667,0.5620
1.0000,0.1846,0.5901
1.0000,0.1773,0.5929
1.0000,0.1679,0.5934
1.0000,0.1643,0.5999
1.0000,0.1512,0.5967
1.0000,0.1511,0.6065
1.0000,0.1284,0.5937
1.0000,0.1109,0.5860
1.0000,0.1280,0.6129
1.0000,0.1075,0.6021
1.0000,0.0936,0.5979
1.0000,0.0900,0.6040
1.0000,0.0928,0.6163
1.0000,0.0890,0.6221
1.0000,0.0576,0.6001
1.0000,0.0560,0.6080
1.0000,0.0595,0.6208
1.0000,0.0610,0.6316
1.0000,0.0525,0.6324
1.0000,0.0344,0.6234
1.0000,0.0263,0.6244
1.0000,0.0288,0.6360
1.0000,0.0220,0.6381
1.0000,0.0077,0.6327
1.0000,-0.0196,0.6143
1.0000,-0.0083,0.6342
1.0000,-0.0291,0.6222
1.0000,-0.0370,0.6228
1.0000,-0.0406,0.6277
1.0000,-0.0445,0.6323
1.0000,-0.0408,0.6442
1.0000,-0.0731,0.6203
1.0000,-0.0559,0.6456
1.0000,-0.0775,0.6321
1.0000,-0.0822,0.6353
1.0000,-0.0998,0.6256
1.0000,-0.1090,0.6242
1.0000,-0.1234,0.6176
1.0000,-0.1337,0.6149
1.0000,-0.1197,0.6364
1.0000,-0.1475,0.6160
1.0000,-0.1578,0.6130
1.0000,-0.1549,0.6232
1.0000,-0.1563,0.6288
1.0000,-0.1542,0.6379
1.0000,-0.1671,0.6319
1.0000,-0.1972,0.6086
1.0000,-0.1789,0.6336
1.0000,-0.2035,0.6155
1.0000,-0.1992,0.6263
1.0000,-0.2250,0.6068
1.0000,-0.2330,0.6050
1.0000,-0.2370,0.6072
1.0000,-0.2368,0.6133
1.0000,-0.2422,0.6138
1.0000,-0.2520,0.6098
1.0000,-0.2729,0.5945
1.0000,-0.2793,0.5935
1.0000,-0.2954,0.5828
1.0000,-0.2893,0.5942
1.0000,-0.2846,0.6039
1.0000,-0.3029,0.5906
1.0000,-0.3007,0.5977
1.0000,-0.3192,0.5840
1.0000,-0.3231,0.5846
1.0000,-0.3477,0.5644
1.0000,-0.3478,0.5687
1.0000,-0.3357,0.5850
1.0000,-0.3590,0.5657
1.0000,-0.3683,0.5603
1.0000,-0.3623,0.5701
1.0000,-0.3812,0.5548
1.0000,-0.3935,0.5460
1.0000,-0.3815,0.5614
1.0000,-0.4144,0.5317
1.0000,-0.4142,0.5349
1.0000,-0.4205,0.5315
1.0000,-0.4105,0.5442
1.0000,-0.4466,0.5108
1.0000,-0.4286,0.5312
1.0000,-0.4467,0.5155
1.0000,-0.4525,0.5118
1.0000,-0.4706,0.4957
1.0000,-0.4612,0.5070
1.0000,-0.4615,0.5085
1.0000,-0.4889,0.4826
1.0000,-0.4835,0.4895
1.0000,-0.4858,0.4884
1.0000,-0.4969,0.4784
1.0000,-0.5133,0.4629
1.0000,-0.5189,0.4582
1.0000,-0.5137,0.4640
1.0000,-0.5185,0.4597
1.0000,-0.5240,0.4545
1.0000,-0.5540,0.4247
1.0000,-0.5337,0.4450
1.0000,-0.5406,0.4379
1.0000,-0.5516,0.4266
1.0000,-0.5660,0.4118
1.0000,-0.5833,0.3939
1.0000,-0.5866,0.3897
1.0000,-0.5768,0.3986
1.0000,-0.6001,0.3742
1.0000,-0.6066,0.3664
1.0000,-0.5894,0.3822
1.0000,-0.6096,0.3604
1.0000,-0.6192,0.3490
1.0000,-0.6110,0.3553
1.0000,-0.6283,0.3359
1.0000,-0.6177,0.3443
1.0000,-0.6404,0.3192
1.0000,-0.6283,0.3287
1.0000,-0.6266,0.3276
1.0000,-0.6523,0.2991
1.0000,-0.6567,0.2916
1.0000,-0.6561,0.2890
1.0000,-0.6627,0.2790
1.0000,-0.6682,0.2700
1.0000,-0.6823,0.2522
1.0000,-0.6883,0.2423
1.0000,-0.6775,0.2491
1.0000,-0.6870,0.2354
1.0000,-0.6862,0.2318
1.0000,-0.6871,0.2264
1.0000,-0.6912,0.2176
1.0000,-0.6895,0.2146
1.0000,-0.6896,0.2095
1.0000,-0.7163,0.1776
1.0000,-0.7168,0.1718
1.0000,-0.7045,0.1787
1.0000,-0.7084,0.1691
1.0000,-0.7239,0.1478
1.0000,-0.7171,0.1487
1.0000,-0.7320,0.1277
1.0000,-0.7265,0.1270
1.0000,-0.7160,0.1310
1.0000,-0.7155,0.1250
1.0000,-0.7326,0.1011
1.0000,-0.7367,0.0902
1.0000,-0.7498,0.0701
1.0000,-0.7483,0.0644
1.0000,-0.7252,0.0802
1.0000,-0.7578,0.0402
1.0000,-0.7433,0.0470
1.0000,-0.7311,0.0514
1.0000,-0.7341,0.0405
1.0000,-0.7621,0.0045
1.0000,-0.7486,0.0097
1.0000,-0.7453,0.0047
1.0000,-0.7421,-0.0006
1.0000,-0.7665,-0.0336
1.0000,-0.7638,-0.0397
1.0000,-0.7378,-0.0227
1.0000,-0.7508,-0.0447
1.0000,-0.7447,-0.0478
1.0000,-0.7456,-0.0580
1.0000,-0.7415,-0.0634
1.0000,-0.7638,-0.0953
1.0000,-0.7482,-0.0894
1.0000,-0.7407,-0.0918
1.0000,-0.7681,-0.1292
1.0000,-0.7667,-0.1379
1.0000,-0.7652,-0.1467
1.0000,-0.7522,-0.1441
1.0000,-0.7503,-0.1527
1.0000,-0.7585,-0.1716
1.0000,-0.7524,-0.1762
1.0000,-0.7443,-0.1790
1.0000,-0.7425,-0.1882
1.0000,-0.7314,-0.1881
1.0000,-0.7403,-0.2083
1.0000,-0.7448,-0.2242
1.0000,-0.7338,-0.2246
1.0000,-0.7275,-0.2299
1.0000,-0.7286,-0.2427
1.0000,-0.7286,-0.2545
1.0000,-0.7173,-0.2551
1.0000,-0.7413,-0.2911
1.0000,-0.7233,-0.2852
1.0000,-0.7288,-0.3029
1.0000,-0.7241,-0.3106
1.0000,-0.7189,-0.3177
1.0000,-0.7242,-0.3355
1.0000,-0.7200,-0.3439
1.0000,-0.7044,-0.3410
1.0000,-0.6904,-0.3399
1.0000,-0.6897,-0.3520
1.0000,-0.6945,-0.3697
1.0000,-0.6921,-0.3804
1.0000,-0.6736,-0.3750
1.0000,-0.6946,-0.4093
1.0000,-0.6954,-0.4234
1.0000,-0.6769,-0.4182
1.0000,-0.6686,-0.4234
1.0000,-0.6610,-0.4293
1.0000,-0.6566,-0.4384
1.0000,-0.6559,-0.4514
1.0000,-0.6438,-0.4530
1.0000,-0.6435,-0.4665
1.0000,-0.6307,-0.4676
1.0000,-0.6503,-0.5011
1.0000,-0.6233,-0.4881
1.0000,-0.6282,-0.5070
1.0000,-0.6216,-0.5144
1.0000,-0.6015,-0.5085
1.0000,-0.6118,-0.5330
1.0000,-0.5927,-0.5281
1.0000,-0.6022,-0.5519
1.0000,-0.6009,-0.5649
1.0000,-0.5821,-0.5605
1.0000,-0.5628,-0.5556
1.0000,-0.5826,-0.5898
1.0000,-0.5720,-0.5937
1.0000,-0.5659,-0.6021
1.0000,-0.5358,-0.5865
1.0000,-0.5350,-0.6003
1.0000,-0.5319,-0.6118
1.0000,-0.5260,-0.6205
1.0000,-0.5253,-0.6344
1.0000,-0.5026,-0.6264
1.0000,-0.5145,-0.6529
1.0000,-0.4940,-0.6471
1.0000,-0.4821,-0.6499
1.0000,-0.4890,-0.6715
1.0000,-0.4670,-0.6642
1.0000,-0.4638,-0.6758
1.0000,-0.4553,-0.6820
1.0000,-0.4664,-0.7078
1.0000,-0.4434,-0.6995
1.0000,-0.4251,-0.6959
1.0000,-0.4209,-0.7063
1.0000,-0.4169,-0.7170
1.0000,-0.4126,-0.7274
1.0000,-0.3881,-0.7175
1.0000,-0.3848,-0.7289
1.0000,-0.3895,-0.7482
1.0000,-0.3774,-0.7507
1.0000,-0.3785,-0.7664
1.0000,-0.3554,-0.7578
1.0000,-0.3603,-0.7772
1.0000,-0.3375,-0.7689
1.0000,-0.3352,-0.7810
1.0000,-0.3203,-0.7805
1.0000,-0.2954,-0.7700
1.0000,-0.3167,-0.8056
1.0000,-0.2865,-0.7897
1.0000,-0.2815,-0.7989
1.0000,-0.2617,-0.7933
1.0000,-0.2706,-0.8163
1.0000,-0.2510,-0.8108
1.0000,-0.2295,-0.8033
1.0000,-0.2422,-0.8300
1.0000,-0.2380,-0.8397
1.0000,-0.2052,-0.8207
1.0000,-0.1925,-0.8218
1.0000,-0.2047,-0.8477
1.0000,-0.1662,-0.8228
1.0000,-0.1766,-0.8467
1.0000,-0.1752,-0.8588
1.0000,-0.1590,-0.8560
1.0000,-0.1460,-0.8563
1.0000,-0.1455,-0.8691
1.0000,-0.1160,-0.8527
1.0000,-0.1003,-0.8501
1.0000,-0.1121,-0.8748
1.0000,-0.0962,-0.8718
1.0000,-0.0796,-0.8680
1.0000,-0.0737,-0.8748
1.0000,-0.0523,-0.8659
1.0000,-0.0348,-0.8609
1.0000,-0.0480,-0.8865
1.0000,-0.0315,-0.8823
1.0000,-0.0153,-0.8783
1.0000,0.0078,-0.8672
1.0000,0.0096,-0.8774
1.0000,0.0133,-0.8854
1.0000,0.0229,-0.8875
1.0000,0.0346,-0.8875
1.0000,0.0608,-0.8727
1.0000,0.0636,-0.8813
1.0000,0.0669,-0.8892
1.0000,0.0778,-0.8893
1.0000,0.1126,-0.8656
1.0000,0.0973,-0.8917
1.0000,0.1100,-0.8896
1.0000,0.1262,-0.8840
1.0000,0.1517,-0.8689
1.0000,0.1698,-0.8611
1.0000,0.1589,-0.8821
1.0000,0.1654,-0.8856
1.0000,0.1939,-0.8669
1.0000,0.1886,-0.8820
1.0000,0.1978,-0.8823
1.0000,0.2298,-0.8597
1.0000,0.2437,-0.8550
1.0000,0.2483,-0.8595
1.0000,0.2422,-0.8745
1.0000,0.2758,-0.8497
1.0000,0.2934,-0.8407
1.0000,0.2743,-0.8683
1.0000,0.3147,-0.8361
1.0000,0.3177,-0.8412
1.0000,0.3358,-0.8310
1.0000,0.3177,-0.8569
1.0000,0.3572,-0.8250
1.0000,0.3667,-0.8229
1.0000,0.3613,-0.8356
1.0000,0.3872,-0.8168
1.0000,0.3740,-0.8369
1.0000,0.3823,-0.8352
1.0000,0.4191,-0.8050
1.0000,0.4286,-0.8019
1.0000,0.4284,-0.8082
1.0000,0.4553,-0.7873
1.0000,0.4376,-0.8108
1.0000,0.4584,-0.7957
1.0000,0.4865,-0.7729
1.0000,0.4878,-0.7769
1.0000,0.4934,-0.7764
1.0000,0.5001,-0.7745
1.0000,0.5148,-0.7645
1.0000,0.5309,-0.7528
1.0000,0.5446,-0.7433
1.0000,0.5410,-0.7511
1.0000,0.5581,-0.7378
1.0000,0.5683,-0.7313
1.0000,0.5851,-0.7179
1.0000,0.5832,-0.7232
1.0000,0.5955,-0.7139
1.0000,0.6175,-0.6948
1.0000,0.6163,-0.6986
1.0000,0.6181,-0.6993
1.0000,0.6286,-0.6910
1.0000,0.6301,-0.6915
1.0000,0.6468,-0.6767
1.0000,0.6611,-0.6640
1.0000,0.6543,-0.6722
1.0000,0.6716,-0.6561
1.0000,0.6991,-0.6296
1.0000,0.7058,-0.6237
1.0000,0.7101,-0.6200
1.0000,0.7207,-0.6097
1.0000,0.7325,-0.5980
1.0000,0.7398,-0.5907
1.0000,0.7445,-0.5857
1.0000,0.7502,-0.5796
1.0000,0.7383,-0.5907
1.0000,0.7597,-0.5684
1.0000,0.7541,-0.5729
1.0000,0.7739,-0.5518
1.0000,0.7838,-0.5402
1.0000,0.7794,-0.5429
1.0000,0.8077,-0.5125
1.0000,0.8032,-0.5148
1.0000,0.8213,-0.4943
1.0000,0.8197,-0.4933
1.0000,0.8407,-0.4694
1.0000,0.8339,-0.4731
1.0000,0.8280,-0.4758
1.0000,0.8463,-0.4539
1.0000,0.8514,-0.4451
1.0000,0.8608,-0.4318
1.0000,0.8755,-0.4129
1.0000,0.8806,-0.4034
1.0000,0.8890,-0.3905
1.0000,0.8792,-0.3954
1.0000,0.9036,-0.3660
1.0000,0.9053,-0.3591
1.0000,0.9107,-0.3482
1.0000,0.8934,-0.3599
1.0000,0.9019,-0.3455
1.0000,0.9103,-0.3311
1.0000,0.9260,-0.3091
1.0000,0.9188,-0.3098
1.0000,0.9335,-0.2883
1.0000,0.9522,-0.2627
1.0000,0.9277,-0.2801
1.0000,0.9469,-0.2536
1.0000,0.9338,-0.2591
1.0000,0.9410,-0.2441
1.0000,0.9448,-0.2324
1.0000,0.9586,-0.2104
1.0000,0.9773,-0.1834
1.0000,0.9716,-0.1805
1.0000,0.9583,-0.1850
1.0000,0.9653,-0.1691
1.0000,0.9697,-0.1555
1.0000,0.9805,-0.1353
1.0000,0.9830,-0.1233
1.0000,0.9864,-0.1101
1.0000,0.9725,-0.1140
1.0000,0.9792,-0.0972
1.0000,0.9758,-0.0903
1.0000,0.9975,-0.0580
1.0000,0.9883,-0.0565
1.0000,0.9964,-0.0375
1.0000,0.9871,-0.0357
1.0000,0.9962,-0.0153
1.0000,1.0082,0.0082
2.0000,0.0086,0.0096
2.0000,-0.0104,-0.0084
2.0000,0.0146,0.0177
2.0000,0.0001,0.0043
2.0000,-0.0011,0.0042
2.0000,-0.0054,0.0010
2.0000,-0.0152,-0.0076
2.0000,-0.0058,0.0030
2.0000,-0.0036,0.0064
2.0000,-0.0015,0.0096
2.0000,0.0014,0.0138
2.0000,0.0124,0.0261
2.0000,-0.0123,0.0026
2.0000,-0.0106,0.0056
2.0000,-0.0010,0.0166
2.0000,0.0122,0.0311
2.0000,0.0017,0.0219
2.0000,0.0085,0.0301
2.0000,-0.0071,0.0159
2.0000,0.0064,0.0308
2.0000,-0.0028,0.0230
2.0000,0.0007,0.0279
2.0000,-0.0095,0.0191
2.0000,0.0053,0.0353
2.0000,-0.0136,0.0179
2.0000,-0.0098,0.0232
2.0000,-0.0073,0.0272
2.0000,-0.0031,0.0328
2.0000,0.0049,0.0423
2.0000,-0.0265,0.0125
2.0000,0.0036,0.0440
2.0000,-0.0012,0.0407
2.0000,-0.0112,0.0323
2.0000,-0.0129,0.0322
2.0000,-0.0030,0.0436
2.0000,-0.0200,0.0281
2.0000,-0.0107,0.0389
2.0000,-0.0120,0.0392
2.0000,-0.0165,0.0363
2.0000,-0.0224,0.0319
2.0000,-0.0289,0.0270
2.0000,-0.0198,0.0376
2.0000,-0.0365,0.0225
2.0000,-0.0246,0.0359
2.0000,-0.0311,0.0310
2.0000,-0.0388,0.0249
2.0000,-0.0331,0.0321
2.0000,-0.0430,0.0238
2.0000,-0.0276,0.0407
2.0000,-0.0432,0.0266
2.0000,-0.0172,0.0542
2.0000,-0.0159,0.0570
2.0000,-0.0242,0.0502
2.0000,-0.0458,0.0301
2.0000,-0.0463,0.0311
2.0000,-0.0248,0.0542
2.0000,-0.0516,0.0288
2.0000,-0.0337,0.0482
2.0000,-0.0357,0.0477
2.0000,-0.0351,0.0497
2.0000,-0.0445,0.0417
2.0000,-0.0357,0.0520
2.0000,-0.0412,0.0479
2.0000,-0.0330,0.0575
2.0000,-0.0529,0.0390
2.0000,-0.0513,0.0419
2.0000,-0.0417,0.0529
2.0000,-0.0668,0.0291
2.0000,-0.0419,0.0553
2.0000,-0.0592,0.0394
2.0000,-0.0634,0.0364
2.0000,-0.0439,0.0572
2.0000,-0.0703,0.0320
2.0000,-0.0506,0.0530
2.0000,-0.0647,0.0401
2.0000,-0.0730,0.0330
2.0000,-0.0640,0.0431
2.0000,-0.0739,0.0344
2.0000,-0.0544,0.0550
2.0000,-0.0631,0.0473
2.0000,-0.0723,0.0392
2.0000,-0.0732,0.0393
2.0000,-0.0733,0.0402
2.0000,-0.0866,0.0279
2.0000,-0.0903,0.0252
2.0000,-0.0898,0.0266
2.0000,-0.0761,0.0411
2.0000,-0.0799,0.0382
2.0000,-0.0907,0.0283
2.0000,-0.0832,0.0366
2.0000,-0.0814,0.0392
2.0000,-0.0975,0.0237
2.0000,-0.1011,0.0209
2.0000,-0.0755,0.0472
2.0000,-0.1009,0.0224
2.0000,-0.0962,0.0277
2.0000,-0.1034,0.0211
2.0000,-0.1064,0.0186
2.0000,-0.0941,0.0314
2.0000,-0.0949,0.0311
2.0000,-0.0805,0.0459
2.0000,-0.1034,0.0235
2.0000,-0.1079,0.0193
2.0000,-0.0874,0.0401
2.0000,-0.1001,0.0277
2.0000,-0.0964,0.0317
2.0000,-0.1158,0.0125
2.0000,-0.1147,0.0137
2.0000,-0.1010,0.0276
2.0000,-0.1000,0.0286
2.0000,-0.1112,0.0175
2.0000,-0.1131,0.0156
2.0000,-0.0965,0.0322
2.0000,-0.1211,0.0075
2.0000,-0.1256,0.0029
2.0000,-0.1097,0.0187
2.0000,-0.1040,0.0241
2.0000,-0.1064,0.0215
2.0000,-0.1207,0.0069
2.0000,-0.1099,0.0174
2.0000,-0.1151,0.0118
2.0000,-0.1327,-0.0061
2.0000,-0.1288,-0.0027
2.0000,-0.1187,0.0068
2.0000,-0.1337,-0.0087
2.0000,-0.1384,-0.0140
2.0000,-0.1319,-0.0082
2.0000,-0.1210,0.0021
2.0000,-0.1409,-0.0186
2.0000,-0.1275,-0.0060
2.0000,-0.1204,0.0004
2.0000,-0.1301,-0.0102
2.0000,-0.1178,0.0012
2.0000,-0.1421,-0.0241
2.0000,-0.1330,-0.0160
2.0000,-0.1376,-0.0217
2.0000,-0.1413,-0.0264
2.0000,-0.1219,-0.0081
2.0000,-0.1450,-0.0325
2.0000,-0.1360,-0.0247
2.0000,-0.1447,-0.0347
2.0000,-0.1381,-0.0295
2.0000,-0.1305,-0.0232
2.0000,-0.1435,-0.0377
2.0000,-0.1449,-0.0406
2.0000,-0.1356,-0.0327
2.0000,-0.1392,-0.0379
2.0000,-0.1567,-0.0571
2.0000,-0.1442,-0.0461
2.0000,-0.1460,-0.0497
2.0000,-0.1415,-0.0469
2.0000,-0.1354,-0.0427
2.0000,-0.1533,-0.0624
2.0000,-0.1550,-0.0660
2.0000,-0.1406,-0.0536
2.0000,-0.1383,-0.0532
2.0000,-0.1427,-0.0596
2.0000,-0.1476,-0.0666
2.0000,-0.1500,-0.0711
2.0000,-0.1359,-0.0592
2.0000,-0.1522,-0.0778
2.0000,-0.1601,-0.0880
2.0000,-0.1582,-0.0884
2.0000,-0.1317,-0.0642
2.0000,-0.1416,-0.0765
2.0000,-0.1297,-0.0670
2.0000,-0.1448,-0.0846
2.0000,-0.1337,-0.0760
2.0000,-0.1534,-0.0983
2.0000,-0.1551,-0.1027
2.0000,-0.1431,-0.0933
2.0000,-0.1471,-0.1001
2.0000,-0.1547,-0.1104
2.0000,-0.1315,-0.0899
2.0000,-0.1458,-0.1071
2.0000,-0.1399,-0.1040
2.0000,-0.1266,-0.0937
2.0000,-0.1285,-0.0986
2.0000,-0.1239,-0.0969
2.0000,-0.1529,-0.1289
2.0000,-0.1356,-0.1147
2.0000,-0.1272,-0.1095
2.0000,-0.1482,-0.1336
2.0000,-0.1452,-0.1338
2.0000,-0.1420,-0.1337
2.0000,-0.1354,-0.1305
2.0000,-0.1389,-0.1373
2.0000,-0.1295,-0.1312
2.0000,-0.1207,-0.1257
2.0000,-0.1358,-0.1443
2.0000,-0.1190,-0.1309
2.0000,-0.1136,-0.1289
2.0000,-0.1394,-0.1583
2.0000,-0.1393,-0.1617
2.0000,-0.1244,-0.1504
2.0000,-0.1249,-0.1544
2.0000,-0.1288,-0.1620
2.0000,-0.1131,-0.1500
2.0000,-0.1178,-0.1584
2.0000,-0.1165,-0.1607
2.0000,-0.1086,-0.1566
2.0000,-0.1040,-0.1557
2.0000,-0.1126,-0.1682
2.0000,-0.0982,-0.1576
2.0000,-0.1075,-0.1708
2.0000,-0.0947,-0.1619
2.0000,-0.1021,-0.1732
2.0000,-0.1131,-0.1880
2.0000,-0.1050,-0.1839
2.0000,-0.0973,-0.1801
2.0000,-0.1136,-0.2004
2.0000,-0.1003,-0.1912
2.0000,-0.0837,-0.1786
2.0000,-0.1044,-0.2033
2.0000,-0.0778,-0.1808
2.0000,-0.0799,-0.1869
2.0000,-0.0975,-0.2087
2.0000,-0.0989,-0.2142
2.0000,-0.0847,-0.2041
2.0000,-0.0725,-0.1961
2.0000,-0.0810,-0.2087
2.0000,-0.0788,-0.2107
2.0000,-0.0885,-0.2246
2.0000,-0.0772,-0.2175
2.0000,-0.0775,-0.2220
2.0000,-0.0705,-0.2192
2.0000,-0.0661,-0.2190
2.0000,-0.0769,-0.2340
2.0000,-0.0508,-0.2122
2.0000,-0.0686,-0.2342
2.0000,-0.0630,-0.2328
2.0000,-0.0541,-0.2282
2.0000,-0.0588,-0.2371
2.0000,-0.0365,-0.2191
2.0000,-0.0591,-0.2459
2.0000,-0.0473,-0.2383
2.0000,-0.0342,-0.2295
2.0000,-0.0491,-0.2486
2.0000,-0.0449,-0.2487
2.0000,-0.0412,-0.2493
2.0000,-0.0373,-0.2496
2.0000,-0.0342,-0.2507
2.0000,-0.0219,-0.2427
2.0000,-0.0194,-0.2444
2.0000,-0.0226,-0.2517
2.0000,-0.0241,-0.2574
2.0000,-0.0225,-0.2600
2.0000,-0.0094,-0.2511
2.0000,0.0116,-0.2343
2.0000,-0.0048,-0.2548
2.0000,0.0171,-0.2370
2.0000,-0.0035,-0.2617
2.0000,0.0158,-0.2465
2.0000,0.0079,-0.2585
2.0000,0.0288,-0.2417
2.0000,0.0169,-0.2577
2.0000,0.0203,-0.2583
2.0000,0.0152,-0.2674
2.0000,0.0282,-0.2584
2.0000,0.0420,-0.2485
2.0000,0.0394,-0.2551
2.0000,0.0546,-0.2437
2.0000,0.0543,-0.2480
2.0000,0.0471,-0.2591
2.0000,0.0398,-0.2701
2.0000,0.0496,-0.2642
2.0000,0.0458,-0.2717
2.0000,0.0673,-0.2539
2.0000,0.0514,-0.2736
2.0000,0.0826,-0.2460
2.0000,0.0600,-0.2723
2.0000,0.0860,-0.2499
2.0000,0.0810,-0.2585
2.0000,0.0751,-0.2680
2.0000,0.0850,-0.2615
2.0000,0.0930,-0.2569
2.0000,0.0868,-0.2666
2.0000,0.0988,-0.2579
2.0000,0.0956,-0.2646
2.0000,0.1093,-0.2541
2.0000,0.0986,-0.2680
2.0000,0.1102,-0.2597
2.0000,0.1222,-0.2508
2.0000,0.1047,-0.2714
2.0000,0.1058,-0.2734
2.0000,0.1099,-0.2723
2.0000,0.1286,-0.2566
2.0000,0.1351,-0.2530
2.0000,0.1485,-0.2425
2.0000,0.1380,-0.2558
2.0000,0.1589,-0.2377
2.0000,0.1523,-0.2471
2.0000,0.1504,-0.2516
2.0000,0.1537,-0.2509
2.0000,0.1619,-0.2452
2.0000,0.1734,-0.2362
2.0000,0.1638,-0.2483
2.0000,0.1640,-0.2505
2.0000,0.1675,-0.2492
2.0000,0.1691,-0.2500
2.0000,0.1652,-0.2560
2.0000,0.1703,-0.2531
2.0000,0.2005,-0.2250
2.0000,0.1968,-0.2306
2.0000,0.1884,-0.2411
2.0000,0.1843,-0.2470
2.0000,0.2052,-0.2279
2.0000,0.1908,-0.2441
2.0000,0.1979,-0.2387
2.0000,0.2217,-0.2165
2.0000,0.2296,-0.2101
2.0000,0.2171,-0.2241
2.0000,0.2095,-0.2331
2.0000,0.2229,-0.2210
2.0000,0.2184,-0.2268
2.0000,0.2295,-0.2169
2.0000,0.2292,-0.2184
2.0000,0.2492,-0.1994
2.0000,0.2485,-0.2011
2.0000,0.2565,-0.1940
2.0000,0.2513,-0.2001
2.0000,0.2565,-0.1956
2.0000,0.2651,-0.1877
2.0000,0.2728,-0.1806
2.0000,0.2535,-0.2005
2.0000,0.2806,-0.1738
2.0000,0.2672,-0.1876
2.0000,0.2611,-0.1940
2.0000,0.2759,-0.1794
2.0000,0.2936,-0.1618
2.0000,0.2758,-0.1798
2.0000,0.2762,-0.1793
2.0000,0.2728,-0.1826
2.0000,0.3024,-0.1528
2.0000,0.2996,-0.1554
2.0000,0.2902,-0.1644
2.0000,0.2887,-0.1654
2.0000,0.3095,-0.1442
2.0000,0.2898,-0.1632
2.0000,0.2941,-0.1583
2.0000,0.3032,-0.1484
2.0000,0.2981,-0.1527
2.0000,0.3310,-0.1189
2.0000,0.3176,-0.1313
2.0000,0.3292,-0.1186
2.0000,0.3222,-0.1244
2.0000,0.3219,-0.1234
2.0000,0.3236,-0.1204
2.0000,0.3222,-0.1204
2.0000,0.3190,-0.1220
2.0000,0.3388,-0.1006
2.0000,0.3449,-0.0929
2.0000,0.3510,-0.0849
2.0000,0.3525,-0.0816
2.0000,0.3529,-0.0792
2.0000,0.3607,-0.0694
2.0000,0.3632,-0.0648
2.0000,0.3626,-0.0631
2.0000,0.3506,-0.0729
2.0000,0.3554,-0.0657
2.0000,0.3604,-0.0582
2.0000,0.3635,-0.0526
2.0000,0.3573,-0.0561
2.0000,0.3737,-0.0370
2.0000,0.3732,-0.0346
2.0000,0.3690,-0.0359
2.0000,0.3755,-0.0265
2.0000,0.3560,-0.0429
2.0000,0.3781,-0.0177
2.0000,0.3735,-0.0190
2.0000,0.3741,-0.0150
2.0000,0.3640,-0.0218
2.0000,0.3765,-0.0058
2.0000,0.3777,-0.0010
2.0000,0.3635,-0.0115
2.0000,0.3806,0.0094
2.0000,0.3637,-0.0037
2.0000,0.3721,0.0086
2.0000,0.3881,0.0286
2.0000,0.3939,0.0385
2.0000,0.3677,0.0165
2.0000,0.3746,0.0276
2.0000,0.3970,0.0543
2.0000,0.3877,0.0494
2.0000,0.3922,0.0585
2.0000,0.3841,0.0550
2.0000,0.3833,0.0588
2.0000,0.3976,0.0779
2.0000,0.3916,0.0766
2.0000,0.3779,0.0679
2.0000,0.3822,0.0771
2.0000,0.3907,0.0907
2.0000,0.3677,0.0728
2.0000,0.3788,0.0891
2.0000,0.3774,0.0930
2.0000,0.3690,0.0900
2.0000,0.3738,0.1002
2.0000,0.3947,0.1266
2.0000,0.3808,0.1183
2.0000,0.3901,0.1333
2.0000,0.3739,0.1228
2.0000,0.3943,0.1490
2.0000,0.3625,0.1231
2.0000,0.3907,0.1572
2.0000,0.3905,0.1630
2.0000,0.3620,0.1406
2.0000,0.3875,0.1723
2.0000,0.3733,0.1643
2.0000,0.3573,0.1546
2.0000,0.3649,0.1685
2.0000,0.3716,0.1816
2.0000,0.3529,0.1694
2.0000,0.3800,0.2030
2.0000,0.3689,0.1985
2.0000,0.3632,0.1994
2.0000,0.3488,0.1918
2.0000,0.3507,0.2005
2.0000,0.3447,0.2012
2.0000,0.3593,0.2228
2.0000,0.3439,0.2143
2.0000,0.3584,0.2358
2.0000,0.3506,0.2351
2.0000,0.3550,0.2466
2.0000,0.3593,0.2580
2.0000,0.3415,0.2475
2.0000,0.3338,0.2471
2.0000,0.3351,0.2557
2.0000,0.3467,0.2746
2.0000,0.3303,0.2656
2.0000,0.3271,0.2699
2.0000,0.3265,0.2768
2.0000,0.3158,0.2736
2.0000,0.3143,0.2797
2.0000,0.3118,0.2848
2.0000,0.3024,0.2831
2.0000,0.3260,0.3144
2.0000,0.2977,0.2938
2.0000,0.3218,0.3257
2.0000,0.3044,0.3161
2.0000,0.3078,0.3273
2.0000,0.3004,0.3278
2.0000,0.2879,0.3232
2.0000,0.2829,0.3262
2.0000,0.2990,0.3502
2.0000,0.2993,0.3585
2.0000,0.2641,0.3314
2.0000,0.2732,0.3485
2.0000,0.2692,0.3526
2.0000,0.2535,0.3449
2.0000,0.2723,0.3718
2.0000,0.2757,0.3834
2.0000,0.2445,0.3603
2.0000,0.2597,0.3837
2.0000,0.2337,0.3659
2.0000,0.2382,0.3786
2.0000,0.2394,0.3880
2.0000,0.2250,0.3818
2.0000,0.2329,0.3979
2.0000,0.2139,0.3871
2.0000,0.2269,0.4084
2.0000,0.2308,0.4205
2.0000,0.2145,0.4125
2.0000,0.2184,0.4246
2.0000,0.2118,0.4263
2.0000,0.1883,0.4111
2.0000,0.2003,0.4313
2.0000,0.1798,0.4191
2.0000,0.1740,0.4215
2.0000,0.1789,0.4346
2.0000,0.1622,0.4261
2.0000,0.1566,0.4288
2.0000,0.1766,0.4570
2.0000,0.1641,0.4527
2.0000,0.1619,0.4587
2.0000,0.1439,0.4489
2.0000,0.1375,0.4506
2.0000,0.1211,0.4423
2.0000,0.1306,0.4600
2.0000,0.1398,0.4773
2.0000,0.1229,0.4685
2.0000,0.1185,0.4721
2.0000,0.1073,0.4690
2.0000,0.1182,0.4879
2.0000,0.1064,0.4840
2.0000,0.0808,0.4664
2.0000,0.0871,0.4805
2.0000,0.0838,0.4851
2.0000,0.0826,0.4917
2.0000,0.0581,0.4751
2.0000,0.0670,0.4917
2.0000,0.0571,0.4895
2.0000,0.0559,0.4960
2.0000,0.0518,0.4996
2.0000,0.0253,0.4807
2.0000,0.0439,0.5068
2.0000,0.0359,0.5064
2.0000,0.0323,0.5102
2.0000,0.0142,0.4995
2.0000,-0.0017,0.4910
2.0000,0.0019,0.5019
2.0000,-0.0019,0.5053
2.0000,0.0010,0.5154
2.0000,-0.0165,0.5051
2.0000,-0.0255,0.5032
2.0000,-0.0222,0.5135
2.0000,-0.0253,0.5174
2.0000,-0.0376,0.5120
2.0000,-0.0661,0.4904
2.0000,-0.0675,0.4957
2.0000,-0.0485,0.5214
2.0000,-0.0606,0.5159
2.0000,-0.0810,0.5021
2.0000,-0.0912,0.4984
2.0000,-0.1011,0.4949
2.0000,-0.0963,0.5061
2.0000,-0.0889,0.5197
2.0000,-0.1076,0.5073
2.0000,-0.1243,0.4967
2.0000,-0.1353,0.4917
2.0000,-0.1314,0.5016
2.0000,-0.1422,0.4967
2.0000,-0.1351,0.5095
2.0000,-0.1468,0.5036
2.0000,-0.1597,0.4963
2.0000,-0.1610,0.5005
2.0000,-0.1662,0.5008
2.0000,-0.1779,0.4944
2.0000,-0.1800,0.4977
2.0000,-0.1875,0.4953
2.0000,-0.2056,0.4822
2.0000,-0.1990,0.4939
2.0000,-0.1987,0.4991
2.0000,-0.1991,0.5035
2.0000,-0.2076,0.4996
2.0000,-0.2255,0.4864
2.0000,-0.2355,0.4809
2.0000,-0.2477,0.4731
2.0000,-0.2382,0.4869
2.0000,-0.2629,0.4664
2.0000,-0.2533,0.4801
2.0000,-0.2706,0.4667
2.0000,-0.2856,0.4556
2.0000,-0.2678,0.4772
2.0000,-0.2872,0.4615
2.0000,-0.2928,0.4593
2.0000,-0.2997,0.4560
2.0000,-0.3172,0.4418
2.0000,-0.3267,0.4354
2.0000,-0.3269,0.4383
2.0000,-0.3362,0.4320
2.0000,-0.3143,0.4568
2.0000,-0.3354,0.4385
2.0000,-0.3562,0.4203
2.0000,-0.3375,0.4415
2.0000,-0.3643,0.4171
2.0000,-0.3563,0.4274
2.0000,-0.3671,0.4188
2.0000,-0.3643,0.4236
2.0000,-0.3831,0.4066
2.0000,-0.3883,0.4032
2.0000,-0.3737,0.4195
2.0000,-0.4039,0.3909
2.0000,-0.3918,0.4044
2.0000,-0.4105,0.3870
2.0000,-0.4198,0.3788
2.0000,-0.4031,0.3966
2.0000,-0.4115,0.3890
2.0000,-0.4303,0.3710
2.0000,-0.4380,0.3640
2.0000,-0.4274,0.3751
2.0000,-0.4473,0.3556
2.0000,-0.4633,0.3398
2.0000,-0.4698,0.3335
2.0000,-0.4598,0.3435
2.0000,-0.4747,0.3285
2.0000,-0.4846,0.3183
2.0000,-0.4816,0.3209
2.0000,-0.4716,0.3304
2.0000,-0.4822,0.3191
2.0000,-0.4826,0.3178
2.0000,-0.4977,0.3019
2.0000,-0.4932,0.3053
2.0000,-0.5165,0.2808
2.0000,-0.5094,0.2866
2.0000,-0.5257,0.2688
2.0000,-0.5048,0.2880
2.0000,-0.5130,0.2781
2.0000,-0.5186,0.2706
2.0000,-0.5191,0.2681
2.0000,-0.5297,0.2554
2.0000,-0.5298,0.2529
2.0000,-0.5483,0.2320
2.0000,-0.5308,0.2469
2.0000,-0.5491,0.2260
2.0000,-0.5406,0.2317
2.0000,-0.5502,0.2191
2.0000,-0.5498,0.2164
2.0000,-0.5607,0.2023
2.0000,-0.5627,0.1968
2.0000,-0.5721,0.1839
2.0000,-0.5872,0.1652
2.0000,-0.5843,0.1644
2.0000,-0.5936,0.1511
2.0000,-0.5883,0.1523
2.0000,-0.5860,0.1504
2.0000,-0.5825,0.1496
2.0000,-0.5983,0.1293
2.0000,-0.5874,0.1357
2.0000,-0.5882,0.1302
2.0000,-0.5864,0.1271
2.0000,-0.5928,0.1157
2.0000,-0.5925,0.1109
2.0000,-0.6137,0.0844
2.0000,-0.6137,0.0790
2.0000,-0.6105,0.0767
2.0000,-0.6155,0.0661
2.0000,-0.6219,0.0539
2.0000,-0.6029,0.0670
2.0000,-0.6174,0.0464
2.0000,-0.6267,0.0310
2.0000,-0.6153,0.0361
2.0000,-0.6131,0.0319
2.0000,-0.6223,0.0161
2.0000,-0.6301,0.0017
2.0000,-0.6104,0.0146
2.0000,-0.6161,0.0020
2.0000,-0.6214,-0.0104
2.0000,-0.6313,-0.0275
2.0000,-0.6406,-0.0440
2.0000,-0.6247,-0.0355
2.0000,-0.6257,-0.0440
2.0000,-0.6237,-0.0496
2.0000,-0.6406,-0.0743
2.0000,-0.6357,-0.0773
2.0000,-0.6238,-0.0734
2.0000,-0.6315,-0.0892
2.0000,-0.6204,-0.0863
2.0000,-0.6161,-0.0904
2.0000,-0.6341,-0.1168
2.0000,-0.6258,-0.1171
2.0000,-0.6297,-0.1296
2.0000,-0.6427,-0.1514
2.0000,-0.6366,-0.1541
2.0000,-0.6304,-0.1570
2.0000,-0.6172,-0.1529
2.0000,-0.6257,-0.1706
2.0000,-0.6280,-0.1822
2.0000,-0.6123,-0.1759
2.0000,-0.6144,-0.1874
2.0000,-0.6095,-0.1922
2.0000,-0.6030,-0.1953
2.0000,-0.6300,-0.2321
2.0000,-0.6051,-0.2171
2.0000,-0.6162,-0.2382
2.0000,-0.6115,-0.2436
2.0000,-0.5967,-0.2390
2.0000,-0.6061,-0.2586
2.0000,-0.6019,-0.2648
2.0000,-0.5868,-0.2601
2.0000,-0.5866,-0.2704
2.0000,-0.5936,-0.2880
2.0000,-0.6025,-0.3076
2.0000,-0.5981,-0.3140
2.0000,-0.5773,-0.3040
2.0000,-0.5899,-0.3275
2.0000,-0.5648,-0.3134
2.0000,-0.5767,-0.3363
2.0000,-0.5686,-0.3394
2.0000,-0.5552,-0.3373
2.0000,-0.5764,-0.3697
2.0000,-0.5515,-0.3562
2.0000,-0.5700,-0.3860
2.0000,-0.5402,-0.3677
2.0000,-0.5549,-0.3940
2.0000,-0.5457,-0.3964
2.0000,-0.5309,-0.3932
2.0000,-0.5361,-0.4102
2.0000,-0.5327,-0.4185
2.0000,-0.5414,-0.4390
2.0000,-0.5267,-0.4362
2.0000,-0.5138,-0.4352
2.0000,-0.5048,-0.4382
2.0000,-0.4939,-0.4393
2.0000,-0.5092,-0.4667
2.0000,-0.5100,-0.4796
2.0000,-0.5032,-0.4849
2.0000,-0.4852,-0.4791
2.0000,-0.4736,-0.4797
2.0000,-0.4707,-0.4890
2.0000,-0.4573,-0.4879
2.0000,-0.4629,-0.5059
2.0000,-0.4684,-0.5237
2.0000,-0.4587,-0.5264
2.0000,-0.4436,-0.5237
2.0000,-0.4501,-0.5426
2.0000,-0.4442,-0.5491
2.0000,-0.4198,-0.5372
2.0000,-0.4282,-0.5581
2.0000,-0.4099,-0.5523
2.0000,-0.4057,-0.5606
2.0000,-0.3896,-0.5570
2.0000,-0.4126,-0.5925
2.0000,-0.3956,-0.5880
2.0000,-0.3705,-0.5755
2.0000,-0.3910,-0.6085
2.0000,-0.3659,-0.5960
2.0000,-0.3549,-0.5974
2.0000,-0.3430,-0.5980
2.0000,-0.3608,-0.6285
2.0000,-0.3494,-0.6296
2.0000,-0.3303,-0.6229
2.0000,-0.3134,-0.6185
2.0000,-0.3080,-0.6256
2.0000,-0.2975,-0.6276
2.0000,-0.3173,-0.6598
2.0000,-0.3009,-0.6559
2.0000,-0.2876,-0.6549
2.0000,-0.2888,-0.6685
2.0000,-0.2584,-0.6505
2.0000,-0.2508,-0.6552
2.0000,-0.2529,-0.6696
2.0000,-0.2411,-0.6700
2.0000,-0.2524,-0.6936
2.0000,-0.2244,-0.6777
2.0000,-0.2153,-0.6808
2.0000,-0.2111,-0.6886
2.0000,-0.2156,-0.7053
2.0000,-0.1910,-0.6927
2.0000,-0.1820,-0.6956
2.0000,-0.1759,-0.7015
2.0000,-0.1738,-0.7111
2.0000,-0.1581,-0.7072
2.0000,-0.1659,-0.7269
2.0000,-0.1393,-0.7120
2.0000,-0.1502,-0.7345
2.0000,-0.1349,-0.7307
2.0000,-0.1152,-0.7225
2.0000,-0.1157,-0.7344
2.0000,-0.0908,-0.7209
2.0000,-0.1020,-0.7434
2.0000,-0.0795,-0.7321
2.0000,-0.0589,-0.7227
2.0000,-0.0698,-0.7446
2.0000,-0.0511,-0.7369
2.0000,-0.0393,-0.7361
2.0000,-0.0347,-0.7423
2.0000,-0.0405,-0.7588
2.0000,-0.0146,-0.7436
2.0000,0.0040,-0.7356
2.0000,0.0152,-0.7348
2.0000,0.0100,-0.7503
2.0000,0.0168,-0.7538
2.0000,0.0175,-0.7634
2.0000,0.0468,-0.7441
2.0000,0.0627,-0.7383
2.0000,0.0661,-0.7447
2.0000,0.0639,-0.7567
2.0000,0.0619,-0.7684
2.0000,0.0965,-0.7433
2.0000,0.0875,-0.7617
2.0000,0.1170,-0.7416
2.0000,0.1152,-0.7526
2.0000,0.1386,-0.7384
2.0000,0.1308,-0.7551
2.0000,0.1539,-0.7409
2.0000,0.1557,-0.7478
2.0000,0.1733,-0.7389
2.0000,0.1804,-0.7403
2.0000,0.1788,-0.7503
2.0000,0.2025,-0.7348
2.0000,0.2090,-0.7364
2.0000,0.2062,-0.7472
2.0000,0.2210,-0.7403
2.0000,0.2458,-0.7232
2.0000,0.2427,-0.7338
2.0000,0.2460,-0.7380
2.0000,0.2657,-0.7256
2.0000,0.2816,-0.7168
2.0000,0.2632,-0.7423
2.0000,0.2797,-0.7326
2.0000,0.2852,-0.7339
2.0000,0.2945,-0.7311
2.0000,0.3198,-0.7123
2.0000,0.3313,-0.7071
2.0000,0.3493,-0.6952
2.0000,0.3425,-0.7081
2.0000,0.3666,-0.6898
2.0000,0.3742,-0.6878
2.0000,0.3585,-0.7090
2.0000,0.3698,-0.7031
2.0000,0.3963,-0.6818
2.0000,0.4132,-0.6699
2.0000,0.4217,-0.6663
2.0000,0.4144,-0.6783
2.0000,0.4162,-0.6810
2.0000,0.4244,-0.6772
2.0000,0.4486,-0.6572
2.0000,0.4372,-0.6727
2.0000,0.4652,-0.6485
2.0000,0.4663,-0.6512
2.0000,0.4743,-0.6466
2.0000,0.4739,-0.6504
2.0000,0.4916,-0.6360
2.0000,0.4929,-0.6376
2.0000,0.5000,-0.6334
2.0000,0.5143,-0.6218
2.0000,0.5222,-0.6164
2.0000,0.5520,-0.5888
2.0000,0.5493,-0.5937
2.0000,0.5570,-0.5880
2.0000,0.5655,-0.5812
2.0000,0.5711,-0.5772
2.0000,0.5652,-0.5845
2.0000,0.5725,-0.5785
2.0000,0.5817,-0.5704
2.0000,0.6040,-0.5489
2.0000,0.6034,-0.5502
2.0000,0.6178,-0.5363
2.0000,0.6238,-0.5306
2.0000,0.6388,-0.5157
2.0000,0.6374,-0.5170
2.0000,0.6389,-0.5153
2.0000,0.6587,-0.4951
2.0000,0.6535,-0.4997
2.0000,0.6551,-0.4972
2.0000,0.6718,-0.4796
2.0000,0.6869,-0.4633
2.0000,0.7008,-0.4480
2.0000,0.6881,-0.4591
2.0000,0.6930,-0.4525
2.0000,0.7177,-0.4259
2.0000,0.7017,-0.4398
2.0000,0.7085,-0.4307
2.0000,0.7258,-0.4109
2.0000,0.7188,-0.4152
2.0000,0.7324,-0.3987
2.0000,0.7584,-0.3696
2.0000,0.7442,-0.3806
2.0000,0.7436,-0.3777
2.0000,0.7661,-0.3516
2.0000,0.7528,-0.3611
2.0000,0.7741,-0.3358
2.0000,0.7605,-0.3452
2.0000,0.7807,-0.3206
2.0000,0.7794,-0.3173
2.0000,0.7754,-0.3165
2.0000,0.8067,-0.2803
2.0000,0.7926,-0.2893
2.0000,0.8065,-0.2701
2.0000,0.8020,-0.2691
2.0000,0.8268,-0.2386
2.0000,0.8133,-0.2462
2.0000,0.8080,-0.2455
2.0000,0.8212,-0.2260
2.0000,0.8361,-0.2047
2.0000,0.8387,-0.1954
2.0000,0.8294,-0.1980
2.0000,0.8272,-0.1932
2.0000,0.8259,-0.1874
2.0000,0.8291,-0.1768
2.0000,0.8398,-0.1586
2.0000,0.8393,-0.1514
2.0000,0.8643,-0.1185
2.0000,0.8474,-0.1274
2.0000,0.8579,-0.1087
2.0000,0.8488,-0.1094
2.0000,0.8496,-0.1000
2.0000,0.8583,-0.0826
2.0000,0.8573,-0.0746
2.0000,0.8774,-0.0455
2.0000,0.8710,-0.0427
2.0000,0.8770,-0.0273
2.0000,0.8875,-0.0072
2.0000,0.8654,-0.0195
2.0000,0.8834,0.0084
2.0000,0.8918,0.0268
2.0000,0.8793,0.0246
2.0000,0.8652,0.0209
2.0000,0.8823,0.0486
2.0000,0.8701,0.0471
2.0000,0.8642,0.0521
2.0000,0.8675,0.0664
2.0000,0.8768,0.0868
2.0000,0.8754,0.0968
2.0000,0.8851,0.1180
2.0000,0.8793,0.1238
2.0000,0.8742,0.1305
2.0000,0.8640,0.1322
2.0000,0.8862,0.1665
2.0000,0.8662,0.1587
2.0000,0.8644,0.1693
2.0000,0.8628,0.1801
2.0000,0.8622,0.1922
2.0000,0.8767,0.2195
2.0000,0.8678,0.2235
2.0000,0.8671,0.2358
2.0000,0.8748,0.2567
2.0000,0.8504,0.2456
2.0000,0.8625,0.2711
2.0000,0.8640,0.2862
2.0000,0.8631,0.2990
2.0000,0.8516,0.3013
2.0000,0.8493,0.3128
2.0000,0.8552,0.3328
2.0000,0.8395,0.3312
2.0000,0.8262,0.3322
2.0000,0.8473,0.3676
2.0000,0.8329,0.3677
2.0000,0.8187,0.3680
2.0000,0.8100,0.3740
2.0000,0.8050,0.3838
2.0000,0.8066,0.4003
2.0000,0.8122,0.4210
2.0000,0.8211,0.4450
2.0000,0.8117,0.4507
2.0000,0.7962,0.4505
2.0000,0.7911,0.4607
2.0000,0.7919,0.4769
2.0000,0.7679,0.4685
2.0000,0.7787,0.4949
2.0000,0.7718,0.5037
2.0000,0.7539,0.5016
2.0000,0.7540,0.5175
2.0000,0.7404,0.5198
2.0000,0.7417,0.5370
2.0000,0.7494,0.5608
2.0000,0.7421,0.5696
2.0000,0.7406,0.5843
2.0000,0.7145,0.5744
2.0000,0.7164,0.5927
2.0000,0.7126,0.6051
2.0000,0.7109,0.6199
2.0000,0.7017,0.6271
2.0000,0.6854,0.6273
2.0000,0.6874,0.6459
2.0000,0.6641,0.6391
2.0000,0.6539,0.6456
2.0000,0.6585,0.6669
2.0000,0.6504,0.6755
2.0000,0.6585,0.7002
2.0000,0.6500,0.7085
2.0000,0.6117,0.6870
2.0000,0.6349,0.7270
2.0000,0.6008,0.7097
2.0000,0.5941,0.7198
2.0000,0.5788,0.7214
2.0000,0.5740,0.7335
2.0000,0.5734,0.7498
2.0000,0.5535,0.7468
2.0000,0.5543,0.7645
2.0000,0.5628,0.7899
2.0000,0.5544,0.7984
2.0000,0.5247,0.7855
2.0000,0.5252,0.8029
2.0000,0.5046,0.7993
2.0000,0.5025,0.8140
2.0000,0.5017,0.8300
2.0000,0.4897,0.8348
2.0000,0.4718,0.8338
2.0000,0.4716,0.8504
2.0000,0.4465,0.8420
2.0000,0.4487,0.8610
2.0000,0.4333,0.8623
2.0000,0.4293,0.8749
2.0000,0.4054,0.8677
2.0000,0.4038,0.8827
2.0000,0.3940,0.8894
2.0000,0.3822,0.8941
2.0000,0.3547,0.8831
2.0000,0.3559,0.9007
2.0000,0.3604,0.9216
2.0000,0.3375,0.9149
2.0000,0.3174,0.9111
2.0000,0.3113,0.9212
2.0000,0.3035,0.9295
2.0000,0.2819,0.9239
2.0000,0.2710,0.9290
2.0000,0.2635,0.9374
2.0000,0.2501,0.9399
2.0000,0.2423,0.9478
2.0000,0.2356,0.9568
2.0000,0.2175,0.9543
2.0000,0.2087,0.9610
2.0000,0.1903,0.9580
2.0000,0.1707,0.9537
2.0000,0.1784,0.9766
2.0000,0.1544,0.9678
2.0000,0.1615,0.9899
2.0000,0.1356,0.9789
2.0000,0.1148,0.9729
2.0000,0.1171,0.9899
2.0000,0.0997,0.9871
2.0000,0.0752,0.9771
2.0000,0.0691,0.9854
2.0000,0.0710,1.0015
2.0000,0.0643,1.0090
2.0000,0.0296,0.9883
2.0000,0.0328,1.0054
2.0000,0.0090,0.9954
2.0000,-0.0060,0.9940
3.0000,0.0147,0.0156
3.0000,-0.0023,-0.0003
3.0000,-0.0163,-0.0134
3.0000,-0.0123,-0.0085
3.0000,0.0044,0.0091
3.0000,0.0014,0.0069
3.0000,-0.0045,0.0019
3.0000,-0.0236,-0.0164
3.0000,-0.0183,-0.0104
3.0000,-0.0170,-0.0084
3.0000,0.0012,0.0106
3.0000,-0.0228,-0.0128
3.0000,-0.0095,0.0012
3.0000,-0.0046,0.0067
3.0000,-0.0057,0.0063
3.0000,-0.0232,-0.0107
3.0000,-0.0304,-0.0174
3.0000,-0.0267,-0.0132
3.0000,-0.0043,0.0097
3.0000,-0.0113,0.0031
3.0000,-0.0332,-0.0184
3.0000,-0.0096,0.0056
3.0000,-0.0339,-0.0184
3.0000,-0.0145,0.0013
3.0000,-0.0259,-0.0099
3.0000,-0.0178,-0.0015
3.0000,-0.0249,-0.0084
3.0000,-0.0282,-0.0116
3.0000,-0.0270,-0.0102
3.0000,-0.0370,-0.0202
3.0000,-0.0423,-0.0254
3.0000,-0.0229,-0.0060
3.0000,-0.0443,-0.0274
3.0000,-0.0401,-0.0233
3.0000,-0.0409,-0.0242
3.0000,-0.0220,-0.0054
3.0000,-0.0198,-0.0033
3.0000,-0.0325,-0.0162
3.0000,-0.0222,-0.0061
3.0000,-0.0298,-0.0141
3.0000,-0.0490,-0.0335
3.0000,-0.0459,-0.0308
3.0000,-0.0440,-0.0293
3.0000,-0.0427,-0.0283
3.0000,-0.0336,-0.0197
3.0000,-0.0441,-0.0307
3.0000,-0.0484,-0.0355
3.0000,-0.0534,-0.0411
3.0000,-0.0389,-0.0272
3.0000,-0.0294,-0.0183
3.0000,-0.0313,-0.0209
3.0000,-0.0519,-0.0422
3.0000,-0.0342,-0.0253
3.0000,-0.0479,-0.0398
3.0000,-0.0285,-0.0211
3.0000,-0.0579,-0.0514
3.0000,-0.0289,-0.0233
3.0000,-0.0373,-0.0327
3.0000,-0.0540,-0.0503
3.0000,-0.0575,-0.0548
3.0000,-0.0328,-0.0311
3.0000,-0.0377,-0.0371
3.0000,-0.0338,-0.0343
3.0000,-0.0565,-0.0582
3.0000,-0.0536,-0.0565
3.0000,-0.0458,-0.0499
3.0000,-0.0349,-0.0402
3.0000,-0.0568,-0.0634
3.0000,-0.0583,-0.0662
3.0000,-0.0500,-0.0593
3.0000,-0.0368,-0.0475
3.0000,-0.0498,-0.0620
3.0000,-0.0416,-0.0552
3.0000,-0.0322,-0.0472
3.0000,-0.0389,-0.0555
3.0000,-0.0351,-0.0533
3.0000,-0.0334,-0.0532
3.0000,-0.0468,-0.0681
3.0000,-0.0478,-0.0708
3.0000,-0.0475,-0.0721
3.0000,-0.0380,-0.0643
3.0000,-0.0397,-0.0678
3.0000,-0.0355,-0.0654
3.0000,-0.0321,-0.0638
3.0000,-0.0554,-0.0889
3.0000,-0.0546,-0.0900
3.0000,-0.0278,-0.0651
3.0000,-0.0508,-0.0900
3.0000,-0.0514,-0.0925
3.0000,-0.0395,-0.0826
3.0000,-0.0404,-0.0855
3.0000,-0.0343,-0.0814
3.0000,-0.0245,-0.0737
3.0000,-0.0261,-0.0773
3.0000,-0.0440,-0.0973
3.0000,-0.0356,-0.0911
3.0000,-0.0382,-0.0958
3.0000,-0.0199,-0.0797
3.0000,-0.0279,-0.0898
3.0000,-0.0157,-0.0799
3.0000,-0.0276,-0.0940
3.0000,-0.0320,-0.1007
3.0000,-0.0183,-0.0893
3.0000,-0.0187,-0.0920
3.0000,-0.0140,-0.0896
3.0000,-0.0371,-0.1150
3.0000,-0.0344,-0.1147
3.0000,-0.0234,-0.1061
3.0000,-0.0130,-0.0981
3.0000,-0.0091,-0.0965
3.0000,-0.0176,-0.1075
3.0000,-0.0061,-0.0984
3.0000,-0.0240,-0.1187
3.0000,-0.0226,-0.1198
3.0000,-0.0090,-0.1087
3.0000,-0.0148,-0.1169
3.0000,0.0001,-0.1046
3.0000,-0.0015,-0.1087
3.0000,-0.0111,-0.1208
3.0000,0.0062,-0.1061
3.0000,-0.0205,-0.1352
3.0000,0.0036,-0.1137
3.0000,-0.0024,-0.1223
3.0000,-0.0049,-0.1274
3.0000,0.0016,-0.1234
3.0000,-0.0120,-0.1396
3.0000,0.0031,-0.1271
3.0000,-0.0014,-0.1341
3.0000,-0.0045,-0.1398
3.0000,0.0143,-0.1236
3.0000,0.0034,-0.1371
3.0000,0.0087,-0.1344
3.0000,0.0217,-0.1240
3.0000,0.0180,-0.1303
3.0000,0.0261,-0.1247
3.0000,0.0071,-0.1463
3.0000,0.0309,-0.1252
3.0000,0.0331,-0.1255
3.0000,0.0305,-0.1306
3.0000,0.0387,-0.1251
3.0000,0.0297,-0.1366
3.0000,0.0444,-0.1245
3.0000,0.0367,-0.1348
3.0000,0.0453,-0.1287
3.0000,0.0311,-0.1454
3.0000,0.0298,-0.1493
3.0000,0.0546,-0.1269
3.0000,0.0353,-0.1488
3.0000,0.0535,-0.1330
3.0000,0.0616,-0.1274
3.0000,0.0622,-0.1293
3.0000,0.0566,-0.1373
3.0000,0.0570,-0.1393
3.0000,0.0607,-0.1381
3.0000,0.0519,-0.1492
3.0000,0.0746,-0.1290
3.0000,0.0759,-0.1300
3.0000,0.0553,-0.1530
3.0000,0.0511,-0.1595
3.0000,0.0747,-0.1382
3.0000,0.0552,-0.1600
3.0000,0.0630,-0.1545
3.0000,0.0752,-0.1445
3.0000,0.0855,-0.1364
3.0000,0.0940,-0.1300
3.0000,0.0740,-0.1522
3.0000,0.0805,-0.1479
3.0000,0.0966,-0.1339
3.0000,0.0897,-0.1428
3.0000,0.0996,-0.1351
3.0000,0.0818,-0.1549
3.0000,0.1041,-0.1345
3.0000,0.1079,-0.1327
3.0000,0.0905,-0.1520
3.0000,0.0983,-0.1461
3.0000,0.0965,-0.1498
3.0000,0.1232,-0.1250
3.0000,0.0993,-0.1507
3.0000,0.1235,-0.1282
3.0000,0.1246,-0.1288
3.0000,0.1095,-0.1457
3.0000,0.1155,-0.1412
3.0000,0.1275,-0.1309
3.0000,0.1084,-0.1515
3.0000,0.1299,-0.1316
3.0000,0.1387,-0.1243
3.0000,0.1386,-0.1258
3.0000,0.1378,-0.1280
3.0000,0.1308,-0.1364
3.0000,0.1301,-0.1384
3.0000,0.1253,-0.1445
3.0000,0.1418,-0.1292
3.0000,0.1303,-0.1420
3.0000,0.1569,-0.1166
3.0000,0.1344,-0.1401
3.0000,0.1490,-0.1266
3.0000,0.1707,-0.1060
3.0000,0.1424,-0.1352
3.0000,0.1509,-0.1276
3.0000,0.1591,-0.1202
3.0000,0.1716,-0.1086
3.0000,0.1782,-0.1028
3.0000,0.1702,-0.1115
3.0000,0.1862,-0.0961
3.0000,0.1619,-0.1210
3.0000,0.1616,-0.1219
3.0000,0.1715,-0.1125
3.0000,0.1653,-0.1191
3.0000,0.1815,-0.1034
3.0000,0.1899,-0.0953
3.0000,0.1990,-0.0865
3.0000,0.1773,-0.1085
3.0000,0.1973,-0.0886
3.0000,0.1894,-0.0966
3.0000,0.1804,-0.1057
3.0000,0.1955,-0.0906
3.0000,0.2110,-0.0751
3.0000,0.1983,-0.0877
3.0000,0.1938,-0.0919
3.0000,0.2013,-0.0842
3.0000,0.2033,-0.0820
3.0000,0.2004,-0.0845
3.0000,0.2001,-0.0844
3.0000,0.1996,-0.0844
3.0000,0.2273,-0.0562
3.0000,0.2064,-0.0766
3.0000,0.2301,-0.0522
3.0000,0.2175,-0.0641
3.0000,0.2215,-0.0593
3.0000,0.2263,-0.0537
3.0000,0.2288,-0.0503
3.0000,0.2112,-0.0669
3.0000,0.2329,-0.0442
3.0000,0.2167,-0.0594
3.0000,0.2398,-0.0351
3.0000,0.2173,-0.0564
3.0000,0.2254,-0.0470
3.0000,0.2498,-0.0212
3.0000,0.2276,-0.0420
3.0000,0.2352,-0.0330
3.0000,0.2312,-0.0355
3.0000,0.2535,-0.0116
3.0000,0.2548,-0.0086
3.0000,0.2512,-0.0105
3.0000,0.2515,-0.0084
3.0000,0.2590,0.0009
3.0000,0.2627,0.0066
3.0000,0.2451,-0.0090
3.0000,0.2575,0.0054
3.0000,0.2522,0.0022
3.0000,0.2587,0.0109
3.0000,0.2673,0.0217
3.0000,0.2566,0.0134
3.0000,0.2542,0.0133
3.0000,0.2626,0.0241
3.0000,0.2653,0.0293
3.0000,0.2416,0.0081
3.0000,0.2669,0.0361
3.0000,0.2725,0.0444
3.0000,0.2727,0.0473
3.0000,0.2615,0.0389
3.0000,0.2513,0.0316
3.0000,0.2697,0.0530
3.0000,0.2590,0.0452
3.0000,0.2473,0.0367
3.0000,0.2749,0.0673
3.0000,0.2554,0.0511
3.0000,0.2589,0.0579
3.0000,0.2759,0.0782
3.0000,0.2687,0.0743
3.0000,0.2538,0.0629
3.0000,0.2465,0.0591
3.0000,0.2553,0.0714
3.0000,0.2605,0.0803
3.0000,0.2762,0.0997
3.0000,0.2643,0.0915
3.0000,0.2721,0.1031
3.0000,0.2628,0.0976
3.0000,0.2660,0.1047
3.0000,0.2591,0.1018
3.0000,0.2603,0.1071
3.0000,0.2609,0.1118
3.0000,0.2623,0.1173
3.0000,0.2466,0.1059
3.0000,0.2635,0.1270
3.0000,0.2698,0.1376
3.0000,0.2458,0.1180
3.0000,0.2610,0.1376
3.0000,0.2490,0.1301
3.0000,0.2398,0.1254
3.0000,0.2444,0.1346
3.0000,0.2663,0.1611
3.0000,0.2409,0.1404
3.0000,0.2375,0.1417
3.0000,0.2478,0.1568
3.0000,0.2349,0.1487
3.0000,0.2352,0.1539
3.0000,0.2318,0.1554
3.0000,0.2431,0.1717
3.0000,0.2551,0.1887
3.0000,0.2554,0.1941
3.0000,0.2481,0.1919
3.0000,0.2393,0.1882
3.0000,0.2329,0.1871
3.0000,0.2447,0.2041
3.0000,0.2367,0.2014
3.0000,0.2473,0.2173
3.0000,0.2413,0.2167
3.0000,0.2395,0.2202
3.0000,0.2126,0.1988
3.0000,0.2127,0.2044
3.0000,0.2363,0.2335
3.0000,0.2193,0.2220
3.0000,0.2200,0.2284
3.0000,0.2245,0.2384
3.0000,0.2164,0.2360
3.0000,0.1973,0.2227
3.0000,0.1955,0.2266
3.0000,0.1927,0.2295
3.0000,0.1890,0.2316
3.0000,0.1890,0.2374
3.0000,0.1967,0.2509
3.0000,0.1928,0.2529
3.0000,0.1834,0.2493
3.0000,0.1918,0.2637
3.0000,0.1829,0.2607
3.0000,0.2001,0.2839
3.0000,0.1909,0.2807
3.0000,0.1788,0.2746
3.0000,0.1671,0.2689
3.0000,0.1728,0.2807
3.0000,0.1773,0.2912
3.0000,0.1721,0.2921
3.0000,0.1585,0.2845
3.0000,0.1513,0.2835
3.0000,0.1563,0.2946
3.0000,0.1514,0.2958
3.0000,0.1598,0.3104
3.0000,0.1405,0.2972
3.0000,0.1380,0.3009
3.0000,0.1526,0.3216
3.0000,0.1376,0.3128
3.0000,0.1227,0.3041
3.0000,0.1427,0.3302
3.0000,0.1160,0.3098
3.0000,0.1112,0.3112
3.0000,0.1234,0.3296
3.0000,0.1296,0.3419
3.0000,0.1083,0.3268
3.0000,0.1046,0.3293
3.0000,0.0975,0.3284
3.0000,0.0917,0.3288
3.0000,0.1071,0.3504
3.0000,0.0851,0.3345
3.0000,0.1010,0.3566
3.0000,0.0934,0.3551
3.0000,0.0786,0.3465
3.0000,0.0631,0.3371
3.0000,0.0798,0.3599
3.0000,0.0591,0.3453
3.0000,0.0487,0.3409
3.0000,0.0742,0.3725
3.0000,0.0544,0.3588
3.0000,0.0345,0.3449
3.0000,0.0578,0.3742
3.0000,0.0561,0.3785
3.0000,0.0288,0.3571
3.0000,0.0216,0.3558
3.0000,0.0408,0.3809
3.0000,0.0276,0.3737
3.0000,0.0166,0.3685
3.0000,0.0167,0.3745
3.0000,0.0233,0.3868
3.0000,-0.0107,0.3586
3.0000,0.0045,0.3795
3.0000,-0.0101,0.3706
3.0000,-0.0067,0.3796
3.0000,-0.0233,0.3687
3.0000,-0.0066,0.3909
3.0000,-0.0140,0.3891
3.0000,-0.0286,0.3801
3.0000,-0.0263,0.3878
3.0000,-0.0229,0.3966
3.0000,-0.0431,0.3818
3.0000,-0.0420,0.3883
3.0000,-0.0520,0.3836
3.0000,-0.0542,0.3866
3.0000,-0.0480,0.3979
3.0000,-0.0657,0.3854
3.0000,-0.0601,0.3960
3.0000,-0.0669,0.3943
3.0000,-0.0697,0.3965
3.0000,-0.1029,0.3682
3.0000,-0.0807,0.3953
3.0000,-0.0949,0.3859
3.0000,-0.1107,0.3748
3.0000,-0.0961,0.3941
3.0000,-0.0996,0.3953
3.0000,-0.1294,0.3701
3.0000,-0.1105,0.3935
3.0000,-0.1143,0.3942
3.0000,-0.1225,0.3904
3.0000,-0.1470,0.3702
3.0000,-0.1447,0.3768
3.0000,-0.1385,0.3872
3.0000,-0.1400,0.3898
3.0000,-0.1483,0.3856
3.0000,-0.1752,0.3626
3.0000,-0.1677,0.3740
3.0000,-0.1833,0.3623
3.0000,-0.1914,0.3579
3.0000,-0.1923,0.3607
3.0000,-0.1976,0.3590
3.0000,-0.1851,0.3751
3.0000,-0.2086,0.3550
3.0000,-0.2070,0.3600
3.0000,-0.1958,0.3744
3.0000,-0.2136,0.3599
3.0000,-0.2244,0.3523
3.0000,-0.2356,0.3440
3.0000,-0.2319,0.3508
3.0000,-0.2273,0.3582
3.0000,-0.2479,0.3404
3.0000,-0.2553,0.3357
3.0000,-0.2385,0.3552
3.0000,-0.2495,0.3467
3.0000,-0.2502,0.3484
3.0000,-0.2792,0.3218
3.0000,-0.2681,0.3351
3.0000,-0.2636,0.3418
3.0000,-0.2838,0.3237
3.0000,-0.2876,0.3219
3.0000,-0.2828,0.3286
3.0000,-0.2948,0.3184
3.0000,-0.3056,0.3093
3.0000,-0.3047,0.3118
3.0000,-0.3209,0.2971
3.0000,-0.3273,0.2922
3.0000,-0.3077,0.3130
3.0000,-0.3362,0.2857
3.0000,-0.3167,0.3063
3.0000,-0.3286,0.2955
3.0000,-0.3484,0.2766
3.0000,-0.3308,0.2950
3.0000,-0.3556,0.2710
3.0000,-0.3575,0.2696
3.0000,-0.3406,0.2870
3.0000,-0.3485,0.2796
3.0000,-0.3700,0.2583
3.0000,-0.3749,0.2536
3.0000,-0.3566,0.2720
3.0000,-0.3683,0.2604
3.0000,-0.3784,0.2501
3.0000,-0.3716,0.2567
3.0000,-0.3875,0.2405
3.0000,-0.3971,0.2305
3.0000,-0.3925,0.2345
3.0000,-0.4077,0.2187
3.0000,-0.3856,0.2400
3.0000,-0.4078,0.2169
3.0000,-0.4178,0.2059
3.0000,-0.3986,0.2241
3.0000,-0.4232,0.1983
3.0000,-0.4043,0.2158
3.0000,-0.4308,0.1879
3.0000,-0.4320,0.1852
3.0000,-0.4147,0.2009
3.0000,-0.4222,0.1917
3.0000,-0.4383,0.1737
3.0000,-0.4368,0.1732
3.0000,-0.4477,0.1602
3.0000,-0.4425,0.1632
3.0000,-0.4565,0.1469
3.0000,-0.4546,0.1464
3.0000,-0.4632,0.1354
3.0000,-0.4480,0.1479
3.0000,-0.4720,0.1212
3.0000,-0.4594,0.1309
3.0000,-0.4623,0.1251
3.0000,-0.4790,0.1053
3.0000,-0.4690,0.1121
3.0000,-0.4825,0.0953
3.0000,-0.4701,0.1043
3.0000,-0.4784,0.0925
3.0000,-0.4855,0.0818
3.0000,-0.4648,0.0987
3.0000,-0.4857,0.0740
3.0000,-0.4970,0.0588
3.0000,-0.4877,0.0640
3.0000,-0.4788,0.0688
3.0000,-0.4756,0.0676
3.0000,-0.4854,0.0535
3.0000,-0.4824,0.0520
3.0000,-0.4821,0.0478
3.0000,-0.5047,0.0204
3.0000,-0.4993,0.0210
3.0000,-0.4864,0.0290
3.0000,-0.4941,0.0163
3.0000,-0.5114,-0.0061
3.0000,-0.4985,0.0015
3.0000,-0.4967,-0.0020
3.0000,-0.5171,-0.0279
3.0000,-0.5085,-0.0248
3.0000,-0.4976,-0.0196
3.0000,-0.5193,-0.0470
3.0000,-0.5151,-0.0486
3.0000,-0.5061,-0.0456
3.0000,-0.4944,-0.0399
3.0000,-0.4915,-0.0432
3.0000,-0.5020,-0.0599
3.0000,-0.5090,-0.0733
3.0000,-0.5005,-0.0713
3.0000,-0.5144,-0.0917
3.0000,-0.4964,-0.0803
3.0000,-0.4900,-0.0806
3.0000,-0.4909,-0.0883
3.0000,-0.5165,-0.1209
3.0000,-0.4907,-0.1021
3.0000,-0.4968,-0.1152
3.0000,-0.5144,-0.1401
3.0000,-0.5135,-0.1464
3.0000,-0.5045,-0.1448
3.0000,-0.4967,-0.1445
3.0000,-0.4990,-0.1543
3.0000,-0.4969,-0.1598
3.0000,-0.5063,-0.1769
3.0000,-0.4954,-0.1738
3.0000,-0.4865,-0.1729
3.0000,-0.5096,-0.2039
3.0000,-0.4997,-0.2020
3.0000,-0.4904,-0.2008
3.0000,-0.4865,-0.2051
3.0000,-0.4831,-0.2101
3.0000,-0.4707,-0.2060
3.0000,-0.4923,-0.2360
3.0000,-0.4850,-0.2372
3.0000,-0.4660,-0.2268
3.0000,-0.4658,-0.2353
3.0000,-0.4797,-0.2578
3.0000,-0.4631,-0.2501
3.0000,-0.4664,-0.2622
3.0000,-0.4784,-0.2831
3.0000,-0.4795,-0.2932
3.0000,-0.4606,-0.2833
3.0000,-0.4633,-0.2952
3.0000,-0.4659,-0.3069
3.0000,-0.4488,-0.2991
3.0000,-0.4583,-0.3178
3.0000,-0.4590,-0.3279
3.0000,-0.4349,-0.3133
3.0000,-0.4377,-0.3255
3.0000,-0.4467,-0.3440
3.0000,-0.4270,-0.3339
3.0000,-0.4240,-0.3404
3.0000,-0.4121,-0.3382
3.0000,-0.4175,-0.3534
3.0000,-0.4194,-0.3650
3.0000,-0.4158,-0.3712
3.0000,-0.4106,-0.3758
3.0000,-0.4125,-0.3877
3.0000,-0.3974,-0.3825
3.0000,-0.3893,-0.3844
3.0000,-0.3913,-0.3963
3.0000,-0.4006,-0.4156
3.0000,-0.3961,-0.4212
3.0000,-0.3877,-0.4229
3.0000,-0.3658,-0.4111
3.0000,-0.3715,-0.4270
3.0000,-0.3725,-0.4381
3.0000,-0.3749,-0.4507
3.0000,-0.3630,-0.4491
3.0000,-0.3596,-0.4559
3.0000,-0.3551,-0.4617
3.0000,-0.3280,-0.4449
3.0000,-0.3269,-0.4541
3.0000,-0.3275,-0.4650
3.0000,-0.3365,-0.4843
3.0000,-0.3313,-0.4895
3.0000,-0.3213,-0.4899
3.0000,-0.3020,-0.4809
3.0000,-0.2900,-0.4793
3.0000,-0.2892,-0.4888
3.0000,-0.2975,-0.5076
3.0000,-0.2939,-0.5143
3.0000,-0.2701,-0.5009
3.0000,-0.2711,-0.5123
3.0000,-0.2796,-0.5312
3.0000,-0.2611,-0.5230
3.0000,-0.2657,-0.5380
3.0000,-0.2505,-0.5332
3.0000,-0.2353,-0.5283
3.0000,-0.2525,-0.5558
3.0000,-0.2454,-0.5590
3.0000,-0.2223,-0.5462
3.0000,-0.2320,-0.5662
3.0000,-0.2178,-0.5623
3.0000,-0.1940,-0.5486
3.0000,-0.1944,-0.5593
3.0000,-0.1867,-0.5618
3.0000,-0.1937,-0.5789
3.0000,-0.1830,-0.5783
3.0000,-0.1860,-0.5915
3.0000,-0.1753,-0.5908
3.0000,-0.1679,-0.5934
3.0000,-0.1586,-0.5941
3.0000,-0.1365,-0.5820
3.0000,-0.1405,-0.5960
3.0000,-0.1243,-0.5896
3.0000,-0.1264,-0.6015
3.0000,-0.1261,-0.6110
3.0000,-0.0982,-0.5929
3.0000,-0.1023,-0.6067
3.0000,-0.0926,-0.6066
3.0000,-0.0938,-0.6174
3.0000,-0.0716,-0.6047
3.0000,-0.0684,-0.6109
3.0000,-0.0582,-0.6102
3.0000,-0.0410,-0.6024
3.0000,-0.0546,-0.6253
3.0000,-0.0432,-0.6230
3.0000,-0.0308,-0.6198
3.0000,-0.0308,-0.6289
3.0000,-0.0136,-0.6208
3.0000,-0.0104,-0.6265
3.0000,0.0087,-0.6163
3.0000,0.0180,-0.6158
3.0000,0.0025,-0.6401
3.0000,0.0183,-0.6329
3.0000,0.0436,-0.6162
3.0000,0.0469,-0.6214
3.0000,0.0553,-0.6214
3.0000,0.0411,-0.6440
3.0000,0.0637,-0.6296
3.0000,0.0832,-0.6183
3.0000,0.0656,-0.6440
3.0000,0.0845,-0.6331
3.0000,0.1038,-0.6217
3.0000,0.1083,-0.6250
3.0000,0.1245,-0.6165
3.0000,0.1122,-0.6364
3.0000,0.1125,-0.6436
3.0000,0.1321,-0.6314
3.0000,0.1314,-0.6394
3.0000,0.1522,-0.6258
3.0000,0.1512,-0.6339
3.0000,0.1666,-0.6256
3.0000,0.1737,-0.6254
3.0000,0.1913,-0.6145
3.0000,0.2034,-0.6091
3.0000,0.1880,-0.6310
3.0000,0.1938,-0.6316
3.0000,0.2181,-0.6138
3.0000,0.2356,-0.6025
3.0000,0.2330,-0.6111
3.0000,0.2255,-0.6246
3.0000,0.2452,-0.6108
3.0000,0.2496,-0.6121
3.0000,0.2607,-0.6066
3.0000,0.2797,-0.5931
3.0000,0.2838,-0.5944
3.0000,0.2912,-0.5923
3.0000,0.2920,-0.5966
3.0000,0.3090,-0.5846
3.0000,0.3204,-0.5780
3.0000,0.3325,-0.5707
3.0000,0.3188,-0.5889
3.0000,0.3212,-0.5909
3.0000,0.3583,-0.5581
3.0000,0.3412,-0.5794
3.0000,0.3705,-0.5542
3.0000,0.3596,-0.5690
3.0000,0.3600,-0.5724
3.0000,0.3912,-0.5448
3.0000,0.4002,-0.5393
3.0000,0.3848,-0.5581
3.0000,0.4072,-0.5388
3.0000,0.4194,-0.5297
3.0000,0.4327,-0.5194
3.0000,0.4342,-0.5206
3.0000,0.4411,-0.5163
3.0000,0.4310,-0.5289
3.0000,0.4466,-0.5156
3.0000,0.4704,-0.4939
3.0000,0.4586,-0.5078
3.0000,0.4620,-0.5063
3.0000,0.4757,-0.4943
3.0000,0.4861,-0.4855
3.0000,0.4948,-0.4782
3.0000,0.5100,-0.4642
3.0000,0.5022,-0.4731
3.0000,0.5185,-0.4578
3.0000,0.5235,-0.4536
3.0000,0.5101,-0.4676
3.0000,0.5301,-0.4481
3.0000,0.5456,-0.4329
3.0000,0.5488,-0.4299
3.0000,0.5359,-0.4428
3.0000,0.5488,-0.4297
3.0000,0.5751,-0.4031
3.0000,0.5752,-0.4026
3.0000,0.5641,-0.4130
3.0000,0.5793,-0.3971
3.0000,0.5969,-0.3785
3.0000,0.5767,-0.3976
3.0000,0.5885,-0.3845
3.0000,0.6154,-0.3561
3.0000,0.6103,-0.3597
3.0000,0.6096,-0.3586
3.0000,0.6161,-0.3502
3.0000,0.6373,-0.3269
3.0000,0.6256,-0.3364
3.0000,0.6412,-0.3183
3.0000,0.6316,-0.3254
3.0000,0.6434,-0.3109
3.0000,0.6447,-0.3067
3.0000,0.6675,-0.2808
3.0000,0.6463,-0.2989
3.0000,0.6723,-0.2694
3.0000,0.6548,-0.2834
3.0000,0.6671,-0.2674
3.0000,0.6650,-0.2657
3.0000,0.6660,-0.2606
3.0000,0.6659,-0.2565
3.0000,0.6752,-0.2429
3.0000,0.6747,-0.2389
3.0000,0.6983,-0.2106
3.0000,0.6902,-0.2138
3.0000,0.6922,-0.2068
3.0000,0.7196,-0.1744
3.0000,0.7043,-0.1843
3.0000,0.7000,-0.1832
3.0000,0.7070,-0.1705
3.0000,0.7213,-0.1504
3.0000,0.7263,-0.1395
3.0000,0.7177,-0.1420
3.0000,0.7339,-0.1196
3.0000,0.7257,-0.1213
3.0000,0.7235,-0.1170
3.0000,0.7409,-0.0929
3.0000,0.7431,-0.0839
3.0000,0.7454,-0.0745
3.0000,0.7253,-0.0874
3.0000,0.7406,-0.0648
3.0000,0.7334,-0.0646
3.0000,0.7290,-0.0613
3.0000,0.7519,-0.0306
3.0000,0.7480,-0.0266
3.0000,0.7586,-0.0079
3.0000,0.7643,0.0060
3.0000,0.7470,-0.0030
3.0000,0.7608,0.0193
3.0000,0.7386,0.0058
3.0000,0.7499,0.0258
3.0000,0.7437,0.0286
3.0000,0.7594,0.0533
3.0000,0.7544,0.0575
3.0000,0.7691,0.0816
3.0000,0.7504,0.0723
3.0000,0.7590,0.0905
3.0000,0.7526,0.0938
3.0000,0.7455,0.0966
3.0000,0.7442,0.1053
3.0000,0.7650,0.1363
3.0000,0.7367,0.1182
3.0000,0.7463,0.1382
3.0000,0.7654,0.1678
3.0000,0.7500,0.1630
3.0000,0.7631,0.1870
3.0000,0.7392,0.1739
3.0000,0.7376,0.1833
3.0000,0.7572,0.2140
3.0000,0.7467,0.2147
3.0000,0.7269,0.2063
3.0000,0.7545,0.2454
3.0000,0.7309,0.2333
3.0000,0.7313,0.2454
3.0000,0.7287,0.2546
3.0000,0.7186,0.2564
3.0000,0.7157,0.2655
3.0000,0.7266,0.2885
3.0000,0.7254,0.2995
3.0000,0.7149,0.3013
3.0000,0.7053,0.3041
3.0000,0.7240,0.3353
3.0000,0.7174,0.3413
3.0000,0.7020,0.3386
3.0000,0.6984,0.3478
3.0000,0.7137,0.3760
3.0000,0.7029,0.3782
3.0000,0.6778,0.3661
3.0000,0.6962,0.3977
3.0000,0.6743,0.3889
3.0000,0.6678,0.3957
3.0000,0.6761,0.4174
3.0000,0.6671,0.4219
3.0000,0.6695,0.4378
3.0000,0.6520,0.4338
3.0000,0.6688,0.4643
3.0000,0.6513,0.4605
3.0000,0.6603,0.4833
3.0000,0.6377,0.4746
3.0000,0.6356,0.4864
3.0000,0.6279,0.4926
3.0000,0.6178,0.4966
3.0000,0.6309,0.5237
3.0000,0.6234,0.5304
3.0000,0.6231,0.5443
3.0000,0.6079,0.5433
3.0000,0.6071,0.5568
3.0000,0.5768,0.5408
3.0000,0.5971,0.5755
3.0000,0.5871,0.5799
3.0000,0.5679,0.5751
3.0000,0.5773,0.5990
3.0000,0.5508,0.5870
3.0000,0.5623,0.6131
3.0000,0.5532,0.6185
3.0000,0.5318,0.6117
3.0000,0.5432,0.6377
3.0000,0.5135,0.6227
3.0000,0.5305,0.6543
3.0000,0.5091,0.6475
3.0000,0.5117,0.6648
3.0000,0.4964,0.6642
3.0000,0.4809,0.6634
3.0000,0.4648,0.6621
3.0000,0.4722,0.6842
3.0000,0.4548,0.6814
3.0000,0.4481,0.6894
3.0000,0.4461,0.7022
3.0000,0.4435,0.7143
3.0000,0.4260,0.7115
3.0000,0.4053,0.7054
3.0000,0.4089,0.7237
3.0000,0.3971,0.7265
3.0000,0.4018,0.7458
3.0000,0.3997,0.7584
3.0000,0.3848,0.7581
3.0000,0.3679,0.7558
3.0000,0.3429,0.7453
3.0000,0.3358,0.7527
3.0000,0.3452,0.7766
3.0000,0.3335,0.7793
3.0000,0.3099,0.7701
3.0000,0.3020,0.7766
3.0000,0.2964,0.7853
3.0000,0.2772,0.7804
3.0000,0.2811,0.7985
3.0000,0.2578,0.7894
3.0000,0.2638,0.8095
3.0000,0.2417,0.8016
3.0000,0.2530,0.8269
3.0000,0.2465,0.8343
3.0000,0.2162,0.8179
3.0000,0.2241,0.8396
3.0000,0.2096,0.8389
3.0000,0.1763,0.8193
3.0000,0.1935,0.8501
3.0000,0.1593,0.8295
3.0000,0.1705,0.8541
3.0000,0.1662,0.8632
3.0000,0.1440,0.8544
3.0000,0.1316,0.8552
3.0000,0.1145,0.8512
3.0000,0.1131,0.8628
3.0000,0.0886,0.8513
3.0000,0.0951,0.8707
3.0000,0.0758,0.8642
3.0000,0.0676,0.8687
3.0000,0.0474,0.8610
3.0000,0.0541,0.8802
3.0000,0.0234,0.8619
3.0000,0.0061,0.8569
3.0000,0.0218,0.8847
3.0000,-0.0129,0.8621
3.0000,0.0017,0.8886
3.0000,-0.0171,0.8817
3.0000,-0.0210,0.8895
3.0000,-0.0434,0.8787
3.0000,-0.0625,0.8710
3.0000,-0.0738,0.8711
3.0000,-0.0896,0.8665
3.0000,-0.0963,0.8709
3.0000,-0.0863,0.8918
3.0000,-0.0975,0.8914
3.0000,-0.1370,0.8627
3.0000,-0.1352,0.8750
3.0000,-0.1493,0.8713
3.0000,-0.1562,0.8747
3.0000,-0.1566,0.8844
3.0000,-0.1935,0.8575
3.0000,-0.1882,0.8726
3.0000,-0.2059,0.8646
3.0000,-0.2022,0.8778
3.0000,-0.2215,0.8679
3.0000,-0.2322,0.8665
3.0000,-0.2427,0.8650
3.0000,-0.2680,0.8487
3.0000,-0.2719,0.8536
3.0000,-0.2794,0.8546
3.0000,-0.2753,0.8672
3.0000,-0.2856,0.8652
3.0000,-0.3092,0.8497
3.0000,-0.3178,0.8491
3.0000,-0.3268,0.8478
3.0000,-0.3590,0.8232
3.0000,-0.3400,0.8496
3.0000,-0.3775,0.8194
3.0000,-0.3903,0.8136
3.0000,-0.3971,0.8137
3.0000,-0.3919,0.8257
3.0000,-0.4139,0.8103
3.0000,-0.4289,0.8016
3.0000,-0.4290,0.8076
3.0000,-0.4387,0.8039
3.0000,-0.4505,0.7979
3.0000,-0.4488,0.8052
3.0000,-0.4872,0.7722
3.0000,-0.4694,0.7953
3.0000,-0.4773,0.7925
3.0000,-0.4966,0.7780
3.0000,-0.5024,0.7769
3.0000,-0.5317,0.7520
3.0000,-0.5204,0.7675
3.0000,-0.5321,0.7599
3.0000,-0.5431,0.7528
3.0000,-0.5623,0.7373
3.0000,-0.5745,0.7286
3.0000,-0.5974,0.7089
3.0000,-0.5812,0.7282
3.0000,-0.5949,0.7173
3.0000,-0.6052,0.7097
3.0000,-0.6164,0.7010
3.0000,-0.6396,0.6800
3.0000,-0.6530,0.6686
3.0000,-0.6560,0.6675
3.0000,-0.6450,0.6800
3.0000,-0.6626,0.6639
3.0000,-0.6845,0.6432
3.0000,-0.6920,0.6367
3.0000,-0.7084,0.6211
3.0000,-0.7023,0.6278
3.0000,-0.7107,0.6198
3.0000,-0.7107,0.6199
3.0000,-0.7362,0.5943
3.0000,-0.7353,0.5949
3.0000,-0.7525,0.5773
3.0000,-0.7497,0.5793
3.0000,-0.7575,0.5706
3.0000,-0.7810,0.5460
3.0000,-0.7656,0.5600
3.0000,-0.7741,0.5499
3.0000,-0.7773,0.5449
3.0000,-0.7999,0.5203
3.0000,-0.8002,0.5178
3.0000,-0.8268,0.4888
3.0000,-0.8071,0.5059
3.0000,-0.8275,0.4826
3.0000,-0.8366,0.4705
3.0000,-0.8515,0.4522
3.0000,-0.8604,0.4398
3.0000,-0.8480,0.4485
3.0000,-0.8759,0.4166
3.0000,-0.8558,0.4326
3.0000,-0.8768,0.4072
3.0000,-0.8744,0.4051
3.0000,-0.8841,0.3905
3.0000,-0.8890,0.3806
3.0000,-0.8879,0.3765
3.0000,-0.8936,0.3654
3.0000,-0.9095,0.3438
3.0000,-0.9103,0.3371
3.0000,-0.9295,0.3118
3.0000,-0.9088,0.3262
3.0000,-0.9428,0.2858
3.0000,-0.9289,0.2930
3.0000,-0.9237,0.2912
3.0000,-0.9553,0.2525
3.0000,-0.9388,0.2616
3.0000,-0.9391,0.2538
3.0000,-0.9404,0.2447
3.0000,-0.9466,0.2307
3.0000,-0.9505,0.2185
3.0000,-0.9590,0.2017
3.0000,-0.9545,0.1976
3.0000,-0.9736,0.1697
3.0000,-0.9841,0.1503
3.0000,-0.9614,0.1638
3.0000,-0.9770,0.1389
3.0000,-0.9717,0.1346
3.0000,-0.9786,0.1179
3.0000,-0.9761,0.1105
3.0000,-0.9996,0.0768
3.0000,-1.0044,0.0616
3.0000,-0.9898,0.0657
3.0000,-0.9984,0.0464
3.0000,-1.0017,0.0322
3.0000,-0.9887,0.0341
3.0000,-1.0050,0.0064
3.0000,-0.9929,0.0071
4.0000,0.0079,0.0069
4.0000,-0.0048,-0.0069
4.0000,-0.0077,-0.0108
4.0000,0.0137,0.0095
4.0000,0.0113,0.0060
4.0000,0.0070,0.0005
4.0000,0.0104,0.0028
4.0000,0.0143,0.0055
4.0000,0.0146,0.0047
4.0000,0.0007,-0.0105
4.0000,-0.0100,-0.0224
4.0000,0.0099,-0.0038
4.0000,0.0032,-0.0117
4.0000,0.0077,-0.0085
4.0000,-0.0064,-0.0239
4.0000,0.0084,-0.0105
4.0000,0.0094,-0.0109
4.0000,0.0144,-0.0072
4.0000,0.0014,-0.0216
4.0000,0.0083,-0.0161
4.0000,-0.0048,-0.0305
4.0000,0.0119,-0.0153
4.0000,0.0045,-0.0241
4.0000,0.0114,-0.0186
4.0000,0.0085,-0.0230
4.0000,0.0050,-0.0279
4.0000,0.0108,-0.0237
4.0000,0.0205,-0.0154
4.0000,0.0221,-0.0153
4.0000,0.0258,-0.0132
4.0000,0.0186,-0.0219
4.0000,0.0099,-0.0321
4.0000,0.0088,-0.0347
4.0000,0.0070,-0.0380
4.0000,0.0044,-0.0422
4.0000,0.0082,-0.0400
4.0000,0.0176,-0.0320
4.0000,0.0210,-0.0302
4.0000,0.0289,-0.0239
4.0000,0.0139,-0.0405
4.0000,0.0068,-0.0491
4.0000,0.0079,-0.0496
4.0000,0.0347,-0.0243
4.0000,0.0265,-0.0341
4.0000,0.0169,-0.0452
4.0000,0.0169,-0.0467
4.0000,0.0393,-0.0259
4.0000,0.0167,-0.0501
4.0000,0.0163,-0.0520
4.0000,0.0289,-0.0409
4.0000,0.0293,-0.0421
4.0000,0.0307,-0.0422
4.0000,0.0415,-0.0329
4.0000,0.0251,-0.0509
4.0000,0.0337,-0.0437
4.0000,0.0415,-0.0375
4.0000,0.0259,-0.0545
4.0000,0.0474,-0.0345
4.0000,0.0446,-0.0387
4.0000,0.0324,-0.0525
4.0000,0.0373,-0.0489
4.0000,0.0443,-0.0434
4.0000,0.0433,-0.0457
4.0000,0.0620,-0.0285
4.0000,0.0543,-0.0376
4.0000,0.0506,-0.0426
4.0000,0.0615,-0.0331
4.0000,0.0538,-0.0421
4.0000,0.0541,-0.0432
4.0000,0.0383,-0.0602
4.0000,0.0602,-0.0397
4.0000,0.0441,-0.0570
4.0000,0.0717,-0.0306
4.0000,0.0594,-0.0441
4.0000,0.0740,-0.0308
4.0000,0.0551,-0.0508
4.0000,0.0502,-0.0569
4.0000,0.0738,-0.0344
4.0000,0.0767,-0.0326
4.0000,0.0789,-0.0315
4.0000,0.0643,-0.0472
4.0000,0.0702,-0.0423
4.0000,0.0711,-0.0424
4.0000,0.0640,-0.0505
4.0000,0.0758,-0.0397
4.0000,0.0816,-0.0348
4.0000,0.0781,-0.0391
4.0000,0.0767,-0.0414
4.0000,0.0722,-0.0467
4.0000,0.0710,-0.0488
4.0000,0.0823,-0.0382
4.0000,0.0966,-0.0247
4.0000,0.0718,-0.0502
4.0000,0.0927,-0.0299
4.0000,0.0886,-0.0347
4.0000,0.0773,-0.0466
4.0000,0.0916,-0.0329
4.0000,0.0952,-0.0298
4.0000,0.0976,-0.0280
4.0000,0.0866,-0.0394
4.0000,0.0943,-0.0321
4.0000,0.1040,-0.0228
4.0000,0.1051,-0.0221
4.0000,0.0913,-0.0362
4.0000,0.0971,-0.0307
4.0000,0.1163,-0.0118
4.0000,0.1072,-0.0211
4.0000,0.0916,-0.0369
4.0000,0.1001,-0.0284
4.0000,0.1195,-0.0091
4.0000,0.1009,-0.0278
4.0000,0.1015,-0.0272
4.0000,0.1127,-0.0160
4.0000,0.1047,-0.0239
4.0000,0.1130,-0.0155
4.0000,0.1007,-0.0276
4.0000,0.1242,-0.0040
4.0000,0.1309,0.0030
4.0000,0.1286,0.0010
4.0000,0.1189,-0.0084
4.0000,0.1136,-0.0133
4.0000,0.1168,-0.0097
4.0000,0.1092,-0.0168
4.0000,0.1106,-0.0149
4.0000,0.1397,0.0147
4.0000,0.1287,0.0043
4.0000,0.1418,0.0181
4.0000,0.1283,0.0052
4.0000,0.1163,-0.0061
4.0000,0.1400,0.0184
4.0000,0.1285,0.0078
4.0000,0.1239,0.0040
4.0000,0.1208,0.0018
4.0000,0.1293,0.0113
4.0000,0.1339,0.0169
4.0000,0.1221,0.0062
4.0000,0.1500,0.0351
4.0000,0.1467,0.0330
4.0000,0.1330,0.0205
4.0000,0.1410,0.0297
4.0000,0.1249,0.0149
4.0000,0.1423,0.0336
4.0000,0.1355,0.0282
4.0000,0.1259,0.0200
4.0000,0.1377,0.0333
4.0000,0.1368,0.0340
4.0000,0.1358,0.0346
4.0000,0.1486,0.0489
4.0000,0.1361,0.0381
4.0000,0.1385,0.0422
4.0000,0.1518,0.0572
4.0000,0.1575,0.0648
4.0000,0.1408,0.0499
4.0000,0.1376,0.0486
4.0000,0.1438,0.0567
4.0000,0.1480,0.0629
4.0000,0.1287,0.0457
4.0000,0.1351,0.0541
4.0000,0.1563,0.0775
4.0000,0.1432,0.0665
4.0000,0.1335,0.0591
4.0000,0.1510,0.0788
4.0000,0.1381,0.0683
4.0000,0.1547,0.0872
4.0000,0.1405,0.0754
4.0000,0.1575,0.0948
4.0000,0.1367,0.0765
4.0000,0.1467,0.0890
4.0000,0.1364,0.0814
4.0000,0.1498,0.0974
4.0000,0.1565,0.1067
4.0000,0.1431,0.0960
4.0000,0.1576,0.1133
4.0000,0.1456,0.1040
4.0000,0.1310,0.0923
4.0000,0.1461,0.1103
4.0000,0.1456,0.1126
4.0000,0.1466,0.1167
4.0000,0.1496,0.1226
4.0000,0.1507,0.1268
4.0000,0.1241,0.1032
4.0000,0.1454,0.1276
4.0000,0.1220,0.1074
4.0000,0.1291,0.1177
4.0000,0.1288,0.1206
4.0000,0.1482,0.1432
4.0000,0.1473,0.1456
4.0000,0.1403,0.1420
4.0000,0.1295,0.1346
4.0000,0.1157,0.1242
4.0000,0.1267,0.1385
4.0000,0.1222,0.1376
4.0000,0.1239,0.1427
4.0000,0.1303,0.1526
4.0000,0.1142,0.1402
4.0000,0.1334,0.1630
4.0000,0.1071,0.1403
4.0000,0.1305,0.1673
4.0000,0.1134,0.1539
4.0000,0.1151,0.1593
4.0000,0.1099,0.1579
4.0000,0.1115,0.1632
4.0000,0.1105,0.1660
4.0000,0.1058,0.1652
4.0000,0.1142,0.1775
4.0000,0.1108,0.1779
4.0000,0.1163,0.1873
4.0000,0.1131,0.1881
4.0000,0.0941,0.1730
4.0000,0.1038,0.1867
4.0000,0.1086,0.1955
4.0000,0.0827,0.1735
4.0000,0.1008,0.1957
4.0000,0.1088,0.2077
4.0000,0.0835,0.1865
4.0000,0.1049,0.2120
4.0000,0.0958,0.2070
4.0000,0.0824,0.1977
4.0000,0.0954,0.2148
4.0000,0.0897,0.2133
4.0000,0.0790,0.2067
4.0000,0.0750,0.2069
4.0000,0.0885,0.2245
4.0000,0.0699,0.2101
4.0000,0.0542,0.1986
4.0000,0.0536,0.2023
4.0000,0.0522,0.2051
4.0000,0.0647,0.2218
4.0000,0.0564,0.2178
4.0000,0.0475,0.2131
4.0000,0.0421,0.2119
4.0000,0.0644,0.2385
4.0000,0.0398,0.2181
4.0000,0.0387,0.2213
4.0000,0.0589,0.2457
4.0000,0.0473,0.2383
4.0000,0.0421,0.2374
4.0000,0.0251,0.2247
4.0000,0.0219,0.2257
4.0000,0.0172,0.2253
4.0000,0.0377,0.2500
4.0000,0.0127,0.2292
4.0000,0.0308,0.2515
4.0000,0.0210,0.2459
4.0000,0.0108,0.2400
4.0000,0.0160,0.2493
4.0000,0.0180,0.2555
4.0000,0.0095,0.2511
4.0000,-0.0097,0.2361
4.0000,-0.0083,0.2417
4.0000,-0.0094,0.2447
4.0000,-0.0131,0.2451
4.0000,-0.0159,0.2465
4.0000,-0.0103,0.2561
4.0000,-0.0298,0.2407
4.0000,-0.0293,0.2453
4.0000,-0.0309,0.2477
4.0000,-0.0121,0.2705
4.0000,-0.0383,0.2483
4.0000,-0.0392,0.2513
4.0000,-0.0459,0.2486
4.0000,-0.0444,0.2540
4.0000,-0.0492,0.2530
4.0000,-0.0616,0.2445
4.0000,-0.0354,0.2746
4.0000,-0.0577,0.2560
4.0000,-0.0670,0.2506
4.0000,-0.0514,0.2698
4.0000,-0.0722,0.2528
4.0000,-0.0604,0.2683
4.0000,-0.0646,0.2678
4.0000,-0.0848,0.2511
4.0000,-0.0886,0.2508
4.0000,-0.0735,0.2695
4.0000,-0.0753,0.2712
4.0000,-0.0827,0.2673
4.0000,-0.0906,0.2628
4.0000,-0.1045,0.2523
4.0000,-0.1007,0.2594
4.0000,-0.1083,0.2551
4.0000,-0.0932,0.2735
4.0000,-0.1109,0.2589
4.0000,-0.0982,0.2748
4.0000,-0.1199,0.2562
4.0000,-0.1273,0.2519
4.0000,-0.1326,0.2497
4.0000,-0.1283,0.2569
4.0000,-0.1273,0.2608
4.0000,-0.1455,0.2455
4.0000,-0.1271,0.2667
4.0000,-0.1583,0.2383
4.0000,-0.1513,0.2480
4.0000,-0.1550,0.2469
4.0000,-0.1412,0.2633
4.0000,-0.1724,0.2348
4.0000,-0.1580,0.2516
4.0000,-0.1753,0.2368
4.0000,-0.1630,0.2515
4.0000,-0.1669,0.2499
4.0000,-0.1870,0.2321
4.0000,-0.1958,0.2254
4.0000,-0.1978,0.2255
4.0000,-0.1733,0.2522
4.0000,-0.2039,0.2236
4.0000,-0.1797,0.2497
4.0000,-0.1883,0.2430
4.0000,-0.1997,0.2335
4.0000,-0.2172,0.2177
4.0000,-0.2106,0.2260
4.0000,-0.2038,0.2344
4.0000,-0.2098,0.2300
4.0000,-0.2163,0.2250
4.0000,-0.2192,0.2234
4.0000,-0.2336,0.2104
4.0000,-0.2256,0.2197
4.0000,-0.2455,0.2010
4.0000,-0.2418,0.2057
4.0000,-0.2258,0.2228
4.0000,-0.2544,0.1952
4.0000,-0.2381,0.2124
4.0000,-0.2604,0.1909
4.0000,-0.2412,0.2109
4.0000,-0.2540,0.1988
4.0000,-0.2534,0.2001
4.0000,-0.2666,0.1874
4.0000,-0.2611,0.1933
4.0000,-0.2809,0.1739
4.0000,-0.2826,0.1725
4.0000,-0.2642,0.1911
4.0000,-0.2738,0.1817
4.0000,-0.2661,0.1894
4.0000,-0.2801,0.1754
4.0000,-0.3020,0.1533
4.0000,-0.2808,0.1744
4.0000,-0.2809,0.1741
4.0000,-0.2931,0.1615
4.0000,-0.2912,0.1630
4.0000,-0.3074,0.1463
4.0000,-0.2901,0.1630
4.0000,-0.3189,0.1335
4.0000,-0.3258,0.1258
4.0000,-0.3150,0.1358
4.0000,-0.3186,0.1313
4.0000,-0.3235,0.1253
4.0000,-0.3306,0.1172
4.0000,-0.3357,0.1109
4.0000,-0.3362,0.1092
4.0000,-0.3221,0.1219
4.0000,-0.3288,0.1138
4.0000,-0.3432,0.0978
4.0000,-0.3311,0.1083
4.0000,-0.3263,0.1114
4.0000,-0.3354,0.1005
4.0000,-0.3553,0.0788
4.0000,-0.3376,0.0946
4.0000,-0.3591,0.0710
4.0000,-0.3503,0.0777
4.0000,-0.3517,0.0741
4.0000,-0.3563,0.0671
4.0000,-0.3655,0.0556
4.0000,-0.3525,0.0661
4.0000,-0.3451,0.0710
4.0000,-0.3656,0.0479
4.0000,-0.3601,0.0506
4.0000,-0.3723,0.0356
4.0000,-0.3562,0.0487
4.0000,-0.3802,0.0218
4.0000,-0.3650,0.0339
4.0000,-0.3819,0.0138
4.0000,-0.3645,0.0280
4.0000,-0.3606,0.0285
4.0000,-0.3874,-0.0016
4.0000,-0.3663,0.0159
4.0000,-0.3611,0.0175
4.0000,-0.3837,-0.0087
4.0000,-0.3696,0.0016
4.0000,-0.3738,-0.0064
4.0000,-0.3820,-0.0185
4.0000,-0.3681,-0.0086
4.0000,-0.3896,-0.0342
4.0000,-0.3704,-0.0192
4.0000,-0.3730,-0.0260
4.0000,-0.3868,-0.0442
4.0000,-0.3847,-0.0465
4.0000,-0.3678,-0.0341
4.0000,-0.3912,-0.0621
4.0000,-0.3708,-0.0464
4.0000,-0.3779,-0.0581
4.0000,-0.3902,-0.0753
4.0000,-0.3763,-0.0663
4.0000,-0.3913,-0.0863
4.0000,-0.3826,-0.0826
4.0000,-0.3697,-0.0748
4.0000,-0.3691,-0.0794
4.0000,-0.3865,-0.1021
4.0000,-0.3874,-0.1084
4.0000,-0.3821,-0.1085
4.0000,-0.3932,-0.1251
4.0000,-0.3732,-0.1108
4.0000,-0.3863,-0.1295
4.0000,-0.3792,-0.1282
4.0000,-0.3721,-0.1269
4.0000,-0.3782,-0.1388
4.0000,-0.3767,-0.1432
4.0000,-0.3895,-0.1621
4.0000,-0.3744,-0.1531
4.0000,-0.3771,-0.1618
4.0000,-0.3814,-0.1724
4.0000,-0.3679,-0.1652
4.0000,-0.3695,-0.1730
4.0000,-0.3686,-0.1786
4.0000,-0.3624,-0.1789
4.0000,-0.3607,-0.1837
4.0000,-0.3502,-0.1798
4.0000,-0.3624,-0.1987
4.0000,-0.3561,-0.1990
4.0000,-0.3753,-0.2250
4.0000,-0.3695,-0.2260
4.0000,-0.3593,-0.2228
4.0000,-0.3618,-0.2322
4.0000,-0.3619,-0.2393
4.0000,-0.3445,-0.2290
4.0000,-0.3599,-0.2515
4.0000,-0.3389,-0.2376
4.0000,-0.3531,-0.2590
4.0000,-0.3564,-0.2697
4.0000,-0.3378,-0.2584
4.0000,-0.3257,-0.2536
4.0000,-0.3322,-0.2675
4.0000,-0.3274,-0.2702
4.0000,-0.3440,-0.2942
4.0000,-0.3315,-0.2893
4.0000,-0.3305,-0.2959
4.0000,-0.3231,-0.2961
4.0000,-0.3144,-0.2951
4.0000,-0.3230,-0.3113
4.0000,-0.3184,-0.3145
4.0000,-0.3179,-0.3218
4.0000,-0.2918,-0.3035
4.0000,-0.2863,-0.3058
4.0000,-0.2888,-0.3162
4.0000,-0.2977,-0.3330
4.0000,-0.3065,-0.3498
4.0000,-0.2909,-0.3421
4.0000,-0.2723,-0.3315
4.0000,-0.2811,-0.3483
4.0000,-0.2709,-0.3461
4.0000,-0.2644,-0.3478
4.0000,-0.2698,-0.3612
4.0000,-0.2657,-0.3653
4.0000,-0.2569,-0.3645
4.0000,-0.2469,-0.3628
4.0000,-0.2393,-0.3633
4.0000,-0.2474,-0.3796
4.0000,-0.2307,-0.3711
4.0000,-0.2550,-0.4036
4.0000,-0.2343,-0.3911
4.0000,-0.2255,-0.3905
4.0000,-0.2373,-0.4106
4.0000,-0.2263,-0.4077
4.0000,-0.2269,-0.4166
4.0000,-0.1973,-0.3953
4.0000,-0.2116,-0.4178
4.0000,-0.2147,-0.4292
4.0000,-0.1851,-0.4079
4.0000,-0.2016,-0.4326
4.0000,-0.1874,-0.4267
4.0000,-0.1815,-0.4290
4.0000,-0.1736,-0.4293
4.0000,-0.1720,-0.4360
4.0000,-0.1756,-0.4478
4.0000,-0.1614,-0.4418
4.0000,-0.1710,-0.4597
4.0000,-0.1585,-0.4553
4.0000,-0.1364,-0.4414
4.0000,-0.1340,-0.4471
4.0000,-0.1240,-0.4453
4.0000,-0.1170,-0.4464
4.0000,-0.1096,-0.4471
4.0000,-0.1337,-0.4793
4.0000,-0.1088,-0.4624
4.0000,-0.1001,-0.4617
4.0000,-0.0937,-0.4633
4.0000,-0.1118,-0.4894
4.0000,-0.0943,-0.4799
4.0000,-0.0833,-0.4767
4.0000,-0.0926,-0.4939
4.0000,-0.0782,-0.4874
4.0000,-0.0801,-0.4970
4.0000,-0.0563,-0.4810
4.0000,-0.0679,-0.5004
4.0000,-0.0391,-0.4793
4.0000,-0.0503,-0.4981
4.0000,-0.0427,-0.4981
4.0000,-0.0411,-0.5041
4.0000,-0.0362,-0.5067
4.0000,-0.0081,-0.4860
4.0000,-0.0020,-0.4873
4.0000,-0.0136,-0.5063
4.0000,0.0052,-0.4948
4.0000,0.0013,-0.5060
4.0000,0.0091,-0.5054
4.0000,0.0090,-0.5126
4.0000,0.0260,-0.5026
4.0000,0.0295,-0.5062
4.0000,0.0536,-0.4891
4.0000,0.0412,-0.5084
4.0000,0.0370,-0.5194
4.0000,0.0510,-0.5122
4.0000,0.0523,-0.5176
4.0000,0.0674,-0.5091
4.0000,0.0673,-0.5158
4.0000,0.0742,-0.5154
4.0000,0.0757,-0.5203
4.0000,0.1063,-0.4961
4.0000,0.0980,-0.5106
4.0000,0.0942,-0.5207
4.0000,0.1050,-0.5160
4.0000,0.1254,-0.5016
4.0000,0.1339,-0.4991
4.0000,0.1250,-0.5139
4.0000,0.1426,-0.5020
4.0000,0.1619,-0.4885
4.0000,0.1712,-0.4848
4.0000,0.1736,-0.4880
4.0000,0.1808,-0.4862
4.0000,0.1904,-0.4819
4.0000,0.1731,-0.5046
4.0000,0.1773,-0.5055
4.0000,0.1802,-0.5077
4.0000,0.2018,-0.4911
4.0000,0.2135,-0.4843
4.0000,0.2140,-0.4886
4.0000,0.2054,-0.5018
4.0000,0.2143,-0.4975
4.0000,0.2270,-0.4893
4.0000,0.2478,-0.4730
4.0000,0.2608,-0.4642
4.0000,0.2495,-0.4797
4.0000,0.2498,-0.4836
4.0000,0.2595,-0.4778
4.0000,0.2627,-0.4785
4.0000,0.2663,-0.4787
4.0000,0.2858,-0.4628
4.0000,0.3064,-0.4458
4.0000,0.3022,-0.4535
4.0000,0.2888,-0.4702
4.0000,0.3262,-0.4359
4.0000,0.3069,-0.4584
4.0000,0.3371,-0.4311
4.0000,0.3275,-0.4436
4.0000,0.3344,-0.4395
4.0000,0.3294,-0.4471
4.0000,0.3354,-0.4436
4.0000,0.3627,-0.4187
4.0000,0.3590,-0.4247
4.0000,0.3646,-0.4212
4.0000,0.3696,-0.4183
4.0000,0.3685,-0.4213
4.0000,0.3789,-0.4127
4.0000,0.4026,-0.3907
4.0000,0.4063,-0.3885
4.0000,0.4022,-0.3939
4.0000,0.4218,-0.3757
4.0000,0.3987,-0.3999
4.0000,0.4020,-0.3977
4.0000,0.4302,-0.3704
4.0000,0.4185,-0.3829
4.0000,0.4414,-0.3606
4.0000,0.4276,-0.3749
4.0000,0.4434,-0.3596
4.0000,0.4373,-0.3659
4.0000,0.4518,-0.3515
4.0000,0.4689,-0.3344
4.0000,0.4519,-0.3513
4.0000,0.4604,-0.3425
4.0000,0.4704,-0.3321
4.0000,0.4951,-0.3069
4.0000,0.4716,-0.3297
4.0000,0.4972,-0.3033
4.0000,0.4991,-0.3005
4.0000,0.5140,-0.2845
4.0000,0.5149,-0.2824
4.0000,0.5240,-0.2720
4.0000,0.5170,-0.2775
4.0000,0.5170,-0.2759
4.0000,0.5090,-0.2821
4.0000,0.5407,-0.2486
4.0000,0.5410,-0.2462
4.0000,0.5442,-0.2408
4.0000,0.5498,-0.2329
4.0000,0.5553,-0.2251
4.0000,0.5396,-0.2382
4.0000,0.5581,-0.2170
4.0000,0.5608,-0.2115
4.0000,0.5422,-0.2271
4.0000,0.5603,-0.2059
4.0000,0.5502,-0.2127
4.0000,0.5795,-0.1801
4.0000,0.5856,-0.1704
4.0000,0.5868,-0.1656
4.0000,0.5766,-0.1720
4.0000,0.5690,-0.1757
4.0000,0.5870,-0.1536
4.0000,0.5750,-0.1615
4.0000,0.5809,-0.1512
4.0000,0.5926,-0.1351
4.0000,0.6042,-0.1189
4.0000,0.5860,-0.1323
4.0000,0.6099,-0.1036
4.0000,0.6027,-0.1058
4.0000,0.5947,-0.1087
4.0000,0.6148,-0.0833
4.0000,0.6056,-0.0872
4.0000,0.6141,-0.0731
4.0000,0.6278,-0.0538
4.0000,0.6081,-0.0677
4.0000,0.6107,-0.0592
4.0000,0.6223,-0.0416
4.0000,0.6197,-0.0380
4.0000,0.6222,-0.0292
4.0000,0.6065,-0.0385
4.0000,0.6312,-0.0072
4.0000,0.6226,-0.0092
4.0000,0.6171,-0.0079
4.0000,0.6316,0.0136
4.0000,0.6114,0.0004
4.0000,0.6383,0.0344
4.0000,0.6256,0.0290
4.0000,0.6291,0.0399
4.0000,0.6289,0.0472
4.0000,0.6390,0.0650
4.0000,0.6158,0.0495
4.0000,0.6414,0.0830
4.0000,0.6160,0.0656
4.0000,0.6262,0.0839
4.0000,0.6403,0.1062
4.0000,0.6200,0.0942
4.0000,0.6306,0.1133
4.0000,0.6389,0.1302
4.0000,0.6177,0.1176
4.0000,0.6304,0.1391
4.0000,0.6237,0.1413
4.0000,0.6395,0.1660
4.0000,0.6204,0.1561
4.0000,0.6253,0.1701
4.0000,0.6328,0.1869
4.0000,0.6227,0.1862
4.0000,0.6159,0.1889
4.0000,0.6171,0.1998
4.0000,0.6093,0.2017
4.0000,0.6043,0.2064
4.0000,0.6228,0.2348
4.0000,0.6030,0.2251
4.0000,0.6176,0.2498
4.0000,0.5969,0.2391
4.0000,0.5997,0.2522
4.0000,0.5985,0.2614
4.0000,0.6023,0.2756
4.0000,0.5969,0.2808
4.0000,0.6029,0.2973
4.0000,0.5885,0.2936
4.0000,0.5787,0.2946
4.0000,0.5864,0.3131
4.0000,0.5868,0.3244
4.0000,0.5762,0.3249
4.0000,0.5866,0.3462
4.0000,0.5585,0.3293
4.0000,0.5828,0.3649
4.0000,0.5576,0.3509
4.0000,0.5482,0.3529
4.0000,0.5704,0.3865
4.0000,0.5626,0.3902
4.0000,0.5489,0.3879
4.0000,0.5396,0.3903
4.0000,0.5445,0.4068
4.0000,0.5468,0.4208
4.0000,0.5269,0.4127
4.0000,0.5194,0.4171
4.0000,0.5110,0.4205
4.0000,0.5304,0.4518
4.0000,0.5293,0.4627
4.0000,0.5071,0.4525
4.0000,0.5071,0.4646
4.0000,0.5071,0.4766
4.0000,0.4848,0.4665
4.0000,0.4778,0.4717
4.0000,0.4929,0.4990
4.0000,0.4755,0.4938
4.0000,0.4879,0.5186
4.0000,0.4610,0.5039
4.0000,0.4730,0.5283
4.0000,0.4493,0.5170
4.0000,0.4606,0.5406
4.0000,0.4340,0.5265
4.0000,0.4337,0.5387
4.0000,0.4358,0.5532
4.0000,0.4368,0.5666
4.0000,0.4296,0.5720
4.0000,0.4094,0.5642
4.0000,0.4154,0.5828
4.0000,0.4076,0.5875
4.0000,0.3961,0.5886
4.0000,0.3984,0.6034
4.0000,0.3842,0.6017
4.0000,0.3673,0.5973
4.0000,0.3617,0.6043
4.0000,0.3685,0.6235
4.0000,0.3447,0.6123
4.0000,0.3374,0.6176
4.0000,0.3440,0.6366
4.0000,0.3398,0.6450
4.0000,0.3081,0.6257
4.0000,0.2997,0.6298
4.0000,0.2931,0.6356
4.0000,0.2930,0.6479
4.0000,0.3015,0.6689
4.0000,0.2738,0.6535
4.0000,0.2668,0.6589
4.0000,0.2698,0.6742
4.0000,0.2608,0.6775
4.0000,0.2537,0.6826
4.0000,0.2536,0.6948
4.0000,0.2446,0.6980
4.0000,0.2126,0.6781
4.0000,0.2057,0.6833
4.0000,0.2136,0.7033
4.0000,0.1898,0.6914
4.0000,0.2036,0.7172
4.0000,0.1698,0.6953
4.0000,0.1612,0.6985
4.0000,0.1501,0.6993
4.0000,0.1650,0.7259
4.0000,0.1330,0.7056
4.0000,0.1444,0.7286
4.0000,0.1257,0.7216
4.0000,0.1222,0.7296
4.0000,0.1260,0.7447
4.0000,0.0996,0.7298
4.0000,0.0816,0.7230
4.0000,0.0720,0.7246
4.0000,0.0759,0.7397
4.0000,0.0588,0.7336
4.0000,0.0416,0.7274
4.0000,0.0456,0.7424
4.0000,0.0485,0.7561
4.0000,0.0280,0.7464
4.0000,0.0305,0.7595
4.0000,0.0046,0.7441
4.0000,0.0154,0.7654
4.0000,0.0057,0.7661
4.0000,-0.0292,0.7414
4.0000,-0.0197,0.7611
4.0000,-0.0478,0.7431
4.0000,-0.0600,0.7409
4.0000,-0.0710,0.7398
4.0000,-0.0521,0.7685
4.0000,-0.0840,0.7462
4.0000,-0.0757,0.7641
4.0000,-0.0893,0.7599
4.0000,-0.0923,0.7663
4.0000,-0.1002,0.7676
4.0000,-0.1289,0.7480
4.0000,-0.1178,0.7681
4.0000,-0.1379,0.7569
4.0000,-0.1624,0.7411
4.0000,-0.1774,0.7348
4.0000,-0.1812,0.7395
4.0000,-0.1873,0.7418
4.0000,-0.2069,0.7304
4.0000,-0.2019,0.7435
4.0000,-0.2254,0.7280
4.0000,-0.2060,0.7552
4.0000,-0.2234,0.7456
4.0000,-0.2538,0.7228
4.0000,-0.2586,0.7254
4.0000,-0.2626,0.7287
4.0000,-0.2728,0.7256
4.0000,-0.2751,0.7304
4.0000,-0.2837,0.7286
4.0000,-0.3116,0.7075
4.0000,-0.3101,0.7156
4.0000,-0.3141,0.7180
4.0000,-0.3321,0.7063
4.0000,-0.3447,0.6999
4.0000,-0.3464,0.7041
4.0000,-0.3556,0.7007
4.0000,-0.3658,0.6962
4.0000,-0.3728,0.6947
4.0000,-0.3770,0.6959
4.0000,-0.3996,0.6785
4.0000,-0.3917,0.6914
4.0000,-0.4126,0.6754
4.0000,-0.4267,0.6660
4.0000,-0.4332,0.6640
4.0000,-0.4356,0.6660
4.0000,-0.4349,0.6709
4.0000,-0.4400,0.6699
4.0000,-0.4460,0.6677
4.0000,-0.4727,0.6448
4.0000,-0.4919,0.6290
4.0000,-0.4731,0.6512
4.0000,-0.5112,0.6163
4.0000,-0.5084,0.6221
4.0000,-0.5227,0.6106
4.0000,-0.5103,0.6258
4.0000,-0.5345,0.6041
4.0000,-0.5469,0.5940
4.0000,-0.5347,0.6083
4.0000,-0.5473,0.5977
4.0000,-0.5590,0.5878
4.0000,-0.5582,0.5901
4.0000,-0.5696,0.5802
4.0000,-0.5854,0.5656
4.0000,-0.5974,0.5546
4.0000,-0.6044,0.5485
4.0000,-0.5951,0.5585
4.0000,-0.6223,0.5317
4.0000,-0.6177,0.5367
4.0000,-0.6300,0.5245
4.0000,-0.6376,0.5168
4.0000,-0.6541,0.5001
4.0000,-0.6540,0.4998
4.0000,-0.6552,0.4979
4.0000,-0.6531,0.4993
4.0000,-0.6877,0.4637
4.0000,-0.6820,0.4682
4.0000,-0.6860,0.4629
4.0000,-0.7043,0.4429
4.0000,-0.7150,0.4306
4.0000,-0.7035,0.4401
4.0000,-0.6993,0.4421
4.0000,-0.7201,0.4190
4.0000,-0.7179,0.4188
4.0000,-0.7315,0.4025
4.0000,-0.7506,0.3805
4.0000,-0.7494,0.3787
4.0000,-0.7522,0.3726
4.0000,-0.7394,0.3820
4.0000,-0.7601,0.3576
4.0000,-0.7605,0.3534
4.0000,-0.7701,0.3398
4.0000,-0.7671,0.3386
4.0000,-0.7768,0.3245
4.0000,-0.7728,0.3240
4.0000,-0.7814,0.3106
4.0000,-0.7960,0.2911
4.0000,-0.7856,0.2963
4.0000,-0.7921,0.2845
4.0000,-0.8113,0.2597
4.0000,-0.8119,0.2535
4.0000,-0.8101,0.2494
4.0000,-0.8063,0.2471
4.0000,-0.8175,0.2297
4.0000,-0.8161,0.2246
4.0000,-0.8391,0.1950
4.0000,-0.8250,0.2024
4.0000,-0.8397,0.1807
4.0000,-0.8372,0.1761
4.0000,-0.8416,0.1643
4.0000,-0.8520,0.1464
4.0000,-0.8490,0.1417
4.0000,-0.8687,0.1142
4.0000,-0.8591,0.1157
4.0000,-0.8439,0.1227
4.0000,-0.8653,0.0929
4.0000,-0.8727,0.0769
4.0000,-0.8797,0.0612
4.0000,-0.8781,0.0539
4.0000,-0.8578,0.0651
4.0000,-0.8708,0.0429
4.0000,-0.8827,0.0215
4.0000,-0.8721,0.0226
4.0000,-0.8707,0.0143
4.0000,-0.8855,-0.0105
4.0000,-0.8664,-0.0015
4.0000,-0.8758,-0.0211
4.0000,-0.8894,-0.0451
4.0000,-0.8644,-0.0307
4.0000,-0.8772,-0.0541
4.0000,-0.8795,-0.0674
4.0000,-0.8880,-0.0869
4.0000,-0.8715,-0.0816
4.0000,-0.8712,-0.0926
4.0000,-0.8789,-0.1118
4.0000,-0.8748,-0.1193
4.0000,-0.8829,-0.1392
4.0000,-0.8813,-0.1495
4.0000,-0.8620,-0.1423
4.0000,-0.8639,-0.1564
4.0000,-0.8873,-0.1921
4.0000,-0.8831,-0.2005
4.0000,-0.8563,-0.1863
4.0000,-0.8610,-0.2038
4.0000,-0.8522,-0.2079
4.0000,-0.8795,-0.2482
4.0000,-0.8711,-0.2530
4.0000,-0.8521,-0.2473
4.0000,-0.8609,-0.2695
4.0000,-0.8587,-0.2809
4.0000,-0.8613,-0.2971
4.0000,-0.8395,-0.2891
4.0000,-0.8327,-0.2963
4.0000,-0.8323,-0.3098
4.0000,-0.8315,-0.3232
4.0000,-0.8414,-0.3474
4.0000,-0.8444,-0.3647
4.0000,-0.8222,-0.3570
4.0000,-0.8404,-0.3898
4.0000,-0.8217,-0.3858
4.0000,-0.8187,-0.3976
4.0000,-0.8279,-0.4217
4.0000,-0.8175,-0.4263
4.0000,-0.7979,-0.4217
4.0000,-0.8102,-0.4492
4.0000,-0.7903,-0.4446
4.0000,-0.7948,-0.4644
4.0000,-0.7996,-0.4846
4.0000,-0.7952,-0.4957
4.0000,-0.7886,-0.5048
4.0000,-0.7790,-0.5108
4.0000,-0.7594,-0.5070
4.0000,-0.7626,-0.5261
4.0000,-0.7647,-0.5441
4.0000,-0.7354,-0.5308
4.0000,-0.7488,-0.5602
4.0000,-0.7271,-0.5547
4.0000,-0.7296,-0.5733
4.0000,-0.7117,-0.5717
4.0000,-0.7121,-0.5884
4.0000,-0.6978,-0.5904
4.0000,-0.6952,-0.6042
4.0000,-0.6962,-0.6216
4.0000,-0.6837,-0.6256
4.0000,-0.6886,-0.6470
4.0000,-0.6626,-0.6377
4.0000,-0.6760,-0.6676
4.0000,-0.6578,-0.6661
4.0000,-0.6553,-0.6803
4.0000,-0.6546,-0.6963
4.0000,-0.6485,-0.7070
4.0000,-0.6285,-0.7038
4.0000,-0.6309,-0.7230
4.0000,-0.6178,-0.7268
4.0000,-0.5975,-0.7232
4.0000,-0.5789,-0.7216
4.0000,-0.5870,-0.7465
4.0000,-0.5667,-0.7431
4.0000,-0.5720,-0.7653
4.0000,-0.5721,-0.7822
4.0000,-0.5446,-0.7717
4.0000,-0.5429,-0.7869
4.0000,-0.5308,-0.7917
4.0000,-0.5162,-0.7940
4.0000,-0.5124,-0.8070
4.0000,-0.4965,-0.8080
4.0000,-0.4838,-0.8121
4.0000,-0.4690,-0.8141
4.0000,-0.4810,-0.8430
4.0000,-0.4693,-0.8481
4.0000,-0.4413,-0.8369
4.0000,-0.4338,-0.8460
4.0000,-0.4469,-0.8759
4.0000,-0.4059,-0.8515
4.0000,-0.4224,-0.8847
4.0000,-0.4137,-0.8926
4.0000,-0.3984,-0.8938
4.0000,-0.3865,-0.8985
4.0000,-0.3618,-0.8902
4.0000,-0.3470,-0.8918
4.0000,-0.3411,-0.9023
4.0000,-0.3337,-0.9111
4.0000,-0.3376,-0.9313
4.0000,-0.3211,-0.9310
4.0000,-0.3136,-0.9396
4.0000,-0.3006,-0.9426
4.0000,-0.2702,-0.9282
4.0000,-0.2641,-0.9381
4.0000,-0.2708,-0.9605
4.0000,-0.2533,-0.9588
4.0000,-0.2342,-0.9554
4.0000,-0.2262,-0.9629
4.0000,-0.1937,-0.9460
4.0000,-0.2117,-0.9794
4.0000,-0.1733,-0.9563
4.0000,-0.1656,-0.9638
4.0000,-0.1722,-0.9856
4.0000,-0.1427,-0.9711
4.0000,-0.1232,-0.9665
4.0000,-0.1284,-0.9865
4.0000,-0.1235,-0.9964
4.0000,-0.1043,-0.9918
4.0000,-0.0943,-0.9962
4.0000,-0.0775,-0.9938
4.0000,-0.0748,-1.0053
4.0000,-0.0342,-0.9789
4.0000,-0.0263,-0.9850
4.0000,-0.0137,-0.9863
4.0000,-0.0157,-1.0020
4.0000,-0.0109,-1.0109
