1.0000,0.0087,0.0077
1.0000,-0.0055,-0.0074
1.0000,0.0054,0.0026
1.0000,0.0075,0.0038
1.0000,0.0129,0.0084
1.0000,0.0070,0.0017
1.0000,0.0155,0.0094
1.0000,-0.0016,-0.0083
1.0000,0.0083,0.0009
1.0000,0.0092,0.0012
1.0000,0.0165,0.0080
1.0000,0.0143,0.0053
1.0000,0.0129,0.0035
1.0000,0.0206,0.0107
1.0000,0.0114,0.0012
1.0000,0.0168,0.0062
1.0000,0.0215,0.0107
1.0000,0.0229,0.0119
1.0000,0.0078,-0.0034
1.0000,0.0250,0.0138
1.0000,0.0192,0.0079
1.0000,0.0240,0.0128
1.0000,0.0265,0.0153
1.0000,0.0186,0.0075
1.0000,0.0253,0.0144
1.0000,0.0175,0.0068
1.0000,0.0138,0.0033
1.0000,0.0330,0.0229
1.0000,0.0213,0.0116
1.0000,0.0307,0.0215
1.0000,0.0244,0.0157
1.0000,0.0194,0.0112
1.0000,0.0252,0.0176
1.0000,0.0215,0.0146
1.0000,0.0256,0.0194
1.0000,0.0332,0.0278
1.0000,0.0336,0.0290
1.0000,0.0270,0.0233
1.0000,0.0296,0.0268
1.0000,0.0194,0.0176
1.0000,0.0273,0.0266
1.0000,0.0382,0.0385
1.0000,0.0206,0.0221
1.0000,0.0308,0.0335
1.0000,0.0245,0.0285
1.0000,0.0359,0.0412
1.0000,0.0280,0.0347
1.0000,0.0307,0.0388
1.0000,0.0287,0.0382
1.0000,0.0203,0.0314
1.0000,0.0279,0.0405
1.0000,0.0330,0.0473
1.0000,0.0332,0.0491
1.0000,0.0184,0.0360
1.0000,0.0270,0.0463
1.0000,0.0297,0.0508
1.0000,0.0167,0.0397
1.0000,0.0215,0.0463
1.0000,0.0290,0.0558
1.0000,0.0276,0.0564
1.0000,0.0273,0.0580
1.0000,0.0226,0.0554
1.0000,0.0282,0.0630
1.0000,0.0140,0.0510
1.0000,0.0299,0.0690
1.0000,0.0154,0.0567
1.0000,0.0270,0.0705
1.0000,0.0248,0.0706
1.0000,0.0270,0.0751
1.0000,0.0232,0.0736
1.0000,0.0157,0.0685
1.0000,0.0223,0.0774
1.0000,0.0141,0.0715
1.0000,0.0143,0.0742
1.0000,0.0080,0.0703
1.0000,0.0033,0.0681
1.0000,0.0059,0.0731
1.0000,0.0124,0.0822
1.0000,-0.0004,0.0719
1.0000,0.0082,0.0831
1.0000,-0.0020,0.0754
1.0000,-0.0043,0.0756
1.0000,-0.0064,0.0761
1.0000,0.0046,0.0897
1.0000,0.0008,0.0885
1.0000,0.0021,0.0923
1.0000,-0.0150,0.0778
1.0000,-0.0076,0.0878
1.0000,-0.0129,0.0851
1.0000,-0.0049,0.0956
1.0000,-0.0112,0.0920
1.0000,-0.0105,0.0953
1.0000,-0.0108,0.0975
1.0000,-0.0116,0.0992
1.0000,-0.0294,0.0840
1.0000,-0.0254,0.0905
1.0000,-0.0263,0.0923
1.0000,-0.0289,0.0921
1.0000,-0.0197,0.1039
1.0000,-0.0244,0.1016
1.0000,-0.0259,0.1026
1.0000,-0.0339,0.0970
1.0000,-0.0307,0.1026
1.0000,-0.0483,0.0874
1.0000,-0.0472,0.0909
1.0000,-0.0430,0.0974
1.0000,-0.0550,0.0877
1.0000,-0.0527,0.0923
1.0000,-0.0467,0.1005
1.0000,-0.0600,0.0894
1.0000,-0.0550,0.0965
1.0000,-0.0591,0.0946
1.0000,-0.0533,0.1025
1.0000,-0.0651,0.0927
1.0000,-0.0621,0.0977
1.0000,-0.0690,0.0927
1.0000,-0.0717,0.0919
1.0000,-0.0742,0.0912
1.0000,-0.0716,0.0956
1.0000,-0.0750,0.0939
1.0000,-0.0841,0.0865
1.0000,-0.0838,0.0884
1.0000,-0.0904,0.0834
1.0000,-0.0785,0.0968
1.0000,-0.0867,0.0901
1.0000,-0.0877,0.0904
1.0000,-0.0846,0.0948
1.0000,-0.1018,0.0790
1.0000,-0.0967,0.0852
1.0000,-0.1037,0.0793
1.0000,-0.0992,0.0849
1.0000,-0.1126,0.0725
1.0000,-0.1019,0.0840
1.0000,-0.1194,0.0674
1.0000,-0.1207,0.0669
1.0000,-0.1180,0.0702
1.0000,-0.1099,0.0789
1.0000,-0.1178,0.0715
1.0000,-0.1167,0.0731
1.0000,-0.1134,0.0768
1.0000,-0.1250,0.0654
1.0000,-0.1268,0.0638
1.0000,-0.1192,0.0715
1.0000,-0.1293,0.0614
1.0000,-0.1331,0.0576
1.0000,-0.1285,0.0620
1.0000,-0.1277,0.0626
1.0000,-0.1321,0.0579
1.0000,-0.1351,0.0544
1.0000,-0.1391,0.0499
1.0000,-0.1342,0.0542
1.0000,-0.1403,0.0474
1.0000,-0.1474,0.0395
1.0000,-0.1559,0.0301
1.0000,-0.1422,0.0429
1.0000,-0.1455,0.0385
1.0000,-0.1608,0.0221
1.0000,-0.1476,0.0339
1.0000,-0.1619,0.0184
1.0000,-0.1569,0.0219
1.0000,-0.1502,0.0271
1.0000,-0.1701,0.0055
1.0000,-0.1573,0.0166
1.0000,-0.1697,0.0023
1.0000,-0.1629,0.0072
1.0000,-0.1675,0.0006
1.0000,-0.1575,0.0084
1.0000,-0.1626,0.0011
1.0000,-0.1707,-0.0093
1.0000,-0.1595,-0.0005
1.0000,-0.1736,-0.0171
1.0000,-0.1709,-0.0170
1.0000,-0.1728,-0.0216
1.0000,-0.1624,-0.0140
1.0000,-0.1734,-0.0279
1.0000,-0.1661,-0.0236
1.0000,-0.1674,-0.0280
1.0000,-0.1666,-0.0303
1.0000,-0.1646,-0.0316
1.0000,-0.1751,-0.0455
1.0000,-0.1660,-0.0399
1.0000,-0.1790,-0.0564
1.0000,-0.1809,-0.0619
1.0000,-0.1793,-0.0641
1.0000,-0.1763,-0.0649
1.0000,-0.1754,-0.0679
1.0000,-0.1740,-0.0705
1.0000,-0.1661,-0.0667
1.0000,-0.1824,-0.0871
1.0000,-0.1685,-0.0775
1.0000,-0.1694,-0.0827
1.0000,-0.1621,-0.0799
1.0000,-0.1693,-0.0915
1.0000,-0.1766,-0.1034
1.0000,-0.1740,-0.1054
1.0000,-0.1707,-0.1069
1.0000,-0.1734,-0.1143
1.0000,-0.1686,-0.1144
1.0000,-0.1609,-0.1116
1.0000,-0.1517,-0.1075
1.0000,-0.1512,-0.1120
1.0000,-0.1512,-0.1172
1.0000,-0.1506,-0.1218
1.0000,-0.1502,-0.1266
1.0000,-0.1546,-0.1364
1.0000,-0.1625,-0.1497
1.0000,-0.1575,-0.1502
1.0000,-0.1491,-0.1473
1.0000,-0.1446,-0.1483
1.0000,-0.1343,-0.1436
1.0000,-0.1504,-0.1654
1.0000,-0.1305,-0.1512
1.0000,-0.1437,-0.1702
1.0000,-0.1441,-0.1764
1.0000,-0.1343,-0.1724
1.0000,-0.1224,-0.1664
1.0000,-0.1364,-0.1863
1.0000,-0.1258,-0.1817
1.0000,-0.1286,-0.1904
1.0000,-0.1163,-0.1841
1.0000,-0.1144,-0.1883
1.0000,-0.1045,-0.1844
1.0000,-0.1122,-0.1982
1.0000,-0.0966,-0.1888
1.0000,-0.1018,-0.2001
1.0000,-0.1050,-0.2094
1.0000,-0.1017,-0.2124
1.0000,-0.0822,-0.1990
1.0000,-0.0837,-0.2067
1.0000,-0.0928,-0.2220
1.0000,-0.0730,-0.2084
1.0000,-0.0863,-0.2279
1.0000,-0.0754,-0.2231
1.0000,-0.0590,-0.2130
1.0000,-0.0722,-0.2323
1.0000,-0.0545,-0.2207
1.0000,-0.0540,-0.2264
1.0000,-0.0597,-0.2383
1.0000,-0.0412,-0.2258
1.0000,-0.0475,-0.2383
1.0000,-0.0396,-0.2365
1.0000,-0.0403,-0.2432
1.0000,-0.0295,-0.2385
1.0000,-0.0266,-0.2415
1.0000,-0.0326,-0.2534
1.0000,-0.0209,-0.2477
1.0000,-0.0202,-0.2529
1.0000,-0.0145,-0.2530
1.0000,-0.0078,-0.2520
1.0000,-0.0001,-0.2501
1.0000,0.0085,-0.2472
1.0000,0.0080,-0.2533
1.0000,0.0209,-0.2460
1.0000,0.0173,-0.2551
1.0000,0.0319,-0.2459
1.0000,0.0232,-0.2601
1.0000,0.0380,-0.2506
1.0000,0.0407,-0.2532
1.0000,0.0411,-0.2579
1.0000,0.0483,-0.2558
1.0000,0.0568,-0.2524
1.0000,0.0639,-0.2502
1.0000,0.0539,-0.2650
1.0000,0.0755,-0.2483
1.0000,0.0660,-0.2625
1.0000,0.0852,-0.2478
1.0000,0.0801,-0.2574
1.0000,0.0866,-0.2553
1.0000,0.0916,-0.2546
1.0000,0.0928,-0.2576
1.0000,0.1019,-0.2527
1.0000,0.1113,-0.2472
1.0000,0.1137,-0.2487
1.0000,0.1221,-0.2441
1.0000,0.1288,-0.2410
1.0000,0.1318,-0.2416
1.0000,0.1291,-0.2478
1.0000,0.1359,-0.2443
1.0000,0.1535,-0.2298
1.0000,0.1525,-0.2339
1.0000,0.1499,-0.2395
1.0000,0.1658,-0.2264
1.0000,0.1610,-0.2339
1.0000,0.1654,-0.2320
1.0000,0.1790,-0.2208
1.0000,0.1743,-0.2279
1.0000,0.1902,-0.2141
1.0000,0.1906,-0.2157
1.0000,0.1933,-0.2149
1.0000,0.2090,-0.2010
1.0000,0.2019,-0.2096
1.0000,0.1995,-0.2134
1.0000,0.2180,-0.1963
1.0000,0.2198,-0.1956
1.0000,0.2229,-0.1935
1.0000,0.2258,-0.1914
1.0000,0.2362,-0.1817
1.0000,0.2242,-0.1942
1.0000,0.2347,-0.1841
1.0000,0.2417,-0.1773
1.0000,0.2424,-0.1767
1.0000,0.2535,-0.1655
1.0000,0.2603,-0.1585
1.0000,0.2542,-0.1641
1.0000,0.2603,-0.1575
1.0000,0.2673,-0.1498
1.0000,0.2697,-0.1465
1.0000,0.2637,-0.1514
1.0000,0.2715,-0.1424
1.0000,0.2808,-0.1316
1.0000,0.2900,-0.1209
1.0000,0.2783,-0.1309
1.0000,0.2832,-0.1241
1.0000,0.2947,-0.1106
1.0000,0.2926,-0.1105
1.0000,0.2919,-0.1088
1.0000,0.3123,-0.0858
1.0000,0.3125,-0.0829
1.0000,0.3015,-0.0911
1.0000,0.3131,-0.0764
1.0000,0.3101,-0.0762
1.0000,0.3087,-0.0743
1.0000,0.3219,-0.0575
1.0000,0.3216,-0.0541
1.0000,0.3200,-0.0518
1.0000,0.3203,-0.0475
1.0000,0.3315,-0.0321
1.0000,0.3271,-0.0322
1.0000,0.3206,-0.0342
1.0000,0.3225,-0.0275
1.0000,0.3381,-0.0071
1.0000,0.3365,-0.0038
1.0000,0.3331,-0.0020
1.0000,0.3399,0.0101
1.0000,0.3371,0.0128
1.0000,0.3292,0.0105
1.0000,0.3301,0.0171
1.0000,0.3421,0.0351
1.0000,0.3311,0.0302
1.0000,0.3374,0.0427
1.0000,0.3426,0.0543
1.0000,0.3455,0.0636
1.0000,0.3292,0.0540
1.0000,0.3363,0.0680
1.0000,0.3434,0.0819
1.0000,0.3291,0.0747
1.0000,0.3329,0.0858
1.0000,0.3383,0.0985
1.0000,0.3343,0.1020
1.0000,0.3281,0.1034
1.0000,0.3307,0.1137
1.0000,0.3378,0.1287
1.0000,0.3385,0.1373
1.0000,0.3346,0.1416
1.0000,0.3348,0.1500
1.0000,0.3297,0.1532
1.0000,0.3210,0.1530
1.0000,0.3141,0.1546
1.0000,0.3200,0.1692
1.0000,0.3200,0.1780
1.0000,0.3220,0.1888
1.0000,0.3033,0.1791
1.0000,0.3156,0.2005
1.0000,0.3022,0.1963
1.0000,0.3008,0.2041
1.0000,0.2911,0.2037
1.0000,0.2909,0.2129
1.0000,0.2958,0.2274
1.0000,0.2802,0.2213
1.0000,0.2814,0.2321
1.0000,0.2850,0.2455
1.0000,0.2710,0.2413
1.0000,0.2647,0.2448
1.0000,0.2797,0.2697
1.0000,0.2695,0.2695
1.0000,0.2583,0.2684
1.0000,0.2619,0.2820
1.0000,0.2513,0.2815
1.0000,0.2559,0.2963
1.0000,0.2376,0.2882
1.0000,0.2449,0.3057
1.0000,0.2273,0.2984
1.0000,0.2339,0.3153
1.0000,0.2125,0.3042
1.0000,0.2198,0.3218
1.0000,0.2149,0.3273
1.0000,0.2047,0.3274
1.0000,0.2018,0.3349
1.0000,0.2009,0.3444
1.0000,0.1933,0.3472
1.0000,0.1769,0.3412
1.0000,0.1851,0.3597
1.0000,0.1658,0.3508
1.0000,0.1664,0.3617
1.0000,0.1480,0.3536
1.0000,0.1519,0.3679
1.0000,0.1385,0.3647
1.0000,0.1273,0.3637
1.0000,0.1387,0.3853
1.0000,0.1337,0.3905
1.0000,0.1092,0.3761
1.0000,0.1057,0.3828
1.0000,0.1083,0.3953
1.0000,0.0877,0.3847
1.0000,0.0946,0.4015
1.0000,0.0826,0.3993
1.0000,0.0673,0.3938
1.0000,0.0606,0.3969
1.0000,0.0673,0.4131
1.0000,0.0615,0.4169
1.0000,0.0416,0.4065
1.0000,0.0295,0.4037
1.0000,0.0349,0.4184
1.0000,0.0267,0.4194
1.0000,0.0217,0.4234
1.0000,-0.0015,0.4093
1.0000,0.0079,0.4275
1.0000,-0.0068,0.4215
1.0000,-0.0243,0.4127
1.0000,-0.0288,0.4167
1.0000,-0.0344,0.4196
1.0000,-0.0325,0.4297
1.0000,-0.0457,0.4247
1.0000,-0.0599,0.4185
1.0000,-0.0613,0.4250
1.0000,-0.0766,0.4174
1.0000,-0.0890,0.4125
1.0000,-0.0979,0.4111
1.0000,-0.1018,0.4145
1.0000,-0.1013,0.4221
1.0000,-0.1062,0.4242
1.0000,-0.1318,0.4054
1.0000,-0.1301,0.4137
1.0000,-0.1471,0.4032
1.0000,-0.1510,0.4057
1.0000,-0.1508,0.4120
1.0000,-0.1532,0.4155
1.0000,-0.1792,0.3952
1.0000,-0.1886,0.3915
1.0000,-0.1979,0.3875
1.0000,-0.1935,0.3972
1.0000,-0.2095,0.3862
1.0000,-0.2125,0.3880
1.0000,-0.2193,0.3858
1.0000,-0.2249,0.3847
1.0000,-0.2369,0.3768
1.0000,-0.2372,0.3806
1.0000,-0.2488,0.3728
1.0000,-0.2499,0.3753
1.0000,-0.2738,0.3548
1.0000,-0.2795,0.3523
1.0000,-0.2898,0.3449
1.0000,-0.2780,0.3594
1.0000,-0.2906,0.3493
1.0000,-0.3075,0.3347
1.0000,-0.3135,0.3307
1.0000,-0.3114,0.3347
1.0000,-0.3311,0.3166
1.0000,-0.3263,0.3227
1.0000,-0.3250,0.3253
1.0000,-0.3447,0.3064
1.0000,-0.3456,0.3062
1.0000,-0.3538,0.2985
1.0000,-0.3673,0.2852
1.0000,-0.3734,0.2790
1.0000,-0.3833,0.2688
1.0000,-0.3874,0.2642
1.0000,-0.3808,0.2701
1.0000,-0.3936,0.2563
1.0000,-0.4056,0.2430
1.0000,-0.4039,0.2433
1.0000,-0.4016,0.2439
1.0000,-0.4026,0.2410
1.0000,-0.4177,0.2237
1.0000,-0.4329,0.2060
1.0000,-0.4236,0.2126
1.0000,-0.4247,0.2086
1.0000,-0.4331,0.1970
1.0000,-0.4460,0.1807
1.0000,-0.4500,0.1730
1.0000,-0.4530,0.1660
1.0000,-0.4647,0.1502
1.0000,-0.4667,0.1439
1.0000,-0.4652,0.1407
1.0000,-0.4663,0.1348
1.0000,-0.4672,0.1287
1.0000,-0.4783,0.1123
1.0000,-0.4794,0.1057
1.0000,-0.4847,0.0945
1.0000,-0.4903,0.0829
1.0000,-0.4795,0.0874
1.0000,-0.4833,0.0770
1.0000,-0.4966,0.0570
1.0000,-0.5000,0.0466
1.0000,-0.4878,0.0516
1.0000,-0.4845,0.0475
1.0000,-0.4906,0.0337
1.0000,-0.4991,0.0173
1.0000,-0.4996,0.0087
1.0000,-0.5033,-0.0033
1.0000,-0.5083,-0.0168
1.0000,-0.5016,-0.0189
1.0000,-0.4961,-0.0224
1.0000,-0.5000,-0.0354
1.0000,-0.5062,-0.0510
1.0000,-0.4943,-0.0487
1.0000,-0.5086,-0.0727
1.0000,-0.4945,-0.0686
1.0000,-0.5000,-0.0842
1.0000,-0.5083,-0.1029
1.0000,-0.4962,-0.1014
1.0000,-0.4993,-0.1152
1.0000,-0.4886,-0.1154
1.0000,-0.5016,-0.1395
1.0000,-0.4862,-0.1353
1.0000,-0.4980,-0.1586
1.0000,-0.4885,-0.1606
1.0000,-0.4935,-0.1774
1.0000,-0.4937,-0.1895
1.0000,-0.4819,-0.1899
1.0000,-0.4897,-0.2099
1.0000,-0.4714,-0.2039
1.0000,-0.4731,-0.2182
1.0000,-0.4806,-0.2383
1.0000,-0.4774,-0.2479
1.0000,-0.4618,-0.2453
1.0000,-0.4535,-0.2500
1.0000,-0.4648,-0.2745
1.0000,-0.4617,-0.2848
1.0000,-0.4483,-0.2848
1.0000,-0.4332,-0.2832
1.0000,-0.4339,-0.2976
1.0000,-0.4374,-0.3148
1.0000,-0.4350,-0.3263
1.0000,-0.4285,-0.3336
1.0000,-0.4170,-0.3362
1.0000,-0.4078,-0.3410
1.0000,-0.4141,-0.3616
1.0000,-0.3983,-0.3600
1.0000,-0.3893,-0.3653
1.0000,-0.3943,-0.3846
1.0000,-0.3849,-0.3897
1.0000,-0.3728,-0.3921
1.0000,-0.3671,-0.4010
1.0000,-0.3593,-0.4077
1.0000,-0.3507,-0.4137
1.0000,-0.3475,-0.4252
1.0000,-0.3394,-0.4317
1.0000,-0.3287,-0.4357
1.0000,-0.3156,-0.4373
1.0000,-0.3249,-0.4613
1.0000,-0.3025,-0.4536
1.0000,-0.2985,-0.4643
1.0000,-0.2989,-0.4794
1.0000,-0.2776,-0.4728
1.0000,-0.2747,-0.4846
1.0000,-0.2746,-0.4991
1.0000,-0.2632,-0.5023
1.0000,-0.2542,-0.5080
1.0000,-0.2475,-0.5158
1.0000,-0.2316,-0.5144
1.0000,-0.2130,-0.5102
1.0000,-0.2115,-0.5231
1.0000,-0.2061,-0.5321
1.0000,-0.1949,-0.5351
1.0000,-0.1899,-0.5443
1.0000,-0.1628,-0.5313
1.0000,-0.1629,-0.5454
1.0000,-0.1432,-0.5397
1.0000,-0.1425,-0.5528
1.0000,-0.1360,-0.5601
1.0000,-0.1200,-0.5577
1.0000,-0.1026,-0.5539
1.0000,-0.1017,-0.5664
1.0000,-0.1004,-0.5784
1.0000,-0.0765,-0.5676
1.0000,-0.0737,-0.5779
1.0000,-0.0662,-0.5833
1.0000,-0.0524,-0.5823
1.0000,-0.0415,-0.5840
1.0000,-0.0213,-0.5762
1.0000,-0.0102,-0.5774
1.0000,-0.0065,-0.5858
1.0000,0.0035,-0.5878
1.0000,0.0193,-0.5838
1.0000,0.0204,-0.5943
1.0000,0.0376,-0.5886
1.0000,0.0561,-0.5813
1.0000,0.0540,-0.5945
1.0000,0.0701,-0.5892
1.0000,0.0944,-0.5756
1.0000,0.0875,-0.5929
1.0000,0.1077,-0.5829
1.0000,0.1241,-0.5766
1.0000,0.1255,-0.5850
1.0000,0.1434,-0.5767
1.0000,0.1573,-0.5721
1.0000,0.1595,-0.5790
1.0000,0.1845,-0.5629
1.0000,0.1766,-0.5794
1.0000,0.1986,-0.5658
1.0000,0.2169,-0.5557
1.0000,0.2287,-0.5517
1.0000,0.2394,-0.5487
1.0000,0.2503,-0.5452
1.0000,0.2595,-0.5431
1.0000,0.2676,-0.5418
1.0000,0.2703,-0.5457
1.0000,0.2918,-0.5306
1.0000,0.2834,-0.5450
1.0000,0.2985,-0.5356
1.0000,0.3200,-0.5197
1.0000,0.3242,-0.5207
1.0000,0.3409,-0.5088
1.0000,0.3415,-0.5128
1.0000,0.3530,-0.5057
1.0000,0.3586,-0.5040
1.0000,0.3745,-0.4919
1.0000,0.3862,-0.4836
1.0000,0.4048,-0.4681
1.0000,0.4117,-0.4640
1.0000,0.4114,-0.4668
1.0000,0.4150,-0.4655
1.0000,0.4320,-0.4503
1.0000,0.4510,-0.4329
1.0000,0.4599,-0.4252
1.0000,0.4588,-0.4273
1.0000,0.4658,-0.4209
1.0000,0.4736,-0.4134
1.0000,0.4822,-0.4048
1.0000,0.5029,-0.3837
1.0000,0.5025,-0.3835
1.0000,0.4999,-0.3851
1.0000,0.5235,-0.3602
1.0000,0.5347,-0.3474
1.0000,0.5274,-0.3528
1.0000,0.5482,-0.3297
1.0000,0.5520,-0.3233
1.0000,0.5456,-0.3268
1.0000,0.5624,-0.3067
1.0000,0.5606,-0.3050
1.0000,0.5749,-0.2869
1.0000,0.5888,-0.2687
1.0000,0.5830,-0.2699
1.0000,0.5832,-0.2649
1.0000,0.6030,-0.2400
1.0000,0.5965,-0.2410
1.0000,0.6025,-0.2291
1.0000,0.6162,-0.2093
1.0000,0.6101,-0.2090
1.0000,0.6232,-0.1891
1.0000,0.6200,-0.1852
1.0000,0.6333,-0.1645
1.0000,0.6276,-0.1625
1.0000,0.6492,-0.1329
1.0000,0.6339,-0.1399
1.0000,0.6522,-0.1130
1.0000,0.6563,-0.1000
1.0000,0.6504,-0.0966
1.0000,0.6551,-0.0825
1.0000,0.6577,-0.0700
1.0000,0.6535,-0.0641
1.0000,0.6615,-0.0457
1.0000,0.6692,-0.0274
1.0000,0.6714,-0.0142
1.0000,0.6580,-0.0163
1.0000,0.6764,0.0136
1.0000,0.6730,0.0220
1.0000,0.6773,0.0383
1.0000,0.6618,0.0352
1.0000,0.6653,0.0513
1.0000,0.6655,0.0643
1.0000,0.6747,0.0867
1.0000,0.6616,0.0869
1.0000,0.6760,0.1149
1.0000,0.6635,0.1163
1.0000,0.6576,0.1244
1.0000,0.6672,0.1483
1.0000,0.6523,0.1480
1.0000,0.6661,0.1765
1.0000,0.6558,0.1813
1.0000,0.6535,0.1942
1.0000,0.6416,0.1977
1.0000,0.6443,0.2161
1.0000,0.6540,0.2416
1.0000,0.6331,0.2366
1.0000,0.6270,0.2468
1.0000,0.6323,0.2684
1.0000,0.6223,0.2750
1.0000,0.6323,0.3017
1.0000,0.6129,0.2992
1.0000,0.6134,0.3169
1.0000,0.6161,0.3368
1.0000,0.6071,0.3451
1.0000,0.5968,0.3524
1.0000,0.5916,0.3649
1.0000,0.5808,0.3719
1.0000,0.5740,0.3830
1.0000,0.5785,0.4055
1.0000,0.5667,0.4118
1.0000,0.5489,0.4123
1.0000,0.5592,0.4410
1.0000,0.5360,0.4363
1.0000,0.5457,0.4644
1.0000,0.5259,0.4633
1.0000,0.5313,0.4874
1.0000,0.5143,0.4891
1.0000,0.4965,0.4902
1.0000,0.5010,0.5136
1.0000,0.4789,0.5104
1.0000,0.4856,0.5361
1.0000,0.4642,0.5338
1.0000,0.4517,0.5403
1.0000,0.4393,0.5470
1.0000,0.4379,0.5646
1.0000,0.4284,0.5742
1.0000,0.4210,0.5859
1.0000,0.4067,0.5907
1.0000,0.4012,0.6043
1.0000,0.3861,0.6082
1.0000,0.3750,0.6162
1.0000,0.3566,0.6167
1.0000,0.3497,0.6288
1.0000,0.3472,0.6452
1.0000,0.3198,0.6367
1.0000,0.3158,0.6514
1.0000,0.3122,0.6665
1.0000,0.3015,0.6744
1.0000,0.2906,0.6821
1.0000,0.2785,0.6885
1.0000,0.2567,0.6851
1.0000,0.2540,0.7007
1.0000,0.2321,0.6969
1.0000,0.2158,0.6986
1.0000,0.2109,0.7117
1.0000,0.1844,0.7030
1.0000,0.1750,0.7112
1.0000,0.1710,0.7247
1.0000,0.1599,0.7310
1.0000,0.1327,0.7210
1.0000,0.1240,0.7293
1.0000,0.1013,0.7234
1.0000,0.1063,0.7451
1.0000,0.0791,0.7344
1.0000,0.0767,0.7482
1.0000,0.0573,0.7449
1.0000,0.0330,0.7366
1.0000,0.0230,0.7423
1.0000,0.0071,0.7418
1.0000,-0.0093,0.7407
1.0000,-0.0076,0.7574
1.0000,-0.0302,0.7496
1.0000,-0.0369,0.7575
1.0000,-0.0578,0.7509
1.0000,-0.0758,0.7469
1.0000,-0.0834,0.7531
1.0000,-0.0913,0.7587
1.0000,-0.1063,0.7569
1.0000,-0.1368,0.7395
1.0000,-0.1454,0.7435
1.0000,-0.1648,0.7366
1.0000,-0.1740,0.7395
1.0000,-0.1849,0.7404
1.0000,-0.1929,0.7439
1.0000,-0.2194,0.7287
1.0000,-0.2208,0.7382
1.0000,-0.2350,0.7345
1.0000,-0.2557,0.7242
1.0000,-0.2680,0.7218
1.0000,-0.2746,0.7248
1.0000,-0.2876,0.7211
1.0000,-0.3157,0.7019
1.0000,-0.3162,0.7100
1.0000,-0.3384,0.6961
1.0000,-0.3451,0.6973
1.0000,-0.3707,0.6793
1.0000,-0.3887,0.6684
1.0000,-0.4001,0.6639
1.0000,-0.4043,0.6661
1.0000,-0.4220,0.6545
1.0000,-0.4231,0.6592
1.0000,-0.4348,0.6528
1.0000,-0.4498,0.6428
1.0000,-0.4698,0.6274
1.0000,-0.4847,0.6167
1.0000,-0.4903,0.6149
1.0000,-0.5047,0.6040
1.0000,-0.5208,0.5909
1.0000,-0.5207,0.5937
1.0000,-0.5456,0.5711
1.0000,-0.5497,0.5688
1.0000,-0.5654,0.5546
1.0000,-0.5773,0.5438
1.0000,-0.5822,0.5396
1.0000,-0.5876,0.5345
1.0000,-0.6075,0.5144
1.0000,-0.6069,0.5146
1.0000,-0.6215,0.4990
1.0000,-0.6424,0.4768
1.0000,-0.6389,0.4785
1.0000,-0.6478,0.4675
1.0000,-0.6574,0.4554
1.0000,-0.6812,0.4286
1.0000,-0.6908,0.4157
1.0000,-0.7003,0.4023
1.0000,-0.6984,0.4001
1.0000,-0.7156,0.3783
1.0000,-0.7189,0.3701
1.0000,-0.7292,0.3544
1.0000,-0.7372,0.3405
1.0000,-0.7448,0.3268
1.0000,-0.7397,0.3253
1.0000,-0.7510,0.3070
1.0000,-0.7699,0.2808
1.0000,-0.7727,0.2702
1.0000,-0.7760,0.2587
1.0000,-0.7774,0.2487
1.0000,-0.7783,0.2390
1.0000,-0.7963,0.2116
1.0000,-0.7986,0.1996
1.0000,-0.8029,0.1852
1.0000,-0.8096,0.1680
1.0000,-0.8037,0.1630
1.0000,-0.8064,0.1491
1.0000,-0.8253,0.1186
1.0000,-0.8227,0.1093
1.0000,-0.8228,0.0968
1.0000,-0.8329,0.0741
1.0000,-0.8163,0.0776
1.0000,-0.8243,0.0562
1.0000,-0.8335,0.0332
1.0000,-0.8285,0.0242
1.0000,-0.8327,0.0055
1.0000,-0.8280,-0.0046
1.0000,-0.8316,-0.0232
1.0000,-0.8308,-0.0379
1.0000,-0.8332,-0.0560
1.0000,-0.8319,-0.0708
1.0000,-0.8250,-0.0802
1.0000,-0.8330,-0.1049
1.0000,-0.8230,-0.1118
1.0000,-0.8364,-0.1425
1.0000,-0.8330,-0.1567
1.0000,-0.8283,-0.1699
1.0000,-0.8231,-0.1828
1.0000,-0.8201,-0.1982
1.0000,-0.8267,-0.2234
1.0000,-0.8259,-0.2416
1.0000,-0.8110,-0.2458
1.0000,-0.8045,-0.2588
1.0000,-0.7991,-0.2730
1.0000,-0.8012,-0.2950
1.0000,-0.7978,-0.3118
1.0000,-0.7895,-0.3238
1.0000,-0.7914,-0.3463
1.0000,-0.7896,-0.3653
1.0000,-0.7649,-0.3615
1.0000,-0.7655,-0.3833
1.0000,-0.7606,-0.3998
1.0000,-0.7640,-0.4247
1.0000,-0.7396,-0.4219
1.0000,-0.7368,-0.4410
1.0000,-0.7321,-0.4584
1.0000,-0.7145,-0.4630
1.0000,-0.7100,-0.4808
1.0000,-0.7173,-0.5106
1.0000,-0.6920,-0.5078
1.0000,-0.6953,-0.5338
1.0000,-0.6806,-0.5419
1.0000,-0.6725,-0.5567
1.0000,-0.6532,-0.5604
1.0000,-0.6468,-0.5771
1.0000,-0.6490,-0.6025
1.0000,-0.6325,-0.6092
1.0000,-0.6245,-0.6245
1.0000,-0.6154,-0.6387
1.0000,-0.5870,-0.6338
1.0000,-0.5880,-0.6581
1.0000,-0.5754,-0.6690
1.0000,-0.5548,-0.6719
1.0000,-0.5446,-0.6852
1.0000,-0.5458,-0.7099
1.0000,-0.5231,-0.7106
1.0000,-0.5198,-0.7309
1.0000,-0.5034,-0.7380
1.0000,-0.4772,-0.7351
1.0000,-0.4606,-0.7419
1.0000,-0.4540,-0.7586
1.0000,-0.4419,-0.7698
1.0000,-0.4325,-0.7837
1.0000,-0.4176,-0.7919
1.0000,-0.4049,-0.8023
1.0000,-0.3793,-0.7996
1.0000,-0.3780,-0.8212
1.0000,-0.3619,-0.8278
1.0000,-0.3388,-0.8274
1.0000,-0.3256,-0.8367
1.0000,-0.3199,-0.8534
1.0000,-0.2913,-0.8470
1.0000,-0.2813,-0.8592
1.0000,-0.2565,-0.8563
1.0000,-0.2383,-0.8598
1.0000,-0.2195,-0.8626
1.0000,-0.2094,-0.8740
1.0000,-0.1926,-0.8784
1.0000,-0.1881,-0.8949
1.0000,-0.1654,-0.8931
1.0000,-0.1411,-0.8894
1.0000,-0.1238,-0.8924
1.0000,-0.1072,-0.8960
1.0000,-0.1036,-0.9122
1.0000,-0.0796,-0.9080
1.0000,-0.0665,-0.9142
1.0000,-0.0448,-0.9117
1.0000,-0.0389,-0.9247
1.0000,-0.0175,-0.9219
1.0000,0.0134,-0.9093
1.0000,0.0223,-0.9185
1.0000,0.0339,-0.9246
1.0000,0.0627,-0.9133
1.0000,0.0856,-0.9075
1.0000,0.0840,-0.9259
1.0000,0.1063,-0.9201
1.0000,0.1339,-0.9086
1.0000,0.1448,-0.9135
1.0000,0.1624,-0.9114
1.0000,0.1777,-0.9112
1.0000,0.2001,-0.9036
1.0000,0.2055,-0.9125
1.0000,0.2335,-0.8986
1.0000,0.2456,-0.9001
1.0000,0.2643,-0.8947
1.0000,0.2757,-0.8962
1.0000,0.3053,-0.8791
1.0000,0.3099,-0.8866
1.0000,0.3256,-0.8825
1.0000,0.3552,-0.8642
1.0000,0.3608,-0.8695
1.0000,0.3812,-0.8595
1.0000,0.3966,-0.8542
1.0000,0.4146,-0.8458
1.0000,0.4263,-0.8433
1.0000,0.4483,-0.8300
1.0000,0.4607,-0.8258
1.0000,0.4796,-0.8149
1.0000,0.4974,-0.8044
1.0000,0.5080,-0.8008
1.0000,0.5207,-0.7947
1.0000,0.5459,-0.7754
1.0000,0.5568,-0.7701
1.0000,0.5750,-0.7571
1.0000,0.5948,-0.7420
1.0000,0.6093,-0.7317
1.0000,0.6067,-0.7380
1.0000,0.6412,-0.7067
1.0000,0.6561,-0.6946
1.0000,0.6679,-0.6851
1.0000,0.6835,-0.6713
1.0000,0.6950,-0.6612
1.0000,0.6944,-0.6625
1.0000,0.7176,-0.6397
1.0000,0.7188,-0.6385
1.0000,0.7390,-0.6176
1.0000,0.7422,-0.6133
1.0000,0.7679,-0.5860
1.0000,0.7742,-0.5777
1.0000,0.7786,-0.5707
1.0000,0.8000,-0.5463
1.0000,0.7987,-0.5441
1.0000,0.8289,-0.5098
1.0000,0.8370,-0.4972
1.0000,0.8443,-0.4849
1.0000,0.8511,-0.4727
1.0000,0.8569,-0.4610
1.0000,0.8597,-0.4516
1.0000,0.8884,-0.4161
1.0000,0.8845,-0.4125
1.0000,0.8937,-0.3955
1.0000,0.9088,-0.3719
1.0000,0.9215,-0.3504
1.0000,0.9093,-0.3533
1.0000,0.9227,-0.3302
1.0000,0.9303,-0.3123
1.0000,0.9434,-0.2885
1.0000,0.9369,-0.2838
1.0000,0.9434,-0.2657
1.0000,0.9660,-0.2310
1.0000,0.9550,-0.2294
1.0000,0.9689,-0.2025
1.0000,0.9820,-0.1759
1.0000,0.9703,-0.1738
1.0000,0.9849,-0.1449
1.0000,0.9770,-0.1380
1.0000,0.9921,-0.1077
1.0000,0.9969,-0.0874
1.0000,1.0011,-0.0671
1.0000,0.9913,-0.0605
1.0000,0.9949,-0.0400
1.0000,0.9933,-0.0244
1.0000,0.9972,-0.0028
2.0000,0.0004,0.0014
2.0000,-0.0069,-0.0048
2.0000,-0.0071,-0.0039
2.0000,0.0019,0.0062
2.0000,-0.0042,0.0012
2.0000,0.0081,0.0148
2.0000,0.0039,0.0117
2.0000,-0.0048,0.0043
2.0000,0.0019,0.0123
2.0000,0.0048,0.0165
2.0000,-0.0105,0.0025
2.0000,0.0052,0.0196
2.0000,-0.0065,0.0093
2.0000,-0.0120,0.0052
2.0000,0.0043,0.0228
2.0000,0.0053,0.0254
2.0000,-0.0084,0.0130
2.0000,0.0032,0.0262
2.0000,-0.0093,0.0152
2.0000,-0.0153,0.0107
2.0000,-0.0148,0.0127
2.0000,-0.0084,0.0206
2.0000,-0.0195,0.0110
2.0000,-0.0205,0.0116
2.0000,-0.0197,0.0139
2.0000,-0.0196,0.0156
2.0000,-0.0167,0.0201
2.0000,-0.0237,0.0146
2.0000,-0.0050,0.0349
2.0000,-0.0149,0.0265
2.0000,-0.0116,0.0314
2.0000,-0.0283,0.0162
2.0000,-0.0114,0.0347
2.0000,-0.0202,0.0274
2.0000,-0.0146,0.0345
2.0000,-0.0122,0.0385
2.0000,-0.0242,0.0279
2.0000,-0.0158,0.0379
2.0000,-0.0293,0.0257
2.0000,-0.0228,0.0337
2.0000,-0.0341,0.0239
2.0000,-0.0256,0.0338
2.0000,-0.0357,0.0251
2.0000,-0.0340,0.0282
2.0000,-0.0301,0.0334
2.0000,-0.0455,0.0194
2.0000,-0.0341,0.0321
2.0000,-0.0323,0.0351
2.0000,-0.0321,0.0365
2.0000,-0.0447,0.0252
2.0000,-0.0399,0.0311
2.0000,-0.0476,0.0246
2.0000,-0.0430,0.0302
2.0000,-0.0509,0.0234
2.0000,-0.0532,0.0221
2.0000,-0.0411,0.0352
2.0000,-0.0427,0.0346
2.0000,-0.0429,0.0353
2.0000,-0.0576,0.0215
2.0000,-0.0566,0.0232
2.0000,-0.0623,0.0183
2.0000,-0.0652,0.0162
2.0000,-0.0503,0.0317
2.0000,-0.0671,0.0155
2.0000,-0.0562,0.0270
2.0000,-0.0653,0.0183
2.0000,-0.0657,0.0184
2.0000,-0.0601,0.0244
2.0000,-0.0620,0.0229
2.0000,-0.0702,0.0150
2.0000,-0.0585,0.0269
2.0000,-0.0678,0.0178
2.0000,-0.0699,0.0159
2.0000,-0.0737,0.0121
2.0000,-0.0638,0.0220
2.0000,-0.0742,0.0116
2.0000,-0.0870,-0.0014
2.0000,-0.0741,0.0113
2.0000,-0.0751,0.0101
2.0000,-0.0754,0.0095
2.0000,-0.0898,-0.0053
2.0000,-0.0777,0.0063
2.0000,-0.0841,-0.0005
2.0000,-0.0846,-0.0016
2.0000,-0.0808,0.0015
2.0000,-0.0844,-0.0028
2.0000,-0.0927,-0.0119
2.0000,-0.0845,-0.0046
2.0000,-0.0960,-0.0170
2.0000,-0.0898,-0.0118
2.0000,-0.0901,-0.0132
2.0000,-0.0969,-0.0211
2.0000,-0.0833,-0.0087
2.0000,-0.0881,-0.0147
2.0000,-0.0983,-0.0263
2.0000,-0.0938,-0.0232
2.0000,-0.0909,-0.0218
2.0000,-0.0948,-0.0273
2.0000,-0.0912,-0.0253
2.0000,-0.0905,-0.0263
2.0000,-0.0987,-0.0363
2.0000,-0.0887,-0.0281
2.0000,-0.0954,-0.0368
2.0000,-0.1056,-0.0489
2.0000,-0.0892,-0.0345
2.0000,-0.0878,-0.0353
2.0000,-0.0992,-0.0488
2.0000,-0.0916,-0.0435
2.0000,-0.0982,-0.0524
2.0000,-0.0966,-0.0532
2.0000,-0.0889,-0.0479
2.0000,-0.0922,-0.0537
2.0000,-0.0963,-0.0604
2.0000,-0.1037,-0.0705
2.0000,-0.0874,-0.0569
2.0000,-0.0864,-0.0587
2.0000,-0.0893,-0.0645
2.0000,-0.0900,-0.0681
2.0000,-0.0965,-0.0776
2.0000,-0.0970,-0.0810
2.0000,-0.0822,-0.0693
2.0000,-0.0809,-0.0711
2.0000,-0.0825,-0.0759
2.0000,-0.0940,-0.0907
2.0000,-0.0875,-0.0875
2.0000,-0.0893,-0.0927
2.0000,-0.0813,-0.0880
2.0000,-0.0873,-0.0975
2.0000,-0.0848,-0.0985
2.0000,-0.0772,-0.0945
2.0000,-0.0833,-0.1043
2.0000,-0.0748,-0.0993
2.0000,-0.0719,-0.1002
2.0000,-0.0877,-0.1197
2.0000,-0.0657,-0.1015
2.0000,-0.0638,-0.1034
2.0000,-0.0668,-0.1102
2.0000,-0.0816,-0.1289
2.0000,-0.0603,-0.1116
2.0000,-0.0664,-0.1216
2.0000,-0.0578,-0.1170
2.0000,-0.0632,-0.1264
2.0000,-0.0592,-0.1266
2.0000,-0.0551,-0.1265
2.0000,-0.0526,-0.1281
2.0000,-0.0593,-0.1389
2.0000,-0.0428,-0.1266
2.0000,-0.0609,-0.1488
2.0000,-0.0450,-0.1371
2.0000,-0.0449,-0.1412
2.0000,-0.0427,-0.1432
2.0000,-0.0334,-0.1381
2.0000,-0.0381,-0.1471
2.0000,-0.0347,-0.1479
2.0000,-0.0438,-0.1613
2.0000,-0.0216,-0.1433
2.0000,-0.0258,-0.1518
2.0000,-0.0224,-0.1526
2.0000,-0.0333,-0.1677
2.0000,-0.0241,-0.1628
2.0000,-0.0068,-0.1497
2.0000,-0.0180,-0.1652
2.0000,-0.0060,-0.1574
2.0000,-0.0032,-0.1587
2.0000,-0.0047,-0.1644
2.0000,0.0002,-0.1637
2.0000,-0.0004,-0.1684
2.0000,0.0067,-0.1655
2.0000,0.0007,-0.1755
2.0000,0.0017,-0.1786
2.0000,0.0161,-0.1683
2.0000,0.0209,-0.1675
2.0000,0.0208,-0.1715
2.0000,0.0336,-0.1628
2.0000,0.0193,-0.1810
2.0000,0.0288,-0.1753
2.0000,0.0272,-0.1807
2.0000,0.0337,-0.1780
2.0000,0.0369,-0.1786
2.0000,0.0414,-0.1777
2.0000,0.0499,-0.1729
2.0000,0.0554,-0.1709
2.0000,0.0451,-0.1847
2.0000,0.0502,-0.1831
2.0000,0.0652,-0.1715
2.0000,0.0764,-0.1636
2.0000,0.0618,-0.1816
2.0000,0.0762,-0.1704
2.0000,0.0722,-0.1775
2.0000,0.0860,-0.1668
2.0000,0.0848,-0.1710
2.0000,0.0840,-0.1747
2.0000,0.0907,-0.1709
2.0000,0.0979,-0.1665
2.0000,0.1036,-0.1635
2.0000,0.1095,-0.1602
2.0000,0.0989,-0.1733
2.0000,0.1167,-0.1580
2.0000,0.1216,-0.1554
2.0000,0.1257,-0.1537
2.0000,0.1119,-0.1697
2.0000,0.1293,-0.1543
2.0000,0.1322,-0.1534
2.0000,0.1318,-0.1558
2.0000,0.1416,-0.1477
2.0000,0.1446,-0.1464
2.0000,0.1383,-0.1544
2.0000,0.1402,-0.1539
2.0000,0.1598,-0.1358
2.0000,0.1445,-0.1523
2.0000,0.1469,-0.1511
2.0000,0.1621,-0.1370
2.0000,0.1675,-0.1325
2.0000,0.1622,-0.1388
2.0000,0.1722,-0.1294
2.0000,0.1701,-0.1322
2.0000,0.1869,-0.1159
2.0000,0.1704,-0.1328
2.0000,0.1773,-0.1262
2.0000,0.1872,-0.1164
2.0000,0.1948,-0.1089
2.0000,0.1874,-0.1162
2.0000,0.1885,-0.1148
2.0000,0.1945,-0.1086
2.0000,0.1912,-0.1115
2.0000,0.2050,-0.0971
2.0000,0.2027,-0.0986
2.0000,0.2161,-0.0844
2.0000,0.2110,-0.0886
2.0000,0.2090,-0.0895
2.0000,0.2066,-0.0907
2.0000,0.2091,-0.0869
2.0000,0.2213,-0.0733
2.0000,0.2177,-0.0752
2.0000,0.2309,-0.0604
2.0000,0.2213,-0.0680
2.0000,0.2377,-0.0498
2.0000,0.2312,-0.0541
2.0000,0.2405,-0.0426
2.0000,0.2300,-0.0507
2.0000,0.2407,-0.0375
2.0000,0.2316,-0.0440
2.0000,0.2313,-0.0415
2.0000,0.2427,-0.0273
2.0000,0.2340,-0.0330
2.0000,0.2550,-0.0089
2.0000,0.2434,-0.0172
2.0000,0.2531,-0.0041
2.0000,0.2447,-0.0089
2.0000,0.2488,-0.0012
2.0000,0.2480,0.0017
2.0000,0.2558,0.0135
2.0000,0.2565,0.0182
2.0000,0.2526,0.0184
2.0000,0.2614,0.0315
2.0000,0.2586,0.0331
2.0000,0.2624,0.0414
2.0000,0.2564,0.0401
2.0000,0.2447,0.0331
2.0000,0.2454,0.0387
2.0000,0.2496,0.0479
2.0000,0.2528,0.0563
2.0000,0.2530,0.0617
2.0000,0.2624,0.0764
2.0000,0.2540,0.0734
2.0000,0.2515,0.0765
2.0000,0.2480,0.0787
2.0000,0.2430,0.0795
2.0000,0.2473,0.0897
2.0000,0.2512,0.0995
2.0000,0.2519,0.1064
2.0000,0.2476,0.1083
2.0000,0.2500,0.1169
2.0000,0.2513,0.1246
2.0000,0.2489,0.1287
2.0000,0.2349,0.1213
2.0000,0.2414,0.1344
2.0000,0.2319,0.1317
2.0000,0.2313,0.1380
2.0000,0.2367,0.1503
2.0000,0.2259,0.1466
2.0000,0.2377,0.1654
2.0000,0.2242,0.1592
2.0000,0.2207,0.1628
2.0000,0.2167,0.1662
2.0000,0.2212,0.1781
2.0000,0.2118,0.1762
2.0000,0.2120,0.1839
2.0000,0.2177,0.1972
2.0000,0.2031,0.1902
2.0000,0.2155,0.2103
2.0000,0.2129,0.2154
2.0000,0.2082,0.2187
2.0000,0.1886,0.2068
2.0000,0.1888,0.2150
2.0000,0.1875,0.2216
2.0000,0.1887,0.2309
2.0000,0.1855,0.2357
2.0000,0.1860,0.2442
2.0000,0.1696,0.2360
2.0000,0.1683,0.2429
2.0000,0.1779,0.2605
2.0000,0.1713,0.2622
2.0000,0.1523,0.2514
2.0000,0.1652,0.2725
2.0000,0.1489,0.2644
2.0000,0.1526,0.2764
2.0000,0.1324,0.2644
2.0000,0.1467,0.2869
2.0000,0.1250,0.2735
2.0000,0.1311,0.2878
2.0000,0.1295,0.2945
2.0000,0.1081,0.2813
2.0000,0.1125,0.2940
2.0000,0.1064,0.2960
2.0000,0.1081,0.3059
2.0000,0.1042,0.3103
2.0000,0.0977,0.3119
2.0000,0.0916,0.3139
2.0000,0.0854,0.3157
2.0000,0.0784,0.3168
2.0000,0.0593,0.3057
2.0000,0.0709,0.3252
2.0000,0.0591,0.3214
2.0000,0.0469,0.3171
2.0000,0.0422,0.3202
2.0000,0.0426,0.3283
2.0000,0.0265,0.3200
2.0000,0.0184,0.3195
2.0000,0.0280,0.3367
2.0000,0.0205,0.3367
2.0000,0.0147,0.3382
2.0000,0.0115,0.3424
2.0000,0.0052,0.3433
2.0000,-0.0005,0.3449
2.0000,-0.0220,0.3305
2.0000,-0.0314,0.3280
2.0000,-0.0262,0.3402
2.0000,-0.0402,0.3330
2.0000,-0.0443,0.3357
2.0000,-0.0546,0.3320
2.0000,-0.0546,0.3385
2.0000,-0.0580,0.3414
2.0000,-0.0599,0.3459
2.0000,-0.0835,0.3284
2.0000,-0.0875,0.3305
2.0000,-0.0945,0.3294
2.0000,-0.0866,0.3431
2.0000,-0.0980,0.3375
2.0000,-0.1070,0.3340
2.0000,-0.1120,0.3345
2.0000,-0.1110,0.3408
2.0000,-0.1285,0.3284
2.0000,-0.1410,0.3209
2.0000,-0.1340,0.3327
2.0000,-0.1477,0.3238
2.0000,-0.1591,0.3170
2.0000,-0.1510,0.3295
2.0000,-0.1659,0.3188
2.0000,-0.1835,0.3054
2.0000,-0.1885,0.3044
2.0000,-0.1929,0.3038
2.0000,-0.2025,0.2978
2.0000,-0.2048,0.2989
2.0000,-0.1970,0.3100
2.0000,-0.2180,0.2922
2.0000,-0.2182,0.2949
2.0000,-0.2253,0.2907
2.0000,-0.2363,0.2822
2.0000,-0.2417,0.2792
2.0000,-0.2433,0.2798
2.0000,-0.2524,0.2728
2.0000,-0.2642,0.2629
2.0000,-0.2673,0.2616
2.0000,-0.2641,0.2662
2.0000,-0.2717,0.2600
2.0000,-0.2669,0.2659
2.0000,-0.2810,0.2527
2.0000,-0.2924,0.2421
2.0000,-0.2976,0.2374
2.0000,-0.3047,0.2307
2.0000,-0.3020,0.2336
2.0000,-0.3178,0.2176
2.0000,-0.3204,0.2149
2.0000,-0.3125,0.2223
2.0000,-0.3133,0.2209
2.0000,-0.3301,0.2033
2.0000,-0.3349,0.1974
2.0000,-0.3472,0.1839
2.0000,-0.3391,0.1906
2.0000,-0.3460,0.1820
2.0000,-0.3412,0.1849
2.0000,-0.3484,0.1757
2.0000,-0.3593,0.1625
2.0000,-0.3693,0.1501
2.0000,-0.3758,0.1410
2.0000,-0.3599,0.1539
2.0000,-0.3723,0.1385
2.0000,-0.3824,0.1251
2.0000,-0.3866,0.1175
2.0000,-0.3911,0.1093
2.0000,-0.3859,0.1106
2.0000,-0.3823,0.1101
2.0000,-0.3828,0.1052
2.0000,-0.3934,0.0902
2.0000,-0.3985,0.0804
2.0000,-0.3952,0.0788
2.0000,-0.4024,0.0665
2.0000,-0.4104,0.0532
2.0000,-0.4077,0.0505
2.0000,-0.4037,0.0488
2.0000,-0.4169,0.0297
2.0000,-0.4093,0.0312
2.0000,-0.4226,0.0117
2.0000,-0.4063,0.0215
2.0000,-0.4133,0.0079
2.0000,-0.4222,-0.0078
2.0000,-0.4214,-0.0141
2.0000,-0.4206,-0.0204
2.0000,-0.4162,-0.0234
2.0000,-0.4148,-0.0296
2.0000,-0.4131,-0.0356
2.0000,-0.4196,-0.0500
2.0000,-0.4097,-0.0482
2.0000,-0.4168,-0.0635
2.0000,-0.4285,-0.0837
2.0000,-0.4103,-0.0740
2.0000,-0.4087,-0.0811
2.0000,-0.4242,-0.1055
2.0000,-0.4063,-0.0967
2.0000,-0.4062,-0.1058
2.0000,-0.4072,-0.1162
2.0000,-0.4054,-0.1240
2.0000,-0.4190,-0.1472
2.0000,-0.4057,-0.1438
2.0000,-0.4124,-0.1604
2.0000,-0.4147,-0.1728
2.0000,-0.4053,-0.1737
2.0000,-0.4042,-0.1829
2.0000,-0.3984,-0.1877
2.0000,-0.3979,-0.1977
2.0000,-0.3824,-0.1930
2.0000,-0.3930,-0.2144
2.0000,-0.3964,-0.2288
2.0000,-0.3880,-0.2315
2.0000,-0.3806,-0.2353
2.0000,-0.3862,-0.2522
2.0000,-0.3786,-0.2560
2.0000,-0.3662,-0.2551
2.0000,-0.3554,-0.2558
2.0000,-0.3551,-0.2672
2.0000,-0.3461,-0.2700
2.0000,-0.3539,-0.2896
2.0000,-0.3362,-0.2838
2.0000,-0.3408,-0.3004
2.0000,-0.3411,-0.3128
2.0000,-0.3242,-0.3080
2.0000,-0.3306,-0.3266
2.0000,-0.3228,-0.3310
2.0000,-0.3084,-0.3289
2.0000,-0.2986,-0.3314
2.0000,-0.2973,-0.3425
2.0000,-0.2897,-0.3472
2.0000,-0.2903,-0.3602
2.0000,-0.2843,-0.3667
2.0000,-0.2843,-0.3792
2.0000,-0.2684,-0.3758
2.0000,-0.2721,-0.3921
2.0000,-0.2601,-0.3926
2.0000,-0.2478,-0.3928
2.0000,-0.2411,-0.3986
2.0000,-0.2315,-0.4016
2.0000,-0.2374,-0.4200
2.0000,-0.2324,-0.4275
2.0000,-0.2104,-0.4180
2.0000,-0.2022,-0.4223
2.0000,-0.2062,-0.4387
2.0000,-0.1859,-0.4308
2.0000,-0.1856,-0.4429
2.0000,-0.1741,-0.4436
2.0000,-0.1624,-0.4443
2.0000,-0.1558,-0.4499
2.0000,-0.1502,-0.4565
2.0000,-0.1477,-0.4661
2.0000,-0.1331,-0.4636
2.0000,-0.1198,-0.4622
2.0000,-0.1089,-0.4632
2.0000,-0.1155,-0.4816
2.0000,-0.0983,-0.4762
2.0000,-0.0909,-0.4804
2.0000,-0.0770,-0.4781
2.0000,-0.0726,-0.4852
2.0000,-0.0735,-0.4974
2.0000,-0.0565,-0.4916
2.0000,-0.0503,-0.4965
2.0000,-0.0378,-0.4950
2.0000,-0.0309,-0.4990
2.0000,-0.0194,-0.4982
2.0000,-0.0011,-0.4906
2.0000,0.0079,-0.4921
2.0000,0.0115,-0.4989
2.0000,0.0163,-0.5043
2.0000,0.0227,-0.5079
2.0000,0.0397,-0.5008
2.0000,0.0393,-0.5110
2.0000,0.0515,-0.5084
2.0000,0.0609,-0.5084
2.0000,0.0734,-0.5052
2.0000,0.0758,-0.5118
2.0000,0.0927,-0.5038
2.0000,0.0950,-0.5103
2.0000,0.1234,-0.4904
2.0000,0.1246,-0.4975
2.0000,0.1349,-0.4954
2.0000,0.1510,-0.4872
2.0000,0.1506,-0.4954
2.0000,0.1659,-0.4876
2.0000,0.1638,-0.4971
2.0000,0.1919,-0.4761
2.0000,0.1911,-0.4838
2.0000,0.1976,-0.4840
2.0000,0.2196,-0.4685
2.0000,0.2096,-0.4848
2.0000,0.2362,-0.4642
2.0000,0.2481,-0.4580
2.0000,0.2496,-0.4621
2.0000,0.2495,-0.4675
2.0000,0.2745,-0.4476
2.0000,0.2799,-0.4470
2.0000,0.2848,-0.4467
2.0000,0.2993,-0.4365
2.0000,0.3054,-0.4345
2.0000,0.3040,-0.4398
2.0000,0.3297,-0.4176
2.0000,0.3369,-0.4138
2.0000,0.3418,-0.4119
2.0000,0.3368,-0.4197
2.0000,0.3516,-0.4074
2.0000,0.3623,-0.3990
2.0000,0.3749,-0.3884
2.0000,0.3751,-0.3899
2.0000,0.3793,-0.3872
2.0000,0.3943,-0.3733
2.0000,0.4106,-0.3580
2.0000,0.4173,-0.3519
2.0000,0.4255,-0.3441
2.0000,0.4198,-0.3499
2.0000,0.4376,-0.3319
2.0000,0.4431,-0.3259
2.0000,0.4453,-0.3229
2.0000,0.4618,-0.3054
2.0000,0.4635,-0.3024
2.0000,0.4733,-0.2910
2.0000,0.4690,-0.2934
2.0000,0.4762,-0.2840
2.0000,0.4860,-0.2717
2.0000,0.4995,-0.2556
2.0000,0.4964,-0.2556
2.0000,0.4976,-0.2512
2.0000,0.5080,-0.2372
2.0000,0.5225,-0.2188
2.0000,0.5100,-0.2271
2.0000,0.5258,-0.2069
2.0000,0.5271,-0.2009
2.0000,0.5330,-0.1900
2.0000,0.5368,-0.1809
2.0000,0.5402,-0.1720
2.0000,0.5507,-0.1556
2.0000,0.5383,-0.1619
2.0000,0.5512,-0.1427
2.0000,0.5460,-0.1412
2.0000,0.5653,-0.1149
2.0000,0.5617,-0.1114
2.0000,0.5708,-0.0948
2.0000,0.5772,-0.0806
2.0000,0.5692,-0.0807
2.0000,0.5690,-0.0726
2.0000,0.5777,-0.0553
2.0000,0.5821,-0.0422
2.0000,0.5732,-0.0421
2.0000,0.5875,-0.0184
2.0000,0.5804,-0.0160
2.0000,0.5912,0.0046
2.0000,0.5781,0.0014
2.0000,0.5880,0.0216
2.0000,0.5873,0.0315
2.0000,0.5867,0.0416
2.0000,0.5812,0.0472
2.0000,0.5858,0.0629
2.0000,0.5889,0.0775
2.0000,0.5926,0.0928
2.0000,0.5738,0.0860
2.0000,0.5875,0.1118
2.0000,0.5904,0.1270
2.0000,0.5848,0.1339
2.0000,0.5855,0.1474
2.0000,0.5749,0.1497
2.0000,0.5785,0.1664
2.0000,0.5724,0.1736
2.0000,0.5804,0.1951
2.0000,0.5575,0.1860
2.0000,0.5562,0.1985
2.0000,0.5670,0.2234
2.0000,0.5615,0.2321
2.0000,0.5474,0.2324
2.0000,0.5590,0.2586
2.0000,0.5371,0.2514
2.0000,0.5486,0.2778
2.0000,0.5365,0.2807
2.0000,0.5415,0.3008
2.0000,0.5278,0.3024
2.0000,0.5231,0.3131
2.0000,0.5281,0.3337
2.0000,0.5131,0.3343
2.0000,0.5111,0.3481
2.0000,0.4993,0.3523
2.0000,0.4976,0.3666
2.0000,0.4805,0.3655
2.0000,0.4850,0.3862
2.0000,0.4773,0.3948
2.0000,0.4622,0.3960
2.0000,0.4570,0.4072
2.0000,0.4581,0.4249
2.0000,0.4575,0.4409
2.0000,0.4440,0.4440
2.0000,0.4421,0.4588
2.0000,0.4325,0.4660
2.0000,0.4152,0.4654
2.0000,0.4160,0.4830
2.0000,0.4026,0.4865
2.0000,0.3948,0.4955
2.0000,0.3871,0.5046
2.0000,0.3663,0.5008
2.0000,0.3614,0.5127
2.0000,0.3527,0.5209
2.0000,0.3371,0.5222
2.0000,0.3403,0.5423
2.0000,0.3216,0.5405
2.0000,0.3104,0.5461
2.0000,0.3120,0.5645
2.0000,0.2915,0.5607
2.0000,0.2966,0.5826
2.0000,0.2716,0.5742
2.0000,0.2670,0.5863
2.0000,0.2661,0.6019
2.0000,0.2421,0.5944
2.0000,0.2392,0.6079
2.0000,0.2136,0.5985
2.0000,0.2048,0.6060
2.0000,0.1945,0.6118
2.0000,0.1806,0.6140
2.0000,0.1688,0.6181
2.0000,0.1627,0.6278
2.0000,0.1493,0.6301
2.0000,0.1386,0.6350
2.0000,0.1311,0.6429
2.0000,0.1132,0.6402
2.0000,0.1041,0.6463
2.0000,0.0930,0.6502
2.0000,0.0782,0.6503
2.0000,0.0716,0.6584
2.0000,0.0500,0.6513
2.0000,0.0397,0.6553
2.0000,0.0367,0.6665
2.0000,0.0110,0.6548
2.0000,0.0078,0.6654
2.0000,0.0017,0.6728
2.0000,-0.0111,0.6735
2.0000,-0.0237,0.6741
2.0000,-0.0524,0.6584
2.0000,-0.0597,0.6638
2.0000,-0.0591,0.6769
2.0000,-0.0802,0.6682
2.0000,-0.0830,0.6774
2.0000,-0.1141,0.6582
2.0000,-0.1172,0.6667
2.0000,-0.1274,0.6678
2.0000,-0.1496,0.6567
2.0000,-0.1629,0.6542
2.0000,-0.1618,0.6659
2.0000,-0.1765,0.6615
2.0000,-0.1912,0.6569
2.0000,-0.2126,0.6452
2.0000,-0.2297,0.6376
2.0000,-0.2381,0.6384
2.0000,-0.2366,0.6489
2.0000,-0.2575,0.6366
2.0000,-0.2748,0.6276
2.0000,-0.2831,0.6273
2.0000,-0.2934,0.6248
2.0000,-0.2996,0.6259
2.0000,-0.3151,0.6175
2.0000,-0.3227,0.6167
2.0000,-0.3402,0.6057
2.0000,-0.3566,0.5954
2.0000,-0.3741,0.5837
2.0000,-0.3832,0.5801
2.0000,-0.3821,0.5863
2.0000,-0.4062,0.5670
2.0000,-0.4077,0.5701
2.0000,-0.4306,0.5513
2.0000,-0.4442,0.5416
2.0000,-0.4377,0.5515
2.0000,-0.4567,0.5356
2.0000,-0.4768,0.5183
2.0000,-0.4852,0.5122
2.0000,-0.4817,0.5179
2.0000,-0.5061,0.4952
2.0000,-0.5085,0.4941
2.0000,-0.5227,0.4809
2.0000,-0.5333,0.4709
2.0000,-0.5289,0.4756
2.0000,-0.5429,0.4615
2.0000,-0.5588,0.4452
2.0000,-0.5601,0.4430
2.0000,-0.5782,0.4238
2.0000,-0.5907,0.4098
2.0000,-0.5898,0.4088
2.0000,-0.6077,0.3887
2.0000,-0.5991,0.3946
2.0000,-0.6127,0.3780
2.0000,-0.6227,0.3647
2.0000,-0.6220,0.3616
2.0000,-0.6380,0.3416
2.0000,-0.6377,0.3375
2.0000,-0.6615,0.3088
2.0000,-0.6696,0.2956
2.0000,-0.6563,0.3033
2.0000,-0.6749,0.2788
2.0000,-0.6872,0.2603
2.0000,-0.6790,0.2619
2.0000,-0.6824,0.2515
2.0000,-0.6962,0.2304
2.0000,-0.7035,0.2154
2.0000,-0.7120,0.1989
2.0000,-0.7058,0.1967
2.0000,-0.7189,0.1749
2.0000,-0.7266,0.1581
2.0000,-0.7179,0.1574
2.0000,-0.7335,0.1320
2.0000,-0.7226,0.1328
2.0000,-0.7284,0.1166
2.0000,-0.7298,0.1045
2.0000,-0.7419,0.0813
2.0000,-0.7482,0.0636
2.0000,-0.7465,0.0536
2.0000,-0.7554,0.0327
2.0000,-0.7507,0.0250
2.0000,-0.7550,0.0080
2.0000,-0.7429,0.0071
2.0000,-0.7483,-0.0116
2.0000,-0.7433,-0.0202
2.0000,-0.7622,-0.0530
2.0000,-0.7469,-0.0518
2.0000,-0.7526,-0.0720
2.0000,-0.7481,-0.0823
2.0000,-0.7412,-0.0904
2.0000,-0.7415,-0.1060
2.0000,-0.7547,-0.1347
2.0000,-0.7445,-0.1403
2.0000,-0.7500,-0.1619
2.0000,-0.7413,-0.1696
2.0000,-0.7438,-0.1887
2.0000,-0.7394,-0.2011
2.0000,-0.7322,-0.2110
2.0000,-0.7415,-0.2376
2.0000,-0.7250,-0.2386
2.0000,-0.7307,-0.2621
2.0000,-0.7133,-0.2627
2.0000,-0.7060,-0.2736
2.0000,-0.7067,-0.2926
2.0000,-0.7008,-0.3053
2.0000,-0.7015,-0.3247
2.0000,-0.7052,-0.3474
2.0000,-0.6800,-0.3413
2.0000,-0.6762,-0.3568
2.0000,-0.6716,-0.3717
2.0000,-0.6718,-0.3914
2.0000,-0.6652,-0.4046
2.0000,-0.6510,-0.4104
2.0000,-0.6431,-0.4225
2.0000,-0.6360,-0.4356
2.0000,-0.6443,-0.4642
2.0000,-0.6276,-0.4679
2.0000,-0.6161,-0.4769
2.0000,-0.6019,-0.4834
2.0000,-0.5980,-0.5003
2.0000,-0.5946,-0.5176
2.0000,-0.5946,-0.5385
2.0000,-0.5849,-0.5498
2.0000,-0.5710,-0.5569
2.0000,-0.5549,-0.5620
2.0000,-0.5477,-0.5758
2.0000,-0.5395,-0.5889
2.0000,-0.5306,-0.6012
2.0000,-0.5249,-0.6168
2.0000,-0.5032,-0.6163
2.0000,-0.4905,-0.6249
2.0000,-0.4838,-0.6395
2.0000,-0.4660,-0.6430
2.0000,-0.4499,-0.6481
2.0000,-0.4523,-0.6719
2.0000,-0.4288,-0.6696
2.0000,-0.4210,-0.6830
2.0000,-0.4076,-0.6908
2.0000,-0.4066,-0.7109
2.0000,-0.3755,-0.7007
2.0000,-0.3642,-0.7105
2.0000,-0.3604,-0.7276
2.0000,-0.3483,-0.7363
2.0000,-0.3368,-0.7456
2.0000,-0.3245,-0.7539
2.0000,-0.3085,-0.7584
2.0000,-0.2945,-0.7650
2.0000,-0.2678,-0.7586
2.0000,-0.2611,-0.7721
2.0000,-0.2400,-0.7710
2.0000,-0.2332,-0.7841
2.0000,-0.2198,-0.7905
2.0000,-0.1972,-0.7875
2.0000,-0.1984,-0.8081
2.0000,-0.1824,-0.8114
2.0000,-0.1622,-0.8103
2.0000,-0.1449,-0.8120
2.0000,-0.1234,-0.8092
2.0000,-0.1172,-0.8215
2.0000,-0.1028,-0.8254
2.0000,-0.0899,-0.8306
2.0000,-0.0719,-0.8305
2.0000,-0.0513,-0.8275
2.0000,-0.0316,-0.8253
2.0000,-0.0115,-0.8223
2.0000,-0.0023,-0.8300
2.0000,0.0140,-0.8304
2.0000,0.0176,-0.8432
2.0000,0.0495,-0.8275
2.0000,0.0637,-0.8291
2.0000,0.0729,-0.8355
2.0000,0.0867,-0.8370
2.0000,0.0967,-0.8420
2.0000,0.1248,-0.8286
2.0000,0.1345,-0.8333
2.0000,0.1490,-0.8328
2.0000,0.1692,-0.8264
2.0000,0.1858,-0.8231
2.0000,0.1911,-0.8310
2.0000,0.2198,-0.8150
2.0000,0.2273,-0.8199
2.0000,0.2527,-0.8067
2.0000,0.2587,-0.8123
2.0000,0.2694,-0.8130
2.0000,0.2928,-0.8006
2.0000,0.3080,-0.7960
2.0000,0.3296,-0.7848
2.0000,0.3383,-0.7859
2.0000,0.3586,-0.7752
2.0000,0.3713,-0.7716
2.0000,0.3938,-0.7578
2.0000,0.4023,-0.7577
2.0000,0.4061,-0.7618
2.0000,0.4369,-0.7386
2.0000,0.4436,-0.7391
2.0000,0.4542,-0.7352
2.0000,0.4640,-0.7317
2.0000,0.4837,-0.7180
2.0000,0.4920,-0.7152
2.0000,0.5107,-0.7016
2.0000,0.5192,-0.6977
2.0000,0.5451,-0.6760
2.0000,0.5587,-0.6663
2.0000,0.5751,-0.6532
2.0000,0.5797,-0.6515
2.0000,0.6025,-0.6312
2.0000,0.6084,-0.6274
2.0000,0.6146,-0.6229
2.0000,0.6343,-0.6043
2.0000,0.6461,-0.5933
2.0000,0.6463,-0.5934
2.0000,0.6732,-0.5664
2.0000,0.6756,-0.5634
2.0000,0.6811,-0.5569
2.0000,0.6944,-0.5420
2.0000,0.7161,-0.5185
2.0000,0.7229,-0.5093
2.0000,0.7345,-0.4949
2.0000,0.7378,-0.4884
2.0000,0.7462,-0.4762
2.0000,0.7696,-0.4487
2.0000,0.7814,-0.4323
2.0000,0.7875,-0.4212
2.0000,0.7856,-0.4175
2.0000,0.7943,-0.4029
2.0000,0.8111,-0.3798
2.0000,0.8118,-0.3722
2.0000,0.8294,-0.3475
2.0000,0.8293,-0.3398
2.0000,0.8274,-0.3337
2.0000,0.8376,-0.3149
2.0000,0.8534,-0.2900
2.0000,0.8538,-0.2803
2.0000,0.8591,-0.2651
2.0000,0.8578,-0.2561
2.0000,0.8641,-0.2391
2.0000,0.8844,-0.2077
2.0000,0.8867,-0.1939
2.0000,0.8796,-0.1891
2.0000,0.9005,-0.1558
2.0000,0.9052,-0.1384
2.0000,0.8918,-0.1387
2.0000,0.9043,-0.1126
2.0000,0.9023,-0.1006
2.0000,0.8996,-0.0890
2.0000,0.9134,-0.0604
2.0000,0.9195,-0.0392
2.0000,0.9216,-0.0217
2.0000,0.9159,-0.0115
2.0000,0.9108,-0.0004
2.0000,0.9105,0.0158
2.0000,0.9182,0.0405
2.0000,0.9175,0.0571
2.0000,0.9235,0.0807
2.0000,0.9076,0.0828
2.0000,0.9092,0.1027
2.0000,0.9152,0.1274
2.0000,0.9129,0.1440
2.0000,0.9091,0.1594
2.0000,0.9106,0.1806
2.0000,0.9023,0.1921
2.0000,0.9131,0.2231
2.0000,0.8932,0.2237
2.0000,0.8876,0.2389
2.0000,0.9014,0.2737
2.0000,0.8820,0.2756
2.0000,0.8760,0.2911
2.0000,0.8843,0.3213
2.0000,0.8829,0.3419
2.0000,0.8721,0.3535
2.0000,0.8595,0.3634
2.0000,0.8542,0.3810
2.0000,0.8426,0.3923
2.0000,0.8413,0.4142
2.0000,0.8388,0.4351
2.0000,0.8223,0.4422
2.0000,0.8110,0.4547
2.0000,0.8123,0.4800
2.0000,0.8122,0.5040
2.0000,0.7892,0.5052
2.0000,0.7906,0.5311
2.0000,0.7845,0.5496
2.0000,0.7636,0.5534
2.0000,0.7650,0.5796
2.0000,0.7432,0.5829
2.0000,0.7307,0.5955
2.0000,0.7238,0.6138
2.0000,0.7179,0.6331
2.0000,0.6947,0.6353
2.0000,0.6881,0.6541
2.0000,0.6825,0.6740
2.0000,0.6686,0.6856
2.0000,0.6633,0.7060
2.0000,0.6397,0.7080
2.0000,0.6226,0.7165
2.0000,0.6169,0.7365
2.0000,0.6093,0.7546
2.0000,0.5951,0.7661
2.0000,0.5711,0.7678
2.0000,0.5576,0.7800
2.0000,0.5510,0.7991
2.0000,0.5253,0.7990
2.0000,0.5234,0.8227
2.0000,0.5047,0.8295
2.0000,0.4824,0.8326
2.0000,0.4790,0.8546
2.0000,0.4526,0.8535
2.0000,0.4530,0.8791
2.0000,0.4310,0.8822
2.0000,0.4138,0.8900
2.0000,0.3911,0.8922
2.0000,0.3720,0.8978
2.0000,0.3609,0.9113
2.0000,0.3466,0.9215
2.0000,0.3252,0.9244
2.0000,0.3112,0.9345
2.0000,0.2934,0.9407
2.0000,0.2673,0.9384
2.0000,0.2525,0.9472
2.0000,0.2430,0.9610
2.0000,0.2240,0.9652
2.0000,0.1985,0.9627
2.0000,0.1950,0.9820
2.0000,0.1576,0.9671
2.0000,0.1504,0.9821
2.0000,0.1391,0.9928
2.0000,0.1139,0.9894
2.0000,0.0863,0.9832
2.0000,0.0772,0.9954
2.0000,0.0636,1.0026
2.0000,0.0300,0.9897
2.0000,0.0141,0.9941
2.0000,-0.0056,0.9944
3.0000,0.0054,0.0064
3.0000,-0.0082,-0.0063
3.0000,0.0029,0.0057
3.0000,-0.0064,-0.0027
3.0000,-0.0063,-0.0018
3.0000,0.0006,0.0059
3.0000,-0.0006,0.0054
3.0000,-0.0116,-0.0049
3.0000,-0.0056,0.0017
3.0000,-0.0040,0.0039
3.0000,-0.0213,-0.0128
3.0000,-0.0141,-0.0051
3.0000,-0.0057,0.0038
3.0000,-0.0161,-0.0062
3.0000,-0.0196,-0.0094
3.0000,-0.0217,-0.0112
3.0000,-0.0068,0.0040
3.0000,-0.0095,0.0015
3.0000,-0.0105,0.0006
3.0000,-0.0273,-0.0161
3.0000,-0.0242,-0.0129
3.0000,-0.0306,-0.0194
3.0000,-0.0261,-0.0149
3.0000,-0.0124,-0.0013
3.0000,-0.0190,-0.0081
3.0000,-0.0185,-0.0078
3.0000,-0.0276,-0.0172
3.0000,-0.0161,-0.0060
3.0000,-0.0214,-0.0117
3.0000,-0.0172,-0.0080
3.0000,-0.0182,-0.0094
3.0000,-0.0185,-0.0103
3.0000,-0.0257,-0.0182
3.0000,-0.0185,-0.0115
3.0000,-0.0308,-0.0246
3.0000,-0.0338,-0.0284
3.0000,-0.0182,-0.0136
3.0000,-0.0325,-0.0288
3.0000,-0.0216,-0.0188
3.0000,-0.0284,-0.0266
3.0000,-0.0247,-0.0239
3.0000,-0.0262,-0.0266
3.0000,-0.0205,-0.0220
3.0000,-0.0362,-0.0390
3.0000,-0.0246,-0.0286
3.0000,-0.0329,-0.0382
3.0000,-0.0286,-0.0352
3.0000,-0.0298,-0.0379
3.0000,-0.0360,-0.0456
3.0000,-0.0332,-0.0442
3.0000,-0.0395,-0.0521
3.0000,-0.0292,-0.0434
3.0000,-0.0352,-0.0511
3.0000,-0.0341,-0.0517
3.0000,-0.0244,-0.0437
3.0000,-0.0356,-0.0567
3.0000,-0.0300,-0.0530
3.0000,-0.0182,-0.0430
3.0000,-0.0312,-0.0580
3.0000,-0.0205,-0.0492
3.0000,-0.0245,-0.0553
3.0000,-0.0174,-0.0502
3.0000,-0.0263,-0.0611
3.0000,-0.0241,-0.0610
3.0000,-0.0291,-0.0683
3.0000,-0.0128,-0.0541
3.0000,-0.0099,-0.0535
3.0000,-0.0152,-0.0610
3.0000,-0.0172,-0.0653
3.0000,-0.0163,-0.0667
3.0000,-0.0076,-0.0603
3.0000,-0.0167,-0.0718
3.0000,-0.0132,-0.0707
3.0000,-0.0036,-0.0635
3.0000,-0.0016,-0.0639
3.0000,-0.0030,-0.0678
3.0000,-0.0189,-0.0862
3.0000,-0.0183,-0.0881
3.0000,-0.0031,-0.0754
3.0000,-0.0072,-0.0820
3.0000,0.0033,-0.0741
3.0000,0.0043,-0.0756
3.0000,0.0002,-0.0822
3.0000,-0.0033,-0.0883
3.0000,0.0018,-0.0858
3.0000,0.0088,-0.0814
3.0000,0.0082,-0.0846
3.0000,0.0058,-0.0896
3.0000,0.0098,-0.0882
3.0000,0.0132,-0.0873
3.0000,0.0170,-0.0862
3.0000,0.0062,-0.0995
3.0000,0.0233,-0.0850
3.0000,0.0149,-0.0960
3.0000,0.0288,-0.0847
3.0000,0.0128,-0.1031
3.0000,0.0277,-0.0908
3.0000,0.0240,-0.0970
3.0000,0.0229,-0.1007
3.0000,0.0285,-0.0975
3.0000,0.0419,-0.0865
3.0000,0.0416,-0.0893
3.0000,0.0479,-0.0855
3.0000,0.0381,-0.0976
3.0000,0.0388,-0.0992
3.0000,0.0512,-0.0892
3.0000,0.0361,-0.1066
3.0000,0.0454,-0.0995
3.0000,0.0606,-0.0865
3.0000,0.0582,-0.0911
3.0000,0.0625,-0.0891
3.0000,0.0593,-0.0944
3.0000,0.0627,-0.0930
3.0000,0.0662,-0.0916
3.0000,0.0655,-0.0942
3.0000,0.0756,-0.0861
3.0000,0.0654,-0.0982
3.0000,0.0765,-0.0890
3.0000,0.0722,-0.0950
3.0000,0.0723,-0.0967
3.0000,0.0842,-0.0865
3.0000,0.0849,-0.0873
3.0000,0.0826,-0.0912
3.0000,0.0873,-0.0881
3.0000,0.0892,-0.0875
3.0000,0.1005,-0.0777
3.0000,0.1028,-0.0767
3.0000,0.0913,-0.0894
3.0000,0.0942,-0.0877
3.0000,0.1055,-0.0776
3.0000,0.1049,-0.0792
3.0000,0.0994,-0.0857
3.0000,0.1140,-0.0719
3.0000,0.1149,-0.0719
3.0000,0.1086,-0.0790
3.0000,0.1120,-0.0762
3.0000,0.1064,-0.0825
3.0000,0.1186,-0.0707
3.0000,0.1110,-0.0788
3.0000,0.1162,-0.0739
3.0000,0.1352,-0.0552
3.0000,0.1189,-0.0717
3.0000,0.1338,-0.0569
3.0000,0.1297,-0.0611
3.0000,0.1264,-0.0642
3.0000,0.1259,-0.0646
3.0000,0.1422,-0.0481
3.0000,0.1435,-0.0464
3.0000,0.1469,-0.0426
3.0000,0.1375,-0.0515
3.0000,0.1449,-0.0435
3.0000,0.1369,-0.0509
3.0000,0.1424,-0.0446
3.0000,0.1530,-0.0331
3.0000,0.1596,-0.0255
3.0000,0.1447,-0.0393
3.0000,0.1445,-0.0383
3.0000,0.1491,-0.0325
3.0000,0.1573,-0.0229
3.0000,0.1647,-0.0141
3.0000,0.1612,-0.0160
3.0000,0.1571,-0.0185
3.0000,0.1621,-0.0117
3.0000,0.1539,-0.0182
3.0000,0.1590,-0.0111
3.0000,0.1597,-0.0084
3.0000,0.1576,-0.0084
3.0000,0.1602,-0.0035
3.0000,0.1613,-0.0001
3.0000,0.1687,0.0097
3.0000,0.1776,0.0212
3.0000,0.1750,0.0212
3.0000,0.1725,0.0213
3.0000,0.1639,0.0156
3.0000,0.1779,0.0324
3.0000,0.1752,0.0327
3.0000,0.1688,0.0294
3.0000,0.1766,0.0403
3.0000,0.1698,0.0368
3.0000,0.1846,0.0550
3.0000,0.1757,0.0495
3.0000,0.1667,0.0441
3.0000,0.1640,0.0451
3.0000,0.1809,0.0656
3.0000,0.1650,0.0536
3.0000,0.1695,0.0620
3.0000,0.1781,0.0746
3.0000,0.1636,0.0641
3.0000,0.1670,0.0717
3.0000,0.1745,0.0835
3.0000,0.1797,0.0930
3.0000,0.1708,0.0885
3.0000,0.1685,0.0907
3.0000,0.1660,0.0928
3.0000,0.1725,0.1040
3.0000,0.1726,0.1088
3.0000,0.1721,0.1130
3.0000,0.1742,0.1200
3.0000,0.1732,0.1239
3.0000,0.1667,0.1224
3.0000,0.1502,0.1111
3.0000,0.1684,0.1344
3.0000,0.1666,0.1377
3.0000,0.1585,0.1350
3.0000,0.1537,0.1355
3.0000,0.1618,0.1490
3.0000,0.1465,0.1392
3.0000,0.1397,0.1379
3.0000,0.1481,0.1518
3.0000,0.1418,0.1511
3.0000,0.1343,0.1493
3.0000,0.1332,0.1539
3.0000,0.1416,0.1681
3.0000,0.1384,0.1707
3.0000,0.1227,0.1608
3.0000,0.1257,0.1696
3.0000,0.1203,0.1702
3.0000,0.1164,0.1723
3.0000,0.1147,0.1766
3.0000,0.1238,0.1916
3.0000,0.1148,0.1887
3.0000,0.1026,0.1826
3.0000,0.1008,0.1869
3.0000,0.1078,0.2000
3.0000,0.1090,0.2074
3.0000,0.0943,0.1988
3.0000,0.1026,0.2133
3.0000,0.0937,0.2106
3.0000,0.0868,0.2098
3.0000,0.0943,0.2235
3.0000,0.0788,0.2141
3.0000,0.0809,0.2224
3.0000,0.0705,0.2182
3.0000,0.0657,0.2197
3.0000,0.0746,0.2347
3.0000,0.0654,0.2317
3.0000,0.0556,0.2280
3.0000,0.0636,0.2422
3.0000,0.0443,0.2290
3.0000,0.0395,0.2302
3.0000,0.0479,0.2447
3.0000,0.0340,0.2369
3.0000,0.0386,0.2475
3.0000,0.0280,0.2429
3.0000,0.0280,0.2489
3.0000,0.0117,0.2384
3.0000,0.0213,0.2540
3.0000,0.0015,0.2399
3.0000,0.0038,0.2480
3.0000,0.0041,0.2541
3.0000,-0.0034,0.2523
3.0000,-0.0185,0.2428
3.0000,-0.0100,0.2569
3.0000,-0.0212,0.2512
3.0000,-0.0202,0.2577
3.0000,-0.0331,0.2502
3.0000,-0.0358,0.2528
3.0000,-0.0302,0.2636
3.0000,-0.0521,0.2469
3.0000,-0.0572,0.2469
3.0000,-0.0469,0.2623
3.0000,-0.0593,0.2548
3.0000,-0.0606,0.2583
3.0000,-0.0701,0.2536
3.0000,-0.0823,0.2461
3.0000,-0.0800,0.2530
3.0000,-0.0779,0.2596
3.0000,-0.0926,0.2493
3.0000,-0.0887,0.2575
3.0000,-0.0931,0.2573
3.0000,-0.1090,0.2455
3.0000,-0.1185,0.2400
3.0000,-0.1154,0.2470
3.0000,-0.1204,0.2458
3.0000,-0.1277,0.2421
3.0000,-0.1208,0.2526
3.0000,-0.1322,0.2447
3.0000,-0.1488,0.2313
3.0000,-0.1480,0.2354
3.0000,-0.1567,0.2298
3.0000,-0.1570,0.2324
3.0000,-0.1667,0.2255
3.0000,-0.1650,0.2299
3.0000,-0.1727,0.2248
3.0000,-0.1784,0.2215
3.0000,-0.1891,0.2130
3.0000,-0.1826,0.2217
3.0000,-0.1886,0.2177
3.0000,-0.1931,0.2151
3.0000,-0.2044,0.2056
3.0000,-0.1967,0.2148
3.0000,-0.2134,0.1995
3.0000,-0.2145,0.1997
3.0000,-0.2083,0.2071
3.0000,-0.2241,0.1922
3.0000,-0.2207,0.1966
3.0000,-0.2240,0.1939
3.0000,-0.2309,0.1876
3.0000,-0.2280,0.1908
3.0000,-0.2343,0.1848
3.0000,-0.2567,0.1624
3.0000,-0.2554,0.1636
3.0000,-0.2532,0.1656
3.0000,-0.2536,0.1647
3.0000,-0.2596,0.1582
3.0000,-0.2757,0.1413
3.0000,-0.2596,0.1565
3.0000,-0.2660,0.1491
3.0000,-0.2801,0.1338
3.0000,-0.2758,0.1367
3.0000,-0.2893,0.1216
3.0000,-0.2826,0.1267
3.0000,-0.2988,0.1085
3.0000,-0.2871,0.1182
3.0000,-0.2905,0.1126
3.0000,-0.2915,0.1092
3.0000,-0.3085,0.0896
3.0000,-0.3106,0.0849
3.0000,-0.2974,0.0951
3.0000,-0.3054,0.0841
3.0000,-0.3058,0.0805
3.0000,-0.3214,0.0615
3.0000,-0.3096,0.0698
3.0000,-0.3143,0.0614
3.0000,-0.3218,0.0500
3.0000,-0.3263,0.0415
3.0000,-0.3216,0.0420
3.0000,-0.3203,0.0390
3.0000,-0.3350,0.0197
3.0000,-0.3308,0.0193
3.0000,-0.3206,0.0247
3.0000,-0.3391,0.0012
3.0000,-0.3284,0.0067
3.0000,-0.3318,-0.0021
3.0000,-0.3298,-0.0055
3.0000,-0.3339,-0.0152
3.0000,-0.3421,-0.0292
3.0000,-0.3286,-0.0216
3.0000,-0.3458,-0.0448
3.0000,-0.3376,-0.0429
3.0000,-0.3301,-0.0418
3.0000,-0.3370,-0.0552
3.0000,-0.3335,-0.0583
3.0000,-0.3304,-0.0620
3.0000,-0.3352,-0.0737
3.0000,-0.3445,-0.0901
3.0000,-0.3394,-0.0923
3.0000,-0.3348,-0.0950
3.0000,-0.3418,-0.1095
3.0000,-0.3409,-0.1162
3.0000,-0.3262,-0.1092
3.0000,-0.3357,-0.1266
3.0000,-0.3315,-0.1304
3.0000,-0.3323,-0.1393
3.0000,-0.3336,-0.1488
3.0000,-0.3248,-0.1484
3.0000,-0.3237,-0.1557
3.0000,-0.3229,-0.1634
3.0000,-0.3226,-0.1718
3.0000,-0.3143,-0.1722
3.0000,-0.3125,-0.1794
3.0000,-0.3003,-0.1761
3.0000,-0.3019,-0.1868
3.0000,-0.2987,-0.1927
3.0000,-0.3068,-0.2101
3.0000,-0.3009,-0.2135
3.0000,-0.3002,-0.2222
3.0000,-0.3005,-0.2320
3.0000,-0.2845,-0.2256
3.0000,-0.2841,-0.2349
3.0000,-0.2761,-0.2365
3.0000,-0.2768,-0.2471
3.0000,-0.2771,-0.2572
3.0000,-0.2596,-0.2496
3.0000,-0.2751,-0.2751
3.0000,-0.2704,-0.2805
3.0000,-0.2501,-0.2702
3.0000,-0.2530,-0.2832
3.0000,-0.2500,-0.2904
3.0000,-0.2329,-0.2835
3.0000,-0.2457,-0.3065
3.0000,-0.2389,-0.3100
3.0000,-0.2355,-0.3169
3.0000,-0.2255,-0.3172
3.0000,-0.2259,-0.3280
3.0000,-0.2190,-0.3314
3.0000,-0.2040,-0.3267
3.0000,-0.2073,-0.3404
3.0000,-0.1930,-0.3365
3.0000,-0.1924,-0.3463
3.0000,-0.1855,-0.3498
3.0000,-0.1792,-0.3538
3.0000,-0.1693,-0.3543
3.0000,-0.1701,-0.3654
3.0000,-0.1565,-0.3622
3.0000,-0.1453,-0.3613
3.0000,-0.1340,-0.3602
3.0000,-0.1466,-0.3830
3.0000,-0.1311,-0.3778
3.0000,-0.1254,-0.3822
3.0000,-0.1132,-0.3801
3.0000,-0.1127,-0.3897
3.0000,-0.1084,-0.3954
3.0000,-0.1051,-0.4021
3.0000,-0.0792,-0.3861
3.0000,-0.0865,-0.4032
3.0000,-0.0777,-0.4042
3.0000,-0.0580,-0.3942
3.0000,-0.0649,-0.4107
3.0000,-0.0489,-0.4043
3.0000,-0.0393,-0.4041
3.0000,-0.0345,-0.4087
3.0000,-0.0310,-0.4144
3.0000,-0.0263,-0.4189
3.0000,-0.0222,-0.4239
3.0000,0.0005,-0.4103
3.0000,0.0084,-0.4112
3.0000,0.0045,-0.4239
3.0000,0.0188,-0.4182
3.0000,0.0221,-0.4234
3.0000,0.0377,-0.4162
3.0000,0.0377,-0.4245
3.0000,0.0588,-0.4116
3.0000,0.0554,-0.4230
3.0000,0.0680,-0.4182
3.0000,0.0661,-0.4279
3.0000,0.0806,-0.4210
3.0000,0.0845,-0.4245
3.0000,0.1052,-0.4111
3.0000,0.1100,-0.4135
3.0000,0.1086,-0.4218
3.0000,0.1310,-0.4063
3.0000,0.1344,-0.4095
3.0000,0.1426,-0.4077
3.0000,0.1530,-0.4036
3.0000,0.1628,-0.3999
3.0000,0.1674,-0.4013
3.0000,0.1718,-0.4027
3.0000,0.1746,-0.4055
3.0000,0.1963,-0.3891
3.0000,0.1874,-0.4032
3.0000,0.1990,-0.3967
3.0000,0.2044,-0.3961
3.0000,0.2197,-0.3855
3.0000,0.2279,-0.3817
3.0000,0.2239,-0.3899
3.0000,0.2360,-0.3818
3.0000,0.2588,-0.3628
3.0000,0.2590,-0.3662
3.0000,0.2716,-0.3569
3.0000,0.2721,-0.3596
3.0000,0.2755,-0.3592
3.0000,0.2807,-0.3567
3.0000,0.2876,-0.3523
3.0000,0.3050,-0.3372
3.0000,0.2979,-0.3464
3.0000,0.3185,-0.3276
3.0000,0.3226,-0.3251
3.0000,0.3292,-0.3198
3.0000,0.3410,-0.3092
3.0000,0.3327,-0.3184
3.0000,0.3428,-0.3090
3.0000,0.3479,-0.3043
3.0000,0.3626,-0.2898
3.0000,0.3669,-0.2855
3.0000,0.3704,-0.2817
3.0000,0.3830,-0.2687
3.0000,0.3775,-0.2734
3.0000,0.3951,-0.2549
3.0000,0.3998,-0.2489
3.0000,0.3972,-0.2500
3.0000,0.4055,-0.2400
3.0000,0.4070,-0.2365
3.0000,0.4145,-0.2268
3.0000,0.4263,-0.2126
3.0000,0.4351,-0.2011
3.0000,0.4297,-0.2036
3.0000,0.4436,-0.1865
3.0000,0.4393,-0.1874
3.0000,0.4395,-0.1834
3.0000,0.4444,-0.1747
3.0000,0.4509,-0.1640
3.0000,0.4554,-0.1551
3.0000,0.4707,-0.1352
3.0000,0.4701,-0.1310
3.0000,0.4704,-0.1255
3.0000,0.4828,-0.1078
3.0000,0.4781,-0.1069
3.0000,0.4764,-0.1028
3.0000,0.4863,-0.0868
3.0000,0.4898,-0.0770
3.0000,0.4859,-0.0745
3.0000,0.4867,-0.0669
3.0000,0.4904,-0.0562
3.0000,0.4883,-0.0511
3.0000,0.4994,-0.0326
3.0000,0.4989,-0.0254
3.0000,0.5078,-0.0086
3.0000,0.5083,-0.0001
3.0000,0.5097,0.0097
3.0000,0.5025,0.0110
3.0000,0.4973,0.0146
3.0000,0.5063,0.0326
3.0000,0.5082,0.0436
3.0000,0.4995,0.0442
3.0000,0.5024,0.0567
3.0000,0.4997,0.0638
3.0000,0.5093,0.0833
3.0000,0.5080,0.0922
3.0000,0.4948,0.0894
3.0000,0.5066,0.1117
3.0000,0.5002,0.1161
3.0000,0.4920,0.1188
3.0000,0.4966,0.1344
3.0000,0.5007,0.1499
3.0000,0.4924,0.1530
3.0000,0.4843,0.1564
3.0000,0.4845,0.1685
3.0000,0.4919,0.1878
3.0000,0.4916,0.1996
3.0000,0.4743,0.1945
3.0000,0.4845,0.2171
3.0000,0.4801,0.2252
3.0000,0.4776,0.2353
3.0000,0.4612,0.2318
3.0000,0.4540,0.2375
3.0000,0.4620,0.2585
3.0000,0.4481,0.2578
3.0000,0.4446,0.2677
3.0000,0.4408,0.2773
3.0000,0.4483,0.2983
3.0000,0.4402,0.3039
3.0000,0.4237,0.3011
3.0000,0.4281,0.3194
3.0000,0.4135,0.3187
3.0000,0.4107,0.3299
3.0000,0.4144,0.3477
3.0000,0.4054,0.3528
3.0000,0.4055,0.3672
3.0000,0.4004,0.3764
3.0000,0.3875,0.3779
3.0000,0.3775,0.3823
3.0000,0.3762,0.3955
3.0000,0.3624,0.3962
3.0000,0.3515,0.3999
3.0000,0.3526,0.4156
3.0000,0.3378,0.4154
3.0000,0.3387,0.4310
3.0000,0.3331,0.4400
3.0000,0.3257,0.4473
3.0000,0.3123,0.4487
3.0000,0.3156,0.4667
3.0000,0.2929,0.4587
3.0000,0.2951,0.4756
3.0000,0.2821,0.4773
3.0000,0.2689,0.4788
3.0000,0.2634,0.4879
3.0000,0.2474,0.4865
3.0000,0.2465,0.5002
3.0000,0.2443,0.5125
3.0000,0.2379,0.5207
3.0000,0.2254,0.5226
3.0000,0.2045,0.5161
3.0000,0.1967,0.5227
3.0000,0.1950,0.5352
3.0000,0.1874,0.5418
3.0000,0.1728,0.5414
3.0000,0.1556,0.5381
3.0000,0.1609,0.5574
3.0000,0.1447,0.5551
3.0000,0.1352,0.5593
3.0000,0.1144,0.5522
3.0000,0.1201,0.5713
3.0000,0.1033,0.5680
3.0000,0.0999,0.5779
3.0000,0.0712,0.5623
3.0000,0.0611,0.5652
3.0000,0.0544,0.5715
3.0000,0.0375,0.5673
3.0000,0.0406,0.5830
3.0000,0.0223,0.5772
3.0000,0.0189,0.5861
3.0000,0.0021,0.5814
3.0000,-0.0126,0.5787
3.0000,-0.0187,0.5844
3.0000,-0.0387,0.5760
3.0000,-0.0339,0.5922
3.0000,-0.0504,0.5870
3.0000,-0.0653,0.5831
3.0000,-0.0690,0.5903
3.0000,-0.0767,0.5933
3.0000,-0.1032,0.5772
3.0000,-0.1098,0.5809
3.0000,-0.1128,0.5879
3.0000,-0.1289,0.5815
3.0000,-0.1453,0.5747
3.0000,-0.1613,0.5681
3.0000,-0.1656,0.5729
3.0000,-0.1765,0.5709
3.0000,-0.1881,0.5679
3.0000,-0.1894,0.5750
3.0000,-0.2024,0.5701
3.0000,-0.2177,0.5628
3.0000,-0.2360,0.5521
3.0000,-0.2486,0.5469
3.0000,-0.2516,0.5511
3.0000,-0.2682,0.5413
3.0000,-0.2826,0.5334
3.0000,-0.2818,0.5406
3.0000,-0.3020,0.5265
3.0000,-0.3000,0.5341
3.0000,-0.3205,0.5191
3.0000,-0.3199,0.5249
3.0000,-0.3357,0.5140
3.0000,-0.3538,0.5005
3.0000,-0.3660,0.4926
3.0000,-0.3760,0.4866
3.0000,-0.3753,0.4911
3.0000,-0.3961,0.4737
3.0000,-0.3956,0.4773
3.0000,-0.4148,0.4610
3.0000,-0.4229,0.4553
3.0000,-0.4209,0.4595
3.0000,-0.4317,0.4506
3.0000,-0.4494,0.4345
3.0000,-0.4497,0.4354
3.0000,-0.4589,0.4272
3.0000,-0.4755,0.4112
3.0000,-0.4830,0.4040
3.0000,-0.4801,0.4069
3.0000,-0.4872,0.3995
3.0000,-0.4957,0.3903
3.0000,-0.5154,0.3696
3.0000,-0.5220,0.3618
3.0000,-0.5210,0.3612
3.0000,-0.5255,0.3546
3.0000,-0.5397,0.3382
3.0000,-0.5515,0.3238
3.0000,-0.5534,0.3190
3.0000,-0.5664,0.3028
3.0000,-0.5592,0.3064
3.0000,-0.5816,0.2802
3.0000,-0.5769,0.2806
3.0000,-0.5932,0.2597
3.0000,-0.6013,0.2468
3.0000,-0.5958,0.2471
3.0000,-0.5940,0.2434
3.0000,-0.6082,0.2234
3.0000,-0.6135,0.2120
3.0000,-0.6262,0.1928
3.0000,-0.6300,0.1823
3.0000,-0.6236,0.1816
3.0000,-0.6223,0.1755
3.0000,-0.6413,0.1488
3.0000,-0.6303,0.1518
3.0000,-0.6476,0.1262
3.0000,-0.6528,0.1123
3.0000,-0.6456,0.1107
3.0000,-0.6436,0.1035
3.0000,-0.6478,0.0897
3.0000,-0.6563,0.0714
3.0000,-0.6571,0.0605
3.0000,-0.6621,0.0451
3.0000,-0.6716,0.0250
3.0000,-0.6550,0.0306
3.0000,-0.6601,0.0143
3.0000,-0.6663,-0.0036
3.0000,-0.6594,-0.0084
3.0000,-0.6788,-0.0398
3.0000,-0.6614,-0.0348
3.0000,-0.6603,-0.0462
3.0000,-0.6601,-0.0589
3.0000,-0.6684,-0.0804
3.0000,-0.6771,-0.1024
3.0000,-0.6649,-0.1038
3.0000,-0.6679,-0.1207
3.0000,-0.6579,-0.1247
3.0000,-0.6725,-0.1536
3.0000,-0.6561,-0.1518
3.0000,-0.6501,-0.1605
3.0000,-0.6514,-0.1769
3.0000,-0.6585,-0.1992
3.0000,-0.6510,-0.2070
3.0000,-0.6552,-0.2269
3.0000,-0.6549,-0.2424
3.0000,-0.6461,-0.2496
3.0000,-0.6306,-0.2504
3.0000,-0.6302,-0.2664
3.0000,-0.6233,-0.2761
3.0000,-0.6340,-0.3035
3.0000,-0.6157,-0.3020
3.0000,-0.6060,-0.3095
3.0000,-0.6125,-0.3332
3.0000,-0.6071,-0.3452
3.0000,-0.5909,-0.3465
3.0000,-0.5818,-0.3551
3.0000,-0.5810,-0.3720
3.0000,-0.5729,-0.3819
3.0000,-0.5820,-0.4090
3.0000,-0.5661,-0.4112
3.0000,-0.5629,-0.4263
3.0000,-0.5553,-0.4370
3.0000,-0.5518,-0.4520
3.0000,-0.5299,-0.4487
3.0000,-0.5376,-0.4750
3.0000,-0.5292,-0.4853
3.0000,-0.5038,-0.4786
3.0000,-0.5059,-0.4996
3.0000,-0.4989,-0.5115
3.0000,-0.4909,-0.5224
3.0000,-0.4817,-0.5322
3.0000,-0.4773,-0.5468
3.0000,-0.4528,-0.5414
3.0000,-0.4543,-0.5620
3.0000,-0.4474,-0.5742
3.0000,-0.4265,-0.5724
3.0000,-0.4258,-0.5907
3.0000,-0.4171,-0.6011
3.0000,-0.3923,-0.5954
3.0000,-0.3816,-0.6037
3.0000,-0.3725,-0.6137
3.0000,-0.3695,-0.6296
3.0000,-0.3453,-0.6244
3.0000,-0.3372,-0.6351
3.0000,-0.3245,-0.6413
3.0000,-0.3182,-0.6539
3.0000,-0.3032,-0.6576
3.0000,-0.2890,-0.6620
3.0000,-0.2774,-0.6690
3.0000,-0.2720,-0.6820
3.0000,-0.2626,-0.6910
3.0000,-0.2368,-0.6834
3.0000,-0.2377,-0.7025
3.0000,-0.2164,-0.6992
3.0000,-0.1990,-0.6998
3.0000,-0.1907,-0.7093
3.0000,-0.1874,-0.7236
3.0000,-0.1660,-0.7197
3.0000,-0.1607,-0.7318
3.0000,-0.1388,-0.7270
3.0000,-0.1185,-0.7238
3.0000,-0.1166,-0.7387
3.0000,-0.1078,-0.7466
3.0000,-0.0895,-0.7448
3.0000,-0.0694,-0.7410
3.0000,-0.0664,-0.7541
3.0000,-0.0397,-0.7432
3.0000,-0.0196,-0.7389
3.0000,-0.0190,-0.7538
3.0000,0.0092,-0.7408
3.0000,0.0231,-0.7419
3.0000,0.0233,-0.7565
3.0000,0.0419,-0.7525
3.0000,0.0468,-0.7618
3.0000,0.0676,-0.7551
3.0000,0.0875,-0.7490
3.0000,0.1062,-0.7438
3.0000,0.1061,-0.7572
3.0000,0.1276,-0.7486
3.0000,0.1455,-0.7435
3.0000,0.1530,-0.7484
3.0000,0.1656,-0.7479
3.0000,0.1871,-0.7382
3.0000,0.1956,-0.7412
3.0000,0.2215,-0.7265
3.0000,0.2236,-0.7353
3.0000,0.2343,-0.7353
3.0000,0.2481,-0.7317
3.0000,0.2694,-0.7203
3.0000,0.2824,-0.7170
3.0000,0.2954,-0.7133
3.0000,0.3204,-0.6972
3.0000,0.3232,-0.7030
3.0000,0.3359,-0.6986
3.0000,0.3484,-0.6939
3.0000,0.3748,-0.6751
3.0000,0.3702,-0.6869
3.0000,0.3812,-0.6827
3.0000,0.4105,-0.6599
3.0000,0.4143,-0.6623
3.0000,0.4346,-0.6476
3.0000,0.4350,-0.6527
3.0000,0.4564,-0.6362
3.0000,0.4755,-0.6217
3.0000,0.4898,-0.6116
3.0000,0.4924,-0.6128
3.0000,0.5098,-0.5988
3.0000,0.5118,-0.6000
3.0000,0.5295,-0.5849
3.0000,0.5321,-0.5846
3.0000,0.5522,-0.5663
3.0000,0.5676,-0.5525
3.0000,0.5670,-0.5541
3.0000,0.5785,-0.5433
3.0000,0.5928,-0.5293
3.0000,0.5995,-0.5225
3.0000,0.6235,-0.4979
3.0000,0.6215,-0.4990
3.0000,0.6419,-0.4773
3.0000,0.6491,-0.4684
3.0000,0.6544,-0.4609
3.0000,0.6615,-0.4512
3.0000,0.6753,-0.4345
3.0000,0.6748,-0.4316
3.0000,0.6972,-0.4055
3.0000,0.7052,-0.3933
3.0000,0.7040,-0.3900
3.0000,0.7192,-0.3697
3.0000,0.7193,-0.3643
3.0000,0.7245,-0.3533
3.0000,0.7393,-0.3323
3.0000,0.7559,-0.3091
3.0000,0.7564,-0.3016
3.0000,0.7664,-0.2843
3.0000,0.7606,-0.2823
3.0000,0.7734,-0.2613
3.0000,0.7885,-0.2377
3.0000,0.7759,-0.2413
3.0000,0.7872,-0.2207
3.0000,0.7929,-0.2053
3.0000,0.7912,-0.1968
3.0000,0.8096,-0.1680
3.0000,0.8027,-0.1640
3.0000,0.8143,-0.1412
3.0000,0.8214,-0.1225
3.0000,0.8275,-0.1044
3.0000,0.8221,-0.0975
3.0000,0.8185,-0.0885
3.0000,0.8337,-0.0602
3.0000,0.8324,-0.0480
3.0000,0.8227,-0.0440
3.0000,0.8379,-0.0148
3.0000,0.8371,-0.0011
3.0000,0.8382,0.0148
3.0000,0.8425,0.0341
3.0000,0.8443,0.0514
3.0000,0.8415,0.0643
3.0000,0.8447,0.0836
3.0000,0.8349,0.0901
3.0000,0.8386,0.1105
3.0000,0.8266,0.1154
3.0000,0.8365,0.1426
3.0000,0.8193,0.1430
3.0000,0.8323,0.1738
3.0000,0.8295,0.1892
3.0000,0.8288,0.2069
3.0000,0.8190,0.2157
3.0000,0.8135,0.2292
3.0000,0.8021,0.2370
3.0000,0.8111,0.2653
3.0000,0.8147,0.2886
3.0000,0.8096,0.3035
3.0000,0.8032,0.3171
3.0000,0.7802,0.3145
3.0000,0.7922,0.3471
3.0000,0.7810,0.3566
3.0000,0.7678,0.3645
3.0000,0.7648,0.3826
3.0000,0.7692,0.4083
3.0000,0.7508,0.4115
3.0000,0.7513,0.4337
3.0000,0.7488,0.4531
3.0000,0.7356,0.4619
3.0000,0.7182,0.4666
3.0000,0.7123,0.4831
3.0000,0.7081,0.5014
3.0000,0.6930,0.5088
3.0000,0.6954,0.5339
3.0000,0.6840,0.5453
3.0000,0.6717,0.5559
3.0000,0.6542,0.5614
3.0000,0.6607,0.5910
3.0000,0.6471,0.6006
3.0000,0.6194,0.5961
3.0000,0.6113,0.6113
3.0000,0.6112,0.6345
3.0000,0.5866,0.6333
3.0000,0.5793,0.6495
3.0000,0.5816,0.6752
3.0000,0.5675,0.6846
3.0000,0.5417,0.6823
3.0000,0.5289,0.6930
3.0000,0.5296,0.7172
3.0000,0.5205,0.7316
3.0000,0.5021,0.7367
3.0000,0.4785,0.7364
3.0000,0.4766,0.7580
3.0000,0.4661,0.7708
3.0000,0.4416,0.7695
3.0000,0.4231,0.7742
3.0000,0.4179,0.7922
3.0000,0.3918,0.7891
3.0000,0.3765,0.7968
3.0000,0.3761,0.8192
3.0000,0.3468,0.8128
3.0000,0.3462,0.8348
3.0000,0.3189,0.8300
3.0000,0.3030,0.8364
3.0000,0.2950,0.8507
3.0000,0.2774,0.8552
3.0000,0.2647,0.8645
3.0000,0.2528,0.8744
3.0000,0.2315,0.8746
3.0000,0.2125,0.8770
3.0000,0.1982,0.8840
3.0000,0.1809,0.8877
3.0000,0.1640,0.8916
3.0000,0.1463,0.8946
3.0000,0.1415,0.9101
3.0000,0.1046,0.8933
3.0000,0.0925,0.9011
3.0000,0.0726,0.9010
3.0000,0.0535,0.9013
3.0000,0.0353,0.9023
3.0000,0.0265,0.9123
3.0000,0.0011,0.9055
3.0000,0.0005,0.9232
3.0000,-0.0238,0.9170
3.0000,-0.0462,0.9123
3.0000,-0.0548,0.9211
3.0000,-0.0743,0.9188
3.0000,-0.0989,0.9110
3.0000,-0.1075,0.9189
3.0000,-0.1369,0.9056
3.0000,-0.1543,0.9040
3.0000,-0.1593,0.9144
3.0000,-0.1732,0.9157
3.0000,-0.1922,0.9115
3.0000,-0.2188,0.8993
3.0000,-0.2359,0.8961
3.0000,-0.2439,0.9018
3.0000,-0.2756,0.8834
3.0000,-0.2759,0.8959
3.0000,-0.2952,0.8891
3.0000,-0.3099,0.8866
3.0000,-0.3372,0.8709
3.0000,-0.3505,0.8690
3.0000,-0.3742,0.8560
3.0000,-0.3744,0.8663
3.0000,-0.4089,0.8419
3.0000,-0.4266,0.8337
3.0000,-0.4226,0.8470
3.0000,-0.4566,0.8217
3.0000,-0.4638,0.8228
3.0000,-0.4911,0.8034
3.0000,-0.4967,0.8051
3.0000,-0.5163,0.7925
3.0000,-0.5228,0.7925
3.0000,-0.5528,0.7685
3.0000,-0.5669,0.7601
3.0000,-0.5667,0.7654
3.0000,-0.5816,0.7551
3.0000,-0.6110,0.7299
3.0000,-0.6203,0.7244
3.0000,-0.6247,0.7232
3.0000,-0.6493,0.7014
3.0000,-0.6524,0.7006
3.0000,-0.6800,0.6748
3.0000,-0.6837,0.6724
3.0000,-0.7042,0.6528
3.0000,-0.7047,0.6526
3.0000,-0.7213,0.6359
3.0000,-0.7469,0.6097
3.0000,-0.7527,0.6028
3.0000,-0.7676,0.5864
3.0000,-0.7649,0.5870
3.0000,-0.7963,0.5530
3.0000,-0.8048,0.5415
3.0000,-0.8045,0.5383
3.0000,-0.8140,0.5247
3.0000,-0.8287,0.5055
3.0000,-0.8414,0.4879
3.0000,-0.8453,0.4785
3.0000,-0.8595,0.4584
3.0000,-0.8612,0.4501
3.0000,-0.8770,0.4275
3.0000,-0.8897,0.4073
3.0000,-0.9045,0.3847
3.0000,-0.8994,0.3813
3.0000,-0.9190,0.3530
3.0000,-0.9178,0.3448
3.0000,-0.9260,0.3268
3.0000,-0.9233,0.3192
3.0000,-0.9310,0.3009
3.0000,-0.9491,0.2716
3.0000,-0.9608,0.2483
3.0000,-0.9609,0.2361
3.0000,-0.9657,0.2187
3.0000,-0.9717,0.1997
3.0000,-0.9657,0.1923
3.0000,-0.9697,0.1744
3.0000,-0.9761,0.1536
3.0000,-0.9886,0.1264
3.0000,-0.9962,0.1036
3.0000,-0.9885,0.0958
3.0000,-0.9877,0.0805
3.0000,-1.0059,0.0459
3.0000,-0.9890,0.0459
3.0000,-0.9902,0.0274
3.0000,-0.9922,0.0078
4.0000,-0.0028,-0.0038
4.0000,-0.0078,-0.0099
4.0000,-0.0049,-0.0081
4.0000,0.0093,0.0050
4.0000,0.0002,-0.0052
4.0000,0.0046,-0.0020
4.0000,-0.0032,-0.0111
4.0000,0.0083,-0.0008
4.0000,-0.0035,-0.0139
4.0000,0.0083,-0.0034
4.0000,-0.0000,-0.0130
4.0000,-0.0047,-0.0190
4.0000,0.0059,-0.0098
4.0000,0.0122,-0.0049
4.0000,-0.0045,-0.0231
4.0000,0.0108,-0.0092
4.0000,0.0096,-0.0119
4.0000,0.0141,-0.0088
4.0000,-0.0023,-0.0268
4.0000,-0.0001,-0.0260
4.0000,0.0128,-0.0147
4.0000,0.0149,-0.0141
4.0000,0.0049,-0.0256
4.0000,0.0004,-0.0317
4.0000,0.0077,-0.0259
4.0000,0.0153,-0.0199
4.0000,0.0171,-0.0197
4.0000,0.0151,-0.0232
4.0000,0.0200,-0.0199
4.0000,0.0251,-0.0163
4.0000,0.0103,-0.0327
4.0000,0.0285,-0.0160
4.0000,0.0216,-0.0245
4.0000,0.0107,-0.0369
4.0000,0.0193,-0.0298
4.0000,0.0144,-0.0363
4.0000,0.0244,-0.0277
4.0000,0.0272,-0.0264
4.0000,0.0293,-0.0258
4.0000,0.0345,-0.0221
4.0000,0.0323,-0.0257
4.0000,0.0362,-0.0232
4.0000,0.0220,-0.0387
4.0000,0.0284,-0.0338
4.0000,0.0433,-0.0202
4.0000,0.0305,-0.0343
4.0000,0.0389,-0.0273
4.0000,0.0386,-0.0288
4.0000,0.0329,-0.0358
4.0000,0.0498,-0.0200
4.0000,0.0379,-0.0331
4.0000,0.0327,-0.0394
4.0000,0.0405,-0.0327
4.0000,0.0522,-0.0221
4.0000,0.0478,-0.0275
4.0000,0.0494,-0.0269
4.0000,0.0400,-0.0373
4.0000,0.0416,-0.0366
4.0000,0.0534,-0.0256
4.0000,0.0488,-0.0311
4.0000,0.0584,-0.0222
4.0000,0.0649,-0.0164
4.0000,0.0612,-0.0208
4.0000,0.0688,-0.0138
4.0000,0.0514,-0.0318
4.0000,0.0598,-0.0239
4.0000,0.0640,-0.0202
4.0000,0.0563,-0.0283
4.0000,0.0755,-0.0094
4.0000,0.0650,-0.0202
4.0000,0.0761,-0.0093
4.0000,0.0741,-0.0115
4.0000,0.0754,-0.0103
4.0000,0.0745,-0.0113
4.0000,0.0787,-0.0071
4.0000,0.0763,-0.0094
4.0000,0.0861,0.0005
4.0000,0.0735,-0.0120
4.0000,0.0866,0.0014
4.0000,0.0764,-0.0085
4.0000,0.0793,-0.0052
4.0000,0.0856,0.0016
4.0000,0.0752,-0.0084
4.0000,0.0795,-0.0035
4.0000,0.0921,0.0098
4.0000,0.0767,-0.0049
4.0000,0.0944,0.0136
4.0000,0.0982,0.0183
4.0000,0.0922,0.0132
4.0000,0.0998,0.0218
4.0000,0.0983,0.0213
4.0000,0.1003,0.0245
4.0000,0.0848,0.0102
4.0000,0.0817,0.0084
4.0000,0.0857,0.0137
4.0000,0.0986,0.0281
4.0000,0.1042,0.0352
4.0000,0.0946,0.0271
4.0000,0.0968,0.0309
4.0000,0.0953,0.0311
4.0000,0.0899,0.0274
4.0000,0.0883,0.0277
4.0000,0.0998,0.0411
4.0000,0.0976,0.0409
4.0000,0.1030,0.0484
4.0000,0.0960,0.0434
4.0000,0.1062,0.0558
4.0000,0.0917,0.0436
4.0000,0.0877,0.0419
4.0000,0.1015,0.0581
4.0000,0.1060,0.0651
4.0000,0.0918,0.0534
4.0000,0.0925,0.0566
4.0000,0.0923,0.0591
4.0000,0.0922,0.0617
4.0000,0.0969,0.0692
4.0000,0.0918,0.0669
4.0000,0.0922,0.0703
4.0000,0.0943,0.0753
4.0000,0.0848,0.0688
4.0000,0.1016,0.0887
4.0000,0.0866,0.0769
4.0000,0.0802,0.0737
4.0000,0.0812,0.0779
4.0000,0.0952,0.0952
4.0000,0.0834,0.0868
4.0000,0.0810,0.0878
4.0000,0.0775,0.0878
4.0000,0.0833,0.0970
4.0000,0.0853,0.1026
4.0000,0.0874,0.1083
4.0000,0.0738,0.0984
4.0000,0.0837,0.1120
4.0000,0.0709,0.1029
4.0000,0.0761,0.1119
4.0000,0.0765,0.1161
4.0000,0.0650,0.1084
4.0000,0.0679,0.1153
4.0000,0.0707,0.1219
4.0000,0.0764,0.1317
4.0000,0.0690,0.1282
4.0000,0.0534,0.1167
4.0000,0.0649,0.1322
4.0000,0.0641,0.1354
4.0000,0.0575,0.1330
4.0000,0.0479,0.1275
4.0000,0.0496,0.1333
4.0000,0.0469,0.1348
4.0000,0.0502,0.1423
4.0000,0.0397,0.1360
4.0000,0.0428,0.1434
4.0000,0.0351,0.1398
4.0000,0.0305,0.1394
4.0000,0.0362,0.1495
4.0000,0.0428,0.1602
4.0000,0.0280,0.1497
4.0000,0.0347,0.1606
4.0000,0.0321,0.1623
4.0000,0.0258,0.1602
4.0000,0.0227,0.1614
4.0000,0.0113,0.1542
4.0000,0.0087,0.1558
4.0000,0.0172,0.1686
4.0000,0.0188,0.1744
4.0000,0.0139,0.1737
4.0000,0.0052,0.1691
4.0000,-0.0056,0.1624
4.0000,-0.0073,0.1649
4.0000,-0.0112,0.1650
4.0000,-0.0037,0.1766
4.0000,-0.0171,0.1673
4.0000,-0.0187,0.1697
4.0000,-0.0272,0.1651
4.0000,-0.0176,0.1787
4.0000,-0.0186,0.1816
4.0000,-0.0265,0.1776
4.0000,-0.0310,0.1769
4.0000,-0.0382,0.1735
4.0000,-0.0395,0.1759
4.0000,-0.0549,0.1642
4.0000,-0.0498,0.1730
4.0000,-0.0549,0.1714
4.0000,-0.0524,0.1774
4.0000,-0.0516,0.1817
4.0000,-0.0709,0.1658
4.0000,-0.0609,0.1792
4.0000,-0.0728,0.1706
4.0000,-0.0790,0.1676
4.0000,-0.0667,0.1830
4.0000,-0.0776,0.1752
4.0000,-0.0926,0.1632
4.0000,-0.0961,0.1627
4.0000,-0.0985,0.1631
4.0000,-0.0916,0.1728
4.0000,-0.0979,0.1692
4.0000,-0.1095,0.1602
4.0000,-0.1137,0.1586
4.0000,-0.1204,0.1543
4.0000,-0.1053,0.1718
4.0000,-0.1213,0.1581
4.0000,-0.1250,0.1566
4.0000,-0.1177,0.1659
4.0000,-0.1360,0.1497
4.0000,-0.1401,0.1475
4.0000,-0.1296,0.1597
4.0000,-0.1460,0.1451
4.0000,-0.1369,0.1558
4.0000,-0.1469,0.1472
4.0000,-0.1536,0.1419
4.0000,-0.1444,0.1524
4.0000,-0.1550,0.1430
4.0000,-0.1562,0.1429
4.0000,-0.1534,0.1467
4.0000,-0.1753,0.1256
4.0000,-0.1776,0.1241
4.0000,-0.1746,0.1277
4.0000,-0.1751,0.1277
4.0000,-0.1834,0.1198
4.0000,-0.1931,0.1104
4.0000,-0.1954,0.1083
4.0000,-0.1956,0.1081
4.0000,-0.2014,0.1022
4.0000,-0.1899,0.1135
4.0000,-0.1921,0.1109
4.0000,-0.1902,0.1125
4.0000,-0.2080,0.0941
4.0000,-0.2040,0.0974
4.0000,-0.2018,0.0988
4.0000,-0.2134,0.0862
4.0000,-0.2124,0.0861
4.0000,-0.2184,0.0789
4.0000,-0.2234,0.0726
4.0000,-0.2255,0.0690
4.0000,-0.2130,0.0800
4.0000,-0.2243,0.0670
4.0000,-0.2225,0.0669
4.0000,-0.2277,0.0597
4.0000,-0.2313,0.0540
4.0000,-0.2239,0.0592
4.0000,-0.2461,0.0346
4.0000,-0.2425,0.0358
4.0000,-0.2481,0.0275
4.0000,-0.2509,0.0219
4.0000,-0.2393,0.0307
4.0000,-0.2515,0.0155
4.0000,-0.2490,0.0148
4.0000,-0.2393,0.0213
4.0000,-0.2532,0.0039
4.0000,-0.2550,-0.0014
4.0000,-0.2453,0.0047
4.0000,-0.2410,0.0052
4.0000,-0.2618,-0.0195
4.0000,-0.2611,-0.0228
4.0000,-0.2455,-0.0114
4.0000,-0.2561,-0.0262
4.0000,-0.2455,-0.0200
4.0000,-0.2639,-0.0430
4.0000,-0.2643,-0.0480
4.0000,-0.2536,-0.0421
4.0000,-0.2602,-0.0535
4.0000,-0.2490,-0.0473
4.0000,-0.2624,-0.0658
4.0000,-0.2530,-0.0617
4.0000,-0.2605,-0.0745
4.0000,-0.2473,-0.0667
4.0000,-0.2479,-0.0729
4.0000,-0.2627,-0.0934
4.0000,-0.2594,-0.0959
4.0000,-0.2495,-0.0919
4.0000,-0.2436,-0.0920
4.0000,-0.2554,-0.1098
4.0000,-0.2394,-0.1000
4.0000,-0.2382,-0.1051
4.0000,-0.2472,-0.1206
4.0000,-0.2512,-0.1310
4.0000,-0.2536,-0.1400
4.0000,-0.2482,-0.1413
4.0000,-0.2310,-0.1308
4.0000,-0.2347,-0.1414
4.0000,-0.2433,-0.1570
4.0000,-0.2316,-0.1522
4.0000,-0.2316,-0.1593
4.0000,-0.2333,-0.1682
4.0000,-0.2179,-0.1601
4.0000,-0.2205,-0.1699
4.0000,-0.2259,-0.1828
4.0000,-0.2121,-0.1765
4.0000,-0.2227,-0.1946
4.0000,-0.2193,-0.1988
4.0000,-0.2120,-0.1991
4.0000,-0.2015,-0.1963
4.0000,-0.1999,-0.2025
4.0000,-0.2041,-0.2145
4.0000,-0.1986,-0.2169
4.0000,-0.2017,-0.2279
4.0000,-0.1843,-0.2184
4.0000,-0.1957,-0.2379
4.0000,-0.1875,-0.2377
4.0000,-0.1864,-0.2446
4.0000,-0.1765,-0.2428
4.0000,-0.1675,-0.2420
4.0000,-0.1754,-0.2581
4.0000,-0.1647,-0.2555
4.0000,-0.1659,-0.2649
4.0000,-0.1612,-0.2685
4.0000,-0.1416,-0.2571
4.0000,-0.1410,-0.2647
4.0000,-0.1482,-0.2802
4.0000,-0.1458,-0.2861
4.0000,-0.1265,-0.2751
4.0000,-0.1265,-0.2833
4.0000,-0.1318,-0.2968
4.0000,-0.1110,-0.2842
4.0000,-0.1183,-0.2998
4.0000,-0.1101,-0.2997
4.0000,-0.0932,-0.2910
4.0000,-0.1016,-0.3076
4.0000,-0.0904,-0.3046
4.0000,-0.0880,-0.3102
4.0000,-0.0809,-0.3113
4.0000,-0.0699,-0.3083
4.0000,-0.0663,-0.3127
4.0000,-0.0643,-0.3187
4.0000,-0.0532,-0.3155
4.0000,-0.0478,-0.3179
4.0000,-0.0426,-0.3205
4.0000,-0.0332,-0.3189
4.0000,-0.0384,-0.3318
4.0000,-0.0253,-0.3264
4.0000,-0.0194,-0.3280
4.0000,-0.0199,-0.3360
4.0000,-0.0157,-0.3393
4.0000,-0.0080,-0.3389
4.0000,0.0013,-0.3368
4.0000,0.0018,-0.3436
4.0000,0.0094,-0.3431
4.0000,0.0243,-0.3352
4.0000,0.0215,-0.3449
4.0000,0.0444,-0.3288
4.0000,0.0363,-0.3437
4.0000,0.0420,-0.3446
4.0000,0.0460,-0.3470
4.0000,0.0534,-0.3461
4.0000,0.0746,-0.3312
4.0000,0.0655,-0.3465
4.0000,0.0877,-0.3303
4.0000,0.0956,-0.3283
4.0000,0.0847,-0.3450
4.0000,0.1020,-0.3334
4.0000,0.1100,-0.3310
4.0000,0.1238,-0.3226
4.0000,0.1215,-0.3303
4.0000,0.1319,-0.3250
4.0000,0.1395,-0.3224
4.0000,0.1352,-0.3316
4.0000,0.1446,-0.3269
4.0000,0.1490,-0.3271
4.0000,0.1522,-0.3283
4.0000,0.1644,-0.3204
4.0000,0.1680,-0.3209
4.0000,0.1699,-0.3230
4.0000,0.1964,-0.3003
4.0000,0.1983,-0.3020
4.0000,0.2023,-0.3014
4.0000,0.2142,-0.2928
4.0000,0.2143,-0.2959
4.0000,0.2075,-0.3056
4.0000,0.2286,-0.2874
4.0000,0.2297,-0.2888
4.0000,0.2453,-0.2757
4.0000,0.2520,-0.2712
4.0000,0.2465,-0.2788
4.0000,0.2444,-0.2828
4.0000,0.2604,-0.2684
4.0000,0.2725,-0.2579
4.0000,0.2627,-0.2689
4.0000,0.2669,-0.2659
4.0000,0.2718,-0.2619
4.0000,0.2857,-0.2488
4.0000,0.2941,-0.2409
4.0000,0.2943,-0.2410
4.0000,0.3009,-0.2346
4.0000,0.3088,-0.2267
4.0000,0.3154,-0.2199
4.0000,0.3182,-0.2167
4.0000,0.3294,-0.2048
4.0000,0.3356,-0.1978
4.0000,0.3424,-0.1899
4.0000,0.3377,-0.1934
4.0000,0.3369,-0.1927
4.0000,0.3500,-0.1780
4.0000,0.3403,-0.1859
4.0000,0.3459,-0.1782
4.0000,0.3642,-0.1577
4.0000,0.3698,-0.1495
4.0000,0.3571,-0.1596
4.0000,0.3709,-0.1429
4.0000,0.3642,-0.1466
4.0000,0.3686,-0.1389
4.0000,0.3855,-0.1186
4.0000,0.3925,-0.1078
4.0000,0.3874,-0.1091
4.0000,0.3921,-0.1003
4.0000,0.4028,-0.0853
4.0000,0.3988,-0.0848
4.0000,0.3882,-0.0907
4.0000,0.3942,-0.0798
4.0000,0.4073,-0.0617
4.0000,0.3959,-0.0678
4.0000,0.4035,-0.0547
4.0000,0.4101,-0.0424
4.0000,0.4116,-0.0350
4.0000,0.4068,-0.0337
4.0000,0.4173,-0.0169
4.0000,0.4103,-0.0176
4.0000,0.4257,0.0045
4.0000,0.4123,-0.0021
4.0000,0.4269,0.0195
4.0000,0.4270,0.0268
4.0000,0.4255,0.0327
4.0000,0.4188,0.0336
4.0000,0.4210,0.0435
4.0000,0.4100,0.0403
4.0000,0.4164,0.0549
4.0000,0.4138,0.0605
4.0000,0.4174,0.0725
4.0000,0.4158,0.0795
4.0000,0.4198,0.0923
4.0000,0.4174,0.0988
4.0000,0.4088,0.0992
4.0000,0.4138,0.1135
4.0000,0.4159,0.1250
4.0000,0.4193,0.1379
4.0000,0.4155,0.1438
4.0000,0.4010,0.1391
4.0000,0.3983,0.1463
4.0000,0.4056,0.1637
4.0000,0.4050,0.1733
4.0000,0.3950,0.1737
4.0000,0.4076,0.1969
4.0000,0.3850,0.1849
4.0000,0.3877,0.1983
4.0000,0.3991,0.2206
4.0000,0.3969,0.2293
4.0000,0.3778,0.2213
4.0000,0.3827,0.2374
4.0000,0.3717,0.2376
4.0000,0.3718,0.2492
4.0000,0.3671,0.2560
4.0000,0.3642,0.2646
4.0000,0.3562,0.2683
4.0000,0.3587,0.2826
4.0000,0.3503,0.2860
4.0000,0.3418,0.2894
4.0000,0.3470,0.3066
4.0000,0.3466,0.3183
4.0000,0.3359,0.3196
4.0000,0.3277,0.3236
4.0000,0.3208,0.3290
4.0000,0.3054,0.3259
4.0000,0.3022,0.3349
4.0000,0.2990,0.3441
4.0000,0.3033,0.3609
4.0000,0.2997,0.3697
4.0000,0.2790,0.3614
4.0000,0.2689,0.3638
4.0000,0.2646,0.3720
4.0000,0.2684,0.3883
4.0000,0.2642,0.3966
4.0000,0.2546,0.3996
4.0000,0.2474,0.4049
4.0000,0.2360,0.4061
4.0000,0.2305,0.4131
4.0000,0.2154,0.4105
4.0000,0.2066,0.4142
4.0000,0.2011,0.4211
4.0000,0.2037,0.4362
4.0000,0.1935,0.4384
4.0000,0.1895,0.4468
4.0000,0.1855,0.4551
4.0000,0.1649,0.4468
4.0000,0.1619,0.4560
4.0000,0.1415,0.4478
4.0000,0.1470,0.4653
4.0000,0.1419,0.4723
4.0000,0.1372,0.4796
4.0000,0.1142,0.4685
4.0000,0.1021,0.4682
4.0000,0.0929,0.4708
4.0000,0.0862,0.4757
4.0000,0.0884,0.4895
4.0000,0.0677,0.4802
4.0000,0.0671,0.4910
4.0000,0.0496,0.4847
4.0000,0.0519,0.4981
4.0000,0.0472,0.5044
4.0000,0.0384,0.5065
4.0000,0.0241,0.5030
4.0000,-0.0008,0.4887
4.0000,-0.0063,0.4937
4.0000,-0.0080,0.5023
4.0000,-0.0240,0.4966
4.0000,-0.0241,0.5065
4.0000,-0.0474,0.4931
4.0000,-0.0395,0.5108
4.0000,-0.0480,0.5119
4.0000,-0.0651,0.5042
4.0000,-0.0804,0.4982
4.0000,-0.0811,0.5065
4.0000,-0.0892,0.5073
4.0000,-0.1114,0.4938
4.0000,-0.1097,0.5041
4.0000,-0.1228,0.4993
4.0000,-0.1409,0.4893
4.0000,-0.1542,0.4840
4.0000,-0.1531,0.4929
4.0000,-0.1640,0.4896
4.0000,-0.1680,0.4928
4.0000,-0.1918,0.4762
4.0000,-0.1828,0.4921
4.0000,-0.1983,0.4833
4.0000,-0.2103,0.4778
4.0000,-0.2113,0.4831
4.0000,-0.2322,0.4681
4.0000,-0.2467,0.4594
4.0000,-0.2500,0.4616
4.0000,-0.2573,0.4597
4.0000,-0.2579,0.4642
4.0000,-0.2677,0.4592
4.0000,-0.2885,0.4430
4.0000,-0.2912,0.4446
4.0000,-0.3116,0.4283
4.0000,-0.3148,0.4289
4.0000,-0.3229,0.4244
4.0000,-0.3322,0.4184
4.0000,-0.3318,0.4219
4.0000,-0.3391,0.4174
4.0000,-0.3494,0.4096
4.0000,-0.3629,0.3984
4.0000,-0.3661,0.3972
4.0000,-0.3881,0.3770
4.0000,-0.3915,0.3750
4.0000,-0.3895,0.3782
4.0000,-0.3906,0.3779
4.0000,-0.4059,0.3634
4.0000,-0.4116,0.3580
4.0000,-0.4176,0.3521
4.0000,-0.4321,0.3373
4.0000,-0.4286,0.3403
4.0000,-0.4441,0.3241
4.0000,-0.4445,0.3227
4.0000,-0.4663,0.2996
4.0000,-0.4577,0.3066
4.0000,-0.4742,0.2882
4.0000,-0.4733,0.2869
4.0000,-0.4935,0.2643
4.0000,-0.4902,0.2649
4.0000,-0.4858,0.2662
4.0000,-0.4961,0.2526
4.0000,-0.4987,0.2465
4.0000,-0.5053,0.2359
4.0000,-0.5173,0.2198
4.0000,-0.5203,0.2124
4.0000,-0.5201,0.2079
4.0000,-0.5414,0.1816
4.0000,-0.5338,0.1839
4.0000,-0.5400,0.1721
4.0000,-0.5463,0.1600
4.0000,-0.5391,0.1611
4.0000,-0.5595,0.1343
4.0000,-0.5629,0.1243
4.0000,-0.5673,0.1130
4.0000,-0.5697,0.1034
4.0000,-0.5618,0.1038
4.0000,-0.5591,0.0987
4.0000,-0.5709,0.0789
4.0000,-0.5671,0.0745
4.0000,-0.5790,0.0541
4.0000,-0.5838,0.0405
4.0000,-0.5846,0.0307
4.0000,-0.5726,0.0334
4.0000,-0.5870,0.0094
4.0000,-0.5912,-0.0046
4.0000,-0.5742,0.0024
4.0000,-0.5764,-0.0100
4.0000,-0.5847,-0.0289
4.0000,-0.5891,-0.0440
4.0000,-0.5948,-0.0608
4.0000,-0.5846,-0.0618
4.0000,-0.5771,-0.0657
4.0000,-0.5807,-0.0810
4.0000,-0.5825,-0.0947
4.0000,-0.5890,-0.1133
4.0000,-0.5919,-0.1285
4.0000,-0.5828,-0.1319
4.0000,-0.5762,-0.1380
4.0000,-0.5804,-0.1552
4.0000,-0.5793,-0.1672
4.0000,-0.5734,-0.1747
4.0000,-0.5657,-0.1805
4.0000,-0.5675,-0.1960
4.0000,-0.5679,-0.2102
4.0000,-0.5536,-0.2100
4.0000,-0.5511,-0.2218
4.0000,-0.5628,-0.2478
4.0000,-0.5497,-0.2493
4.0000,-0.5426,-0.2569
4.0000,-0.5506,-0.2798
4.0000,-0.5322,-0.2764
4.0000,-0.5312,-0.2906
4.0000,-0.5351,-0.3097
4.0000,-0.5344,-0.3244
4.0000,-0.5252,-0.3308
4.0000,-0.5156,-0.3369
4.0000,-0.5134,-0.3504
4.0000,-0.4987,-0.3516
4.0000,-0.4944,-0.3633
4.0000,-0.4954,-0.3804
4.0000,-0.4750,-0.3762
4.0000,-0.4688,-0.3863
4.0000,-0.4673,-0.4011
4.0000,-0.4600,-0.4103
4.0000,-0.4472,-0.4140
4.0000,-0.4411,-0.4245
4.0000,-0.4325,-0.4325
4.0000,-0.4395,-0.4562
4.0000,-0.4232,-0.4566
4.0000,-0.4146,-0.4648
4.0000,-0.4003,-0.4673
4.0000,-0.3972,-0.4811
4.0000,-0.3932,-0.4939
4.0000,-0.3834,-0.5010
4.0000,-0.3750,-0.5095
4.0000,-0.3576,-0.5089
4.0000,-0.3553,-0.5236
4.0000,-0.3391,-0.5243
4.0000,-0.3308,-0.5328
4.0000,-0.3342,-0.5531
4.0000,-0.3197,-0.5554
4.0000,-0.3150,-0.5675
4.0000,-0.2969,-0.5662
4.0000,-0.2797,-0.5657
4.0000,-0.2795,-0.5821
4.0000,-0.2615,-0.5807
4.0000,-0.2561,-0.5919
4.0000,-0.2443,-0.5965
4.0000,-0.2373,-0.6059
4.0000,-0.2181,-0.6031
4.0000,-0.2083,-0.6095
4.0000,-0.2004,-0.6177
4.0000,-0.1883,-0.6217
4.0000,-0.1808,-0.6300
4.0000,-0.1700,-0.6351
4.0000,-0.1446,-0.6254
4.0000,-0.1533,-0.6497
4.0000,-0.1409,-0.6527
4.0000,-0.1198,-0.6469
4.0000,-0.1111,-0.6533
4.0000,-0.0936,-0.6509
4.0000,-0.0866,-0.6587
4.0000,-0.0700,-0.6567
4.0000,-0.0537,-0.6550
4.0000,-0.0452,-0.6609
4.0000,-0.0331,-0.6629
4.0000,-0.0210,-0.6648
4.0000,0.0021,-0.6554
4.0000,-0.0009,-0.6720
4.0000,0.0183,-0.6663
4.0000,0.0289,-0.6688
4.0000,0.0485,-0.6622
4.0000,0.0575,-0.6660
4.0000,0.0718,-0.6643
4.0000,0.0836,-0.6647
4.0000,0.0940,-0.6664
4.0000,0.1011,-0.6712
4.0000,0.1134,-0.6705
4.0000,0.1323,-0.6629
4.0000,0.1416,-0.6648
4.0000,0.1568,-0.6604
4.0000,0.1744,-0.6534
4.0000,0.1815,-0.6566
4.0000,0.1963,-0.6518
4.0000,0.2100,-0.6478
4.0000,0.2092,-0.6582
4.0000,0.2418,-0.6347
4.0000,0.2354,-0.6500
4.0000,0.2627,-0.6314
4.0000,0.2628,-0.6396
4.0000,0.2772,-0.6332
4.0000,0.2853,-0.6328
4.0000,0.3137,-0.6119
4.0000,0.3109,-0.6217
4.0000,0.3235,-0.6159
4.0000,0.3400,-0.6058
4.0000,0.3552,-0.5968
4.0000,0.3586,-0.5992
4.0000,0.3730,-0.5903
4.0000,0.3838,-0.5846
4.0000,0.3952,-0.5781
4.0000,0.4058,-0.5720
4.0000,0.4231,-0.5588
4.0000,0.4259,-0.5598
4.0000,0.4396,-0.5495
4.0000,0.4492,-0.5431
4.0000,0.4751,-0.5199
4.0000,0.4852,-0.5123
4.0000,0.4977,-0.5018
4.0000,0.4987,-0.5026
4.0000,0.5010,-0.5016
4.0000,0.5191,-0.4845
4.0000,0.5369,-0.4673
4.0000,0.5471,-0.4574
4.0000,0.5492,-0.4552
4.0000,0.5627,-0.4413
4.0000,0.5661,-0.4371
4.0000,0.5662,-0.4358
4.0000,0.5845,-0.4159
4.0000,0.5974,-0.4012
4.0000,0.6094,-0.3870
4.0000,0.6094,-0.3843
4.0000,0.6210,-0.3697
4.0000,0.6322,-0.3552
4.0000,0.6325,-0.3511
4.0000,0.6452,-0.3344
4.0000,0.6442,-0.3309
4.0000,0.6573,-0.3131
4.0000,0.6685,-0.2967
4.0000,0.6580,-0.3016
4.0000,0.6806,-0.2731
4.0000,0.6884,-0.2591
4.0000,0.6942,-0.2466
4.0000,0.6951,-0.2388
4.0000,0.6960,-0.2306
4.0000,0.6977,-0.2212
4.0000,0.7109,-0.2000
4.0000,0.7011,-0.2014
4.0000,0.7074,-0.1864
4.0000,0.7194,-0.1653
4.0000,0.7163,-0.1590
4.0000,0.7309,-0.1346
4.0000,0.7387,-0.1168
4.0000,0.7306,-0.1145
4.0000,0.7267,-0.1076
4.0000,0.7295,-0.0937
4.0000,0.7479,-0.0639
4.0000,0.7402,-0.0598
4.0000,0.7533,-0.0347
4.0000,0.7517,-0.0240
4.0000,0.7494,-0.0136
4.0000,0.7548,0.0048
4.0000,0.7475,0.0107
4.0000,0.7416,0.0184
4.0000,0.7558,0.0465
4.0000,0.7543,0.0592
4.0000,0.7427,0.0621
4.0000,0.7586,0.0927
4.0000,0.7574,0.1066
4.0000,0.7521,0.1166
4.0000,0.7389,0.1190
4.0000,0.7377,0.1336
4.0000,0.7499,0.1619
4.0000,0.7329,0.1612
4.0000,0.7430,0.1879
4.0000,0.7411,0.2028
4.0000,0.7297,0.2085
4.0000,0.7208,0.2169
4.0000,0.7336,0.2472
4.0000,0.7289,0.2603
4.0000,0.7292,0.2786
4.0000,0.7105,0.2781
4.0000,0.7028,0.2887
4.0000,0.7124,0.3168
4.0000,0.6922,0.3155
4.0000,0.6877,0.3299
4.0000,0.6992,0.3605
4.0000,0.6887,0.3693
4.0000,0.6684,0.3685
4.0000,0.6790,0.3987
4.0000,0.6752,0.4147
4.0000,0.6641,0.4234
4.0000,0.6551,0.4345
4.0000,0.6433,0.4429
4.0000,0.6469,0.4668
4.0000,0.6230,0.4633
4.0000,0.6104,0.4712
4.0000,0.6081,0.4896
4.0000,0.6099,0.5121
4.0000,0.5862,0.5092
4.0000,0.5819,0.5259
4.0000,0.5728,0.5377
4.0000,0.5585,0.5444
4.0000,0.5567,0.5637
4.0000,0.5526,0.5808
4.0000,0.5306,0.5799
4.0000,0.5155,0.5861
4.0000,0.5133,0.6052
4.0000,0.5061,0.6192
4.0000,0.5036,0.6380
4.0000,0.4873,0.6430
4.0000,0.4670,0.6440
4.0000,0.4589,0.6571
4.0000,0.4407,0.6602
4.0000,0.4407,0.6814
4.0000,0.4188,0.6807
4.0000,0.4067,0.6898
4.0000,0.3976,0.7019
4.0000,0.3853,0.7106
4.0000,0.3776,0.7238
4.0000,0.3547,0.7219
4.0000,0.3482,0.7362
4.0000,0.3213,0.7301
4.0000,0.3224,0.7518
4.0000,0.2962,0.7462
4.0000,0.2885,0.7589
4.0000,0.2820,0.7727
4.0000,0.2640,0.7749
4.0000,0.2565,0.7875
4.0000,0.2246,0.7755
4.0000,0.2230,0.7937
4.0000,0.2138,0.8041
4.0000,0.1928,0.8026
4.0000,0.1728,0.8018
4.0000,0.1554,0.8036
4.0000,0.1542,0.8212
4.0000,0.1233,0.8091
4.0000,0.1196,0.8239
4.0000,0.0892,0.8118
4.0000,0.0818,0.8225
4.0000,0.0639,0.8225
4.0000,0.0460,0.8222
4.0000,0.0362,0.8298
4.0000,0.0279,0.8387
4.0000,0.0019,0.8296
4.0000,-0.0158,0.8286
4.0000,-0.0365,0.8243
4.0000,-0.0514,0.8255
4.0000,-0.0562,0.8366
4.0000,-0.0659,0.8425
4.0000,-0.0815,0.8422
4.0000,-0.1003,0.8384
4.0000,-0.1291,0.8243
4.0000,-0.1319,0.8359
4.0000,-0.1584,0.8234
4.0000,-0.1666,0.8290
4.0000,-0.1867,0.8222
4.0000,-0.2079,0.8142
4.0000,-0.2099,0.8250
4.0000,-0.2395,0.8078
4.0000,-0.2490,0.8104
4.0000,-0.2551,0.8160
4.0000,-0.2785,0.8039
4.0000,-0.2884,0.8050
4.0000,-0.3081,0.7960
4.0000,-0.3248,0.7895
4.0000,-0.3398,0.7844
4.0000,-0.3479,0.7858
4.0000,-0.3744,0.7685
4.0000,-0.3742,0.7774
4.0000,-0.3986,0.7614
4.0000,-0.4109,0.7570
4.0000,-0.4383,0.7372
4.0000,-0.4498,0.7329
4.0000,-0.4573,0.7321
4.0000,-0.4708,0.7250
4.0000,-0.4837,0.7179
4.0000,-0.4962,0.7110
4.0000,-0.5223,0.6899
4.0000,-0.5278,0.6890
4.0000,-0.5366,0.6845
4.0000,-0.5650,0.6599
4.0000,-0.5684,0.6599
4.0000,-0.5878,0.6435
4.0000,-0.5986,0.6351
4.0000,-0.6007,0.6351
4.0000,-0.6137,0.6238
4.0000,-0.6355,0.6031
4.0000,-0.6337,0.6057
4.0000,-0.6625,0.5772
4.0000,-0.6761,0.5635
4.0000,-0.6853,0.5537
4.0000,-0.6885,0.5495
4.0000,-0.6922,0.5443
4.0000,-0.7038,0.5308
4.0000,-0.7196,0.5127
4.0000,-0.7228,0.5066
4.0000,-0.7346,0.4916
4.0000,-0.7436,0.4789
4.0000,-0.7691,0.4492
4.0000,-0.7698,0.4440
4.0000,-0.7697,0.4390
4.0000,-0.7834,0.4198
4.0000,-0.8010,0.3963
4.0000,-0.7980,0.3929
4.0000,-0.8099,0.3742
4.0000,-0.8238,0.3530
4.0000,-0.8295,0.3397
4.0000,-0.8324,0.3287
4.0000,-0.8368,0.3157
4.0000,-0.8477,0.2958
4.0000,-0.8590,0.2751
4.0000,-0.8556,0.2686
4.0000,-0.8632,0.2508
4.0000,-0.8660,0.2373
4.0000,-0.8783,0.2139
4.0000,-0.8937,0.1869
4.0000,-0.8895,0.1792
4.0000,-0.8887,0.1676
4.0000,-0.9043,0.1393
4.0000,-0.9085,0.1219
4.0000,-0.9131,0.1037
4.0000,-0.9122,0.0907
4.0000,-0.9143,0.0743
4.0000,-0.9138,0.0601
4.0000,-0.9189,0.0398
4.0000,-0.9222,0.0211
4.0000,-0.9106,0.0168
4.0000,-0.9244,-0.0132
4.0000,-0.9216,-0.0269
4.0000,-0.9185,-0.0408
4.0000,-0.9237,-0.0633
4.0000,-0.9268,-0.0840
4.0000,-0.9193,-0.0945
4.0000,-0.9106,-0.1041
4.0000,-0.9185,-0.1306
4.0000,-0.9143,-0.1454
4.0000,-0.9149,-0.1653
4.0000,-0.9169,-0.1869
4.0000,-0.9127,-0.2025
4.0000,-0.9065,-0.2165
4.0000,-0.9076,-0.2381
4.0000,-0.8947,-0.2459
4.0000,-0.8872,-0.2595
4.0000,-0.8852,-0.2788
4.0000,-0.8769,-0.2921
4.0000,-0.8864,-0.3234
4.0000,-0.8648,-0.3239
4.0000,-0.8781,-0.3595
4.0000,-0.8649,-0.3688
4.0000,-0.8516,-0.3783
4.0000,-0.8497,-0.3994
4.0000,-0.8453,-0.4182
4.0000,-0.8347,-0.4310
4.0000,-0.8387,-0.4586
4.0000,-0.8205,-0.4642
4.0000,-0.8155,-0.4832
4.0000,-0.7960,-0.4878
4.0000,-0.7861,-0.5022
4.0000,-0.7887,-0.5292
4.0000,-0.7695,-0.5346
4.0000,-0.7629,-0.5527
4.0000,-0.7538,-0.5684
4.0000,-0.7500,-0.5897
4.0000,-0.7350,-0.5998
4.0000,-0.7240,-0.6140
4.0000,-0.7246,-0.6398
4.0000,-0.7106,-0.6512
4.0000,-0.7005,-0.6664
4.0000,-0.6764,-0.6679
4.0000,-0.6598,-0.6769
4.0000,-0.6469,-0.6895
4.0000,-0.6456,-0.7138
4.0000,-0.6216,-0.7156
4.0000,-0.6135,-0.7331
4.0000,-0.5946,-0.7400
4.0000,-0.5914,-0.7625
4.0000,-0.5675,-0.7643
4.0000,-0.5629,-0.7854
4.0000,-0.5484,-0.7965
4.0000,-0.5310,-0.8047
4.0000,-0.5148,-0.8140
4.0000,-0.5029,-0.8277
4.0000,-0.4821,-0.8323
4.0000,-0.4824,-0.8580
4.0000,-0.4659,-0.8668
4.0000,-0.4374,-0.8635
4.0000,-0.4174,-0.8685
4.0000,-0.4005,-0.8767
4.0000,-0.3891,-0.8901
4.0000,-0.3704,-0.8962
4.0000,-0.3533,-0.9037
4.0000,-0.3404,-0.9153
4.0000,-0.3279,-0.9271
4.0000,-0.3017,-0.9251
4.0000,-0.2935,-0.9408
4.0000,-0.2728,-0.9438
4.0000,-0.2650,-0.9597
4.0000,-0.2474,-0.9655
4.0000,-0.2212,-0.9624
4.0000,-0.1938,-0.9580
4.0000,-0.1907,-0.9777
4.0000,-0.1717,-0.9812
4.0000,-0.1567,-0.9884
4.0000,-0.1405,-0.9942
4.0000,-0.1185,-0.9939
4.0000,-0.1020,-0.9990
4.0000,-0.0760,-0.9942
4.0000,-0.0474,-0.9865
4.0000,-0.0410,-1.0007
4.0000,-0.0180,-0.9980
4.0000,-0.0046,-1.0046
