1.0000,0.0023,0.0014
1.0000,0.0024,0.0005
1.0000,0.0069,0.0041
1.0000,0.0043,0.0007
1.0000,0.0041,-0.0002
1.0000,0.0077,0.0027
1.0000,0.0084,0.0028
1.0000,0.0072,0.0010
1.0000,0.0068,0.0000
1.0000,0.0062,-0.0010
1.0000,0.0105,0.0029
1.0000,0.0109,0.0030
1.0000,0.0100,0.0019
1.0000,0.0130,0.0047
1.0000,0.0112,0.0027
1.0000,0.0112,0.0028
1.0000,0.0116,0.0032
1.0000,0.0129,0.0045
1.0000,0.0202,0.0121
1.0000,0.0141,0.0062
1.0000,0.0203,0.0127
1.0000,0.0195,0.0123
1.0000,0.0177,0.0110
1.0000,0.0215,0.0153
1.0000,0.0178,0.0123
1.0000,0.0220,0.0172
1.0000,0.0248,0.0207
1.0000,0.0197,0.0165
1.0000,0.0177,0.0154
1.0000,0.0217,0.0204
1.0000,0.0215,0.0212
1.0000,0.0215,0.0223
1.0000,0.0228,0.0249
1.0000,0.0241,0.0274
1.0000,0.0263,0.0309
1.0000,0.0225,0.0286
1.0000,0.0183,0.0259
1.0000,0.0253,0.0344
1.0000,0.0197,0.0303
1.0000,0.0189,0.0313
1.0000,0.0189,0.0330
1.0000,0.0193,0.0352
1.0000,0.0216,0.0393
1.0000,0.0158,0.0354
1.0000,0.0168,0.0384
1.0000,0.0222,0.0458
1.0000,0.0208,0.0464
1.0000,0.0141,0.0418
1.0000,0.0197,0.0496
1.0000,0.0143,0.0464
1.0000,0.0146,0.0490
1.0000,0.0169,0.0536
1.0000,0.0164,0.0554
1.0000,0.0075,0.0489
1.0000,0.0139,0.0576
1.0000,0.0074,0.0535
1.0000,0.0072,0.0558
1.0000,0.0081,0.0592
1.0000,0.0081,0.0617
1.0000,0.0029,0.0590
1.0000,0.0029,0.0616
1.0000,0.0044,0.0656
1.0000,-0.0018,0.0620
1.0000,-0.0063,0.0601
1.0000,-0.0046,0.0643
1.0000,-0.0059,0.0657
1.0000,-0.0082,0.0660
1.0000,-0.0131,0.0637
1.0000,-0.0142,0.0651
1.0000,-0.0121,0.0698
1.0000,-0.0114,0.0731
1.0000,-0.0201,0.0668
1.0000,-0.0204,0.0691
1.0000,-0.0206,0.0714
1.0000,-0.0221,0.0724
1.0000,-0.0261,0.0709
1.0000,-0.0308,0.0686
1.0000,-0.0308,0.0710
1.0000,-0.0290,0.0751
1.0000,-0.0358,0.0707
1.0000,-0.0402,0.0686
1.0000,-0.0407,0.0703
1.0000,-0.0384,0.0748
1.0000,-0.0437,0.0715
1.0000,-0.0458,0.0715
1.0000,-0.0448,0.0745
1.0000,-0.0481,0.0732
1.0000,-0.0512,0.0719
1.0000,-0.0573,0.0677
1.0000,-0.0558,0.0709
1.0000,-0.0592,0.0692
1.0000,-0.0613,0.0687
1.0000,-0.0667,0.0648
1.0000,-0.0699,0.0631
1.0000,-0.0729,0.0613
1.0000,-0.0703,0.0652
1.0000,-0.0727,0.0640
1.0000,-0.0731,0.0647
1.0000,-0.0760,0.0628
1.0000,-0.0814,0.0583
1.0000,-0.0849,0.0555
1.0000,-0.0825,0.0587
1.0000,-0.0860,0.0558
1.0000,-0.0892,0.0531
1.0000,-0.0938,0.0488
1.0000,-0.0933,0.0495
1.0000,-0.0928,0.0502
1.0000,-0.0950,0.0481
1.0000,-0.1030,0.0400
1.0000,-0.1025,0.0403
1.0000,-0.1043,0.0382
1.0000,-0.1084,0.0336
1.0000,-0.1072,0.0342
1.0000,-0.1103,0.0305
1.0000,-0.1098,0.0302
1.0000,-0.1104,0.0287
1.0000,-0.1117,0.0264
1.0000,-0.1144,0.0225
1.0000,-0.1154,0.0202
1.0000,-0.1209,0.0132
1.0000,-0.1227,0.0098
1.0000,-0.1211,0.0097
1.0000,-0.1240,0.0050
1.0000,-0.1277,-0.0006
1.0000,-0.1278,-0.0028
1.0000,-0.1275,-0.0047
1.0000,-0.1291,-0.0086
1.0000,-0.1311,-0.0131
1.0000,-0.1260,-0.0106
1.0000,-0.1251,-0.0124
1.0000,-0.1294,-0.0196
1.0000,-0.1295,-0.0226
1.0000,-0.1269,-0.0232
1.0000,-0.1270,-0.0265
1.0000,-0.1276,-0.0304
1.0000,-0.1312,-0.0375
1.0000,-0.1341,-0.0440
1.0000,-0.1277,-0.0413
1.0000,-0.1325,-0.0499
1.0000,-0.1340,-0.0553
1.0000,-0.1284,-0.0538
1.0000,-0.1290,-0.0586
1.0000,-0.1309,-0.0648
1.0000,-0.1288,-0.0671
1.0000,-0.1295,-0.0723
1.0000,-0.1292,-0.0766
1.0000,-0.1290,-0.0811
1.0000,-0.1212,-0.0781
1.0000,-0.1258,-0.0876
1.0000,-0.1227,-0.0896
1.0000,-0.1193,-0.0912
1.0000,-0.1162,-0.0933
1.0000,-0.1186,-0.1009
1.0000,-0.1185,-0.1062
1.0000,-0.1159,-0.1090
1.0000,-0.1118,-0.1105
1.0000,-0.1069,-0.1111
1.0000,-0.1094,-0.1192
1.0000,-0.1033,-0.1188
1.0000,-0.0982,-0.1195
1.0000,-0.1011,-0.1282
1.0000,-0.0974,-0.1304
1.0000,-0.0947,-0.1336
1.0000,-0.0905,-0.1354
1.0000,-0.0904,-0.1413
1.0000,-0.0856,-0.1425
1.0000,-0.0848,-0.1478
1.0000,-0.0782,-0.1473
1.0000,-0.0777,-0.1529
1.0000,-0.0707,-0.1521
1.0000,-0.0687,-0.1563
1.0000,-0.0628,-0.1566
1.0000,-0.0615,-0.1614
1.0000,-0.0547,-0.1609
1.0000,-0.0535,-0.1659
1.0000,-0.0487,-0.1672
1.0000,-0.0458,-0.1705
1.0000,-0.0429,-0.1737
1.0000,-0.0346,-0.1716
1.0000,-0.0331,-0.1762
1.0000,-0.0291,-0.1782
1.0000,-0.0288,-0.1840
1.0000,-0.0245,-0.1857
1.0000,-0.0137,-0.1808
1.0000,-0.0113,-0.1843
1.0000,-0.0072,-0.1860
1.0000,0.0004,-0.1842
1.0000,0.0030,-0.1873
1.0000,0.0077,-0.1882
1.0000,0.0140,-0.1876
1.0000,0.0143,-0.1928
1.0000,0.0180,-0.1944
1.0000,0.0235,-0.1943
1.0000,0.0348,-0.1882
1.0000,0.0355,-0.1926
1.0000,0.0446,-0.1885
1.0000,0.0438,-0.1942
1.0000,0.0526,-0.1902
1.0000,0.0596,-0.1879
1.0000,0.0616,-0.1904
1.0000,0.0641,-0.1923
1.0000,0.0696,-0.1911
1.0000,0.0785,-0.1864
1.0000,0.0833,-0.1856
1.0000,0.0833,-0.1895
1.0000,0.0898,-0.1867
1.0000,0.1012,-0.1788
1.0000,0.1016,-0.1819
1.0000,0.1048,-0.1820
1.0000,0.1098,-0.1800
1.0000,0.1187,-0.1741
1.0000,0.1194,-0.1761
1.0000,0.1266,-0.1715
1.0000,0.1345,-0.1660
1.0000,0.1408,-0.1619
1.0000,0.1400,-0.1647
1.0000,0.1440,-0.1625
1.0000,0.1487,-0.1595
1.0000,0.1554,-0.1544
1.0000,0.1596,-0.1513
1.0000,0.1677,-0.1444
1.0000,0.1705,-0.1424
1.0000,0.1720,-0.1416
1.0000,0.1756,-0.1385
1.0000,0.1849,-0.1294
1.0000,0.1892,-0.1251
1.0000,0.1862,-0.1279
1.0000,0.1926,-0.1211
1.0000,0.2012,-0.1120
1.0000,0.1985,-0.1138
1.0000,0.2026,-0.1088
1.0000,0.2060,-0.1041
1.0000,0.2111,-0.0975
1.0000,0.2151,-0.0918
1.0000,0.2213,-0.0837
1.0000,0.2251,-0.0777
1.0000,0.2280,-0.0726
1.0000,0.2311,-0.0669
1.0000,0.2279,-0.0673
1.0000,0.2321,-0.0601
1.0000,0.2329,-0.0560
1.0000,0.2381,-0.0474
1.0000,0.2413,-0.0404
1.0000,0.2390,-0.0389
1.0000,0.2412,-0.0326
1.0000,0.2440,-0.0254
1.0000,0.2471,-0.0178
1.0000,0.2454,-0.0148
1.0000,0.2476,-0.0076
1.0000,0.2508,0.0008
1.0000,0.2515,0.0069
1.0000,0.2543,0.0153
1.0000,0.2526,0.0194
1.0000,0.2520,0.0247
1.0000,0.2543,0.0333
1.0000,0.2513,0.0367
1.0000,0.2545,0.0464
1.0000,0.2531,0.0518
1.0000,0.2551,0.0608
1.0000,0.2544,0.0672
1.0000,0.2530,0.0732
1.0000,0.2516,0.0792
1.0000,0.2472,0.0825
1.0000,0.2497,0.0929
1.0000,0.2488,0.1000
1.0000,0.2417,0.1010
1.0000,0.2441,0.1118
1.0000,0.2392,0.1153
1.0000,0.2400,0.1247
1.0000,0.2326,0.1261
1.0000,0.2323,0.1347
1.0000,0.2332,0.1446
1.0000,0.2250,0.1455
1.0000,0.2295,0.1592
1.0000,0.2210,0.1602
1.0000,0.2176,0.1663
1.0000,0.2144,0.1726
1.0000,0.2096,0.1776
1.0000,0.2051,0.1828
1.0000,0.2072,0.1947
1.0000,0.1963,0.1938
1.0000,0.1979,0.2054
1.0000,0.1940,0.2116
1.0000,0.1877,0.2154
1.0000,0.1813,0.2192
1.0000,0.1795,0.2277
1.0000,0.1711,0.2295
1.0000,0.1643,0.2330
1.0000,0.1606,0.2398
1.0000,0.1556,0.2451
1.0000,0.1473,0.2472
1.0000,0.1474,0.2576
1.0000,0.1387,0.2593
1.0000,0.1343,0.2653
1.0000,0.1291,0.2704
1.0000,0.1231,0.2748
1.0000,0.1150,0.2770
1.0000,0.1055,0.2778
1.0000,0.0992,0.2816
1.0000,0.0955,0.2882
1.0000,0.0867,0.2894
1.0000,0.0761,0.2889
1.0000,0.0725,0.2952
1.0000,0.0653,0.2979
1.0000,0.0548,0.2973
1.0000,0.0462,0.2983
1.0000,0.0416,0.3034
1.0000,0.0312,0.3024
1.0000,0.0287,0.3093
1.0000,0.0218,0.3118
1.0000,0.0090,0.3081
1.0000,0.0027,0.3108
1.0000,-0.0041,0.3128
1.0000,-0.0092,0.3165
1.0000,-0.0214,0.3128
1.0000,-0.0285,0.3140
1.0000,-0.0338,0.3170
1.0000,-0.0441,0.3147
1.0000,-0.0553,0.3113
1.0000,-0.0631,0.3112
1.0000,-0.0652,0.3165
1.0000,-0.0789,0.3102
1.0000,-0.0819,0.3142
1.0000,-0.0931,0.3099
1.0000,-0.1033,0.3062
1.0000,-0.1103,0.3056
1.0000,-0.1154,0.3067
1.0000,-0.1223,0.3057
1.0000,-0.1287,0.3050
1.0000,-0.1433,0.2958
1.0000,-0.1513,0.2930
1.0000,-0.1536,0.2956
1.0000,-0.1638,0.2901
1.0000,-0.1681,0.2901
1.0000,-0.1786,0.2837
1.0000,-0.1867,0.2795
1.0000,-0.1927,0.2770
1.0000,-0.2036,0.2694
1.0000,-0.2125,0.2635
1.0000,-0.2170,0.2617
1.0000,-0.2257,0.2554
1.0000,-0.2278,0.2554
1.0000,-0.2412,0.2438
1.0000,-0.2469,0.2396
1.0000,-0.2492,0.2384
1.0000,-0.2594,0.2292
1.0000,-0.2679,0.2212
1.0000,-0.2745,0.2149
1.0000,-0.2784,0.2109
1.0000,-0.2849,0.2040
1.0000,-0.2877,0.2005
1.0000,-0.2914,0.1958
1.0000,-0.3031,0.1827
1.0000,-0.3085,0.1756
1.0000,-0.3094,0.1727
1.0000,-0.3183,0.1615
1.0000,-0.3237,0.1534
1.0000,-0.3221,0.1521
1.0000,-0.3296,0.1412
1.0000,-0.3362,0.1310
1.0000,-0.3355,0.1278
1.0000,-0.3450,0.1140
1.0000,-0.3452,0.1092
1.0000,-0.3514,0.0981
1.0000,-0.3550,0.0893
1.0000,-0.3586,0.0801
1.0000,-0.3624,0.0705
1.0000,-0.3639,0.0629
1.0000,-0.3660,0.0543
1.0000,-0.3642,0.0493
1.0000,-0.3702,0.0362
1.0000,-0.3695,0.0295
1.0000,-0.3703,0.0209
1.0000,-0.3749,0.0084
1.0000,-0.3720,0.0030
1.0000,-0.3756,-0.0091
1.0000,-0.3782,-0.0206
1.0000,-0.3751,-0.0266
1.0000,-0.3774,-0.0384
1.0000,-0.3747,-0.0454
1.0000,-0.3762,-0.0567
1.0000,-0.3724,-0.0632
1.0000,-0.3778,-0.0790
1.0000,-0.3746,-0.0865
1.0000,-0.3761,-0.0989
1.0000,-0.3708,-0.1048
1.0000,-0.3699,-0.1153
1.0000,-0.3682,-0.1252
1.0000,-0.3616,-0.1305
1.0000,-0.3589,-0.1398
1.0000,-0.3581,-0.1513
1.0000,-0.3536,-0.1592
1.0000,-0.3550,-0.1734
1.0000,-0.3466,-0.1778
1.0000,-0.3457,-0.1899
1.0000,-0.3448,-0.2021
1.0000,-0.3411,-0.2118
1.0000,-0.3333,-0.2174
1.0000,-0.3305,-0.2283
1.0000,-0.3224,-0.2339
1.0000,-0.3153,-0.2407
1.0000,-0.3148,-0.2542
1.0000,-0.3102,-0.2637
1.0000,-0.3040,-0.2717
1.0000,-0.2945,-0.2765
1.0000,-0.2921,-0.2885
1.0000,-0.2807,-0.2916
1.0000,-0.2739,-0.2993
1.0000,-0.2679,-0.3078
1.0000,-0.2614,-0.3159
1.0000,-0.2523,-0.3216
1.0000,-0.2438,-0.3277
1.0000,-0.2359,-0.3345
1.0000,-0.2270,-0.3403
1.0000,-0.2222,-0.3502
1.0000,-0.2120,-0.3547
1.0000,-0.2022,-0.3596
1.0000,-0.1949,-0.3670
1.0000,-0.1850,-0.3717
1.0000,-0.1804,-0.3816
1.0000,-0.1735,-0.3892
1.0000,-0.1607,-0.3909
1.0000,-0.1530,-0.3975
1.0000,-0.1382,-0.3969
1.0000,-0.1335,-0.4064
1.0000,-0.1199,-0.4068
1.0000,-0.1117,-0.4125
1.0000,-0.1035,-0.4181
1.0000,-0.0921,-0.4203
1.0000,-0.0785,-0.4203
1.0000,-0.0722,-0.4273
1.0000,-0.0586,-0.4269
1.0000,-0.0516,-0.4329
1.0000,-0.0369,-0.4311
1.0000,-0.0278,-0.4347
1.0000,-0.0172,-0.4365
1.0000,-0.0047,-0.4362
1.0000,0.0088,-0.4347
1.0000,0.0199,-0.4353
1.0000,0.0243,-0.4425
1.0000,0.0372,-0.4408
1.0000,0.0477,-0.4413
1.0000,0.0601,-0.4397
1.0000,0.0761,-0.4342
1.0000,0.0828,-0.4377
1.0000,0.0964,-0.4340
1.0000,0.1076,-0.4324
1.0000,0.1183,-0.4311
1.0000,0.1282,-0.4301
1.0000,0.1375,-0.4295
1.0000,0.1466,-0.4287
1.0000,0.1624,-0.4210
1.0000,0.1732,-0.4179
1.0000,0.1862,-0.4122
1.0000,0.1966,-0.4088
1.0000,0.2060,-0.4060
1.0000,0.2120,-0.4064
1.0000,0.2220,-0.4023
1.0000,0.2351,-0.3947
1.0000,0.2449,-0.3900
1.0000,0.2561,-0.3835
1.0000,0.2652,-0.3788
1.0000,0.2787,-0.3693
1.0000,0.2885,-0.3630
1.0000,0.2976,-0.3571
1.0000,0.3095,-0.3479
1.0000,0.3147,-0.3451
1.0000,0.3262,-0.3356
1.0000,0.3326,-0.3307
1.0000,0.3445,-0.3198
1.0000,0.3491,-0.3159
1.0000,0.3622,-0.3031
1.0000,0.3694,-0.2957
1.0000,0.3725,-0.2920
1.0000,0.3857,-0.2778
1.0000,0.3883,-0.2738
1.0000,0.3991,-0.2610
1.0000,0.4061,-0.2517
1.0000,0.4116,-0.2435
1.0000,0.4218,-0.2300
1.0000,0.4240,-0.2243
1.0000,0.4373,-0.2069
1.0000,0.4422,-0.1975
1.0000,0.4469,-0.1880
1.0000,0.4531,-0.1764
1.0000,0.4565,-0.1672
1.0000,0.4628,-0.1547
1.0000,0.4696,-0.1413
1.0000,0.4685,-0.1354
1.0000,0.4757,-0.1208
1.0000,0.4799,-0.1087
1.0000,0.4790,-0.1014
1.0000,0.4846,-0.0871
1.0000,0.4872,-0.0754
1.0000,0.4919,-0.0612
1.0000,0.4948,-0.0485
1.0000,0.4992,-0.0338
1.0000,0.4978,-0.0246
1.0000,0.5025,-0.0088
1.0000,0.5016,0.0016
1.0000,0.5035,0.0152
1.0000,0.5023,0.0262
1.0000,0.5033,0.0396
1.0000,0.5026,0.0518
1.0000,0.5049,0.0672
1.0000,0.5011,0.0769
1.0000,0.4982,0.0878
1.0000,0.5015,0.1052
1.0000,0.4972,0.1153
1.0000,0.4929,0.1257
1.0000,0.4946,0.1425
1.0000,0.4886,0.1518
1.0000,0.4893,0.1681
1.0000,0.4862,0.1808
1.0000,0.4786,0.1893
1.0000,0.4734,0.2005
1.0000,0.4745,0.2182
1.0000,0.4650,0.2256
1.0000,0.4589,0.2365
1.0000,0.4521,0.2470
1.0000,0.4509,0.2632
1.0000,0.4408,0.2707
1.0000,0.4385,0.2863
1.0000,0.4281,0.2938
1.0000,0.4256,0.3094
1.0000,0.4172,0.3193
1.0000,0.4131,0.3337
1.0000,0.4020,0.3411
1.0000,0.3963,0.3540
1.0000,0.3874,0.3638
1.0000,0.3818,0.3771
1.0000,0.3722,0.3864
1.0000,0.3569,0.3901
1.0000,0.3496,0.4018
1.0000,0.3424,0.4136
1.0000,0.3279,0.4181
1.0000,0.3174,0.4268
1.0000,0.3080,0.4365
1.0000,0.2967,0.4443
1.0000,0.2929,0.4595
1.0000,0.2817,0.4673
1.0000,0.2658,0.4704
1.0000,0.2558,0.4793
1.0000,0.2477,0.4900
1.0000,0.2313,0.4923
1.0000,0.2203,0.5000
1.0000,0.2048,0.5031
1.0000,0.1952,0.5119
1.0000,0.1799,0.5149
1.0000,0.1701,0.5232
1.0000,0.1532,0.5243
1.0000,0.1475,0.5364
1.0000,0.1280,0.5346
1.0000,0.1207,0.5446
1.0000,0.1073,0.5485
1.0000,0.0938,0.5520
1.0000,0.0741,0.5490
1.0000,0.0627,0.5542
1.0000,0.0492,0.5569
1.0000,0.0348,0.5585
1.0000,0.0200,0.5594
1.0000,0.0038,0.5587
1.0000,-0.0101,0.5600
1.0000,-0.0241,0.5608
1.0000,-0.0377,0.5617
1.0000,-0.0492,0.5644
1.0000,-0.0612,0.5662
1.0000,-0.0810,0.5599
1.0000,-0.0957,0.5583
1.0000,-0.1097,0.5570
1.0000,-0.1239,0.5551
1.0000,-0.1352,0.5559
1.0000,-0.1519,0.5507
1.0000,-0.1635,0.5503
1.0000,-0.1779,0.5467
1.0000,-0.1880,0.5469
1.0000,-0.2035,0.5413
1.0000,-0.2217,0.5325
1.0000,-0.2363,0.5269
1.0000,-0.2441,0.5276
1.0000,-0.2593,0.5205
1.0000,-0.2739,0.5136
1.0000,-0.2847,0.5099
1.0000,-0.3001,0.5011
1.0000,-0.3124,0.4950
1.0000,-0.3279,0.4852
1.0000,-0.3364,0.4819
1.0000,-0.3524,0.4705
1.0000,-0.3669,0.4601
1.0000,-0.3775,0.4532
1.0000,-0.3910,0.4428
1.0000,-0.4027,0.4337
1.0000,-0.4095,0.4289
1.0000,-0.4210,0.4190
1.0000,-0.4348,0.4062
1.0000,-0.4482,0.3933
1.0000,-0.4515,0.3900
1.0000,-0.4657,0.3752
1.0000,-0.4728,0.3670
1.0000,-0.4827,0.3554
1.0000,-0.4921,0.3438
1.0000,-0.5074,0.3257
1.0000,-0.5147,0.3151
1.0000,-0.5182,0.3078
1.0000,-0.5295,0.2921
1.0000,-0.5413,0.2754
1.0000,-0.5479,0.2633
1.0000,-0.5545,0.2508
1.0000,-0.5585,0.2403
1.0000,-0.5687,0.2230
1.0000,-0.5775,0.2066
1.0000,-0.5792,0.1969
1.0000,-0.5820,0.1854
1.0000,-0.5915,0.1668
1.0000,-0.5920,0.1566
1.0000,-0.6013,0.1372
1.0000,-0.6022,0.1256
1.0000,-0.6086,0.1080
1.0000,-0.6156,0.0894
1.0000,-0.6142,0.0786
1.0000,-0.6190,0.0611
1.0000,-0.6222,0.0449
1.0000,-0.6249,0.0286
1.0000,-0.6241,0.0153
1.0000,-0.6229,0.0021
1.0000,-0.6263,-0.0162
1.0000,-0.6252,-0.0305
1.0000,-0.6256,-0.0467
1.0000,-0.6252,-0.0625
1.0000,-0.6229,-0.0768
1.0000,-0.6204,-0.0913
1.0000,-0.6184,-0.1068
1.0000,-0.6207,-0.1269
1.0000,-0.6183,-0.1426
1.0000,-0.6160,-0.1589
1.0000,-0.6128,-0.1745
1.0000,-0.6100,-0.1909
1.0000,-0.6024,-0.2029
1.0000,-0.6022,-0.2225
1.0000,-0.5929,-0.2335
1.0000,-0.5912,-0.2522
1.0000,-0.5862,-0.2679
1.0000,-0.5756,-0.2784
1.0000,-0.5701,-0.2941
1.0000,-0.5669,-0.3124
1.0000,-0.5553,-0.3225
1.0000,-0.5499,-0.3391
1.0000,-0.5409,-0.3522
1.0000,-0.5353,-0.3690
1.0000,-0.5225,-0.3787
1.0000,-0.5205,-0.3994
1.0000,-0.5081,-0.4098
1.0000,-0.4948,-0.4195
1.0000,-0.4910,-0.4387
1.0000,-0.4782,-0.4491
1.0000,-0.4660,-0.4602
1.0000,-0.4552,-0.4727
1.0000,-0.4448,-0.4857
1.0000,-0.4307,-0.4951
1.0000,-0.4230,-0.5108
1.0000,-0.4101,-0.5214
1.0000,-0.3922,-0.5271
1.0000,-0.3859,-0.5442
1.0000,-0.3725,-0.5542
1.0000,-0.3563,-0.5615
1.0000,-0.3394,-0.5679
1.0000,-0.3303,-0.5821
1.0000,-0.3154,-0.5903
1.0000,-0.3034,-0.6014
1.0000,-0.2866,-0.6075
1.0000,-0.2737,-0.6174
1.0000,-0.2513,-0.6177
1.0000,-0.2432,-0.6322
1.0000,-0.2244,-0.6357
1.0000,-0.2075,-0.6409
1.0000,-0.1945,-0.6498
1.0000,-0.1768,-0.6538
1.0000,-0.1606,-0.6590
1.0000,-0.1406,-0.6602
1.0000,-0.1297,-0.6702
1.0000,-0.1107,-0.6718
1.0000,-0.0921,-0.6736
1.0000,-0.0735,-0.6750
1.0000,-0.0617,-0.6830
1.0000,-0.0408,-0.6814
1.0000,-0.0250,-0.6847
1.0000,-0.0073,-0.6856
1.0000,0.0104,-0.6862
1.0000,0.0247,-0.6898
1.0000,0.0462,-0.6858
1.0000,0.0605,-0.6885
1.0000,0.0803,-0.6853
1.0000,0.0952,-0.6867
1.0000,0.1148,-0.6828
1.0000,0.1274,-0.6855
1.0000,0.1477,-0.6800
1.0000,0.1635,-0.6786
1.0000,0.1800,-0.6759
1.0000,0.1955,-0.6738
1.0000,0.2153,-0.6668
1.0000,0.2344,-0.6600
1.0000,0.2465,-0.6596
1.0000,0.2670,-0.6503
1.0000,0.2866,-0.6414
1.0000,0.3007,-0.6374
1.0000,0.3128,-0.6348
1.0000,0.3289,-0.6277
1.0000,0.3526,-0.6123
1.0000,0.3671,-0.6057
1.0000,0.3809,-0.5991
1.0000,0.3958,-0.5907
1.0000,0.4119,-0.5805
1.0000,0.4233,-0.5745
1.0000,0.4387,-0.5639
1.0000,0.4578,-0.5489
1.0000,0.4689,-0.5412
1.0000,0.4843,-0.5287
1.0000,0.4967,-0.5185
1.0000,0.5092,-0.5076
1.0000,0.5244,-0.4934
1.0000,0.5405,-0.4775
1.0000,0.5494,-0.4683
1.0000,0.5642,-0.4524
1.0000,0.5745,-0.4405
1.0000,0.5835,-0.4292
1.0000,0.5982,-0.4115
1.0000,0.6123,-0.3938
1.0000,0.6230,-0.3788
1.0000,0.6333,-0.3636
1.0000,0.6406,-0.3508
1.0000,0.6479,-0.3373
1.0000,0.6550,-0.3233
1.0000,0.6679,-0.3029
1.0000,0.6730,-0.2897
1.0000,0.6812,-0.2728
1.0000,0.6875,-0.2570
1.0000,0.6950,-0.2395
1.0000,0.7052,-0.2188
1.0000,0.7104,-0.2023
1.0000,0.7182,-0.1826
1.0000,0.7190,-0.1693
1.0000,0.7309,-0.1443
1.0000,0.7287,-0.1328
1.0000,0.7318,-0.1155
1.0000,0.7398,-0.0927
1.0000,0.7414,-0.0757
1.0000,0.7440,-0.0571
1.0000,0.7435,-0.0411
1.0000,0.7523,-0.0153
1.0000,0.7489,-0.0011
1.0000,0.7487,0.0168
1.0000,0.7493,0.0360
1.0000,0.7532,0.0590
1.0000,0.7490,0.0744
1.0000,0.7496,0.0952
1.0000,0.7459,0.1121
1.0000,0.7472,0.1343
1.0000,0.7445,0.1531
1.0000,0.7410,0.1715
1.0000,0.7378,0.1907
1.0000,0.7334,0.2090
1.0000,0.7263,0.2251
1.0000,0.7250,0.2472
1.0000,0.7183,0.2644
1.0000,0.7086,0.2789
1.0000,0.7069,0.3018
1.0000,0.6944,0.3142
1.0000,0.6913,0.3362
1.0000,0.6838,0.3543
1.0000,0.6763,0.3725
1.0000,0.6637,0.3860
1.0000,0.6576,0.4060
1.0000,0.6447,0.4196
1.0000,0.6405,0.4421
1.0000,0.6241,0.4527
1.0000,0.6151,0.4708
1.0000,0.6051,0.4879
1.0000,0.5932,0.5034
1.0000,0.5823,0.5201
1.0000,0.5716,0.5370
1.0000,0.5523,0.5454
1.0000,0.5451,0.5659
1.0000,0.5285,0.5772
1.0000,0.5153,0.5919
1.0000,0.5006,0.6051
1.0000,0.4850,0.6174
1.0000,0.4725,0.6328
1.0000,0.4564,0.6446
1.0000,0.4405,0.6565
1.0000,0.4267,0.6704
1.0000,0.4042,0.6756
1.0000,0.3937,0.6926
1.0000,0.3710,0.6974
1.0000,0.3538,0.7075
1.0000,0.3350,0.7159
1.0000,0.3175,0.7253
1.0000,0.3031,0.7377
1.0000,0.2825,0.7437
1.0000,0.2694,0.7569
1.0000,0.2500,0.7636
1.0000,0.2308,0.7702
1.0000,0.2101,0.7751
1.0000,0.1902,0.7805
1.0000,0.1718,0.7871
1.0000,0.1528,0.7927
1.0000,0.1318,0.7960
1.0000,0.1139,0.8020
1.0000,0.0932,0.8049
1.0000,0.0731,0.8079
1.0000,0.0500,0.8075
1.0000,0.0320,0.8118
1.0000,0.0123,0.8141
1.0000,-0.0104,0.8127
1.0000,-0.0268,0.8173
1.0000,-0.0472,0.8173
1.0000,-0.0688,0.8157
1.0000,-0.0886,0.8153
1.0000,-0.1165,0.8064
1.0000,-0.1333,0.8080
1.0000,-0.1530,0.8061
1.0000,-0.1726,0.8038
1.0000,-0.1915,0.8016
1.0000,-0.2139,0.7953
1.0000,-0.2337,0.7910
1.0000,-0.2579,0.7816
1.0000,-0.2740,0.7798
1.0000,-0.2982,0.7693
1.0000,-0.3130,0.7674
1.0000,-0.3365,0.7562
1.0000,-0.3520,0.7524
1.0000,-0.3731,0.7423
1.0000,-0.3883,0.7374
1.0000,-0.4124,0.7229
1.0000,-0.4262,0.7180
1.0000,-0.4489,0.7035
1.0000,-0.4621,0.6979
1.0000,-0.4873,0.6794
1.0000,-0.4974,0.6754
1.0000,-0.5199,0.6582
1.0000,-0.5387,0.6440
1.0000,-0.5483,0.6382
1.0000,-0.5717,0.6179
1.0000,-0.5879,0.6041
1.0000,-0.5992,0.5944
1.0000,-0.6147,0.5797
1.0000,-0.6290,0.5656
1.0000,-0.6479,0.5460
1.0000,-0.6571,0.5353
1.0000,-0.6777,0.5125
1.0000,-0.6874,0.4999
1.0000,-0.7000,0.4836
1.0000,-0.7131,0.4660
1.0000,-0.7292,0.4447
1.0000,-0.7378,0.4301
1.0000,-0.7494,0.4117
1.0000,-0.7614,0.3923
1.0000,-0.7708,0.3746
1.0000,-0.7797,0.3567
1.0000,-0.7899,0.3368
1.0000,-0.7980,0.3182
1.0000,-0.8116,0.2934
1.0000,-0.8146,0.2785
1.0000,-0.8234,0.2570
1.0000,-0.8316,0.2355
1.0000,-0.8407,0.2123
1.0000,-0.8445,0.1937
1.0000,-0.8518,0.1709
1.0000,-0.8535,0.1530
1.0000,-0.8576,0.1321
1.0000,-0.8628,0.1094
1.0000,-0.8673,0.0867
1.0000,-0.8708,0.0644
1.0000,-0.8687,0.0471
1.0000,-0.8744,0.0213
1.0000,-0.8769,-0.0019
1.0000,-0.8795,-0.0258
1.0000,-0.8780,-0.0461
1.0000,-0.8756,-0.0662
1.0000,-0.8714,-0.0851
1.0000,-0.8749,-0.1121
1.0000,-0.8745,-0.1359
1.0000,-0.8712,-0.1572
1.0000,-0.8644,-0.1755
1.0000,-0.8592,-0.1960
1.0000,-0.8563,-0.2192
1.0000,-0.8560,-0.2454
1.0000,-0.8474,-0.2639
1.0000,-0.8372,-0.2812
1.0000,-0.8315,-0.3033
1.0000,-0.8314,-0.3316
1.0000,-0.8205,-0.3493
1.0000,-0.8146,-0.3724
1.0000,-0.8007,-0.3879
1.0000,-0.7962,-0.4130
1.0000,-0.7867,-0.4335
1.0000,-0.7702,-0.4473
1.0000,-0.7642,-0.4720
1.0000,-0.7534,-0.4919
1.0000,-0.7399,-0.5095
1.0000,-0.7284,-0.5293
1.0000,-0.7190,-0.5514
1.0000,-0.7015,-0.5655
1.0000,-0.6874,-0.5832
1.0000,-0.6757,-0.6035
1.0000,-0.6631,-0.6229
1.0000,-0.6462,-0.6381
1.0000,-0.6320,-0.6562
1.0000,-0.6109,-0.6674
1.0000,-0.5986,-0.6874
1.0000,-0.5787,-0.6998
1.0000,-0.5603,-0.7137
1.0000,-0.5417,-0.7275
1.0000,-0.5312,-0.7492
1.0000,-0.5115,-0.7617
1.0000,-0.4937,-0.7760
1.0000,-0.4735,-0.7877
1.0000,-0.4532,-0.7993
1.0000,-0.4345,-0.8124
1.0000,-0.4113,-0.8207
1.0000,-0.3916,-0.8323
1.0000,-0.3691,-0.8409
1.0000,-0.3476,-0.8504
1.0000,-0.3298,-0.8632
1.0000,-0.3061,-0.8699
1.0000,-0.2871,-0.8810
1.0000,-0.2634,-0.8871
1.0000,-0.2440,-0.8971
1.0000,-0.2160,-0.8982
1.0000,-0.1976,-0.9085
1.0000,-0.1754,-0.9147
1.0000,-0.1503,-0.9175
1.0000,-0.1247,-0.9194
1.0000,-0.1046,-0.9264
1.0000,-0.0794,-0.9277
1.0000,-0.0582,-0.9326
1.0000,-0.0376,-0.9377
1.0000,-0.0078,-0.9330
1.0000,0.0141,-0.9356
1.0000,0.0365,-0.9373
1.0000,0.0628,-0.9344
1.0000,0.0812,-0.9388
1.0000,0.1042,-0.9381
1.0000,0.1316,-0.9323
1.0000,0.1517,-0.9333
1.0000,0.1786,-0.9267
1.0000,0.2043,-0.9208
1.0000,0.2221,-0.9220
1.0000,0.2459,-0.9166
1.0000,0.2708,-0.9093
1.0000,0.2900,-0.9071
1.0000,0.3144,-0.8989
1.0000,0.3429,-0.8859
1.0000,0.3641,-0.8794
1.0000,0.3848,-0.8728
1.0000,0.4087,-0.8620
1.0000,0.4306,-0.8526
1.0000,0.4530,-0.8418
1.0000,0.4681,-0.8376
1.0000,0.4973,-0.8185
1.0000,0.5112,-0.8137
1.0000,0.5390,-0.7944
1.0000,0.5574,-0.7836
1.0000,0.5794,-0.7683
1.0000,0.5986,-0.7550
1.0000,0.6114,-0.7472
1.0000,0.6373,-0.7256
1.0000,0.6518,-0.7144
1.0000,0.6714,-0.6974
1.0000,0.6898,-0.6806
1.0000,0.7084,-0.6627
1.0000,0.7229,-0.6481
1.0000,0.7409,-0.6291
1.0000,0.7601,-0.6081
1.0000,0.7731,-0.5924
1.0000,0.7856,-0.5763
1.0000,0.8046,-0.5528
1.0000,0.8158,-0.5363
1.0000,0.8318,-0.5141
1.0000,0.8482,-0.4907
1.0000,0.8619,-0.4690
1.0000,0.8700,-0.4521
1.0000,0.8867,-0.4257
1.0000,0.8955,-0.4064
1.0000,0.9048,-0.3858
1.0000,0.9198,-0.3587
1.0000,0.9274,-0.3381
1.0000,0.9387,-0.3129
1.0000,0.9417,-0.2952
1.0000,0.9529,-0.2685
1.0000,0.9550,-0.2501
1.0000,0.9677,-0.2203
1.0000,0.9753,-0.1948
1.0000,0.9785,-0.1730
1.0000,0.9849,-0.1471
1.0000,0.9906,-0.1213
1.0000,0.9930,-0.0980
1.0000,0.9933,-0.0759
1.0000,0.9969,-0.0500
1.0000,1.0003,-0.0235
1.0000,0.9981,-0.0019
2.0000,-0.0004,0.0007
2.0000,0.0001,0.0022
2.0000,0.0037,0.0069
2.0000,-0.0020,0.0024
2.0000,-0.0003,0.0053
2.0000,0.0019,0.0088
2.0000,-0.0020,0.0061
2.0000,-0.0022,0.0072
2.0000,-0.0005,0.0103
2.0000,-0.0001,0.0121
2.0000,-0.0011,0.0125
2.0000,-0.0069,0.0082
2.0000,-0.0056,0.0109
2.0000,-0.0038,0.0142
2.0000,-0.0046,0.0148
2.0000,-0.0066,0.0144
2.0000,-0.0032,0.0193
2.0000,-0.0090,0.0151
2.0000,-0.0092,0.0164
2.0000,-0.0075,0.0196
2.0000,-0.0124,0.0164
2.0000,-0.0117,0.0186
2.0000,-0.0153,0.0165
2.0000,-0.0156,0.0177
2.0000,-0.0139,0.0211
2.0000,-0.0127,0.0237
2.0000,-0.0158,0.0221
2.0000,-0.0145,0.0250
2.0000,-0.0161,0.0249
2.0000,-0.0181,0.0243
2.0000,-0.0223,0.0216
2.0000,-0.0244,0.0209
2.0000,-0.0262,0.0204
2.0000,-0.0241,0.0238
2.0000,-0.0283,0.0210
2.0000,-0.0258,0.0248
2.0000,-0.0267,0.0251
2.0000,-0.0326,0.0204
2.0000,-0.0297,0.0244
2.0000,-0.0330,0.0222
2.0000,-0.0336,0.0227
2.0000,-0.0345,0.0227
2.0000,-0.0377,0.0205
2.0000,-0.0390,0.0201
2.0000,-0.0369,0.0230
2.0000,-0.0430,0.0176
2.0000,-0.0454,0.0159
2.0000,-0.0462,0.0158
2.0000,-0.0474,0.0151
2.0000,-0.0451,0.0179
2.0000,-0.0456,0.0178
2.0000,-0.0484,0.0153
2.0000,-0.0497,0.0143
2.0000,-0.0511,0.0132
2.0000,-0.0528,0.0115
2.0000,-0.0548,0.0096
2.0000,-0.0551,0.0092
2.0000,-0.0540,0.0101
2.0000,-0.0603,0.0036
2.0000,-0.0576,0.0060
2.0000,-0.0621,0.0012
2.0000,-0.0595,0.0033
2.0000,-0.0615,0.0007
2.0000,-0.0660,-0.0045
2.0000,-0.0642,-0.0034
2.0000,-0.0667,-0.0068
2.0000,-0.0694,-0.0104
2.0000,-0.0705,-0.0126
2.0000,-0.0708,-0.0139
2.0000,-0.0715,-0.0158
2.0000,-0.0710,-0.0166
2.0000,-0.0738,-0.0208
2.0000,-0.0730,-0.0216
2.0000,-0.0748,-0.0249
2.0000,-0.0736,-0.0255
2.0000,-0.0753,-0.0289
2.0000,-0.0735,-0.0290
2.0000,-0.0729,-0.0303
2.0000,-0.0729,-0.0324
2.0000,-0.0718,-0.0335
2.0000,-0.0709,-0.0348
2.0000,-0.0733,-0.0395
2.0000,-0.0695,-0.0382
2.0000,-0.0711,-0.0423
2.0000,-0.0748,-0.0486
2.0000,-0.0753,-0.0517
2.0000,-0.0703,-0.0496
2.0000,-0.0720,-0.0541
2.0000,-0.0697,-0.0547
2.0000,-0.0705,-0.0586
2.0000,-0.0718,-0.0629
2.0000,-0.0695,-0.0638
2.0000,-0.0672,-0.0647
2.0000,-0.0688,-0.0696
2.0000,-0.0677,-0.0719
2.0000,-0.0659,-0.0736
2.0000,-0.0655,-0.0767
2.0000,-0.0652,-0.0800
2.0000,-0.0609,-0.0794
2.0000,-0.0602,-0.0824
2.0000,-0.0605,-0.0864
2.0000,-0.0588,-0.0885
2.0000,-0.0568,-0.0903
2.0000,-0.0526,-0.0900
2.0000,-0.0540,-0.0954
2.0000,-0.0501,-0.0956
2.0000,-0.0430,-0.0925
2.0000,-0.0413,-0.0949
2.0000,-0.0406,-0.0982
2.0000,-0.0402,-0.1020
2.0000,-0.0355,-0.1014
2.0000,-0.0394,-0.1095
2.0000,-0.0307,-0.1050
2.0000,-0.0293,-0.1078
2.0000,-0.0260,-0.1088
2.0000,-0.0246,-0.1116
2.0000,-0.0267,-0.1180
2.0000,-0.0204,-0.1159
2.0000,-0.0194,-0.1192
2.0000,-0.0138,-0.1178
2.0000,-0.0087,-0.1169
2.0000,-0.0128,-0.1253
2.0000,-0.0045,-0.1212
2.0000,-0.0003,-0.1212
2.0000,0.0030,-0.1220
2.0000,0.0057,-0.1235
2.0000,0.0065,-0.1268
2.0000,0.0104,-0.1268
2.0000,0.0107,-0.1306
2.0000,0.0129,-0.1324
2.0000,0.0195,-0.1296
2.0000,0.0250,-0.1281
2.0000,0.0280,-0.1289
2.0000,0.0272,-0.1335
2.0000,0.0353,-0.1290
2.0000,0.0391,-0.1288
2.0000,0.0424,-0.1291
2.0000,0.0473,-0.1277
2.0000,0.0454,-0.1329
2.0000,0.0486,-0.1331
2.0000,0.0580,-0.1269
2.0000,0.0600,-0.1281
2.0000,0.0651,-0.1260
2.0000,0.0686,-0.1255
2.0000,0.0697,-0.1272
2.0000,0.0732,-0.1264
2.0000,0.0760,-0.1263
2.0000,0.0803,-0.1246
2.0000,0.0828,-0.1244
2.0000,0.0876,-0.1219
2.0000,0.0900,-0.1217
2.0000,0.0920,-0.1218
2.0000,0.0990,-0.1167
2.0000,0.1032,-0.1143
2.0000,0.1100,-0.1091
2.0000,0.1106,-0.1100
2.0000,0.1106,-0.1114
2.0000,0.1188,-0.1045
2.0000,0.1197,-0.1046
2.0000,0.1270,-0.0983
2.0000,0.1294,-0.0967
2.0000,0.1330,-0.0937
2.0000,0.1362,-0.0911
2.0000,0.1390,-0.0886
2.0000,0.1379,-0.0898
2.0000,0.1384,-0.0893
2.0000,0.1491,-0.0786
2.0000,0.1447,-0.0826
2.0000,0.1488,-0.0780
2.0000,0.1505,-0.0757
2.0000,0.1578,-0.0676
2.0000,0.1567,-0.0677
2.0000,0.1632,-0.0601
2.0000,0.1613,-0.0607
2.0000,0.1686,-0.0519
2.0000,0.1676,-0.0513
2.0000,0.1717,-0.0453
2.0000,0.1747,-0.0404
2.0000,0.1736,-0.0393
2.0000,0.1770,-0.0335
2.0000,0.1818,-0.0263
2.0000,0.1837,-0.0217
2.0000,0.1798,-0.0226
2.0000,0.1862,-0.0132
2.0000,0.1866,-0.0097
2.0000,0.1875,-0.0054
2.0000,0.1851,-0.0043
2.0000,0.1900,0.0044
2.0000,0.1890,0.0072
2.0000,0.1915,0.0138
2.0000,0.1882,0.0147
2.0000,0.1887,0.0195
2.0000,0.1906,0.0260
2.0000,0.1903,0.0305
2.0000,0.1902,0.0352
2.0000,0.1927,0.0427
2.0000,0.1922,0.0474
2.0000,0.1886,0.0491
2.0000,0.1868,0.0528
2.0000,0.1863,0.0578
2.0000,0.1916,0.0690
2.0000,0.1908,0.0741
2.0000,0.1880,0.0773
2.0000,0.1882,0.0837
2.0000,0.1856,0.0874
2.0000,0.1860,0.0943
2.0000,0.1791,0.0939
2.0000,0.1849,0.1064
2.0000,0.1786,0.1069
2.0000,0.1752,0.1104
2.0000,0.1772,0.1194
2.0000,0.1734,0.1228
2.0000,0.1674,0.1240
2.0000,0.1708,0.1348
2.0000,0.1627,0.1341
2.0000,0.1668,0.1457
2.0000,0.1601,0.1466
2.0000,0.1589,0.1531
2.0000,0.1514,0.1533
2.0000,0.1477,0.1575
2.0000,0.1464,0.1641
2.0000,0.1437,0.1693
2.0000,0.1439,0.1775
2.0000,0.1361,0.1778
2.0000,0.1299,0.1797
2.0000,0.1305,0.1885
2.0000,0.1265,0.1926
2.0000,0.1166,0.1909
2.0000,0.1122,0.1947
2.0000,0.1121,0.2028
2.0000,0.1072,0.2062
2.0000,0.1007,0.2080
2.0000,0.0951,0.2106
2.0000,0.0945,0.2182
2.0000,0.0872,0.2192
2.0000,0.0822,0.2224
2.0000,0.0740,0.2224
2.0000,0.0675,0.2241
2.0000,0.0677,0.2323
2.0000,0.0619,0.2347
2.0000,0.0546,0.2354
2.0000,0.0515,0.2403
2.0000,0.0463,0.2430
2.0000,0.0362,0.2408
2.0000,0.0318,0.2442
2.0000,0.0253,0.2454
2.0000,0.0197,0.2474
2.0000,0.0121,0.2473
2.0000,0.0071,0.2497
2.0000,0.0035,0.2535
2.0000,-0.0064,0.2508
2.0000,-0.0097,0.2547
2.0000,-0.0206,0.2508
2.0000,-0.0232,0.2550
2.0000,-0.0280,0.2570
2.0000,-0.0402,0.2514
2.0000,-0.0485,0.2495
2.0000,-0.0517,0.2527
2.0000,-0.0547,0.2558
2.0000,-0.0656,0.2509
2.0000,-0.0705,0.2518
2.0000,-0.0781,0.2499
2.0000,-0.0811,0.2524
2.0000,-0.0884,0.2504
2.0000,-0.0993,0.2446
2.0000,-0.1021,0.2468
2.0000,-0.1120,0.2416
2.0000,-0.1164,0.2418
2.0000,-0.1206,0.2419
2.0000,-0.1321,0.2345
2.0000,-0.1346,0.2360
2.0000,-0.1415,0.2328
2.0000,-0.1482,0.2296
2.0000,-0.1534,0.2277
2.0000,-0.1632,0.2210
2.0000,-0.1661,0.2208
2.0000,-0.1704,0.2191
2.0000,-0.1832,0.2086
2.0000,-0.1876,0.2064
2.0000,-0.1913,0.2045
2.0000,-0.1945,0.2028
2.0000,-0.1996,0.1991
2.0000,-0.2073,0.1926
2.0000,-0.2133,0.1873
2.0000,-0.2231,0.1782
2.0000,-0.2238,0.1778
2.0000,-0.2277,0.1739
2.0000,-0.2329,0.1685
2.0000,-0.2400,0.1610
2.0000,-0.2414,0.1588
2.0000,-0.2463,0.1529
2.0000,-0.2537,0.1442
2.0000,-0.2568,0.1396
2.0000,-0.2597,0.1349
2.0000,-0.2663,0.1262
2.0000,-0.2700,0.1202
2.0000,-0.2762,0.1113
2.0000,-0.2808,0.1038
2.0000,-0.2813,0.1002
2.0000,-0.2860,0.0920
2.0000,-0.2898,0.0845
2.0000,-0.2932,0.0771
2.0000,-0.2947,0.0713
2.0000,-0.2956,0.0660
2.0000,-0.2996,0.0572
2.0000,-0.3059,0.0458
2.0000,-0.3047,0.0417
2.0000,-0.3074,0.0334
2.0000,-0.3116,0.0233
2.0000,-0.3087,0.0202
2.0000,-0.3133,0.0092
2.0000,-0.3123,0.0036
2.0000,-0.3139,-0.0048
2.0000,-0.3163,-0.0144
2.0000,-0.3137,-0.0191
2.0000,-0.3146,-0.0276
2.0000,-0.3153,-0.0361
2.0000,-0.3185,-0.0473
2.0000,-0.3177,-0.0548
2.0000,-0.3173,-0.0629
2.0000,-0.3145,-0.0688
2.0000,-0.3109,-0.0742
2.0000,-0.3091,-0.0815
2.0000,-0.3111,-0.0929
2.0000,-0.3057,-0.0971
2.0000,-0.3085,-0.1096
2.0000,-0.3041,-0.1151
2.0000,-0.3017,-0.1228
2.0000,-0.2994,-0.1308
2.0000,-0.2986,-0.1406
2.0000,-0.2938,-0.1464
2.0000,-0.2898,-0.1532
2.0000,-0.2879,-0.1622
2.0000,-0.2825,-0.1679
2.0000,-0.2818,-0.1785
2.0000,-0.2788,-0.1868
2.0000,-0.2750,-0.1945
2.0000,-0.2736,-0.2047
2.0000,-0.2700,-0.2129
2.0000,-0.2656,-0.2204
2.0000,-0.2604,-0.2271
2.0000,-0.2526,-0.2314
2.0000,-0.2436,-0.2345
2.0000,-0.2426,-0.2457
2.0000,-0.2357,-0.2511
2.0000,-0.2278,-0.2555
2.0000,-0.2209,-0.2609
2.0000,-0.2180,-0.2705
2.0000,-0.2093,-0.2743
2.0000,-0.2061,-0.2835
2.0000,-0.2001,-0.2900
2.0000,-0.1916,-0.2941
2.0000,-0.1850,-0.3000
2.0000,-0.1818,-0.3094
2.0000,-0.1717,-0.3118
2.0000,-0.1661,-0.3187
2.0000,-0.1582,-0.3233
2.0000,-0.1478,-0.3252
2.0000,-0.1398,-0.3296
2.0000,-0.1313,-0.3334
2.0000,-0.1265,-0.3409
2.0000,-0.1153,-0.3420
2.0000,-0.1098,-0.3486
2.0000,-0.1030,-0.3538
2.0000,-0.0943,-0.3571
2.0000,-0.0858,-0.3604
2.0000,-0.0698,-0.3562
2.0000,-0.0615,-0.3594
2.0000,-0.0582,-0.3676
2.0000,-0.0500,-0.3707
2.0000,-0.0405,-0.3724
2.0000,-0.0294,-0.3723
2.0000,-0.0172,-0.3710
2.0000,-0.0102,-0.3747
2.0000,-0.0005,-0.3755
2.0000,0.0086,-0.3767
2.0000,0.0184,-0.3770
2.0000,0.0256,-0.3798
2.0000,0.0400,-0.3751
2.0000,0.0504,-0.3742
2.0000,0.0550,-0.3789
2.0000,0.0680,-0.3749
2.0000,0.0733,-0.3785
2.0000,0.0852,-0.3751
2.0000,0.0934,-0.3753
2.0000,0.1059,-0.3708
2.0000,0.1179,-0.3666
2.0000,0.1229,-0.3691
2.0000,0.1357,-0.3635
2.0000,0.1447,-0.3615
2.0000,0.1563,-0.3565
2.0000,0.1613,-0.3579
2.0000,0.1703,-0.3549
2.0000,0.1785,-0.3525
2.0000,0.1930,-0.3434
2.0000,0.1972,-0.3443
2.0000,0.2116,-0.3347
2.0000,0.2171,-0.3337
2.0000,0.2257,-0.3292
2.0000,0.2344,-0.3243
2.0000,0.2423,-0.3199
2.0000,0.2493,-0.3160
2.0000,0.2607,-0.3074
2.0000,0.2720,-0.2985
2.0000,0.2812,-0.2913
2.0000,0.2828,-0.2913
2.0000,0.2895,-0.2860
2.0000,0.2986,-0.2778
2.0000,0.3104,-0.2667
2.0000,0.3150,-0.2623
2.0000,0.3228,-0.2543
2.0000,0.3289,-0.2476
2.0000,0.3405,-0.2351
2.0000,0.3418,-0.2326
2.0000,0.3514,-0.2214
2.0000,0.3529,-0.2178
2.0000,0.3647,-0.2036
2.0000,0.3694,-0.1961
2.0000,0.3713,-0.1911
2.0000,0.3824,-0.1764
2.0000,0.3881,-0.1668
2.0000,0.3898,-0.1608
2.0000,0.3952,-0.1508
2.0000,0.3963,-0.1447
2.0000,0.4048,-0.1307
2.0000,0.4093,-0.1204
2.0000,0.4089,-0.1147
2.0000,0.4120,-0.1051
2.0000,0.4195,-0.0907
2.0000,0.4251,-0.0779
2.0000,0.4215,-0.0738
2.0000,0.4246,-0.0629
2.0000,0.4281,-0.0510
2.0000,0.4310,-0.0395
2.0000,0.4367,-0.0247
2.0000,0.4357,-0.0165
2.0000,0.4375,-0.0050
2.0000,0.4353,0.0029
2.0000,0.4412,0.0191
2.0000,0.4376,0.0261
2.0000,0.4420,0.0414
2.0000,0.4387,0.0494
2.0000,0.4374,0.0597
2.0000,0.4390,0.0731
2.0000,0.4366,0.0829
2.0000,0.4362,0.0949
2.0000,0.4371,0.1085
2.0000,0.4341,0.1185
2.0000,0.4267,0.1243
2.0000,0.4310,0.1421
2.0000,0.4288,0.1537
2.0000,0.4234,0.1621
2.0000,0.4171,0.1701
2.0000,0.4130,0.1804
2.0000,0.4122,0.1942
2.0000,0.4043,0.2012
2.0000,0.4011,0.2130
2.0000,0.4000,0.2272
2.0000,0.3936,0.2361
2.0000,0.3895,0.2475
2.0000,0.3858,0.2596
2.0000,0.3733,0.2630
2.0000,0.3748,0.2805
2.0000,0.3635,0.2853
2.0000,0.3546,0.2928
2.0000,0.3502,0.3047
2.0000,0.3425,0.3134
2.0000,0.3406,0.3282
2.0000,0.3302,0.3344
2.0000,0.3250,0.3459
2.0000,0.3129,0.3505
2.0000,0.3056,0.3601
2.0000,0.2967,0.3680
2.0000,0.2918,0.3800
2.0000,0.2779,0.3830
2.0000,0.2672,0.3892
2.0000,0.2632,0.4021
2.0000,0.2540,0.4098
2.0000,0.2445,0.4171
2.0000,0.2293,0.4187
2.0000,0.2189,0.4250
2.0000,0.2073,0.4301
2.0000,0.1971,0.4365
2.0000,0.1879,0.4439
2.0000,0.1756,0.4480
2.0000,0.1693,0.4580
2.0000,0.1555,0.4605
2.0000,0.1461,0.4671
2.0000,0.1303,0.4673
2.0000,0.1257,0.4785
2.0000,0.1090,0.4774
2.0000,0.0946,0.4785
2.0000,0.0844,0.4835
2.0000,0.0751,0.4892
2.0000,0.0659,0.4950
2.0000,0.0471,0.4909
2.0000,0.0350,0.4931
2.0000,0.0236,0.4959
2.0000,0.0101,0.4964
2.0000,-0.0015,0.4985
2.0000,-0.0131,0.5003
2.0000,-0.0224,0.5042
2.0000,-0.0384,0.5010
2.0000,-0.0496,0.5025
2.0000,-0.0651,0.4992
2.0000,-0.0792,0.4970
2.0000,-0.0900,0.4979
2.0000,-0.1026,0.4967
2.0000,-0.1105,0.4997
2.0000,-0.1231,0.4977
2.0000,-0.1357,0.4954
2.0000,-0.1559,0.4851
2.0000,-0.1648,0.4857
2.0000,-0.1780,0.4816
2.0000,-0.1915,0.4769
2.0000,-0.2035,0.4733
2.0000,-0.2120,0.4727
2.0000,-0.2233,0.4690
2.0000,-0.2394,0.4601
2.0000,-0.2503,0.4559
2.0000,-0.2661,0.4464
2.0000,-0.2716,0.4467
2.0000,-0.2876,0.4362
2.0000,-0.2965,0.4323
2.0000,-0.3119,0.4214
2.0000,-0.3195,0.4179
2.0000,-0.3330,0.4081
2.0000,-0.3415,0.4028
2.0000,-0.3494,0.3975
2.0000,-0.3665,0.3827
2.0000,-0.3740,0.3769
2.0000,-0.3859,0.3663
2.0000,-0.3958,0.3572
2.0000,-0.4006,0.3528
2.0000,-0.4086,0.3447
2.0000,-0.4185,0.3341
2.0000,-0.4331,0.3184
2.0000,-0.4353,0.3146
2.0000,-0.4473,0.3005
2.0000,-0.4581,0.2872
2.0000,-0.4664,0.2759
2.0000,-0.4677,0.2710
2.0000,-0.4772,0.2574
2.0000,-0.4837,0.2465
2.0000,-0.4959,0.2292
2.0000,-0.4988,0.2209
2.0000,-0.5098,0.2040
2.0000,-0.5107,0.1966
2.0000,-0.5139,0.1866
2.0000,-0.5241,0.1689
2.0000,-0.5305,0.1547
2.0000,-0.5355,0.1414
2.0000,-0.5377,0.1304
2.0000,-0.5453,0.1135
2.0000,-0.5483,0.1009
2.0000,-0.5508,0.0882
2.0000,-0.5547,0.0737
2.0000,-0.5548,0.0626
2.0000,-0.5533,0.0526
2.0000,-0.5619,0.0321
2.0000,-0.5589,0.0228
2.0000,-0.5602,0.0088
2.0000,-0.5668,-0.0110
2.0000,-0.5655,-0.0232
2.0000,-0.5670,-0.0385
2.0000,-0.5649,-0.0508
2.0000,-0.5615,-0.0621
2.0000,-0.5641,-0.0797
2.0000,-0.5644,-0.0955
2.0000,-0.5573,-0.1042
2.0000,-0.5555,-0.1186
2.0000,-0.5555,-0.1350
2.0000,-0.5528,-0.1491
2.0000,-0.5531,-0.1665
2.0000,-0.5502,-0.1811
2.0000,-0.5412,-0.1897
2.0000,-0.5379,-0.2044
2.0000,-0.5342,-0.2190
2.0000,-0.5289,-0.2323
2.0000,-0.5251,-0.2472
2.0000,-0.5184,-0.2596
2.0000,-0.5158,-0.2762
2.0000,-0.5077,-0.2876
2.0000,-0.5023,-0.3019
2.0000,-0.4970,-0.3166
2.0000,-0.4828,-0.3224
2.0000,-0.4786,-0.3385
2.0000,-0.4734,-0.3536
2.0000,-0.4598,-0.3606
2.0000,-0.4582,-0.3797
2.0000,-0.4431,-0.3853
2.0000,-0.4378,-0.4010
2.0000,-0.4260,-0.4102
2.0000,-0.4207,-0.4260
2.0000,-0.4105,-0.4370
2.0000,-0.3936,-0.4413
2.0000,-0.3893,-0.4582
2.0000,-0.3751,-0.4653
2.0000,-0.3608,-0.4722
2.0000,-0.3527,-0.4854
2.0000,-0.3393,-0.4933
2.0000,-0.3322,-0.5074
2.0000,-0.3170,-0.5135
2.0000,-0.3073,-0.5249
2.0000,-0.2952,-0.5339
2.0000,-0.2816,-0.5413
2.0000,-0.2682,-0.5488
2.0000,-0.2558,-0.5572
2.0000,-0.2367,-0.5588
2.0000,-0.2261,-0.5687
2.0000,-0.2143,-0.5773
2.0000,-0.1939,-0.5771
2.0000,-0.1857,-0.5889
2.0000,-0.1637,-0.5868
2.0000,-0.1517,-0.5944
2.0000,-0.1359,-0.5980
2.0000,-0.1231,-0.6044
2.0000,-0.1092,-0.6095
2.0000,-0.0945,-0.6135
2.0000,-0.0790,-0.6164
2.0000,-0.0604,-0.6159
2.0000,-0.0507,-0.6241
2.0000,-0.0329,-0.6238
2.0000,-0.0186,-0.6268
2.0000,0.0037,-0.6213
2.0000,0.0122,-0.6293
2.0000,0.0308,-0.6269
2.0000,0.0459,-0.6276
2.0000,0.0664,-0.6226
2.0000,0.0772,-0.6268
2.0000,0.0914,-0.6272
2.0000,0.1092,-0.6237
2.0000,0.1298,-0.6169
2.0000,0.1417,-0.6183
2.0000,0.1541,-0.6188
2.0000,0.1755,-0.6099
2.0000,0.1925,-0.6049
2.0000,0.2021,-0.6069
2.0000,0.2240,-0.5960
2.0000,0.2367,-0.5940
2.0000,0.2479,-0.5928
2.0000,0.2661,-0.5842
2.0000,0.2809,-0.5784
2.0000,0.2935,-0.5744
2.0000,0.3128,-0.5632
2.0000,0.3290,-0.5544
2.0000,0.3404,-0.5499
2.0000,0.3580,-0.5388
2.0000,0.3695,-0.5332
2.0000,0.3812,-0.5267
2.0000,0.3975,-0.5152
2.0000,0.4054,-0.5114
2.0000,0.4199,-0.5005
2.0000,0.4329,-0.4905
2.0000,0.4522,-0.4736
2.0000,0.4633,-0.4644
2.0000,0.4749,-0.4541
2.0000,0.4823,-0.4474
2.0000,0.4941,-0.4356
2.0000,0.5054,-0.4238
2.0000,0.5209,-0.4073
2.0000,0.5302,-0.3962
2.0000,0.5423,-0.3818
2.0000,0.5520,-0.3693
2.0000,0.5623,-0.3555
2.0000,0.5730,-0.3407
2.0000,0.5804,-0.3287
2.0000,0.5856,-0.3182
2.0000,0.5974,-0.3005
2.0000,0.6056,-0.2859
2.0000,0.6163,-0.2682
2.0000,0.6204,-0.2565
2.0000,0.6293,-0.2393
2.0000,0.6329,-0.2270
2.0000,0.6452,-0.2053
2.0000,0.6449,-0.1958
2.0000,0.6531,-0.1770
2.0000,0.6600,-0.1592
2.0000,0.6636,-0.1440
2.0000,0.6700,-0.1254
2.0000,0.6718,-0.1109
2.0000,0.6743,-0.0951
2.0000,0.6767,-0.0790
2.0000,0.6797,-0.0617
2.0000,0.6815,-0.0451
2.0000,0.6876,-0.0238
2.0000,0.6844,-0.0112
2.0000,0.6841,0.0048
2.0000,0.6874,0.0248
2.0000,0.6897,0.0444
2.0000,0.6899,0.0622
2.0000,0.6874,0.0780
2.0000,0.6850,0.0941
2.0000,0.6847,0.1128
2.0000,0.6848,0.1324
2.0000,0.6821,0.1495
2.0000,0.6783,0.1659
2.0000,0.6742,0.1824
2.0000,0.6680,0.1972
2.0000,0.6631,0.2137
2.0000,0.6636,0.2359
2.0000,0.6590,0.2533
2.0000,0.6531,0.2698
2.0000,0.6455,0.2848
2.0000,0.6398,0.3021
2.0000,0.6275,0.3130
2.0000,0.6248,0.3338
2.0000,0.6131,0.3459
2.0000,0.6118,0.3686
2.0000,0.5997,0.3806
2.0000,0.5882,0.3936
2.0000,0.5773,0.4073
2.0000,0.5738,0.4286
2.0000,0.5617,0.4414
2.0000,0.5507,0.4555
2.0000,0.5421,0.4722
2.0000,0.5289,0.4843
2.0000,0.5208,0.5017
2.0000,0.5031,0.5095
2.0000,0.4909,0.5229
2.0000,0.4812,0.5389
2.0000,0.4689,0.5522
2.0000,0.4534,0.5624
2.0000,0.4381,0.5728
2.0000,0.4247,0.5851
2.0000,0.4092,0.5952
2.0000,0.3966,0.6083
2.0000,0.3807,0.6179
2.0000,0.3707,0.6334
2.0000,0.3555,0.6435
2.0000,0.3327,0.6460
2.0000,0.3196,0.6580
2.0000,0.3014,0.6648
2.0000,0.2858,0.6740
2.0000,0.2741,0.6869
2.0000,0.2532,0.6905
2.0000,0.2365,0.6980
2.0000,0.2217,0.7072
2.0000,0.2045,0.7137
2.0000,0.1826,0.7153
2.0000,0.1678,0.7238
2.0000,0.1463,0.7251
2.0000,0.1289,0.7304
2.0000,0.1089,0.7327
2.0000,0.0894,0.7352
2.0000,0.0767,0.7441
2.0000,0.0555,0.7441
2.0000,0.0360,0.7454
2.0000,0.0171,0.7471
2.0000,0.0013,0.7513
2.0000,-0.0149,0.7547
2.0000,-0.0405,0.7483
2.0000,-0.0550,0.7526
2.0000,-0.0783,0.7475
2.0000,-0.0935,0.7502
2.0000,-0.1135,0.7475
2.0000,-0.1324,0.7454
2.0000,-0.1476,0.7465
2.0000,-0.1740,0.7359
2.0000,-0.1855,0.7397
2.0000,-0.2095,0.7303
2.0000,-0.2286,0.7253
2.0000,-0.2479,0.7196
2.0000,-0.2595,0.7210
2.0000,-0.2827,0.7102
2.0000,-0.3037,0.7009
2.0000,-0.3214,0.6945
2.0000,-0.3383,0.6881
2.0000,-0.3506,0.6857
2.0000,-0.3735,0.6722
2.0000,-0.3882,0.6662
2.0000,-0.4021,0.6603
2.0000,-0.4240,0.6457
2.0000,-0.4391,0.6374
2.0000,-0.4524,0.6301
2.0000,-0.4699,0.6180
2.0000,-0.4899,0.6026
2.0000,-0.5016,0.5950
2.0000,-0.5182,0.5818
2.0000,-0.5368,0.5658
2.0000,-0.5491,0.5554
2.0000,-0.5652,0.5405
2.0000,-0.5772,0.5291
2.0000,-0.5948,0.5113
2.0000,-0.6055,0.4997
2.0000,-0.6216,0.4821
2.0000,-0.6332,0.4682
2.0000,-0.6463,0.4521
2.0000,-0.6564,0.4383
2.0000,-0.6632,0.4271
2.0000,-0.6781,0.4071
2.0000,-0.6859,0.3935
2.0000,-0.7008,0.3721
2.0000,-0.7104,0.3554
2.0000,-0.7174,0.3405
2.0000,-0.7284,0.3209
2.0000,-0.7404,0.2995
2.0000,-0.7493,0.2807
2.0000,-0.7509,0.2685
2.0000,-0.7638,0.2443
2.0000,-0.7661,0.2300
2.0000,-0.7718,0.2117
2.0000,-0.7806,0.1896
2.0000,-0.7841,0.1721
2.0000,-0.7881,0.1535
2.0000,-0.7964,0.1299
2.0000,-0.8023,0.1082
2.0000,-0.8055,0.0886
2.0000,-0.8064,0.0705
2.0000,-0.8086,0.0507
2.0000,-0.8087,0.0323
2.0000,-0.8117,0.0105
2.0000,-0.8132,-0.0105
2.0000,-0.8146,-0.0319
2.0000,-0.8148,-0.0526
2.0000,-0.8115,-0.0703
2.0000,-0.8079,-0.0883
2.0000,-0.8094,-0.1119
2.0000,-0.8095,-0.1347
2.0000,-0.8053,-0.1534
2.0000,-0.8049,-0.1766
2.0000,-0.8026,-0.1983
2.0000,-0.7945,-0.2146
2.0000,-0.7863,-0.2313
2.0000,-0.7820,-0.2523
2.0000,-0.7769,-0.2729
2.0000,-0.7714,-0.2935
2.0000,-0.7683,-0.3168
2.0000,-0.7560,-0.3312
2.0000,-0.7539,-0.3563
2.0000,-0.7427,-0.3725
2.0000,-0.7366,-0.3942
2.0000,-0.7288,-0.4144
2.0000,-0.7135,-0.4274
2.0000,-0.7067,-0.4491
2.0000,-0.6948,-0.4660
2.0000,-0.6815,-0.4817
2.0000,-0.6738,-0.5031
2.0000,-0.6634,-0.5221
2.0000,-0.6470,-0.5352
2.0000,-0.6317,-0.5495
2.0000,-0.6202,-0.5678
2.0000,-0.6085,-0.5860
2.0000,-0.5920,-0.5995
2.0000,-0.5766,-0.6142
2.0000,-0.5624,-0.6300
2.0000,-0.5516,-0.6493
2.0000,-0.5331,-0.6609
2.0000,-0.5170,-0.6750
2.0000,-0.5035,-0.6915
2.0000,-0.4843,-0.7024
2.0000,-0.4637,-0.7118
2.0000,-0.4513,-0.7292
2.0000,-0.4288,-0.7365
2.0000,-0.4146,-0.7520
2.0000,-0.3909,-0.7577
2.0000,-0.3722,-0.7684
2.0000,-0.3541,-0.7795
2.0000,-0.3345,-0.7887
2.0000,-0.3198,-0.8028
2.0000,-0.2971,-0.8086
2.0000,-0.2757,-0.8154
2.0000,-0.2567,-0.8244
2.0000,-0.2326,-0.8279
2.0000,-0.2118,-0.8345
2.0000,-0.1930,-0.8427
2.0000,-0.1712,-0.8476
2.0000,-0.1557,-0.8584
2.0000,-0.1325,-0.8611
2.0000,-0.1093,-0.8634
2.0000,-0.0850,-0.8642
2.0000,-0.0634,-0.8672
2.0000,-0.0458,-0.8738
2.0000,-0.0255,-0.8772
2.0000,0.0017,-0.8733
2.0000,0.0199,-0.8779
2.0000,0.0402,-0.8798
2.0000,0.0661,-0.8755
2.0000,0.0914,-0.8714
2.0000,0.1072,-0.8761
2.0000,0.1314,-0.8720
2.0000,0.1517,-0.8710
2.0000,0.1795,-0.8621
2.0000,0.1976,-0.8622
2.0000,0.2177,-0.8596
2.0000,0.2439,-0.8503
2.0000,0.2609,-0.8495
2.0000,0.2817,-0.8443
2.0000,0.3082,-0.8328
2.0000,0.3253,-0.8299
2.0000,0.3470,-0.8216
2.0000,0.3685,-0.8129
2.0000,0.3914,-0.8021
2.0000,0.4080,-0.7968
2.0000,0.4318,-0.7837
2.0000,0.4529,-0.7725
2.0000,0.4673,-0.7671
2.0000,0.4920,-0.7508
2.0000,0.5134,-0.7370
2.0000,0.5289,-0.7282
2.0000,0.5513,-0.7118
2.0000,0.5664,-0.7020
2.0000,0.5827,-0.6901
2.0000,0.6020,-0.6744
2.0000,0.6157,-0.6636
2.0000,0.6376,-0.6436
2.0000,0.6551,-0.6274
2.0000,0.6701,-0.6127
2.0000,0.6827,-0.5997
2.0000,0.7037,-0.5775
2.0000,0.7128,-0.5664
2.0000,0.7316,-0.5447
2.0000,0.7447,-0.5279
2.0000,0.7579,-0.5102
2.0000,0.7700,-0.4929
2.0000,0.7835,-0.4732
2.0000,0.7948,-0.4550
2.0000,0.8098,-0.4323
2.0000,0.8247,-0.4088
2.0000,0.8356,-0.3886
2.0000,0.8455,-0.3686
2.0000,0.8532,-0.3499
2.0000,0.8644,-0.3270
2.0000,0.8730,-0.3059
2.0000,0.8763,-0.2893
2.0000,0.8883,-0.2633
2.0000,0.8960,-0.2407
2.0000,0.8984,-0.2228
2.0000,0.9094,-0.1954
2.0000,0.9159,-0.1719
2.0000,0.9160,-0.1540
2.0000,0.9201,-0.1314
2.0000,0.9278,-0.1045
2.0000,0.9275,-0.0850
2.0000,0.9338,-0.0581
2.0000,0.9371,-0.0335
2.0000,0.9401,-0.0086
2.0000,0.9373,0.0111
2.0000,0.9388,0.0359
2.0000,0.9387,0.0596
2.0000,0.9412,0.0865
2.0000,0.9326,0.1029
2.0000,0.9361,0.1321
2.0000,0.9312,0.1533
2.0000,0.9297,0.1785
2.0000,0.9217,0.1977
2.0000,0.9223,0.2262
2.0000,0.9183,0.2504
2.0000,0.9103,0.2712
2.0000,0.9026,0.2927
2.0000,0.8977,0.3174
2.0000,0.8930,0.3428
2.0000,0.8786,0.3589
2.0000,0.8742,0.3855
2.0000,0.8670,0.4095
2.0000,0.8571,0.4313
2.0000,0.8474,0.4535
2.0000,0.8299,0.4683
2.0000,0.8208,0.4918
2.0000,0.8075,0.5113
2.0000,0.7954,0.5324
2.0000,0.7865,0.5568
2.0000,0.7739,0.5778
2.0000,0.7579,0.5955
2.0000,0.7414,0.6129
2.0000,0.7254,0.6310
2.0000,0.7162,0.6560
2.0000,0.6960,0.6702
2.0000,0.6821,0.6907
2.0000,0.6607,0.7038
2.0000,0.6495,0.7271
2.0000,0.6268,0.7390
2.0000,0.6106,0.7573
2.0000,0.5898,0.7710
2.0000,0.5747,0.7904
2.0000,0.5575,0.8076
2.0000,0.5361,0.8206
2.0000,0.5132,0.8319
2.0000,0.4938,0.8466
2.0000,0.4705,0.8571
2.0000,0.4518,0.8722
2.0000,0.4276,0.8816
2.0000,0.4036,0.8909
2.0000,0.3852,0.9055
2.0000,0.3624,0.9156
2.0000,0.3394,0.9252
2.0000,0.3182,0.9362
2.0000,0.2936,0.9436
2.0000,0.2713,0.9528
2.0000,0.2461,0.9588
2.0000,0.2243,0.9678
2.0000,0.1968,0.9707
2.0000,0.1740,0.9778
2.0000,0.1489,0.9823
2.0000,0.1285,0.9910
2.0000,0.1030,0.9940
2.0000,0.0769,0.9959
2.0000,0.0506,0.9972
2.0000,0.0287,1.0023
2.0000,-0.0010,0.9990
3.0000,-0.0044,-0.0034
3.0000,-0.0033,-0.0014
3.0000,-0.0008,0.0019
3.0000,-0.0018,0.0018
3.0000,-0.0046,-0.0002
3.0000,-0.0055,-0.0005
3.0000,-0.0085,-0.0028
3.0000,-0.0057,0.0005
3.0000,-0.0066,0.0002
3.0000,-0.0129,-0.0057
3.0000,-0.0142,-0.0066
3.0000,-0.0130,-0.0052
3.0000,-0.0122,-0.0041
3.0000,-0.0093,-0.0010
3.0000,-0.0117,-0.0033
3.0000,-0.0179,-0.0094
3.0000,-0.0174,-0.0090
3.0000,-0.0129,-0.0045
3.0000,-0.0178,-0.0097
3.0000,-0.0204,-0.0125
3.0000,-0.0145,-0.0069
3.0000,-0.0212,-0.0140
3.0000,-0.0225,-0.0158
3.0000,-0.0159,-0.0098
3.0000,-0.0240,-0.0185
3.0000,-0.0235,-0.0187
3.0000,-0.0176,-0.0135
3.0000,-0.0205,-0.0172
3.0000,-0.0241,-0.0218
3.0000,-0.0219,-0.0206
3.0000,-0.0198,-0.0196
3.0000,-0.0251,-0.0260
3.0000,-0.0216,-0.0236
3.0000,-0.0196,-0.0230
3.0000,-0.0251,-0.0297
3.0000,-0.0207,-0.0268
3.0000,-0.0213,-0.0288
3.0000,-0.0212,-0.0303
3.0000,-0.0224,-0.0331
3.0000,-0.0202,-0.0326
3.0000,-0.0225,-0.0366
3.0000,-0.0217,-0.0375
3.0000,-0.0206,-0.0383
3.0000,-0.0180,-0.0376
3.0000,-0.0224,-0.0439
3.0000,-0.0158,-0.0394
3.0000,-0.0183,-0.0439
3.0000,-0.0152,-0.0429
3.0000,-0.0143,-0.0442
3.0000,-0.0191,-0.0512
3.0000,-0.0140,-0.0484
3.0000,-0.0134,-0.0500
3.0000,-0.0155,-0.0545
3.0000,-0.0096,-0.0509
3.0000,-0.0106,-0.0543
3.0000,-0.0108,-0.0570
3.0000,-0.0043,-0.0529
3.0000,-0.0068,-0.0579
3.0000,-0.0057,-0.0593
3.0000,-0.0071,-0.0632
3.0000,-0.0031,-0.0617
3.0000,0.0020,-0.0592
3.0000,-0.0019,-0.0656
3.0000,0.0052,-0.0612
3.0000,0.0068,-0.0622
3.0000,0.0087,-0.0628
3.0000,0.0075,-0.0666
3.0000,0.0118,-0.0649
3.0000,0.0112,-0.0681
3.0000,0.0125,-0.0693
3.0000,0.0122,-0.0722
3.0000,0.0200,-0.0670
3.0000,0.0162,-0.0733
3.0000,0.0174,-0.0746
3.0000,0.0210,-0.0735
3.0000,0.0250,-0.0720
3.0000,0.0296,-0.0698
3.0000,0.0265,-0.0753
3.0000,0.0309,-0.0732
3.0000,0.0345,-0.0720
3.0000,0.0360,-0.0727
3.0000,0.0366,-0.0743
3.0000,0.0395,-0.0736
3.0000,0.0434,-0.0718
3.0000,0.0432,-0.0741
3.0000,0.0466,-0.0727
3.0000,0.0498,-0.0714
3.0000,0.0544,-0.0688
3.0000,0.0589,-0.0661
3.0000,0.0604,-0.0663
3.0000,0.0583,-0.0701
3.0000,0.0586,-0.0713
3.0000,0.0655,-0.0660
3.0000,0.0694,-0.0636
3.0000,0.0666,-0.0677
3.0000,0.0717,-0.0638
3.0000,0.0745,-0.0622
3.0000,0.0737,-0.0641
3.0000,0.0787,-0.0600
3.0000,0.0846,-0.0550
3.0000,0.0833,-0.0571
3.0000,0.0893,-0.0519
3.0000,0.0895,-0.0523
3.0000,0.0913,-0.0509
3.0000,0.0943,-0.0483
3.0000,0.0908,-0.0520
3.0000,0.0958,-0.0473
3.0000,0.0994,-0.0437
3.0000,0.0966,-0.0464
3.0000,0.0984,-0.0444
3.0000,0.1005,-0.0420
3.0000,0.1099,-0.0321
3.0000,0.1108,-0.0307
3.0000,0.1062,-0.0346
3.0000,0.1089,-0.0311
3.0000,0.1126,-0.0264
3.0000,0.1120,-0.0260
3.0000,0.1138,-0.0230
3.0000,0.1168,-0.0187
3.0000,0.1184,-0.0157
3.0000,0.1236,-0.0089
3.0000,0.1226,-0.0082
3.0000,0.1235,-0.0056
3.0000,0.1249,-0.0022
3.0000,0.1232,-0.0018
3.0000,0.1276,0.0048
3.0000,0.1245,0.0041
3.0000,0.1259,0.0079
3.0000,0.1298,0.0144
3.0000,0.1253,0.0126
3.0000,0.1296,0.0198
3.0000,0.1281,0.0212
3.0000,0.1294,0.0256
3.0000,0.1283,0.0277
3.0000,0.1292,0.0320
3.0000,0.1339,0.0402
3.0000,0.1306,0.0405
3.0000,0.1343,0.0479
3.0000,0.1323,0.0497
3.0000,0.1312,0.0526
3.0000,0.1318,0.0572
3.0000,0.1294,0.0590
3.0000,0.1316,0.0655
3.0000,0.1285,0.0668
3.0000,0.1303,0.0730
3.0000,0.1223,0.0697
3.0000,0.1217,0.0738
3.0000,0.1207,0.0776
3.0000,0.1227,0.0845
3.0000,0.1175,0.0843
3.0000,0.1183,0.0902
3.0000,0.1179,0.0950
3.0000,0.1191,0.1014
3.0000,0.1188,0.1065
3.0000,0.1156,0.1088
3.0000,0.1129,0.1115
3.0000,0.1107,0.1148
3.0000,0.1052,0.1150
3.0000,0.1020,0.1176
3.0000,0.1039,0.1251
3.0000,0.0957,0.1228
3.0000,0.0977,0.1307
3.0000,0.0965,0.1354
3.0000,0.0932,0.1381
3.0000,0.0854,0.1363
3.0000,0.0893,0.1462
3.0000,0.0834,0.1464
3.0000,0.0777,0.1469
3.0000,0.0742,0.1495
3.0000,0.0744,0.1558
3.0000,0.0666,0.1542
3.0000,0.0643,0.1581
3.0000,0.0641,0.1641
3.0000,0.0572,0.1633
3.0000,0.0506,0.1629
3.0000,0.0531,0.1717
3.0000,0.0490,0.1737
3.0000,0.0396,0.1704
3.0000,0.0347,0.1717
3.0000,0.0355,0.1786
3.0000,0.0287,0.1779
3.0000,0.0280,0.1832
3.0000,0.0215,0.1827
3.0000,0.0154,0.1825
3.0000,0.0078,0.1808
3.0000,0.0093,0.1882
3.0000,0.0020,0.1866
3.0000,-0.0022,0.1881
3.0000,-0.0110,0.1850
3.0000,-0.0123,0.1892
3.0000,-0.0165,0.1906
3.0000,-0.0212,0.1913
3.0000,-0.0280,0.1898
3.0000,-0.0332,0.1897
3.0000,-0.0364,0.1917
3.0000,-0.0425,0.1906
3.0000,-0.0442,0.1938
3.0000,-0.0529,0.1899
3.0000,-0.0533,0.1942
3.0000,-0.0609,0.1911
3.0000,-0.0665,0.1899
3.0000,-0.0696,0.1911
3.0000,-0.0734,0.1914
3.0000,-0.0791,0.1898
3.0000,-0.0899,0.1829
3.0000,-0.0892,0.1873
3.0000,-0.0944,0.1857
3.0000,-0.1007,0.1827
3.0000,-0.1041,0.1827
3.0000,-0.1133,0.1766
3.0000,-0.1163,0.1765
3.0000,-0.1248,0.1707
3.0000,-0.1310,0.1671
3.0000,-0.1315,0.1690
3.0000,-0.1375,0.1652
3.0000,-0.1399,0.1648
3.0000,-0.1475,0.1591
3.0000,-0.1539,0.1544
3.0000,-0.1541,0.1556
3.0000,-0.1596,0.1513
3.0000,-0.1615,0.1506
3.0000,-0.1682,0.1447
3.0000,-0.1722,0.1414
3.0000,-0.1789,0.1351
3.0000,-0.1782,0.1361
3.0000,-0.1870,0.1273
3.0000,-0.1868,0.1273
3.0000,-0.1979,0.1158
3.0000,-0.1973,0.1158
3.0000,-0.2055,0.1069
3.0000,-0.2033,0.1081
3.0000,-0.2115,0.0985
3.0000,-0.2136,0.0950
3.0000,-0.2180,0.0889
3.0000,-0.2162,0.0888
3.0000,-0.2180,0.0848
3.0000,-0.2210,0.0795
3.0000,-0.2286,0.0693
3.0000,-0.2334,0.0618
3.0000,-0.2353,0.0569
3.0000,-0.2328,0.0561
3.0000,-0.2367,0.0488
3.0000,-0.2379,0.0439
3.0000,-0.2430,0.0349
3.0000,-0.2446,0.0292
3.0000,-0.2487,0.0207
3.0000,-0.2426,0.0223
3.0000,-0.2463,0.0138
3.0000,-0.2522,0.0030
3.0000,-0.2529,-0.0029
3.0000,-0.2538,-0.0091
3.0000,-0.2509,-0.0119
3.0000,-0.2532,-0.0200
3.0000,-0.2566,-0.0294
3.0000,-0.2534,-0.0324
3.0000,-0.2538,-0.0392
3.0000,-0.2519,-0.0439
3.0000,-0.2545,-0.0532
3.0000,-0.2529,-0.0586
3.0000,-0.2549,-0.0677
3.0000,-0.2503,-0.0705
3.0000,-0.2471,-0.0748
3.0000,-0.2474,-0.0827
3.0000,-0.2492,-0.0924
3.0000,-0.2457,-0.0968
3.0000,-0.2418,-0.1012
3.0000,-0.2402,-0.1078
3.0000,-0.2377,-0.1138
3.0000,-0.2412,-0.1260
3.0000,-0.2358,-0.1293
3.0000,-0.2367,-0.1390
3.0000,-0.2280,-0.1394
3.0000,-0.2278,-0.1483
3.0000,-0.2223,-0.1521
3.0000,-0.2226,-0.1618
3.0000,-0.2210,-0.1696
3.0000,-0.2172,-0.1754
3.0000,-0.2122,-0.1801
3.0000,-0.2116,-0.1893
3.0000,-0.2058,-0.1934
3.0000,-0.1976,-0.1951
3.0000,-0.1949,-0.2024
3.0000,-0.1882,-0.2058
3.0000,-0.1826,-0.2104
3.0000,-0.1796,-0.2175
3.0000,-0.1729,-0.2211
3.0000,-0.1707,-0.2292
3.0000,-0.1682,-0.2370
3.0000,-0.1595,-0.2386
3.0000,-0.1584,-0.2478
3.0000,-0.1473,-0.2471
3.0000,-0.1441,-0.2543
3.0000,-0.1404,-0.2610
3.0000,-0.1352,-0.2662
3.0000,-0.1278,-0.2691
3.0000,-0.1155,-0.2672
3.0000,-0.1154,-0.2774
3.0000,-0.1062,-0.2785
3.0000,-0.0959,-0.2784
3.0000,-0.0939,-0.2865
3.0000,-0.0889,-0.2917
3.0000,-0.0798,-0.2925
3.0000,-0.0706,-0.2933
3.0000,-0.0613,-0.2939
3.0000,-0.0598,-0.3022
3.0000,-0.0465,-0.2987
3.0000,-0.0417,-0.3035
3.0000,-0.0369,-0.3082
3.0000,-0.0274,-0.3081
3.0000,-0.0219,-0.3118
3.0000,-0.0141,-0.3131
3.0000,-0.0056,-0.3136
3.0000,0.0024,-0.3145
3.0000,0.0122,-0.3134
3.0000,0.0210,-0.3132
3.0000,0.0310,-0.3115
3.0000,0.0355,-0.3153
3.0000,0.0418,-0.3170
3.0000,0.0510,-0.3156
3.0000,0.0570,-0.3173
3.0000,0.0677,-0.3141
3.0000,0.0728,-0.3162
3.0000,0.0852,-0.3108
3.0000,0.0900,-0.3129
3.0000,0.1020,-0.3075
3.0000,0.1106,-0.3054
3.0000,0.1154,-0.3067
3.0000,0.1264,-0.3016
3.0000,0.1289,-0.3048
3.0000,0.1408,-0.2983
3.0000,0.1501,-0.2942
3.0000,0.1538,-0.2954
3.0000,0.1613,-0.2925
3.0000,0.1703,-0.2880
3.0000,0.1766,-0.2858
3.0000,0.1835,-0.2827
3.0000,0.1936,-0.2761
3.0000,0.2059,-0.2671
3.0000,0.2116,-0.2644
3.0000,0.2136,-0.2651
3.0000,0.2229,-0.2582
3.0000,0.2320,-0.2511
3.0000,0.2344,-0.2506
3.0000,0.2466,-0.2399
3.0000,0.2554,-0.2323
3.0000,0.2556,-0.2329
3.0000,0.2610,-0.2281
3.0000,0.2686,-0.2207
3.0000,0.2750,-0.2142
3.0000,0.2832,-0.2057
3.0000,0.2891,-0.1991
3.0000,0.2942,-0.1930
3.0000,0.3028,-0.1830
3.0000,0.3094,-0.1747
3.0000,0.3106,-0.1715
3.0000,0.3165,-0.1633
3.0000,0.3245,-0.1526
3.0000,0.3285,-0.1456
3.0000,0.3272,-0.1437
3.0000,0.3320,-0.1353
3.0000,0.3402,-0.1231
3.0000,0.3392,-0.1198
3.0000,0.3465,-0.1080
3.0000,0.3506,-0.0989
3.0000,0.3505,-0.0938
3.0000,0.3550,-0.0838
3.0000,0.3558,-0.0771
3.0000,0.3591,-0.0676
3.0000,0.3613,-0.0589
3.0000,0.3690,-0.0444
3.0000,0.3670,-0.0394
3.0000,0.3745,-0.0244
3.0000,0.3692,-0.0220
3.0000,0.3706,-0.0126
3.0000,0.3729,-0.0021
3.0000,0.3779,0.0115
3.0000,0.3800,0.0224
3.0000,0.3759,0.0275
3.0000,0.3743,0.0352
3.0000,0.3809,0.0515
3.0000,0.3771,0.0577
3.0000,0.3738,0.0645
3.0000,0.3762,0.0774
3.0000,0.3769,0.0889
3.0000,0.3726,0.0955
3.0000,0.3751,0.1091
3.0000,0.3724,0.1178
3.0000,0.3649,0.1220
3.0000,0.3622,0.1311
3.0000,0.3603,0.1412
3.0000,0.3579,0.1512
3.0000,0.3544,0.1601
3.0000,0.3564,0.1748
3.0000,0.3476,0.1788
3.0000,0.3443,0.1885
3.0000,0.3446,0.2019
3.0000,0.3348,0.2055
3.0000,0.3311,0.2152
3.0000,0.3288,0.2266
3.0000,0.3211,0.2326
3.0000,0.3193,0.2447
3.0000,0.3135,0.2529
3.0000,0.3094,0.2629
3.0000,0.3002,0.2679
3.0000,0.2943,0.2763
3.0000,0.2849,0.2813
3.0000,0.2788,0.2897
3.0000,0.2725,0.2979
3.0000,0.2714,0.3114
3.0000,0.2576,0.3122
3.0000,0.2533,0.3226
3.0000,0.2451,0.3290
3.0000,0.2407,0.3393
3.0000,0.2323,0.3457
3.0000,0.2190,0.3471
3.0000,0.2111,0.3538
3.0000,0.2076,0.3650
3.0000,0.1951,0.3671
3.0000,0.1899,0.3766
3.0000,0.1828,0.3840
3.0000,0.1657,0.3814
3.0000,0.1596,0.3897
3.0000,0.1491,0.3936
3.0000,0.1437,0.4024
3.0000,0.1306,0.4035
3.0000,0.1239,0.4108
3.0000,0.1115,0.4124
3.0000,0.1005,0.4152
3.0000,0.0943,0.4226
3.0000,0.0807,0.4225
3.0000,0.0704,0.4256
3.0000,0.0583,0.4266
3.0000,0.0455,0.4269
3.0000,0.0350,0.4292
3.0000,0.0300,0.4368
3.0000,0.0137,0.4329
3.0000,0.0060,0.4375
3.0000,-0.0017,0.4418
3.0000,-0.0127,0.4426
3.0000,-0.0270,0.4397
3.0000,-0.0399,0.4381
3.0000,-0.0525,0.4366
3.0000,-0.0571,0.4427
3.0000,-0.0691,0.4412
3.0000,-0.0858,0.4347
3.0000,-0.0911,0.4394
3.0000,-0.1031,0.4369
3.0000,-0.1196,0.4297
3.0000,-0.1315,0.4268
3.0000,-0.1393,0.4277
3.0000,-0.1470,0.4283
3.0000,-0.1594,0.4240
3.0000,-0.1707,0.4204
3.0000,-0.1853,0.4131
3.0000,-0.1977,0.4077
3.0000,-0.2039,0.4081
3.0000,-0.2139,0.4044
3.0000,-0.2252,0.3990
3.0000,-0.2334,0.3964
3.0000,-0.2470,0.3879
3.0000,-0.2566,0.3830
3.0000,-0.2663,0.3777
3.0000,-0.2785,0.3694
3.0000,-0.2859,0.3656
3.0000,-0.2996,0.3551
3.0000,-0.3047,0.3528
3.0000,-0.3185,0.3413
3.0000,-0.3213,0.3404
3.0000,-0.3354,0.3278
3.0000,-0.3443,0.3200
3.0000,-0.3478,0.3173
3.0000,-0.3578,0.3075
3.0000,-0.3694,0.2957
3.0000,-0.3752,0.2893
3.0000,-0.3869,0.2766
3.0000,-0.3941,0.2679
3.0000,-0.4009,0.2592
3.0000,-0.4075,0.2503
3.0000,-0.4170,0.2381
3.0000,-0.4224,0.2295
3.0000,-0.4273,0.2209
3.0000,-0.4349,0.2093
3.0000,-0.4370,0.2027
3.0000,-0.4470,0.1878
3.0000,-0.4475,0.1820
3.0000,-0.4524,0.1713
3.0000,-0.4601,0.1574
3.0000,-0.4633,0.1476
3.0000,-0.4709,0.1330
3.0000,-0.4715,0.1249
3.0000,-0.4791,0.1096
3.0000,-0.4832,0.0971
3.0000,-0.4845,0.0872
3.0000,-0.4859,0.0767
3.0000,-0.4885,0.0647
3.0000,-0.4898,0.0534
3.0000,-0.4930,0.0400
3.0000,-0.5007,0.0217
3.0000,-0.4988,0.0126
3.0000,-0.4974,0.0026
3.0000,-0.5008,-0.0125
3.0000,-0.5020,-0.0258
3.0000,-0.5025,-0.0388
3.0000,-0.5001,-0.0493
3.0000,-0.5028,-0.0651
3.0000,-0.4987,-0.0745
3.0000,-0.5015,-0.0911
3.0000,-0.5011,-0.1048
3.0000,-0.4929,-0.1111
3.0000,-0.4940,-0.1269
3.0000,-0.4900,-0.1379
3.0000,-0.4866,-0.1498
3.0000,-0.4883,-0.1671
3.0000,-0.4806,-0.1752
3.0000,-0.4804,-0.1911
3.0000,-0.4728,-0.1999
3.0000,-0.4723,-0.2160
3.0000,-0.4624,-0.2229
3.0000,-0.4601,-0.2376
3.0000,-0.4535,-0.2484
3.0000,-0.4536,-0.2659
3.0000,-0.4447,-0.2747
3.0000,-0.4362,-0.2840
3.0000,-0.4293,-0.2950
3.0000,-0.4278,-0.3116
3.0000,-0.4181,-0.3203
3.0000,-0.4123,-0.3329
3.0000,-0.4032,-0.3422
3.0000,-0.3910,-0.3488
3.0000,-0.3902,-0.3667
3.0000,-0.3795,-0.3748
3.0000,-0.3710,-0.3852
3.0000,-0.3560,-0.3892
3.0000,-0.3530,-0.4052
3.0000,-0.3384,-0.4096
3.0000,-0.3280,-0.4183
3.0000,-0.3196,-0.4289
3.0000,-0.3069,-0.4353
3.0000,-0.2996,-0.4471
3.0000,-0.2914,-0.4580
3.0000,-0.2765,-0.4622
3.0000,-0.2654,-0.4700
3.0000,-0.2534,-0.4769
3.0000,-0.2459,-0.4882
3.0000,-0.2313,-0.4924
3.0000,-0.2234,-0.5031
3.0000,-0.2058,-0.5041
3.0000,-0.1944,-0.5111
3.0000,-0.1831,-0.5180
3.0000,-0.1693,-0.5224
3.0000,-0.1582,-0.5293
3.0000,-0.1476,-0.5365
3.0000,-0.1297,-0.5362
3.0000,-0.1197,-0.5437
3.0000,-0.1011,-0.5423
3.0000,-0.0927,-0.5508
3.0000,-0.0783,-0.5532
3.0000,-0.0638,-0.5553
3.0000,-0.0495,-0.5572
3.0000,-0.0324,-0.5561
3.0000,-0.0248,-0.5642
3.0000,-0.0106,-0.5655
3.0000,0.0077,-0.5623
3.0000,0.0238,-0.5610
3.0000,0.0351,-0.5643
3.0000,0.0523,-0.5612
3.0000,0.0627,-0.5647
3.0000,0.0748,-0.5660
3.0000,0.0937,-0.5602
3.0000,0.1039,-0.5628
3.0000,0.1241,-0.5550
3.0000,0.1362,-0.5548
3.0000,0.1507,-0.5519
3.0000,0.1599,-0.5539
3.0000,0.1806,-0.5439
3.0000,0.1901,-0.5447
3.0000,0.2054,-0.5394
3.0000,0.2185,-0.5357
3.0000,0.2322,-0.5310
3.0000,0.2463,-0.5254
3.0000,0.2643,-0.5155
3.0000,0.2717,-0.5158
3.0000,0.2837,-0.5109
3.0000,0.3006,-0.5006
3.0000,0.3128,-0.4946
3.0000,0.3264,-0.4867
3.0000,0.3386,-0.4796
3.0000,0.3510,-0.4719
3.0000,0.3621,-0.4650
3.0000,0.3737,-0.4570
3.0000,0.3902,-0.4436
3.0000,0.3970,-0.4394
3.0000,0.4096,-0.4289
3.0000,0.4256,-0.4144
3.0000,0.4353,-0.4058
3.0000,0.4479,-0.3936
3.0000,0.4573,-0.3842
3.0000,0.4670,-0.3738
3.0000,0.4747,-0.3650
3.0000,0.4823,-0.3558
3.0000,0.4919,-0.3440
3.0000,0.5070,-0.3261
3.0000,0.5140,-0.3158
3.0000,0.5183,-0.3077
3.0000,0.5284,-0.2933
3.0000,0.5399,-0.2768
3.0000,0.5438,-0.2675
3.0000,0.5541,-0.2512
3.0000,0.5579,-0.2408
3.0000,0.5638,-0.2279
3.0000,0.5758,-0.2084
3.0000,0.5820,-0.1941
3.0000,0.5887,-0.1788
3.0000,0.5929,-0.1654
3.0000,0.5994,-0.1492
3.0000,0.6000,-0.1385
3.0000,0.6079,-0.1199
3.0000,0.6084,-0.1083
3.0000,0.6094,-0.0956
3.0000,0.6121,-0.0807
3.0000,0.6146,-0.0656
3.0000,0.6176,-0.0495
3.0000,0.6252,-0.0283
3.0000,0.6223,-0.0172
3.0000,0.6282,0.0032
3.0000,0.6258,0.0157
3.0000,0.6246,0.0299
3.0000,0.6247,0.0458
3.0000,0.6246,0.0619
3.0000,0.6214,0.0754
3.0000,0.6260,0.0970
3.0000,0.6236,0.1120
3.0000,0.6181,0.1242
3.0000,0.6168,0.1412
3.0000,0.6117,0.1545
3.0000,0.6082,0.1699
3.0000,0.6053,0.1862
3.0000,0.6061,0.2066
3.0000,0.5990,0.2194
3.0000,0.5915,0.2321
3.0000,0.5898,0.2508
3.0000,0.5831,0.2649
3.0000,0.5747,0.2774
3.0000,0.5731,0.2971
3.0000,0.5679,0.3134
3.0000,0.5550,0.3222
3.0000,0.5472,0.3364
3.0000,0.5389,0.3503
3.0000,0.5378,0.3715
3.0000,0.5243,0.3805
3.0000,0.5165,0.3953
3.0000,0.5064,0.4081
3.0000,0.4999,0.4246
3.0000,0.4887,0.4365
3.0000,0.4744,0.4453
3.0000,0.4684,0.4626
3.0000,0.4558,0.4733
3.0000,0.4460,0.4870
3.0000,0.4334,0.4977
3.0000,0.4197,0.5075
3.0000,0.4087,0.5201
3.0000,0.3937,0.5285
3.0000,0.3865,0.5448
3.0000,0.3676,0.5494
3.0000,0.3585,0.5637
3.0000,0.3410,0.5695
3.0000,0.3298,0.5816
3.0000,0.3155,0.5905
3.0000,0.3008,0.5988
3.0000,0.2888,0.6098
3.0000,0.2724,0.6162
3.0000,0.2562,0.6226
3.0000,0.2370,0.6260
3.0000,0.2211,0.6323
3.0000,0.2114,0.6447
3.0000,0.1955,0.6508
3.0000,0.1794,0.6563
3.0000,0.1629,0.6613
3.0000,0.1467,0.6663
3.0000,0.1279,0.6684
3.0000,0.1076,0.6688
3.0000,0.0943,0.6758
3.0000,0.0760,0.6775
3.0000,0.0571,0.6783
3.0000,0.0402,0.6808
3.0000,0.0274,0.6871
3.0000,0.0122,0.6905
3.0000,-0.0056,0.6910
3.0000,-0.0237,0.6908
3.0000,-0.0471,0.6849
3.0000,-0.0620,0.6871
3.0000,-0.0820,0.6837
3.0000,-0.0939,0.6880
3.0000,-0.1116,0.6860
3.0000,-0.1317,0.6813
3.0000,-0.1510,0.6767
3.0000,-0.1619,0.6801
3.0000,-0.1846,0.6713
3.0000,-0.1978,0.6715
3.0000,-0.2190,0.6630
3.0000,-0.2367,0.6576
3.0000,-0.2466,0.6595
3.0000,-0.2638,0.6535
3.0000,-0.2800,0.6480
3.0000,-0.3036,0.6345
3.0000,-0.3181,0.6295
3.0000,-0.3313,0.6252
3.0000,-0.3507,0.6142
3.0000,-0.3677,0.6050
3.0000,-0.3797,0.6002
3.0000,-0.3946,0.5919
3.0000,-0.4130,0.5795
3.0000,-0.4254,0.5724
3.0000,-0.4439,0.5586
3.0000,-0.4554,0.5513
3.0000,-0.4734,0.5367
3.0000,-0.4821,0.5309
3.0000,-0.4946,0.5207
3.0000,-0.5118,0.5050
3.0000,-0.5263,0.4914
3.0000,-0.5400,0.4780
3.0000,-0.5479,0.4698
3.0000,-0.5616,0.4550
3.0000,-0.5723,0.4427
3.0000,-0.5860,0.4267
3.0000,-0.5943,0.4154
3.0000,-0.6088,0.3973
3.0000,-0.6197,0.3822
3.0000,-0.6287,0.3683
3.0000,-0.6364,0.3550
3.0000,-0.6485,0.3367
3.0000,-0.6567,0.3216
3.0000,-0.6657,0.3051
3.0000,-0.6760,0.2867
3.0000,-0.6857,0.2682
3.0000,-0.6884,0.2562
3.0000,-0.6947,0.2398
3.0000,-0.7044,0.2195
3.0000,-0.7092,0.2035
3.0000,-0.7129,0.1878
3.0000,-0.7260,0.1623
3.0000,-0.7283,0.1469
3.0000,-0.7310,0.1306
3.0000,-0.7336,0.1137
3.0000,-0.7407,0.0918
3.0000,-0.7419,0.0752
3.0000,-0.7415,0.0596
3.0000,-0.7486,0.0360
3.0000,-0.7525,0.0151
3.0000,-0.7508,-0.0008
3.0000,-0.7469,-0.0150
3.0000,-0.7524,-0.0392
3.0000,-0.7531,-0.0590
3.0000,-0.7480,-0.0735
3.0000,-0.7480,-0.0936
3.0000,-0.7439,-0.1100
3.0000,-0.7430,-0.1301
3.0000,-0.7422,-0.1509
3.0000,-0.7421,-0.1727
3.0000,-0.7340,-0.1869
3.0000,-0.7350,-0.2107
3.0000,-0.7264,-0.2251
3.0000,-0.7252,-0.2474
3.0000,-0.7156,-0.2617
3.0000,-0.7143,-0.2846
3.0000,-0.7062,-0.3011
3.0000,-0.6969,-0.3166
3.0000,-0.6924,-0.3374
3.0000,-0.6805,-0.3509
3.0000,-0.6725,-0.3687
3.0000,-0.6690,-0.3912
3.0000,-0.6546,-0.4031
3.0000,-0.6482,-0.4232
3.0000,-0.6389,-0.4406
3.0000,-0.6281,-0.4566
3.0000,-0.6180,-0.4736
3.0000,-0.6067,-0.4896
3.0000,-0.5913,-0.5015
3.0000,-0.5786,-0.5163
3.0000,-0.5714,-0.5367
3.0000,-0.5555,-0.5486
3.0000,-0.5404,-0.5612
3.0000,-0.5250,-0.5737
3.0000,-0.5186,-0.5952
3.0000,-0.5037,-0.6082
3.0000,-0.4818,-0.6141
3.0000,-0.4674,-0.6277
3.0000,-0.4586,-0.6467
3.0000,-0.4361,-0.6520
3.0000,-0.4269,-0.6706
3.0000,-0.4097,-0.6811
3.0000,-0.3872,-0.6862
3.0000,-0.3704,-0.6968
3.0000,-0.3585,-0.7122
3.0000,-0.3386,-0.7195
3.0000,-0.3206,-0.7284
3.0000,-0.3017,-0.7363
3.0000,-0.2832,-0.7444
3.0000,-0.2686,-0.7561
3.0000,-0.2503,-0.7639
3.0000,-0.2317,-0.7712
3.0000,-0.2125,-0.7776
3.0000,-0.1933,-0.7836
3.0000,-0.1721,-0.7874
3.0000,-0.1493,-0.7892
3.0000,-0.1304,-0.7946
3.0000,-0.1127,-0.8008
3.0000,-0.0880,-0.7996
3.0000,-0.0731,-0.8079
3.0000,-0.0487,-0.8062
3.0000,-0.0289,-0.8087
3.0000,-0.0076,-0.8093
3.0000,0.0094,-0.8138
3.0000,0.0284,-0.8157
3.0000,0.0535,-0.8110
3.0000,0.0688,-0.8157
3.0000,0.0915,-0.8125
3.0000,0.1121,-0.8108
3.0000,0.1345,-0.8068
3.0000,0.1553,-0.8038
3.0000,0.1707,-0.8057
3.0000,0.1913,-0.8018
3.0000,0.2184,-0.7908
3.0000,0.2348,-0.7899
3.0000,0.2563,-0.7833
3.0000,0.2725,-0.7813
3.0000,0.2923,-0.7752
3.0000,0.3174,-0.7630
3.0000,0.3368,-0.7560
3.0000,0.3498,-0.7546
3.0000,0.3727,-0.7427
3.0000,0.3902,-0.7355
3.0000,0.4090,-0.7263
3.0000,0.4288,-0.7154
3.0000,0.4440,-0.7084
3.0000,0.4657,-0.6942
3.0000,0.4826,-0.6841
3.0000,0.5019,-0.6709
3.0000,0.5216,-0.6564
3.0000,0.5373,-0.6454
3.0000,0.5503,-0.6362
3.0000,0.5694,-0.6202
3.0000,0.5869,-0.6051
3.0000,0.5992,-0.5944
3.0000,0.6132,-0.5812
3.0000,0.6294,-0.5651
3.0000,0.6444,-0.5495
3.0000,0.6580,-0.5344
3.0000,0.6747,-0.5156
3.0000,0.6844,-0.5029
3.0000,0.6994,-0.4842
3.0000,0.7151,-0.4640
3.0000,0.7265,-0.4474
3.0000,0.7356,-0.4322
3.0000,0.7479,-0.4132
3.0000,0.7584,-0.3952
3.0000,0.7707,-0.3747
3.0000,0.7822,-0.3542
3.0000,0.7904,-0.3363
3.0000,0.7987,-0.3175
3.0000,0.8097,-0.2952
3.0000,0.8186,-0.2744
3.0000,0.8266,-0.2538
3.0000,0.8272,-0.2398
3.0000,0.8411,-0.2119
3.0000,0.8453,-0.1928
3.0000,0.8497,-0.1730
3.0000,0.8510,-0.1556
3.0000,0.8562,-0.1335
3.0000,0.8646,-0.1076
3.0000,0.8701,-0.0839
3.0000,0.8716,-0.0636
3.0000,0.8730,-0.0428
3.0000,0.8738,-0.0219
3.0000,0.8734,-0.0016
3.0000,0.8747,0.0210
3.0000,0.8732,0.0414
3.0000,0.8722,0.0628
3.0000,0.8745,0.0882
3.0000,0.8748,0.1120
3.0000,0.8712,0.1325
3.0000,0.8654,0.1514
3.0000,0.8617,0.1729
3.0000,0.8641,0.2008
3.0000,0.8582,0.2211
3.0000,0.8507,0.2401
3.0000,0.8435,0.2601
3.0000,0.8426,0.2866
3.0000,0.8381,0.3100
3.0000,0.8257,0.3259
3.0000,0.8173,0.3461
3.0000,0.8152,0.3730
3.0000,0.8068,0.3939
3.0000,0.7926,0.4094
3.0000,0.7844,0.4313
3.0000,0.7748,0.4520
3.0000,0.7613,0.4690
3.0000,0.7528,0.4913
3.0000,0.7411,0.5107
3.0000,0.7242,0.5251
3.0000,0.7121,0.5445
3.0000,0.7014,0.5654
3.0000,0.6894,0.5852
3.0000,0.6757,0.6034
3.0000,0.6614,0.6212
3.0000,0.6456,0.6375
3.0000,0.6274,0.6516
3.0000,0.6099,0.6664
3.0000,0.5949,0.6837
3.0000,0.5836,0.7047
3.0000,0.5593,0.7127
3.0000,0.5440,0.7298
3.0000,0.5271,0.7451
3.0000,0.5123,0.7625
3.0000,0.4942,0.7765
3.0000,0.4723,0.7866
3.0000,0.4501,0.7962
3.0000,0.4326,0.8105
3.0000,0.4091,0.8185
3.0000,0.3902,0.8309
3.0000,0.3702,0.8421
3.0000,0.3512,0.8540
3.0000,0.3291,0.8625
3.0000,0.3090,0.8728
3.0000,0.2842,0.8780
3.0000,0.2666,0.8903
3.0000,0.2382,0.8913
3.0000,0.2168,0.8990
3.0000,0.1946,0.9055
3.0000,0.1707,0.9099
3.0000,0.1493,0.9165
3.0000,0.1317,0.9264
3.0000,0.1046,0.9264
3.0000,0.0855,0.9339
3.0000,0.0549,0.9294
3.0000,0.0333,0.9333
3.0000,0.0087,0.9338
3.0000,-0.0115,0.9383
3.0000,-0.0325,0.9413
3.0000,-0.0604,0.9368
3.0000,-0.0805,0.9396
3.0000,-0.1075,0.9348
3.0000,-0.1300,0.9339
3.0000,-0.1508,0.9342
3.0000,-0.1771,0.9283
3.0000,-0.2028,0.9222
3.0000,-0.2235,0.9206
3.0000,-0.2461,0.9163
3.0000,-0.2702,0.9099
3.0000,-0.2925,0.9046
3.0000,-0.3128,0.9005
3.0000,-0.3424,0.8864
3.0000,-0.3584,0.8851
3.0000,-0.3855,0.8720
3.0000,-0.4079,0.8629
3.0000,-0.4311,0.8521
3.0000,-0.4500,0.8449
3.0000,-0.4726,0.8331
3.0000,-0.4966,0.8191
3.0000,-0.5139,0.8111
3.0000,-0.5332,0.8002
3.0000,-0.5539,0.7871
3.0000,-0.5748,0.7729
3.0000,-0.5972,0.7564
3.0000,-0.6140,0.7447
3.0000,-0.6369,0.7259
3.0000,-0.6566,0.7096
3.0000,-0.6707,0.6981
3.0000,-0.6919,0.6785
3.0000,-0.7093,0.6618
3.0000,-0.7236,0.6474
3.0000,-0.7441,0.6259
3.0000,-0.7559,0.6123
3.0000,-0.7721,0.5934
3.0000,-0.7907,0.5712
3.0000,-0.8001,0.5573
3.0000,-0.8184,0.5337
3.0000,-0.8338,0.5121
3.0000,-0.8475,0.4913
3.0000,-0.8610,0.4699
3.0000,-0.8696,0.4525
3.0000,-0.8824,0.4301
3.0000,-0.8935,0.4084
3.0000,-0.9042,0.3865
3.0000,-0.9194,0.3591
3.0000,-0.9264,0.3390
3.0000,-0.9356,0.3160
3.0000,-0.9412,0.2957
3.0000,-0.9526,0.2688
3.0000,-0.9572,0.2479
3.0000,-0.9693,0.2187
3.0000,-0.9714,0.1987
3.0000,-0.9806,0.1709
3.0000,-0.9831,0.1489
3.0000,-0.9870,0.1249
3.0000,-0.9878,0.1031
3.0000,-0.9981,0.0712
3.0000,-0.9977,0.0492
3.0000,-1.0017,0.0221
3.0000,-0.9964,0.0036
4.0000,0.0030,0.0020
4.0000,0.0034,0.0013
4.0000,0.0031,-0.0002
4.0000,-0.0009,-0.0052
4.0000,0.0018,-0.0038
4.0000,0.0042,-0.0026
4.0000,0.0018,-0.0063
4.0000,-0.0010,-0.0104
4.0000,0.0038,-0.0069
4.0000,0.0053,-0.0068
4.0000,0.0044,-0.0091
4.0000,0.0036,-0.0115
4.0000,0.0058,-0.0107
4.0000,0.0074,-0.0106
4.0000,0.0052,-0.0142
4.0000,0.0053,-0.0157
4.0000,0.0107,-0.0118
4.0000,0.0109,-0.0132
4.0000,0.0097,-0.0159
4.0000,0.0079,-0.0193
4.0000,0.0123,-0.0165
4.0000,0.0078,-0.0225
4.0000,0.0142,-0.0176
4.0000,0.0167,-0.0167
4.0000,0.0138,-0.0212
4.0000,0.0132,-0.0233
4.0000,0.0203,-0.0176
4.0000,0.0146,-0.0249
4.0000,0.0159,-0.0251
4.0000,0.0205,-0.0219
4.0000,0.0190,-0.0248
4.0000,0.0260,-0.0193
4.0000,0.0282,-0.0184
4.0000,0.0256,-0.0224
4.0000,0.0258,-0.0235
4.0000,0.0296,-0.0209
4.0000,0.0270,-0.0247
4.0000,0.0311,-0.0218
4.0000,0.0319,-0.0222
4.0000,0.0317,-0.0235
4.0000,0.0318,-0.0245
4.0000,0.0384,-0.0188
4.0000,0.0413,-0.0169
4.0000,0.0404,-0.0187
4.0000,0.0426,-0.0173
4.0000,0.0452,-0.0154
4.0000,0.0438,-0.0175
4.0000,0.0487,-0.0132
4.0000,0.0470,-0.0155
4.0000,0.0460,-0.0170
4.0000,0.0450,-0.0184
4.0000,0.0478,-0.0159
4.0000,0.0553,-0.0088
4.0000,0.0549,-0.0093
4.0000,0.0502,-0.0141
4.0000,0.0534,-0.0110
4.0000,0.0590,-0.0054
4.0000,0.0575,-0.0067
4.0000,0.0593,-0.0047
4.0000,0.0628,-0.0008
4.0000,0.0595,-0.0037
4.0000,0.0588,-0.0040
4.0000,0.0599,-0.0023
4.0000,0.0628,0.0013
4.0000,0.0682,0.0074
4.0000,0.0692,0.0093
4.0000,0.0676,0.0086
4.0000,0.0667,0.0087
4.0000,0.0677,0.0108
4.0000,0.0674,0.0118
4.0000,0.0663,0.0120
4.0000,0.0738,0.0209
4.0000,0.0716,0.0202
4.0000,0.0709,0.0210
4.0000,0.0721,0.0240
4.0000,0.0696,0.0233
4.0000,0.0707,0.0262
4.0000,0.0733,0.0308
4.0000,0.0691,0.0287
4.0000,0.0710,0.0327
4.0000,0.0691,0.0330
4.0000,0.0762,0.0425
4.0000,0.0743,0.0430
4.0000,0.0686,0.0398
4.0000,0.0696,0.0434
4.0000,0.0733,0.0498
4.0000,0.0674,0.0467
4.0000,0.0733,0.0554
4.0000,0.0663,0.0513
4.0000,0.0700,0.0580
4.0000,0.0664,0.0575
4.0000,0.0693,0.0635
4.0000,0.0662,0.0638
4.0000,0.0636,0.0644
4.0000,0.0629,0.0672
4.0000,0.0641,0.0718
4.0000,0.0588,0.0700
4.0000,0.0625,0.0773
4.0000,0.0586,0.0770
4.0000,0.0599,0.0820
4.0000,0.0612,0.0870
4.0000,0.0522,0.0819
4.0000,0.0524,0.0860
4.0000,0.0537,0.0911
4.0000,0.0540,0.0954
4.0000,0.0511,0.0965
4.0000,0.0494,0.0989
4.0000,0.0424,0.0960
4.0000,0.0389,0.0965
4.0000,0.0387,0.1004
4.0000,0.0408,0.1068
4.0000,0.0394,0.1095
4.0000,0.0332,0.1075
4.0000,0.0342,0.1128
4.0000,0.0298,0.1126
4.0000,0.0228,0.1099
4.0000,0.0199,0.1112
4.0000,0.0225,0.1181
4.0000,0.0172,0.1170
4.0000,0.0185,0.1225
4.0000,0.0090,0.1172
4.0000,0.0118,0.1242
4.0000,0.0040,0.1207
4.0000,0.0014,0.1223
4.0000,0.0005,0.1255
4.0000,-0.0050,0.1241
4.0000,-0.0087,0.1245
4.0000,-0.0133,0.1239
4.0000,-0.0167,0.1246
4.0000,-0.0123,0.1329
4.0000,-0.0226,0.1266
4.0000,-0.0239,0.1292
4.0000,-0.0282,0.1287
4.0000,-0.0277,0.1329
4.0000,-0.0361,0.1282
4.0000,-0.0347,0.1333
4.0000,-0.0403,0.1312
4.0000,-0.0422,0.1328
4.0000,-0.0447,0.1337
4.0000,-0.0554,0.1263
4.0000,-0.0549,0.1300
4.0000,-0.0570,0.1311
4.0000,-0.0612,0.1299
4.0000,-0.0677,0.1264
4.0000,-0.0714,0.1255
4.0000,-0.0767,0.1229
4.0000,-0.0732,0.1290
4.0000,-0.0769,0.1279
4.0000,-0.0848,0.1224
4.0000,-0.0910,0.1185
4.0000,-0.0884,0.1233
4.0000,-0.0952,0.1185
4.0000,-0.1008,0.1148
4.0000,-0.1028,0.1146
4.0000,-0.1033,0.1158
4.0000,-0.1063,0.1143
4.0000,-0.1126,0.1094
4.0000,-0.1167,0.1065
4.0000,-0.1235,0.1008
4.0000,-0.1263,0.0990
4.0000,-0.1277,0.0984
4.0000,-0.1284,0.0983
4.0000,-0.1337,0.0935
4.0000,-0.1392,0.0884
4.0000,-0.1407,0.0870
4.0000,-0.1422,0.0855
4.0000,-0.1488,0.0788
4.0000,-0.1472,0.0801
4.0000,-0.1506,0.0763
4.0000,-0.1568,0.0694
4.0000,-0.1565,0.0689
4.0000,-0.1622,0.0623
4.0000,-0.1620,0.0613
4.0000,-0.1632,0.0588
4.0000,-0.1674,0.0531
4.0000,-0.1725,0.0464
4.0000,-0.1705,0.0466
4.0000,-0.1723,0.0427
4.0000,-0.1781,0.0348
4.0000,-0.1753,0.0352
4.0000,-0.1754,0.0326
4.0000,-0.1785,0.0268
4.0000,-0.1796,0.0229
4.0000,-0.1845,0.0149
4.0000,-0.1838,0.0125
4.0000,-0.1843,0.0086
4.0000,-0.1853,0.0040
4.0000,-0.1843,0.0013
4.0000,-0.1885,-0.0067
4.0000,-0.1875,-0.0098
4.0000,-0.1909,-0.0174
4.0000,-0.1925,-0.0234
4.0000,-0.1910,-0.0265
4.0000,-0.1911,-0.0313
4.0000,-0.1941,-0.0391
4.0000,-0.1899,-0.0399
4.0000,-0.1934,-0.0486
4.0000,-0.1903,-0.0508
4.0000,-0.1917,-0.0577
4.0000,-0.1940,-0.0656
4.0000,-0.1861,-0.0635
4.0000,-0.1886,-0.0719
4.0000,-0.1864,-0.0757
4.0000,-0.1867,-0.0822
4.0000,-0.1846,-0.0864
4.0000,-0.1876,-0.0958
4.0000,-0.1851,-0.0999
4.0000,-0.1839,-0.1054
4.0000,-0.1788,-0.1071
4.0000,-0.1764,-0.1116
4.0000,-0.1747,-0.1169
4.0000,-0.1740,-0.1234
4.0000,-0.1726,-0.1292
4.0000,-0.1652,-0.1291
4.0000,-0.1690,-0.1404
4.0000,-0.1600,-0.1389
4.0000,-0.1605,-0.1470
4.0000,-0.1580,-0.1522
4.0000,-0.1527,-0.1546
4.0000,-0.1536,-0.1633
4.0000,-0.1449,-0.1625
4.0000,-0.1416,-0.1672
4.0000,-0.1398,-0.1734
4.0000,-0.1389,-0.1806
4.0000,-0.1341,-0.1839
4.0000,-0.1317,-0.1896
4.0000,-0.1261,-0.1922
4.0000,-0.1209,-0.1952
4.0000,-0.1133,-0.1958
4.0000,-0.1101,-0.2008
4.0000,-0.1094,-0.2084
4.0000,-0.1049,-0.2121
4.0000,-0.0979,-0.2134
4.0000,-0.0931,-0.2169
4.0000,-0.0847,-0.2167
4.0000,-0.0842,-0.2244
4.0000,-0.0793,-0.2277
4.0000,-0.0739,-0.2305
4.0000,-0.0626,-0.2273
4.0000,-0.0571,-0.2299
4.0000,-0.0511,-0.2319
4.0000,-0.0466,-0.2354
4.0000,-0.0444,-0.2411
4.0000,-0.0396,-0.2442
4.0000,-0.0297,-0.2421
4.0000,-0.0284,-0.2485
4.0000,-0.0218,-0.2495
4.0000,-0.0143,-0.2495
4.0000,-0.0096,-0.2523
4.0000,0.0014,-0.2486
4.0000,0.0077,-0.2496
4.0000,0.0118,-0.2526
4.0000,0.0210,-0.2504
4.0000,0.0292,-0.2490
4.0000,0.0357,-0.2492
4.0000,0.0360,-0.2555
4.0000,0.0416,-0.2565
4.0000,0.0547,-0.2497
4.0000,0.0561,-0.2544
4.0000,0.0673,-0.2492
4.0000,0.0680,-0.2544
4.0000,0.0783,-0.2497
4.0000,0.0823,-0.2512
4.0000,0.0883,-0.2506
4.0000,0.0989,-0.2451
4.0000,0.1049,-0.2440
4.0000,0.1113,-0.2424
4.0000,0.1174,-0.2408
4.0000,0.1210,-0.2416
4.0000,0.1315,-0.2352
4.0000,0.1327,-0.2379
4.0000,0.1391,-0.2352
4.0000,0.1455,-0.2323
4.0000,0.1559,-0.2252
4.0000,0.1615,-0.2226
4.0000,0.1682,-0.2187
4.0000,0.1743,-0.2152
4.0000,0.1817,-0.2101
4.0000,0.1879,-0.2060
4.0000,0.1955,-0.2003
4.0000,0.2012,-0.1962
4.0000,0.2061,-0.1927
4.0000,0.2097,-0.1901
4.0000,0.2131,-0.1876
4.0000,0.2188,-0.1824
4.0000,0.2263,-0.1753
4.0000,0.2340,-0.1676
4.0000,0.2338,-0.1676
4.0000,0.2383,-0.1627
4.0000,0.2477,-0.1525
4.0000,0.2464,-0.1528
4.0000,0.2533,-0.1447
4.0000,0.2551,-0.1413
4.0000,0.2608,-0.1338
4.0000,0.2701,-0.1224
4.0000,0.2714,-0.1188
4.0000,0.2742,-0.1134
4.0000,0.2771,-0.1075
4.0000,0.2822,-0.0992
4.0000,0.2872,-0.0908
4.0000,0.2876,-0.0867
4.0000,0.2930,-0.0773
4.0000,0.2907,-0.0753
4.0000,0.2981,-0.0634
4.0000,0.2983,-0.0585
4.0000,0.3036,-0.0481
4.0000,0.3075,-0.0389
4.0000,0.3059,-0.0349
4.0000,0.3081,-0.0269
4.0000,0.3086,-0.0202
4.0000,0.3123,-0.0102
4.0000,0.3111,-0.0048
4.0000,0.3155,0.0065
4.0000,0.3170,0.0151
4.0000,0.3166,0.0220
4.0000,0.3165,0.0295
4.0000,0.3152,0.0360
4.0000,0.3130,0.0418
4.0000,0.3146,0.0518
4.0000,0.3157,0.0613
4.0000,0.3113,0.0657
4.0000,0.3094,0.0727
4.0000,0.3147,0.0872
4.0000,0.3087,0.0905
4.0000,0.3114,0.1027
4.0000,0.3093,0.1103
4.0000,0.3062,0.1172
4.0000,0.3055,0.1266
4.0000,0.2990,0.1304
4.0000,0.2979,0.1398
4.0000,0.2992,0.1517
4.0000,0.2905,0.1538
4.0000,0.2911,0.1654
4.0000,0.2903,0.1757
4.0000,0.2823,0.1789
4.0000,0.2767,0.1848
4.0000,0.2719,0.1914
4.0000,0.2678,0.1990
4.0000,0.2656,0.2085
4.0000,0.2612,0.2160
4.0000,0.2585,0.2252
4.0000,0.2525,0.2313
4.0000,0.2435,0.2343
4.0000,0.2395,0.2425
4.0000,0.2325,0.2479
4.0000,0.2326,0.2602
4.0000,0.2219,0.2620
4.0000,0.2158,0.2683
4.0000,0.2135,0.2784
4.0000,0.2058,0.2832
4.0000,0.1957,0.2856
4.0000,0.1886,0.2911
4.0000,0.1847,0.2997
4.0000,0.1792,0.3067
4.0000,0.1724,0.3124
4.0000,0.1620,0.3146
4.0000,0.1599,0.3250
4.0000,0.1501,0.3276
4.0000,0.1406,0.3305
4.0000,0.1314,0.3336
4.0000,0.1257,0.3402
4.0000,0.1169,0.3436
4.0000,0.1055,0.3443
4.0000,0.0956,0.3464
4.0000,0.0896,0.3524
4.0000,0.0785,0.3531
4.0000,0.0728,0.3591
4.0000,0.0622,0.3602
4.0000,0.0553,0.3647
4.0000,0.0486,0.3693
4.0000,0.0355,0.3674
4.0000,0.0254,0.3683
4.0000,0.0202,0.3740
4.0000,0.0127,0.3771
4.0000,0.0035,0.3785
4.0000,-0.0091,0.3762
4.0000,-0.0175,0.3780
4.0000,-0.0267,0.3787
4.0000,-0.0397,0.3755
4.0000,-0.0465,0.3782
4.0000,-0.0598,0.3741
4.0000,-0.0673,0.3756
4.0000,-0.0779,0.3739
4.0000,-0.0887,0.3716
4.0000,-0.0922,0.3765
4.0000,-0.1071,0.3696
4.0000,-0.1167,0.3678
4.0000,-0.1230,0.3690
4.0000,-0.1319,0.3673
4.0000,-0.1459,0.3603
4.0000,-0.1520,0.3608
4.0000,-0.1592,0.3600
4.0000,-0.1706,0.3547
4.0000,-0.1780,0.3530
4.0000,-0.1889,0.3475
4.0000,-0.1958,0.3457
4.0000,-0.2072,0.3392
4.0000,-0.2170,0.3338
4.0000,-0.2287,0.3262
4.0000,-0.2314,0.3273
4.0000,-0.2409,0.3213
4.0000,-0.2547,0.3106
4.0000,-0.2597,0.3083
4.0000,-0.2678,0.3027
4.0000,-0.2807,0.2918
4.0000,-0.2849,0.2893
4.0000,-0.2915,0.2840
4.0000,-0.3044,0.2721
4.0000,-0.3088,0.2682
4.0000,-0.3175,0.2597
4.0000,-0.3208,0.2563
4.0000,-0.3269,0.2497
4.0000,-0.3378,0.2379
4.0000,-0.3439,0.2305
4.0000,-0.3512,0.2215
4.0000,-0.3582,0.2125
4.0000,-0.3622,0.2061
4.0000,-0.3715,0.1941
4.0000,-0.3781,0.1843
4.0000,-0.3776,0.1813
4.0000,-0.3891,0.1658
4.0000,-0.3935,0.1572
4.0000,-0.3946,0.1513
4.0000,-0.4030,0.1380
4.0000,-0.4075,0.1280
4.0000,-0.4080,0.1217
4.0000,-0.4108,0.1128
4.0000,-0.4173,0.0998
4.0000,-0.4191,0.0911
4.0000,-0.4233,0.0796
4.0000,-0.4221,0.0733
4.0000,-0.4315,0.0559
4.0000,-0.4276,0.0515
4.0000,-0.4328,0.0376
4.0000,-0.4333,0.0282
4.0000,-0.4325,0.0197
4.0000,-0.4362,0.0062
4.0000,-0.4405,-0.0080
4.0000,-0.4379,-0.0158
4.0000,-0.4424,-0.0309
4.0000,-0.4394,-0.0389
4.0000,-0.4423,-0.0530
4.0000,-0.4384,-0.0606
4.0000,-0.4391,-0.0732
4.0000,-0.4386,-0.0848
4.0000,-0.4330,-0.0917
4.0000,-0.4307,-0.1021
4.0000,-0.4293,-0.1136
4.0000,-0.4323,-0.1299
4.0000,-0.4270,-0.1381
4.0000,-0.4228,-0.1476
4.0000,-0.4254,-0.1642
4.0000,-0.4153,-0.1683
4.0000,-0.4158,-0.1832
4.0000,-0.4133,-0.1953
4.0000,-0.4041,-0.2009
4.0000,-0.4050,-0.2169
4.0000,-0.4003,-0.2274
4.0000,-0.3950,-0.2375
4.0000,-0.3897,-0.2478
4.0000,-0.3865,-0.2603
4.0000,-0.3765,-0.2662
4.0000,-0.3717,-0.2774
4.0000,-0.3681,-0.2899
4.0000,-0.3606,-0.2987
4.0000,-0.3495,-0.3040
4.0000,-0.3433,-0.3143
4.0000,-0.3372,-0.3247
4.0000,-0.3332,-0.3374
4.0000,-0.3233,-0.3441
4.0000,-0.3115,-0.3491
4.0000,-0.3084,-0.3628
4.0000,-0.2967,-0.3680
4.0000,-0.2919,-0.3801
4.0000,-0.2809,-0.3860
4.0000,-0.2681,-0.3900
4.0000,-0.2604,-0.3992
4.0000,-0.2503,-0.4061
4.0000,-0.2402,-0.4127
4.0000,-0.2351,-0.4245
4.0000,-0.2187,-0.4248
4.0000,-0.2073,-0.4301
4.0000,-0.1985,-0.4380
4.0000,-0.1882,-0.4442
4.0000,-0.1747,-0.4471
4.0000,-0.1689,-0.4577
4.0000,-0.1538,-0.4587
4.0000,-0.1472,-0.4682
4.0000,-0.1367,-0.4737
4.0000,-0.1248,-0.4776
4.0000,-0.1100,-0.4784
4.0000,-0.1003,-0.4842
4.0000,-0.0841,-0.4832
4.0000,-0.0748,-0.4890
4.0000,-0.0660,-0.4950
4.0000,-0.0458,-0.4895
4.0000,-0.0398,-0.4979
4.0000,-0.0247,-0.4971
4.0000,-0.0144,-0.5007
4.0000,-0.0019,-0.5019
4.0000,0.0118,-0.5017
4.0000,0.0234,-0.5032
4.0000,0.0393,-0.5002
4.0000,0.0505,-0.5015
4.0000,0.0659,-0.4984
4.0000,0.0728,-0.5035
4.0000,0.0926,-0.4953
4.0000,0.1012,-0.4980
4.0000,0.1164,-0.4938
4.0000,0.1300,-0.4908
4.0000,0.1386,-0.4925
4.0000,0.1529,-0.4881
4.0000,0.1683,-0.4822
4.0000,0.1761,-0.4836
4.0000,0.1893,-0.4791
4.0000,0.2052,-0.4716
4.0000,0.2155,-0.4693
4.0000,0.2262,-0.4661
4.0000,0.2392,-0.4602
4.0000,0.2500,-0.4562
4.0000,0.2623,-0.4502
4.0000,0.2716,-0.4467
4.0000,0.2838,-0.4400
4.0000,0.3003,-0.4285
4.0000,0.3106,-0.4227
4.0000,0.3224,-0.4150
4.0000,0.3291,-0.4120
4.0000,0.3394,-0.4048
4.0000,0.3501,-0.3969
4.0000,0.3622,-0.3869
4.0000,0.3713,-0.3796
4.0000,0.3795,-0.3728
4.0000,0.3942,-0.3588
4.0000,0.4038,-0.3496
4.0000,0.4094,-0.3439
4.0000,0.4220,-0.3306
4.0000,0.4310,-0.3205
4.0000,0.4357,-0.3143
4.0000,0.4457,-0.3022
4.0000,0.4553,-0.2900
4.0000,0.4602,-0.2820
4.0000,0.4697,-0.2690
4.0000,0.4753,-0.2593
4.0000,0.4857,-0.2445
4.0000,0.4909,-0.2343
4.0000,0.4989,-0.2209
4.0000,0.5050,-0.2087
4.0000,0.5099,-0.1974
4.0000,0.5184,-0.1821
4.0000,0.5226,-0.1705
4.0000,0.5303,-0.1549
4.0000,0.5317,-0.1452
4.0000,0.5387,-0.1294
4.0000,0.5418,-0.1171
4.0000,0.5418,-0.1074
4.0000,0.5506,-0.0884
4.0000,0.5533,-0.0751
4.0000,0.5557,-0.0617
4.0000,0.5576,-0.0484
4.0000,0.5596,-0.0344
4.0000,0.5606,-0.0212
4.0000,0.5646,-0.0044
4.0000,0.5656,0.0097
4.0000,0.5614,0.0191
4.0000,0.5638,0.0354
4.0000,0.5664,0.0523
4.0000,0.5621,0.0627
4.0000,0.5593,0.0750
4.0000,0.5598,0.0909
4.0000,0.5634,0.1103
4.0000,0.5574,0.1204
4.0000,0.5586,0.1381
4.0000,0.5538,0.1501
4.0000,0.5473,0.1607
4.0000,0.5488,0.1796
4.0000,0.5467,0.1953
4.0000,0.5430,0.2095
4.0000,0.5341,0.2189
4.0000,0.5276,0.2309
4.0000,0.5239,0.2461
4.0000,0.5171,0.2583
4.0000,0.5107,0.2711
4.0000,0.5086,0.2885
4.0000,0.4981,0.2977
4.0000,0.4965,0.3160
4.0000,0.4845,0.3241
4.0000,0.4807,0.3406
4.0000,0.4714,0.3516
4.0000,0.4626,0.3634
4.0000,0.4577,0.3792
4.0000,0.4480,0.3903
4.0000,0.4365,0.3997
4.0000,0.4287,0.4129
4.0000,0.4136,0.4189
4.0000,0.4086,0.4351
4.0000,0.3983,0.4460
4.0000,0.3884,0.4572
4.0000,0.3727,0.4628
4.0000,0.3646,0.4761
4.0000,0.3528,0.4856
4.0000,0.3370,0.4910
4.0000,0.3323,0.5076
4.0000,0.3156,0.5121
4.0000,0.3011,0.5187
4.0000,0.2881,0.5268
4.0000,0.2802,0.5399
4.0000,0.2660,0.5466
4.0000,0.2545,0.5559
4.0000,0.2360,0.5581
4.0000,0.2254,0.5680
4.0000,0.2084,0.5714
4.0000,0.1930,0.5762
4.0000,0.1813,0.5845
4.0000,0.1661,0.5891
4.0000,0.1532,0.5960
4.0000,0.1398,0.6020
4.0000,0.1219,0.6032
4.0000,0.1077,0.6080
4.0000,0.0966,0.6156
4.0000,0.0774,0.6148
4.0000,0.0660,0.6216
4.0000,0.0464,0.6198
4.0000,0.0332,0.6241
4.0000,0.0131,0.6213
4.0000,0.0010,0.6260
4.0000,-0.0185,0.6231
4.0000,-0.0311,0.6266
4.0000,-0.0471,0.6264
4.0000,-0.0640,0.6249
4.0000,-0.0757,0.6283
4.0000,-0.0980,0.6206
4.0000,-0.1078,0.6251
4.0000,-0.1268,0.6199
4.0000,-0.1403,0.6197
4.0000,-0.1607,0.6122
4.0000,-0.1708,0.6146
4.0000,-0.1882,0.6093
4.0000,-0.2087,0.6003
4.0000,-0.2190,0.6011
4.0000,-0.2320,0.5987
4.0000,-0.2501,0.5906
4.0000,-0.2656,0.5847
4.0000,-0.2841,0.5753
4.0000,-0.2973,0.5706
4.0000,-0.3105,0.5655
4.0000,-0.3282,0.5552
4.0000,-0.3416,0.5488
4.0000,-0.3502,0.5466
4.0000,-0.3685,0.5341
4.0000,-0.3794,0.5285
4.0000,-0.3953,0.5173
4.0000,-0.4071,0.5097
4.0000,-0.4260,0.4944
4.0000,-0.4338,0.4896
4.0000,-0.4517,0.4742
4.0000,-0.4625,0.4652
4.0000,-0.4763,0.4527
4.0000,-0.4817,0.4480
4.0000,-0.4938,0.4360
4.0000,-0.5053,0.4239
4.0000,-0.5183,0.4098
4.0000,-0.5327,0.3937
4.0000,-0.5384,0.3857
4.0000,-0.5486,0.3727
4.0000,-0.5630,0.3548
4.0000,-0.5745,0.3392
4.0000,-0.5842,0.3248
4.0000,-0.5900,0.3138
4.0000,-0.5978,0.3002
4.0000,-0.6090,0.2825
4.0000,-0.6104,0.2741
4.0000,-0.6179,0.2590
4.0000,-0.6317,0.2370
4.0000,-0.6341,0.2258
4.0000,-0.6443,0.2062
4.0000,-0.6448,0.1959
4.0000,-0.6540,0.1762
4.0000,-0.6576,0.1616
4.0000,-0.6636,0.1439
4.0000,-0.6682,0.1272
4.0000,-0.6739,0.1088
4.0000,-0.6785,0.0909
4.0000,-0.6770,0.0787
4.0000,-0.6786,0.0628
4.0000,-0.6802,0.0464
4.0000,-0.6849,0.0264
4.0000,-0.6850,0.0106
4.0000,-0.6904,-0.0111
4.0000,-0.6896,-0.0270
4.0000,-0.6871,-0.0418
4.0000,-0.6879,-0.0603
4.0000,-0.6860,-0.0765
4.0000,-0.6879,-0.0970
4.0000,-0.6828,-0.1109
4.0000,-0.6863,-0.1339
4.0000,-0.6838,-0.1512
4.0000,-0.6740,-0.1616
4.0000,-0.6749,-0.1831
4.0000,-0.6709,-0.2001
4.0000,-0.6652,-0.2158
4.0000,-0.6646,-0.2369
4.0000,-0.6522,-0.2465
4.0000,-0.6512,-0.2679
4.0000,-0.6430,-0.2823
4.0000,-0.6381,-0.3004
4.0000,-0.6339,-0.3194
4.0000,-0.6260,-0.3350
4.0000,-0.6181,-0.3508
4.0000,-0.6103,-0.3670
4.0000,-0.6023,-0.3832
4.0000,-0.5922,-0.3976
4.0000,-0.5827,-0.4127
4.0000,-0.5706,-0.4254
4.0000,-0.5582,-0.4379
4.0000,-0.5533,-0.4581
4.0000,-0.5384,-0.4685
4.0000,-0.5282,-0.4837
4.0000,-0.5135,-0.4944
4.0000,-0.5022,-0.5086
4.0000,-0.4967,-0.5286
4.0000,-0.4794,-0.5371
4.0000,-0.4675,-0.5508
4.0000,-0.4555,-0.5645
4.0000,-0.4411,-0.5758
4.0000,-0.4265,-0.5869
4.0000,-0.4156,-0.6017
4.0000,-0.3937,-0.6054
4.0000,-0.3858,-0.6230
4.0000,-0.3688,-0.6314
4.0000,-0.3556,-0.6436
4.0000,-0.3385,-0.6518
4.0000,-0.3171,-0.6555
4.0000,-0.3036,-0.6670
4.0000,-0.2904,-0.6786
4.0000,-0.2737,-0.6865
4.0000,-0.2500,-0.6873
4.0000,-0.2366,-0.6981
4.0000,-0.2208,-0.7063
4.0000,-0.2015,-0.7108
4.0000,-0.1842,-0.7169
4.0000,-0.1659,-0.7218
4.0000,-0.1496,-0.7285
4.0000,-0.1264,-0.7279
4.0000,-0.1149,-0.7387
4.0000,-0.0928,-0.7386
4.0000,-0.0760,-0.7434
4.0000,-0.0582,-0.7468
4.0000,-0.0411,-0.7505
4.0000,-0.0211,-0.7510
4.0000,0.0028,-0.7472
4.0000,0.0219,-0.7477
4.0000,0.0415,-0.7473
4.0000,0.0568,-0.7508
4.0000,0.0767,-0.7492
4.0000,0.0953,-0.7483
4.0000,0.1156,-0.7453
4.0000,0.1318,-0.7460
4.0000,0.1551,-0.7390
4.0000,0.1696,-0.7403
4.0000,0.1906,-0.7346
4.0000,0.2079,-0.7319
4.0000,0.2239,-0.7301
4.0000,0.2431,-0.7244
4.0000,0.2635,-0.7170
4.0000,0.2812,-0.7117
4.0000,0.3013,-0.7034
4.0000,0.3196,-0.6962
4.0000,0.3379,-0.6886
4.0000,0.3500,-0.6864
4.0000,0.3722,-0.6736
4.0000,0.3882,-0.6661
4.0000,0.4027,-0.6597
4.0000,0.4199,-0.6499
4.0000,0.4399,-0.6366
4.0000,0.4573,-0.6252
4.0000,0.4711,-0.6168
4.0000,0.4850,-0.6076
4.0000,0.5053,-0.5912
4.0000,0.5220,-0.5779
4.0000,0.5318,-0.5707
4.0000,0.5520,-0.5525
4.0000,0.5671,-0.5386
4.0000,0.5752,-0.5311
4.0000,0.5917,-0.5144
4.0000,0.6064,-0.4989
4.0000,0.6199,-0.4838
4.0000,0.6287,-0.4726
4.0000,0.6411,-0.4573
4.0000,0.6549,-0.4399
4.0000,0.6696,-0.4207
4.0000,0.6756,-0.4097
4.0000,0.6886,-0.3909
4.0000,0.6991,-0.3738
4.0000,0.7064,-0.3593
4.0000,0.7228,-0.3350
4.0000,0.7280,-0.3213
4.0000,0.7364,-0.3035
4.0000,0.7476,-0.2824
4.0000,0.7526,-0.2668
4.0000,0.7617,-0.2463
4.0000,0.7639,-0.2322
4.0000,0.7728,-0.2106
4.0000,0.7807,-0.1894
4.0000,0.7850,-0.1712
4.0000,0.7905,-0.1511
4.0000,0.7989,-0.1274
4.0000,0.8025,-0.1080
4.0000,0.8059,-0.0881
4.0000,0.8074,-0.0695
4.0000,0.8070,-0.0523
4.0000,0.8138,-0.0272
4.0000,0.8139,-0.0082
4.0000,0.8119,0.0092
4.0000,0.8157,0.0329
4.0000,0.8129,0.0507
4.0000,0.8129,0.0717
4.0000,0.8134,0.0938
4.0000,0.8085,0.1110
4.0000,0.8057,0.1308
4.0000,0.8050,0.1532
4.0000,0.8017,0.1734
4.0000,0.8017,0.1974
4.0000,0.7923,0.2125
4.0000,0.7887,0.2338
4.0000,0.7824,0.2527
4.0000,0.7809,0.2769
4.0000,0.7695,0.2915
4.0000,0.7630,0.3115
4.0000,0.7623,0.3376
4.0000,0.7509,0.3533
4.0000,0.7423,0.3721
4.0000,0.7320,0.3896
4.0000,0.7273,0.4129
4.0000,0.7161,0.4299
4.0000,0.7044,0.4468
4.0000,0.6925,0.4637
4.0000,0.6857,0.4858
4.0000,0.6685,0.4978
4.0000,0.6614,0.5201
4.0000,0.6480,0.5362
4.0000,0.6375,0.5554
4.0000,0.6207,0.5683
4.0000,0.6055,0.5830
4.0000,0.5957,0.6032
4.0000,0.5785,0.6160
4.0000,0.5597,0.6273
4.0000,0.5520,0.6497
4.0000,0.5314,0.6592
4.0000,0.5125,0.6705
4.0000,0.4957,0.6837
4.0000,0.4800,0.6981
4.0000,0.4682,0.7163
4.0000,0.4483,0.7262
4.0000,0.4275,0.7352
4.0000,0.4131,0.7504
4.0000,0.3932,0.7601
4.0000,0.3728,0.7690
4.0000,0.3584,0.7837
4.0000,0.3370,0.7913
4.0000,0.3199,0.8030
4.0000,0.2968,0.8083
4.0000,0.2727,0.8124
4.0000,0.2590,0.8267
4.0000,0.2359,0.8313
4.0000,0.2132,0.8359
4.0000,0.1977,0.8474
4.0000,0.1728,0.8492
4.0000,0.1535,0.8562
4.0000,0.1323,0.8609
4.0000,0.1057,0.8598
4.0000,0.0888,0.8680
4.0000,0.0691,0.8729
4.0000,0.0453,0.8733
4.0000,0.0234,0.8751
4.0000,-0.0018,0.8732
4.0000,-0.0193,0.8785
4.0000,-0.0474,0.8726
4.0000,-0.0696,0.8720
4.0000,-0.0887,0.8741
4.0000,-0.1136,0.8697
4.0000,-0.1316,0.8717
4.0000,-0.1554,0.8673
4.0000,-0.1733,0.8683
4.0000,-0.1951,0.8646
4.0000,-0.2170,0.8602
4.0000,-0.2409,0.8533
4.0000,-0.2655,0.8450
4.0000,-0.2837,0.8424
4.0000,-0.3076,0.8333
4.0000,-0.3247,0.8304
4.0000,-0.3456,0.8230
4.0000,-0.3710,0.8105
4.0000,-0.3888,0.8047
4.0000,-0.4118,0.7931
4.0000,-0.4297,0.7857
4.0000,-0.4515,0.7738
4.0000,-0.4718,0.7626
4.0000,-0.4941,0.7486
4.0000,-0.5110,0.7393
4.0000,-0.5276,0.7296
4.0000,-0.5465,0.7167
4.0000,-0.5637,0.7046
4.0000,-0.5857,0.6870
4.0000,-0.6027,0.6737
4.0000,-0.6199,0.6594
4.0000,-0.6395,0.6417
4.0000,-0.6497,0.6328
4.0000,-0.6680,0.6149
4.0000,-0.6835,0.5989
4.0000,-0.7010,0.5802
4.0000,-0.7153,0.5639
4.0000,-0.7344,0.5419
4.0000,-0.7461,0.5265
4.0000,-0.7631,0.5051
4.0000,-0.7707,0.4921
4.0000,-0.7839,0.4728
4.0000,-0.7957,0.4541
4.0000,-0.8126,0.4295
4.0000,-0.8244,0.4091
4.0000,-0.8293,0.3949
4.0000,-0.8463,0.3677
4.0000,-0.8511,0.3520
4.0000,-0.8661,0.3252
4.0000,-0.8697,0.3091
4.0000,-0.8816,0.2840
4.0000,-0.8875,0.2640
4.0000,-0.8959,0.2408
4.0000,-0.9045,0.2166
4.0000,-0.9092,0.1956
4.0000,-0.9150,0.1728
4.0000,-0.9167,0.1533
4.0000,-0.9193,0.1322
4.0000,-0.9256,0.1068
4.0000,-0.9274,0.0851
4.0000,-0.9318,0.0600
4.0000,-0.9378,0.0328
4.0000,-0.9356,0.0131
4.0000,-0.9341,-0.0080
4.0000,-0.9365,-0.0336
4.0000,-0.9360,-0.0569
4.0000,-0.9344,-0.0797
4.0000,-0.9395,-0.1098
4.0000,-0.9373,-0.1332
4.0000,-0.9288,-0.1509
4.0000,-0.9321,-0.1809
4.0000,-0.9263,-0.2024
4.0000,-0.9163,-0.2201
4.0000,-0.9165,-0.2486
4.0000,-0.9111,-0.2720
4.0000,-0.9010,-0.2911
4.0000,-0.8985,-0.3183
4.0000,-0.8864,-0.3362
4.0000,-0.8812,-0.3615
4.0000,-0.8734,-0.3847
4.0000,-0.8654,-0.4079
4.0000,-0.8579,-0.4320
4.0000,-0.8455,-0.4516
4.0000,-0.8322,-0.4706
4.0000,-0.8205,-0.4915
4.0000,-0.8139,-0.5177
4.0000,-0.7990,-0.5360
4.0000,-0.7863,-0.5567
4.0000,-0.7721,-0.5760
4.0000,-0.7542,-0.5918
4.0000,-0.7426,-0.6142
4.0000,-0.7318,-0.6374
4.0000,-0.7138,-0.6537
4.0000,-0.6938,-0.6680
4.0000,-0.6815,-0.6901
4.0000,-0.6608,-0.7039
4.0000,-0.6467,-0.7243
4.0000,-0.6317,-0.7438
4.0000,-0.6140,-0.7607
4.0000,-0.5920,-0.7732
4.0000,-0.5693,-0.7850
4.0000,-0.5522,-0.8024
4.0000,-0.5336,-0.8181
4.0000,-0.5116,-0.8302
4.0000,-0.4931,-0.8459
4.0000,-0.4705,-0.8571
4.0000,-0.4513,-0.8717
4.0000,-0.4274,-0.8814
4.0000,-0.4040,-0.8913
4.0000,-0.3883,-0.9086
4.0000,-0.3614,-0.9146
4.0000,-0.3423,-0.9281
4.0000,-0.3158,-0.9339
4.0000,-0.2945,-0.9445
4.0000,-0.2668,-0.9483
4.0000,-0.2423,-0.9550
4.0000,-0.2225,-0.9660
4.0000,-0.2015,-0.9754
4.0000,-0.1705,-0.9744
4.0000,-0.1454,-0.9788
4.0000,-0.1273,-0.9898
4.0000,-0.1016,-0.9926
4.0000,-0.0781,-0.9971
4.0000,-0.0510,-0.9976
4.0000,-0.0286,-1.0022
4.0000,-0.0010,-1.0010
