1.0000,0.0010,0.0000
1.0000,0.0020,0.0001
1.0000,0.0030,0.0001
1.0000,0.0040,0.0002
1.0000,0.0050,0.0003
1.0000,0.0060,0.0005
1.0000,0.0070,0.0006
1.0000,0.0080,0.0008
1.0000,0.0089,0.0010
1.0000,0.0099,0.0013
1.0000,0.0109,0.0015
1.0000,0.0119,0.0018
1.0000,0.0128,0.0021
1.0000,0.0138,0.0025
1.0000,0.0147,0.0028
1.0000,0.0157,0.0032
1.0000,0.0166,0.0036
1.0000,0.0175,0.0040
1.0000,0.0185,0.0045
1.0000,0.0194,0.0050
1.0000,0.0203,0.0055
1.0000,0.0212,0.0060
1.0000,0.0220,0.0066
1.0000,0.0229,0.0071
1.0000,0.0238,0.0077
1.0000,0.0246,0.0083
1.0000,0.0255,0.0090
1.0000,0.0263,0.0097
1.0000,0.0271,0.0103
1.0000,0.0279,0.0110
1.0000,0.0287,0.0118
1.0000,0.0294,0.0125
1.0000,0.0302,0.0133
1.0000,0.0309,0.0141
1.0000,0.0317,0.0149
1.0000,0.0324,0.0157
1.0000,0.0331,0.0166
1.0000,0.0337,0.0175
1.0000,0.0344,0.0184
1.0000,0.0351,0.0193
1.0000,0.0357,0.0202
1.0000,0.0363,0.0212
1.0000,0.0369,0.0221
1.0000,0.0374,0.0231
1.0000,0.0380,0.0241
1.0000,0.0385,0.0251
1.0000,0.0390,0.0262
1.0000,0.0395,0.0272
1.0000,0.0400,0.0283
1.0000,0.0405,0.0294
1.0000,0.0409,0.0305
1.0000,0.0413,0.0316
1.0000,0.0417,0.0327
1.0000,0.0420,0.0339
1.0000,0.0424,0.0351
1.0000,0.0427,0.0362
1.0000,0.0430,0.0374
1.0000,0.0433,0.0386
1.0000,0.0435,0.0398
1.0000,0.0437,0.0411
1.0000,0.0439,0.0423
1.0000,0.0441,0.0436
1.0000,0.0443,0.0448
1.0000,0.0444,0.0461
1.0000,0.0445,0.0474
1.0000,0.0446,0.0487
1.0000,0.0446,0.0500
1.0000,0.0446,0.0513
1.0000,0.0446,0.0526
1.0000,0.0446,0.0539
1.0000,0.0446,0.0553
1.0000,0.0445,0.0566
1.0000,0.0444,0.0580
1.0000,0.0442,0.0593
1.0000,0.0441,0.0607
1.0000,0.0439,0.0620
1.0000,0.0437,0.0634
1.0000,0.0434,0.0648
1.0000,0.0432,0.0662
1.0000,0.0429,0.0675
1.0000,0.0425,0.0689
1.0000,0.0422,0.0703
1.0000,0.0418,0.0717
1.0000,0.0414,0.0731
1.0000,0.0409,0.0745
1.0000,0.0405,0.0759
1.0000,0.0400,0.0773
1.0000,0.0395,0.0787
1.0000,0.0389,0.0800
1.0000,0.0383,0.0814
1.0000,0.0377,0.0828
1.0000,0.0371,0.0842
1.0000,0.0364,0.0856
1.0000,0.0357,0.0870
1.0000,0.0350,0.0883
1.0000,0.0342,0.0897
1.0000,0.0334,0.0911
1.0000,0.0326,0.0924
1.0000,0.0318,0.0938
1.0000,0.0309,0.0951
1.0000,0.0300,0.0964
1.0000,0.0291,0.0978
1.0000,0.0281,0.0991
1.0000,0.0271,0.1004
1.0000,0.0261,0.1017
1.0000,0.0251,0.1030
1.0000,0.0240,0.1043
1.0000,0.0229,0.1055
1.0000,0.0218,0.1068
1.0000,0.0206,0.1081
1.0000,0.0194,0.1093
1.0000,0.0182,0.1105
1.0000,0.0170,0.1117
1.0000,0.0157,0.1129
1.0000,0.0144,0.1141
1.0000,0.0131,0.1153
1.0000,0.0117,0.1164
1.0000,0.0104,0.1175
1.0000,0.0090,0.1187
1.0000,0.0075,0.1198
1.0000,0.0061,0.1208
1.0000,0.0046,0.1219
1.0000,0.0031,0.1230
1.0000,0.0016,0.1240
1.0000,-0.0000,0.1250
1.0000,-0.0016,0.1260
1.0000,-0.0032,0.1270
1.0000,-0.0048,0.1279
1.0000,-0.0065,0.1288
1.0000,-0.0082,0.1297
1.0000,-0.0099,0.1306
1.0000,-0.0116,0.1315
1.0000,-0.0133,0.1323
1.0000,-0.0151,0.1331
1.0000,-0.0169,0.1339
1.0000,-0.0187,0.1347
1.0000,-0.0206,0.1354
1.0000,-0.0224,0.1362
1.0000,-0.0243,0.1369
1.0000,-0.0262,0.1375
1.0000,-0.0282,0.1382
1.0000,-0.0301,0.1388
1.0000,-0.0321,0.1394
1.0000,-0.0341,0.1399
1.0000,-0.0361,0.1404
1.0000,-0.0381,0.1409
1.0000,-0.0401,0.1414
1.0000,-0.0422,0.1419
1.0000,-0.0443,0.1423
1.0000,-0.0464,0.1427
1.0000,-0.0485,0.1430
1.0000,-0.0506,0.1433
1.0000,-0.0527,0.1436
1.0000,-0.0549,0.1439
1.0000,-0.0571,0.1441
1.0000,-0.0592,0.1443
1.0000,-0.0614,0.1445
1.0000,-0.0637,0.1446
1.0000,-0.0659,0.1447
1.0000,-0.0681,0.1448
1.0000,-0.0704,0.1448
1.0000,-0.0726,0.1448
1.0000,-0.0749,0.1448
1.0000,-0.0772,0.1447
1.0000,-0.0795,0.1446
1.0000,-0.0818,0.1445
1.0000,-0.0841,0.1443
1.0000,-0.0864,0.1441
1.0000,-0.0888,0.1438
1.0000,-0.0911,0.1435
1.0000,-0.0934,0.1432
1.0000,-0.0958,0.1429
1.0000,-0.0981,0.1425
1.0000,-0.1005,0.1420
1.0000,-0.1029,0.1416
1.0000,-0.1052,0.1411
1.0000,-0.1076,0.1405
1.0000,-0.1100,0.1400
1.0000,-0.1124,0.1393
1.0000,-0.1147,0.1387
1.0000,-0.1171,0.1380
1.0000,-0.1195,0.1373
1.0000,-0.1219,0.1365
1.0000,-0.1243,0.1357
1.0000,-0.1266,0.1349
1.0000,-0.1290,0.1340
1.0000,-0.1314,0.1331
1.0000,-0.1338,0.1321
1.0000,-0.1361,0.1311
1.0000,-0.1385,0.1301
1.0000,-0.1409,0.1290
1.0000,-0.1432,0.1279
1.0000,-0.1456,0.1267
1.0000,-0.1479,0.1255
1.0000,-0.1503,0.1243
1.0000,-0.1526,0.1230
1.0000,-0.1549,0.1217
1.0000,-0.1572,0.1204
1.0000,-0.1595,0.1190
1.0000,-0.1618,0.1176
1.0000,-0.1641,0.1161
1.0000,-0.1664,0.1146
1.0000,-0.1686,0.1130
1.0000,-0.1709,0.1115
1.0000,-0.1731,0.1098
1.0000,-0.1753,0.1082
1.0000,-0.1775,0.1065
1.0000,-0.1797,0.1048
1.0000,-0.1819,0.1030
1.0000,-0.1840,0.1012
1.0000,-0.1862,0.0993
1.0000,-0.1883,0.0974
1.0000,-0.1904,0.0955
1.0000,-0.1925,0.0935
1.0000,-0.1945,0.0915
1.0000,-0.1966,0.0895
1.0000,-0.1986,0.0874
1.0000,-0.2006,0.0853
1.0000,-0.2026,0.0832
1.0000,-0.2046,0.0810
1.0000,-0.2065,0.0788
1.0000,-0.2084,0.0765
1.0000,-0.2103,0.0742
1.0000,-0.2122,0.0719
1.0000,-0.2140,0.0695
1.0000,-0.2158,0.0671
1.0000,-0.2176,0.0647
1.0000,-0.2193,0.0622
1.0000,-0.2211,0.0597
1.0000,-0.2228,0.0572
1.0000,-0.2244,0.0546
1.0000,-0.2261,0.0520
1.0000,-0.2277,0.0494
1.0000,-0.2293,0.0467
1.0000,-0.2308,0.0440
1.0000,-0.2324,0.0413
1.0000,-0.2338,0.0385
1.0000,-0.2353,0.0358
1.0000,-0.2367,0.0329
1.0000,-0.2381,0.0301
1.0000,-0.2395,0.0272
1.0000,-0.2408,0.0243
1.0000,-0.2421,0.0213
1.0000,-0.2433,0.0184
1.0000,-0.2445,0.0154
1.0000,-0.2457,0.0124
1.0000,-0.2468,0.0093
1.0000,-0.2479,0.0062
1.0000,-0.2490,0.0031
1.0000,-0.2500,-0.0000
1.0000,-0.2510,-0.0032
1.0000,-0.2519,-0.0063
1.0000,-0.2528,-0.0095
1.0000,-0.2537,-0.0128
1.0000,-0.2545,-0.0160
1.0000,-0.2553,-0.0193
1.0000,-0.2560,-0.0226
1.0000,-0.2567,-0.0259
1.0000,-0.2573,-0.0292
1.0000,-0.2579,-0.0326
1.0000,-0.2585,-0.0360
1.0000,-0.2590,-0.0394
1.0000,-0.2595,-0.0428
1.0000,-0.2599,-0.0462
1.0000,-0.2603,-0.0497
1.0000,-0.2606,-0.0531
1.0000,-0.2609,-0.0566
1.0000,-0.2612,-0.0601
1.0000,-0.2614,-0.0636
1.0000,-0.2615,-0.0671
1.0000,-0.2616,-0.0707
1.0000,-0.2617,-0.0742
1.0000,-0.2617,-0.0778
1.0000,-0.2616,-0.0814
1.0000,-0.2615,-0.0850
1.0000,-0.2614,-0.0886
1.0000,-0.2612,-0.0922
1.0000,-0.2610,-0.0958
1.0000,-0.2607,-0.0994
1.0000,-0.2603,-0.1031
1.0000,-0.2599,-0.1067
1.0000,-0.2595,-0.1104
1.0000,-0.2590,-0.1140
1.0000,-0.2585,-0.1177
1.0000,-0.2579,-0.1213
1.0000,-0.2572,-0.1250
1.0000,-0.2565,-0.1287
1.0000,-0.2558,-0.1324
1.0000,-0.2550,-0.1360
1.0000,-0.2541,-0.1397
1.0000,-0.2532,-0.1434
1.0000,-0.2523,-0.1471
1.0000,-0.2513,-0.1507
1.0000,-0.2502,-0.1544
1.0000,-0.2491,-0.1581
1.0000,-0.2479,-0.1617
1.0000,-0.2467,-0.1654
1.0000,-0.2454,-0.1690
1.0000,-0.2441,-0.1727
1.0000,-0.2427,-0.1763
1.0000,-0.2413,-0.1800
1.0000,-0.2398,-0.1836
1.0000,-0.2382,-0.1872
1.0000,-0.2367,-0.1908
1.0000,-0.2350,-0.1944
1.0000,-0.2333,-0.1980
1.0000,-0.2316,-0.2016
1.0000,-0.2297,-0.2051
1.0000,-0.2279,-0.2087
1.0000,-0.2260,-0.2122
1.0000,-0.2240,-0.2157
1.0000,-0.2220,-0.2192
1.0000,-0.2199,-0.2227
1.0000,-0.2178,-0.2262
1.0000,-0.2156,-0.2296
1.0000,-0.2134,-0.2331
1.0000,-0.2111,-0.2365
1.0000,-0.2088,-0.2399
1.0000,-0.2064,-0.2432
1.0000,-0.2040,-0.2466
1.0000,-0.2015,-0.2499
1.0000,-0.1990,-0.2532
1.0000,-0.1964,-0.2565
1.0000,-0.1937,-0.2597
1.0000,-0.1910,-0.2629
1.0000,-0.1883,-0.2661
1.0000,-0.1855,-0.2693
1.0000,-0.1827,-0.2724
1.0000,-0.1798,-0.2755
1.0000,-0.1768,-0.2786
1.0000,-0.1738,-0.2817
1.0000,-0.1708,-0.2847
1.0000,-0.1677,-0.2877
1.0000,-0.1646,-0.2906
1.0000,-0.1614,-0.2936
1.0000,-0.1582,-0.2964
1.0000,-0.1549,-0.2993
1.0000,-0.1516,-0.3021
1.0000,-0.1482,-0.3049
1.0000,-0.1448,-0.3076
1.0000,-0.1413,-0.3103
1.0000,-0.1378,-0.3130
1.0000,-0.1342,-0.3156
1.0000,-0.1306,-0.3182
1.0000,-0.1270,-0.3208
1.0000,-0.1233,-0.3233
1.0000,-0.1196,-0.3257
1.0000,-0.1158,-0.3282
1.0000,-0.1120,-0.3305
1.0000,-0.1082,-0.3329
1.0000,-0.1043,-0.3352
1.0000,-0.1003,-0.3374
1.0000,-0.0964,-0.3396
1.0000,-0.0923,-0.3417
1.0000,-0.0883,-0.3438
1.0000,-0.0842,-0.3459
1.0000,-0.0801,-0.3479
1.0000,-0.0759,-0.3499
1.0000,-0.0717,-0.3518
1.0000,-0.0675,-0.3536
1.0000,-0.0632,-0.3554
1.0000,-0.0589,-0.3572
1.0000,-0.0545,-0.3589
1.0000,-0.0502,-0.3605
1.0000,-0.0457,-0.3621
1.0000,-0.0413,-0.3637
1.0000,-0.0368,-0.3651
1.0000,-0.0323,-0.3666
1.0000,-0.0278,-0.3680
1.0000,-0.0232,-0.3693
1.0000,-0.0186,-0.3705
1.0000,-0.0140,-0.3717
1.0000,-0.0094,-0.3729
1.0000,-0.0047,-0.3740
1.0000,-0.0000,-0.3750
1.0000,0.0047,-0.3760
1.0000,0.0095,-0.3769
1.0000,0.0142,-0.3777
1.0000,0.0190,-0.3785
1.0000,0.0239,-0.3793
1.0000,0.0287,-0.3799
1.0000,0.0336,-0.3805
1.0000,0.0384,-0.3811
1.0000,0.0433,-0.3815
1.0000,0.0483,-0.3820
1.0000,0.0532,-0.3823
1.0000,0.0581,-0.3826
1.0000,0.0631,-0.3828
1.0000,0.0681,-0.3830
1.0000,0.0731,-0.3831
1.0000,0.0781,-0.3831
1.0000,0.0831,-0.3831
1.0000,0.0881,-0.3830
1.0000,0.0932,-0.3828
1.0000,0.0982,-0.3826
1.0000,0.1033,-0.3823
1.0000,0.1084,-0.3819
1.0000,0.1134,-0.3815
1.0000,0.1185,-0.3810
1.0000,0.1236,-0.3804
1.0000,0.1287,-0.3798
1.0000,0.1338,-0.3791
1.0000,0.1389,-0.3783
1.0000,0.1440,-0.3775
1.0000,0.1491,-0.3766
1.0000,0.1542,-0.3756
1.0000,0.1593,-0.3745
1.0000,0.1644,-0.3734
1.0000,0.1695,-0.3722
1.0000,0.1746,-0.3710
1.0000,0.1797,-0.3697
1.0000,0.1847,-0.3683
1.0000,0.1898,-0.3668
1.0000,0.1949,-0.3653
1.0000,0.1999,-0.3637
1.0000,0.2050,-0.3620
1.0000,0.2100,-0.3603
1.0000,0.2150,-0.3584
1.0000,0.2200,-0.3566
1.0000,0.2250,-0.3546
1.0000,0.2300,-0.3526
1.0000,0.2350,-0.3505
1.0000,0.2400,-0.3484
1.0000,0.2449,-0.3461
1.0000,0.2498,-0.3438
1.0000,0.2547,-0.3415
1.0000,0.2596,-0.3390
1.0000,0.2644,-0.3365
1.0000,0.2693,-0.3340
1.0000,0.2741,-0.3313
1.0000,0.2789,-0.3286
1.0000,0.2836,-0.3258
1.0000,0.2884,-0.3230
1.0000,0.2931,-0.3201
1.0000,0.2978,-0.3171
1.0000,0.3024,-0.3141
1.0000,0.3071,-0.3109
1.0000,0.3117,-0.3078
1.0000,0.3162,-0.3045
1.0000,0.3207,-0.3012
1.0000,0.3252,-0.2978
1.0000,0.3297,-0.2944
1.0000,0.3341,-0.2909
1.0000,0.3385,-0.2873
1.0000,0.3429,-0.2837
1.0000,0.3472,-0.2800
1.0000,0.3515,-0.2762
1.0000,0.3557,-0.2724
1.0000,0.3599,-0.2685
1.0000,0.3641,-0.2645
1.0000,0.3682,-0.2605
1.0000,0.3722,-0.2564
1.0000,0.3763,-0.2523
1.0000,0.3802,-0.2481
1.0000,0.3842,-0.2438
1.0000,0.3881,-0.2395
1.0000,0.3919,-0.2351
1.0000,0.3957,-0.2307
1.0000,0.3994,-0.2262
1.0000,0.4031,-0.2216
1.0000,0.4067,-0.2170
1.0000,0.4103,-0.2123
1.0000,0.4138,-0.2076
1.0000,0.4173,-0.2028
1.0000,0.4207,-0.1980
1.0000,0.4241,-0.1931
1.0000,0.4274,-0.1882
1.0000,0.4307,-0.1832
1.0000,0.4339,-0.1781
1.0000,0.4370,-0.1730
1.0000,0.4401,-0.1679
1.0000,0.4431,-0.1627
1.0000,0.4460,-0.1574
1.0000,0.4489,-0.1521
1.0000,0.4518,-0.1468
1.0000,0.4545,-0.1414
1.0000,0.4572,-0.1360
1.0000,0.4598,-0.1305
1.0000,0.4624,-0.1249
1.0000,0.4649,-0.1194
1.0000,0.4674,-0.1138
1.0000,0.4697,-0.1081
1.0000,0.4720,-0.1024
1.0000,0.4742,-0.0967
1.0000,0.4764,-0.0909
1.0000,0.4785,-0.0851
1.0000,0.4805,-0.0792
1.0000,0.4825,-0.0733
1.0000,0.4843,-0.0674
1.0000,0.4861,-0.0614
1.0000,0.4879,-0.0554
1.0000,0.4895,-0.0494
1.0000,0.4911,-0.0433
1.0000,0.4926,-0.0372
1.0000,0.4940,-0.0311
1.0000,0.4954,-0.0249
1.0000,0.4966,-0.0187
1.0000,0.4978,-0.0125
1.0000,0.4990,-0.0063
1.0000,0.5000,0.0000
1.0000,0.5010,0.0063
1.0000,0.5018,0.0126
1.0000,0.5026,0.0190
1.0000,0.5034,0.0253
1.0000,0.5040,0.0317
1.0000,0.5046,0.0381
1.0000,0.5050,0.0445
1.0000,0.5054,0.0510
1.0000,0.5057,0.0574
1.0000,0.5060,0.0639
1.0000,0.5061,0.0704
1.0000,0.5062,0.0769
1.0000,0.5062,0.0834
1.0000,0.5061,0.0900
1.0000,0.5059,0.0965
1.0000,0.5056,0.1031
1.0000,0.5052,0.1096
1.0000,0.5048,0.1162
1.0000,0.5043,0.1227
1.0000,0.5037,0.1293
1.0000,0.5030,0.1359
1.0000,0.5022,0.1425
1.0000,0.5013,0.1491
1.0000,0.5003,0.1556
1.0000,0.4993,0.1622
1.0000,0.4982,0.1688
1.0000,0.4970,0.1754
1.0000,0.4957,0.1820
1.0000,0.4943,0.1885
1.0000,0.4928,0.1951
1.0000,0.4912,0.2017
1.0000,0.4896,0.2082
1.0000,0.4878,0.2147
1.0000,0.4860,0.2213
1.0000,0.4841,0.2278
1.0000,0.4821,0.2343
1.0000,0.4800,0.2408
1.0000,0.4778,0.2473
1.0000,0.4756,0.2537
1.0000,0.4732,0.2601
1.0000,0.4708,0.2666
1.0000,0.4682,0.2730
1.0000,0.4656,0.2793
1.0000,0.4629,0.2857
1.0000,0.4602,0.2920
1.0000,0.4573,0.2983
1.0000,0.4543,0.3046
1.0000,0.4513,0.3109
1.0000,0.4482,0.3171
1.0000,0.4450,0.3233
1.0000,0.4417,0.3294
1.0000,0.4383,0.3356
1.0000,0.4348,0.3417
1.0000,0.4313,0.3477
1.0000,0.4276,0.3538
1.0000,0.4239,0.3598
1.0000,0.4201,0.3657
1.0000,0.4162,0.3716
1.0000,0.4123,0.3775
1.0000,0.4082,0.3833
1.0000,0.4041,0.3891
1.0000,0.3999,0.3949
1.0000,0.3956,0.4006
1.0000,0.3912,0.4063
1.0000,0.3868,0.4119
1.0000,0.3822,0.4174
1.0000,0.3776,0.4229
1.0000,0.3729,0.4284
1.0000,0.3682,0.4338
1.0000,0.3633,0.4392
1.0000,0.3584,0.4445
1.0000,0.3534,0.4498
1.0000,0.3483,0.4550
1.0000,0.3432,0.4601
1.0000,0.3380,0.4652
1.0000,0.3327,0.4702
1.0000,0.3273,0.4752
1.0000,0.3219,0.4801
1.0000,0.3164,0.4849
1.0000,0.3108,0.4897
1.0000,0.3051,0.4944
1.0000,0.2994,0.4991
1.0000,0.2936,0.5037
1.0000,0.2878,0.5082
1.0000,0.2818,0.5126
1.0000,0.2758,0.5170
1.0000,0.2698,0.5213
1.0000,0.2636,0.5256
1.0000,0.2575,0.5297
1.0000,0.2512,0.5338
1.0000,0.2449,0.5379
1.0000,0.2385,0.5418
1.0000,0.2321,0.5457
1.0000,0.2256,0.5495
1.0000,0.2190,0.5532
1.0000,0.2124,0.5569
1.0000,0.2058,0.5604
1.0000,0.1990,0.5639
1.0000,0.1922,0.5673
1.0000,0.1854,0.5706
1.0000,0.1785,0.5739
1.0000,0.1716,0.5770
1.0000,0.1646,0.5801
1.0000,0.1575,0.5831
1.0000,0.1505,0.5860
1.0000,0.1433,0.5888
1.0000,0.1361,0.5915
1.0000,0.1289,0.5942
1.0000,0.1216,0.5967
1.0000,0.1143,0.5992
1.0000,0.1069,0.6016
1.0000,0.0995,0.6039
1.0000,0.0921,0.6060
1.0000,0.0846,0.6081
1.0000,0.0771,0.6102
1.0000,0.0695,0.6121
1.0000,0.0619,0.6139
1.0000,0.0543,0.6156
1.0000,0.0466,0.6172
1.0000,0.0389,0.6188
1.0000,0.0312,0.6202
1.0000,0.0234,0.6216
1.0000,0.0157,0.6228
1.0000,0.0078,0.6240
1.0000,-0.0000,0.6250
1.0000,-0.0079,0.6260
1.0000,-0.0158,0.6268
1.0000,-0.0237,0.6276
1.0000,-0.0316,0.6282
1.0000,-0.0396,0.6288
1.0000,-0.0475,0.6292
1.0000,-0.0555,0.6296
1.0000,-0.0635,0.6298
1.0000,-0.0716,0.6299
1.0000,-0.0796,0.6300
1.0000,-0.0876,0.6299
1.0000,-0.0957,0.6298
1.0000,-0.1038,0.6295
1.0000,-0.1118,0.6291
1.0000,-0.1199,0.6287
1.0000,-0.1280,0.6281
1.0000,-0.1361,0.6274
1.0000,-0.1442,0.6266
1.0000,-0.1523,0.6257
1.0000,-0.1604,0.6247
1.0000,-0.1685,0.6236
1.0000,-0.1766,0.6224
1.0000,-0.1847,0.6211
1.0000,-0.1928,0.6197
1.0000,-0.2009,0.6182
1.0000,-0.2089,0.6166
1.0000,-0.2170,0.6148
1.0000,-0.2251,0.6130
1.0000,-0.2331,0.6111
1.0000,-0.2411,0.6090
1.0000,-0.2491,0.6069
1.0000,-0.2571,0.6046
1.0000,-0.2651,0.6022
1.0000,-0.2731,0.5998
1.0000,-0.2810,0.5972
1.0000,-0.2889,0.5945
1.0000,-0.2968,0.5917
1.0000,-0.3047,0.5888
1.0000,-0.3125,0.5858
1.0000,-0.3204,0.5827
1.0000,-0.3282,0.5795
1.0000,-0.3359,0.5762
1.0000,-0.3436,0.5728
1.0000,-0.3513,0.5693
1.0000,-0.3590,0.5657
1.0000,-0.3666,0.5620
1.0000,-0.3742,0.5582
1.0000,-0.3818,0.5542
1.0000,-0.3893,0.5502
1.0000,-0.3968,0.5461
1.0000,-0.4042,0.5419
1.0000,-0.4116,0.5375
1.0000,-0.4189,0.5331
1.0000,-0.4262,0.5286
1.0000,-0.4334,0.5239
1.0000,-0.4406,0.5192
1.0000,-0.4478,0.5144
1.0000,-0.4549,0.5095
1.0000,-0.4619,0.5045
1.0000,-0.4689,0.4993
1.0000,-0.4758,0.4941
1.0000,-0.4827,0.4888
1.0000,-0.4895,0.4834
1.0000,-0.4963,0.4779
1.0000,-0.5030,0.4723
1.0000,-0.5096,0.4667
1.0000,-0.5162,0.4609
1.0000,-0.5227,0.4550
1.0000,-0.5291,0.4491
1.0000,-0.5355,0.4430
1.0000,-0.5418,0.4369
1.0000,-0.5480,0.4306
1.0000,-0.5542,0.4243
1.0000,-0.5603,0.4179
1.0000,-0.5663,0.4114
1.0000,-0.5723,0.4049
1.0000,-0.5781,0.3982
1.0000,-0.5839,0.3915
1.0000,-0.5896,0.3847
1.0000,-0.5953,0.3778
1.0000,-0.6008,0.3708
1.0000,-0.6063,0.3637
1.0000,-0.6117,0.3566
1.0000,-0.6170,0.3493
1.0000,-0.6222,0.3420
1.0000,-0.6273,0.3347
1.0000,-0.6324,0.3272
1.0000,-0.6373,0.3197
1.0000,-0.6422,0.3121
1.0000,-0.6470,0.3044
1.0000,-0.6516,0.2967
1.0000,-0.6562,0.2889
1.0000,-0.6607,0.2810
1.0000,-0.6651,0.2731
1.0000,-0.6694,0.2650
1.0000,-0.6737,0.2570
1.0000,-0.6778,0.2488
1.0000,-0.6818,0.2406
1.0000,-0.6857,0.2324
1.0000,-0.6895,0.2240
1.0000,-0.6932,0.2157
1.0000,-0.6968,0.2072
1.0000,-0.7004,0.1987
1.0000,-0.7038,0.1902
1.0000,-0.7071,0.1815
1.0000,-0.7103,0.1729
1.0000,-0.7134,0.1642
1.0000,-0.7163,0.1554
1.0000,-0.7192,0.1466
1.0000,-0.7220,0.1377
1.0000,-0.7246,0.1288
1.0000,-0.7272,0.1199
1.0000,-0.7296,0.1109
1.0000,-0.7320,0.1018
1.0000,-0.7342,0.0927
1.0000,-0.7363,0.0836
1.0000,-0.7383,0.0745
1.0000,-0.7401,0.0653
1.0000,-0.7419,0.0560
1.0000,-0.7435,0.0468
1.0000,-0.7451,0.0375
1.0000,-0.7465,0.0282
1.0000,-0.7478,0.0188
1.0000,-0.7489,0.0094
1.0000,-0.7500,0.0000
1.0000,-0.7509,-0.0094
1.0000,-0.7518,-0.0189
1.0000,-0.7525,-0.0284
1.0000,-0.7530,-0.0379
1.0000,-0.7535,-0.0474
1.0000,-0.7539,-0.0569
1.0000,-0.7541,-0.0665
1.0000,-0.7542,-0.0761
1.0000,-0.7542,-0.0857
1.0000,-0.7540,-0.0953
1.0000,-0.7537,-0.1049
1.0000,-0.7534,-0.1145
1.0000,-0.7528,-0.1241
1.0000,-0.7522,-0.1337
1.0000,-0.7514,-0.1433
1.0000,-0.7506,-0.1530
1.0000,-0.7496,-0.1626
1.0000,-0.7484,-0.1722
1.0000,-0.7472,-0.1819
1.0000,-0.7458,-0.1915
1.0000,-0.7443,-0.2011
1.0000,-0.7427,-0.2107
1.0000,-0.7409,-0.2203
1.0000,-0.7391,-0.2299
1.0000,-0.7371,-0.2395
1.0000,-0.7349,-0.2491
1.0000,-0.7327,-0.2586
1.0000,-0.7303,-0.2681
1.0000,-0.7278,-0.2776
1.0000,-0.7252,-0.2871
1.0000,-0.7225,-0.2966
1.0000,-0.7196,-0.3061
1.0000,-0.7166,-0.3155
1.0000,-0.7135,-0.3249
1.0000,-0.7103,-0.3342
1.0000,-0.7069,-0.3436
1.0000,-0.7035,-0.3529
1.0000,-0.6999,-0.3621
1.0000,-0.6961,-0.3714
1.0000,-0.6923,-0.3806
1.0000,-0.6883,-0.3897
1.0000,-0.6842,-0.3989
1.0000,-0.6800,-0.4080
1.0000,-0.6757,-0.4170
1.0000,-0.6712,-0.4260
1.0000,-0.6667,-0.4349
1.0000,-0.6620,-0.4438
1.0000,-0.6572,-0.4527
1.0000,-0.6523,-0.4615
1.0000,-0.6472,-0.4702
1.0000,-0.6421,-0.4789
1.0000,-0.6368,-0.4876
1.0000,-0.6314,-0.4961
1.0000,-0.6259,-0.5047
1.0000,-0.6203,-0.5131
1.0000,-0.6145,-0.5215
1.0000,-0.6087,-0.5299
1.0000,-0.6027,-0.5381
1.0000,-0.5966,-0.5463
1.0000,-0.5905,-0.5545
1.0000,-0.5842,-0.5626
1.0000,-0.5778,-0.5706
1.0000,-0.5713,-0.5785
1.0000,-0.5646,-0.5863
1.0000,-0.5579,-0.5941
1.0000,-0.5511,-0.6018
1.0000,-0.5441,-0.6094
1.0000,-0.5371,-0.6170
1.0000,-0.5299,-0.6244
1.0000,-0.5227,-0.6318
1.0000,-0.5153,-0.6391
1.0000,-0.5079,-0.6463
1.0000,-0.5003,-0.6535
1.0000,-0.4927,-0.6605
1.0000,-0.4849,-0.6674
1.0000,-0.4771,-0.6743
1.0000,-0.4691,-0.6811
1.0000,-0.4611,-0.6877
1.0000,-0.4530,-0.6943
1.0000,-0.4447,-0.7008
1.0000,-0.4364,-0.7072
1.0000,-0.4280,-0.7135
1.0000,-0.4195,-0.7196
1.0000,-0.4109,-0.7257
1.0000,-0.4023,-0.7317
1.0000,-0.3935,-0.7376
1.0000,-0.3847,-0.7434
1.0000,-0.3757,-0.7490
1.0000,-0.3667,-0.7546
1.0000,-0.3577,-0.7601
1.0000,-0.3485,-0.7654
1.0000,-0.3392,-0.7706
1.0000,-0.3299,-0.7758
1.0000,-0.3205,-0.7808
1.0000,-0.3111,-0.7857
1.0000,-0.3015,-0.7904
1.0000,-0.2919,-0.7951
1.0000,-0.2822,-0.7997
1.0000,-0.2725,-0.8041
1.0000,-0.2627,-0.8084
1.0000,-0.2528,-0.8126
1.0000,-0.2428,-0.8167
1.0000,-0.2328,-0.8206
1.0000,-0.2228,-0.8244
1.0000,-0.2126,-0.8281
1.0000,-0.2024,-0.8317
1.0000,-0.1922,-0.8352
1.0000,-0.1819,-0.8385
1.0000,-0.1716,-0.8417
1.0000,-0.1611,-0.8448
1.0000,-0.1507,-0.8477
1.0000,-0.1402,-0.8505
1.0000,-0.1296,-0.8532
1.0000,-0.1191,-0.8558
1.0000,-0.1084,-0.8582
1.0000,-0.0977,-0.8605
1.0000,-0.0870,-0.8626
1.0000,-0.0763,-0.8646
1.0000,-0.0655,-0.8665
1.0000,-0.0546,-0.8683
1.0000,-0.0438,-0.8699
1.0000,-0.0329,-0.8714
1.0000,-0.0219,-0.8727
1.0000,-0.0110,-0.8739
1.0000,-0.0000,-0.8750
1.0000,0.0110,-0.8759
1.0000,0.0220,-0.8767
1.0000,0.0331,-0.8774
1.0000,0.0442,-0.8779
1.0000,0.0553,-0.8783
1.0000,0.0664,-0.8785
1.0000,0.0775,-0.8786
1.0000,0.0886,-0.8785
1.0000,0.0998,-0.8784
1.0000,0.1109,-0.8780
1.0000,0.1221,-0.8775
1.0000,0.1333,-0.8769
1.0000,0.1444,-0.8762
1.0000,0.1556,-0.8753
1.0000,0.1668,-0.8742
1.0000,0.1779,-0.8731
1.0000,0.1891,-0.8717
1.0000,0.2003,-0.8703
1.0000,0.2114,-0.8686
1.0000,0.2226,-0.8669
1.0000,0.2337,-0.8650
1.0000,0.2448,-0.8629
1.0000,0.2559,-0.8608
1.0000,0.2670,-0.8584
1.0000,0.2781,-0.8560
1.0000,0.2892,-0.8533
1.0000,0.3002,-0.8506
1.0000,0.3112,-0.8477
1.0000,0.3222,-0.8446
1.0000,0.3332,-0.8414
1.0000,0.3441,-0.8381
1.0000,0.3550,-0.8347
1.0000,0.3658,-0.8310
1.0000,0.3767,-0.8273
1.0000,0.3875,-0.8234
1.0000,0.3982,-0.8194
1.0000,0.4089,-0.8152
1.0000,0.4196,-0.8109
1.0000,0.4302,-0.8064
1.0000,0.4408,-0.8018
1.0000,0.4513,-0.7971
1.0000,0.4618,-0.7922
1.0000,0.4723,-0.7872
1.0000,0.4826,-0.7821
1.0000,0.4930,-0.7768
1.0000,0.5032,-0.7714
1.0000,0.5134,-0.7658
1.0000,0.5236,-0.7601
1.0000,0.5337,-0.7543
1.0000,0.5437,-0.7483
1.0000,0.5537,-0.7423
1.0000,0.5636,-0.7360
1.0000,0.5734,-0.7297
1.0000,0.5831,-0.7232
1.0000,0.5928,-0.7166
1.0000,0.6024,-0.7098
1.0000,0.6119,-0.7030
1.0000,0.6214,-0.6960
1.0000,0.6308,-0.6888
1.0000,0.6401,-0.6816
1.0000,0.6493,-0.6742
1.0000,0.6584,-0.6667
1.0000,0.6674,-0.6591
1.0000,0.6764,-0.6513
1.0000,0.6852,-0.6435
1.0000,0.6940,-0.6355
1.0000,0.7027,-0.6274
1.0000,0.7113,-0.6192
1.0000,0.7197,-0.6108
1.0000,0.7281,-0.6024
1.0000,0.7364,-0.5938
1.0000,0.7446,-0.5851
1.0000,0.7527,-0.5763
1.0000,0.7607,-0.5674
1.0000,0.7686,-0.5584
1.0000,0.7763,-0.5493
1.0000,0.7840,-0.5400
1.0000,0.7916,-0.5307
1.0000,0.7990,-0.5213
1.0000,0.8063,-0.5117
1.0000,0.8136,-0.5021
1.0000,0.8207,-0.4923
1.0000,0.8276,-0.4825
1.0000,0.8345,-0.4725
1.0000,0.8413,-0.4625
1.0000,0.8479,-0.4523
1.0000,0.8544,-0.4421
1.0000,0.8608,-0.4318
1.0000,0.8670,-0.4214
1.0000,0.8732,-0.4109
1.0000,0.8792,-0.4003
1.0000,0.8850,-0.3896
1.0000,0.8908,-0.3788
1.0000,0.8964,-0.3680
1.0000,0.9019,-0.3571
1.0000,0.9072,-0.3461
1.0000,0.9124,-0.3350
1.0000,0.9175,-0.3238
1.0000,0.9225,-0.3126
1.0000,0.9273,-0.3013
1.0000,0.9319,-0.2899
1.0000,0.9365,-0.2785
1.0000,0.9409,-0.2669
1.0000,0.9451,-0.2554
1.0000,0.9492,-0.2437
1.0000,0.9532,-0.2320
1.0000,0.9570,-0.2202
1.0000,0.9607,-0.2084
1.0000,0.9642,-0.1965
1.0000,0.9676,-0.1846
1.0000,0.9708,-0.1726
1.0000,0.9739,-0.1605
1.0000,0.9768,-0.1484
1.0000,0.9796,-0.1363
1.0000,0.9822,-0.1241
1.0000,0.9847,-0.1118
1.0000,0.9870,-0.0996
1.0000,0.9892,-0.0872
1.0000,0.9912,-0.0749
1.0000,0.9930,-0.0625
1.0000,0.9947,-0.0500
1.0000,0.9963,-0.0376
1.0000,0.9977,-0.0251
1.0000,0.9989,-0.0126
1.0000,1.0000,-0.0000
2.0000,-0.0000,0.0010
2.0000,-0.0001,0.0020
2.0000,-0.0001,0.0030
2.0000,-0.0002,0.0040
2.0000,-0.0003,0.0050
2.0000,-0.0005,0.0060
2.0000,-0.0006,0.0070
2.0000,-0.0008,0.0080
2.0000,-0.0010,0.0089
2.0000,-0.0013,0.0099
2.0000,-0.0015,0.0109
2.0000,-0.0018,0.0119
2.0000,-0.0021,0.0128
2.0000,-0.0025,0.0138
2.0000,-0.0028,0.0147
2.0000,-0.0032,0.0157
2.0000,-0.0036,0.0166
2.0000,-0.0040,0.0175
2.0000,-0.0045,0.0185
2.0000,-0.0050,0.0194
2.0000,-0.0055,0.0203
2.0000,-0.0060,0.0212
2.0000,-0.0066,0.0220
2.0000,-0.0071,0.0229
2.0000,-0.0077,0.0238
2.0000,-0.0083,0.0246
2.0000,-0.0090,0.0255
2.0000,-0.0097,0.0263
2.0000,-0.0103,0.0271
2.0000,-0.0110,0.0279
2.0000,-0.0118,0.0287
2.0000,-0.0125,0.0294
2.0000,-0.0133,0.0302
2.0000,-0.0141,0.0309
2.0000,-0.0149,0.0317
2.0000,-0.0157,0.0324
2.0000,-0.0166,0.0331
2.0000,-0.0175,0.0337
2.0000,-0.0184,0.0344
2.0000,-0.0193,0.0351
2.0000,-0.0202,0.0357
2.0000,-0.0212,0.0363
2.0000,-0.0221,0.0369
2.0000,-0.0231,0.0374
2.0000,-0.0241,0.0380
2.0000,-0.0251,0.0385
2.0000,-0.0262,0.0390
2.0000,-0.0272,0.0395
2.0000,-0.0283,0.0400
2.0000,-0.0294,0.0405
2.0000,-0.0305,0.0409
2.0000,-0.0316,0.0413
2.0000,-0.0327,0.0417
2.0000,-0.0339,0.0420
2.0000,-0.0351,0.0424
2.0000,-0.0362,0.0427
2.0000,-0.0374,0.0430
2.0000,-0.0386,0.0433
2.0000,-0.0398,0.0435
2.0000,-0.0411,0.0437
2.0000,-0.0423,0.0439
2.0000,-0.0436,0.0441
2.0000,-0.0448,0.0443
2.0000,-0.0461,0.0444
2.0000,-0.0474,0.0445
2.0000,-0.0487,0.0446
2.0000,-0.0500,0.0446
2.0000,-0.0513,0.0446
2.0000,-0.0526,0.0446
2.0000,-0.0539,0.0446
2.0000,-0.0553,0.0446
2.0000,-0.0566,0.0445
2.0000,-0.0580,0.0444
2.0000,-0.0593,0.0442
2.0000,-0.0607,0.0441
2.0000,-0.0620,0.0439
2.0000,-0.0634,0.0437
2.0000,-0.0648,0.0434
2.0000,-0.0662,0.0432
2.0000,-0.0675,0.0429
2.0000,-0.0689,0.0425
2.0000,-0.0703,0.0422
2.0000,-0.0717,0.0418
2.0000,-0.0731,0.0414
2.0000,-0.0745,0.0409
2.0000,-0.0759,0.0405
2.0000,-0.0773,0.0400
2.0000,-0.0787,0.0395
2.0000,-0.0800,0.0389
2.0000,-0.0814,0.0383
2.0000,-0.0828,0.0377
2.0000,-0.0842,0.0371
2.0000,-0.0856,0.0364
2.0000,-0.0870,0.0357
2.0000,-0.0883,0.0350
2.0000,-0.0897,0.0342
2.0000,-0.0911,0.0334
2.0000,-0.0924,0.0326
2.0000,-0.0938,0.0318
2.0000,-0.0951,0.0309
2.0000,-0.0964,0.0300
2.0000,-0.0978,0.0291
2.0000,-0.0991,0.0281
2.0000,-0.1004,0.0271
2.0000,-0.1017,0.0261
2.0000,-0.1030,0.0251
2.0000,-0.1043,0.0240
2.0000,-0.1055,0.0229
2.0000,-0.1068,0.0218
2.0000,-0.1081,0.0206
2.0000,-0.1093,0.0194
2.0000,-0.1105,0.0182
2.0000,-0.1117,0.0170
2.0000,-0.1129,0.0157
2.0000,-0.1141,0.0144
2.0000,-0.1153,0.0131
2.0000,-0.1164,0.0117
2.0000,-0.1175,0.0104
2.0000,-0.1187,0.0090
2.0000,-0.1198,0.0075
2.0000,-0.1208,0.0061
2.0000,-0.1219,0.0046
2.0000,-0.1230,0.0031
2.0000,-0.1240,0.0016
2.0000,-0.1250,0.0000
2.0000,-0.1260,-0.0016
2.0000,-0.1270,-0.0032
2.0000,-0.1279,-0.0048
2.0000,-0.1288,-0.0065
2.0000,-0.1297,-0.0082
2.0000,-0.1306,-0.0099
2.0000,-0.1315,-0.0116
2.0000,-0.1323,-0.0133
2.0000,-0.1331,-0.0151
2.0000,-0.1339,-0.0169
2.0000,-0.1347,-0.0187
2.0000,-0.1354,-0.0206
2.0000,-0.1362,-0.0224
2.0000,-0.1369,-0.0243
2.0000,-0.1375,-0.0262
2.0000,-0.1382,-0.0282
2.0000,-0.1388,-0.0301
2.0000,-0.1394,-0.0321
2.0000,-0.1399,-0.0341
2.0000,-0.1404,-0.0361
2.0000,-0.1409,-0.0381
2.0000,-0.1414,-0.0401
2.0000,-0.1419,-0.0422
2.0000,-0.1423,-0.0443
2.0000,-0.1427,-0.0464
2.0000,-0.1430,-0.0485
2.0000,-0.1433,-0.0506
2.0000,-0.1436,-0.0527
2.0000,-0.1439,-0.0549
2.0000,-0.1441,-0.0571
2.0000,-0.1443,-0.0592
2.0000,-0.1445,-0.0614
2.0000,-0.1446,-0.0637
2.0000,-0.1447,-0.0659
2.0000,-0.1448,-0.0681
2.0000,-0.1448,-0.0704
2.0000,-0.1448,-0.0726
2.0000,-0.1448,-0.0749
2.0000,-0.1447,-0.0772
2.0000,-0.1446,-0.0795
2.0000,-0.1445,-0.0818
2.0000,-0.1443,-0.0841
2.0000,-0.1441,-0.0864
2.0000,-0.1438,-0.0888
2.0000,-0.1435,-0.0911
2.0000,-0.1432,-0.0934
2.0000,-0.1429,-0.0958
2.0000,-0.1425,-0.0981
2.0000,-0.1420,-0.1005
2.0000,-0.1416,-0.1029
2.0000,-0.1411,-0.1052
2.0000,-0.1405,-0.1076
2.0000,-0.1400,-0.1100
2.0000,-0.1393,-0.1124
2.0000,-0.1387,-0.1147
2.0000,-0.1380,-0.1171
2.0000,-0.1373,-0.1195
2.0000,-0.1365,-0.1219
2.0000,-0.1357,-0.1243
2.0000,-0.1349,-0.1266
2.0000,-0.1340,-0.1290
2.0000,-0.1331,-0.1314
2.0000,-0.1321,-0.1338
2.0000,-0.1311,-0.1361
2.0000,-0.1301,-0.1385
2.0000,-0.1290,-0.1409
2.0000,-0.1279,-0.1432
2.0000,-0.1267,-0.1456
2.0000,-0.1255,-0.1479
2.0000,-0.1243,-0.1503
2.0000,-0.1230,-0.1526
2.0000,-0.1217,-0.1549
2.0000,-0.1204,-0.1572
2.0000,-0.1190,-0.1595
2.0000,-0.1176,-0.1618
2.0000,-0.1161,-0.1641
2.0000,-0.1146,-0.1664
2.0000,-0.1130,-0.1686
2.0000,-0.1115,-0.1709
2.0000,-0.1098,-0.1731
2.0000,-0.1082,-0.1753
2.0000,-0.1065,-0.1775
2.0000,-0.1048,-0.1797
2.0000,-0.1030,-0.1819
2.0000,-0.1012,-0.1840
2.0000,-0.0993,-0.1862
2.0000,-0.0974,-0.1883
2.0000,-0.0955,-0.1904
2.0000,-0.0935,-0.1925
2.0000,-0.0915,-0.1945
2.0000,-0.0895,-0.1966
2.0000,-0.0874,-0.1986
2.0000,-0.0853,-0.2006
2.0000,-0.0832,-0.2026
2.0000,-0.0810,-0.2046
2.0000,-0.0788,-0.2065
2.0000,-0.0765,-0.2084
2.0000,-0.0742,-0.2103
2.0000,-0.0719,-0.2122
2.0000,-0.0695,-0.2140
2.0000,-0.0671,-0.2158
2.0000,-0.0647,-0.2176
2.0000,-0.0622,-0.2193
2.0000,-0.0597,-0.2211
2.0000,-0.0572,-0.2228
2.0000,-0.0546,-0.2244
2.0000,-0.0520,-0.2261
2.0000,-0.0494,-0.2277
2.0000,-0.0467,-0.2293
2.0000,-0.0440,-0.2308
2.0000,-0.0413,-0.2324
2.0000,-0.0385,-0.2338
2.0000,-0.0358,-0.2353
2.0000,-0.0329,-0.2367
2.0000,-0.0301,-0.2381
2.0000,-0.0272,-0.2395
2.0000,-0.0243,-0.2408
2.0000,-0.0213,-0.2421
2.0000,-0.0184,-0.2433
2.0000,-0.0154,-0.2445
2.0000,-0.0124,-0.2457
2.0000,-0.0093,-0.2468
2.0000,-0.0062,-0.2479
2.0000,-0.0031,-0.2490
2.0000,-0.0000,-0.2500
2.0000,0.0032,-0.2510
2.0000,0.0063,-0.2519
2.0000,0.0095,-0.2528
2.0000,0.0128,-0.2537
2.0000,0.0160,-0.2545
2.0000,0.0193,-0.2553
2.0000,0.0226,-0.2560
2.0000,0.0259,-0.2567
2.0000,0.0292,-0.2573
2.0000,0.0326,-0.2579
2.0000,0.0360,-0.2585
2.0000,0.0394,-0.2590
2.0000,0.0428,-0.2595
2.0000,0.0462,-0.2599
2.0000,0.0497,-0.2603
2.0000,0.0531,-0.2606
2.0000,0.0566,-0.2609
2.0000,0.0601,-0.2612
2.0000,0.0636,-0.2614
2.0000,0.0671,-0.2615
2.0000,0.0707,-0.2616
2.0000,0.0742,-0.2617
2.0000,0.0778,-0.2617
2.0000,0.0814,-0.2616
2.0000,0.0850,-0.2615
2.0000,0.0886,-0.2614
2.0000,0.0922,-0.2612
2.0000,0.0958,-0.2610
2.0000,0.0994,-0.2607
2.0000,0.1031,-0.2603
2.0000,0.1067,-0.2599
2.0000,0.1104,-0.2595
2.0000,0.1140,-0.2590
2.0000,0.1177,-0.2585
2.0000,0.1213,-0.2579
2.0000,0.1250,-0.2572
2.0000,0.1287,-0.2565
2.0000,0.1324,-0.2558
2.0000,0.1360,-0.2550
2.0000,0.1397,-0.2541
2.0000,0.1434,-0.2532
2.0000,0.1471,-0.2523
2.0000,0.1507,-0.2513
2.0000,0.1544,-0.2502
2.0000,0.1581,-0.2491
2.0000,0.1617,-0.2479
2.0000,0.1654,-0.2467
2.0000,0.1690,-0.2454
2.0000,0.1727,-0.2441
2.0000,0.1763,-0.2427
2.0000,0.1800,-0.2413
2.0000,0.1836,-0.2398
2.0000,0.1872,-0.2382
2.0000,0.1908,-0.2367
2.0000,0.1944,-0.2350
2.0000,0.1980,-0.2333
2.0000,0.2016,-0.2316
2.0000,0.2051,-0.2297
2.0000,0.2087,-0.2279
2.0000,0.2122,-0.2260
2.0000,0.2157,-0.2240
2.0000,0.2192,-0.2220
2.0000,0.2227,-0.2199
2.0000,0.2262,-0.2178
2.0000,0.2296,-0.2156
2.0000,0.2331,-0.2134
2.0000,0.2365,-0.2111
2.0000,0.2399,-0.2088
2.0000,0.2432,-0.2064
2.0000,0.2466,-0.2040
2.0000,0.2499,-0.2015
2.0000,0.2532,-0.1990
2.0000,0.2565,-0.1964
2.0000,0.2597,-0.1937
2.0000,0.2629,-0.1910
2.0000,0.2661,-0.1883
2.0000,0.2693,-0.1855
2.0000,0.2724,-0.1827
2.0000,0.2755,-0.1798
2.0000,0.2786,-0.1768
2.0000,0.2817,-0.1738
2.0000,0.2847,-0.1708
2.0000,0.2877,-0.1677
2.0000,0.2906,-0.1646
2.0000,0.2936,-0.1614
2.0000,0.2964,-0.1582
2.0000,0.2993,-0.1549
2.0000,0.3021,-0.1516
2.0000,0.3049,-0.1482
2.0000,0.3076,-0.1448
2.0000,0.3103,-0.1413
2.0000,0.3130,-0.1378
2.0000,0.3156,-0.1342
2.0000,0.3182,-0.1306
2.0000,0.3208,-0.1270
2.0000,0.3233,-0.1233
2.0000,0.3257,-0.1196
2.0000,0.3282,-0.1158
2.0000,0.3305,-0.1120
2.0000,0.3329,-0.1082
2.0000,0.3352,-0.1043
2.0000,0.3374,-0.1003
2.0000,0.3396,-0.0964
2.0000,0.3417,-0.0923
2.0000,0.3438,-0.0883
2.0000,0.3459,-0.0842
2.0000,0.3479,-0.0801
2.0000,0.3499,-0.0759
2.0000,0.3518,-0.0717
2.0000,0.3536,-0.0675
2.0000,0.3554,-0.0632
2.0000,0.3572,-0.0589
2.0000,0.3589,-0.0545
2.0000,0.3605,-0.0502
2.0000,0.3621,-0.0457
2.0000,0.3637,-0.0413
2.0000,0.3651,-0.0368
2.0000,0.3666,-0.0323
2.0000,0.3680,-0.0278
2.0000,0.3693,-0.0232
2.0000,0.3705,-0.0186
2.0000,0.3717,-0.0140
2.0000,0.3729,-0.0094
2.0000,0.3740,-0.0047
2.0000,0.3750,-0.0000
2.0000,0.3760,0.0047
2.0000,0.3769,0.0095
2.0000,0.3777,0.0142
2.0000,0.3785,0.0190
2.0000,0.3793,0.0239
2.0000,0.3799,0.0287
2.0000,0.3805,0.0336
2.0000,0.3811,0.0384
2.0000,0.3815,0.0433
2.0000,0.3820,0.0483
2.0000,0.3823,0.0532
2.0000,0.3826,0.0581
2.0000,0.3828,0.0631
2.0000,0.3830,0.0681
2.0000,0.3831,0.0731
2.0000,0.3831,0.0781
2.0000,0.3831,0.0831
2.0000,0.3830,0.0881
2.0000,0.3828,0.0932
2.0000,0.3826,0.0982
2.0000,0.3823,0.1033
2.0000,0.3819,0.1084
2.0000,0.3815,0.1134
2.0000,0.3810,0.1185
2.0000,0.3804,0.1236
2.0000,0.3798,0.1287
2.0000,0.3791,0.1338
2.0000,0.3783,0.1389
2.0000,0.3775,0.1440
2.0000,0.3766,0.1491
2.0000,0.3756,0.1542
2.0000,0.3745,0.1593
2.0000,0.3734,0.1644
2.0000,0.3722,0.1695
2.0000,0.3710,0.1746
2.0000,0.3697,0.1797
2.0000,0.3683,0.1847
2.0000,0.3668,0.1898
2.0000,0.3653,0.1949
2.0000,0.3637,0.1999
2.0000,0.3620,0.2050
2.0000,0.3603,0.2100
2.0000,0.3584,0.2150
2.0000,0.3566,0.2200
2.0000,0.3546,0.2250
2.0000,0.3526,0.2300
2.0000,0.3505,0.2350
2.0000,0.3484,0.2400
2.0000,0.3461,0.2449
2.0000,0.3438,0.2498
2.0000,0.3415,0.2547
2.0000,0.3390,0.2596
2.0000,0.3365,0.2644
2.0000,0.3340,0.2693
2.0000,0.3313,0.2741
2.0000,0.3286,0.2789
2.0000,0.3258,0.2836
2.0000,0.3230,0.2884
2.0000,0.3201,0.2931
2.0000,0.3171,0.2978
2.0000,0.3141,0.3024
2.0000,0.3109,0.3071
2.0000,0.3078,0.3117
2.0000,0.3045,0.3162
2.0000,0.3012,0.3207
2.0000,0.2978,0.3252
2.0000,0.2944,0.3297
2.0000,0.2909,0.3341
2.0000,0.2873,0.3385
2.0000,0.2837,0.3429
2.0000,0.2800,0.3472
2.0000,0.2762,0.3515
2.0000,0.2724,0.3557
2.0000,0.2685,0.3599
2.0000,0.2645,0.3641
2.0000,0.2605,0.3682
2.0000,0.2564,0.3722
2.0000,0.2523,0.3763
2.0000,0.2481,0.3802
2.0000,0.2438,0.3842
2.0000,0.2395,0.3881
2.0000,0.2351,0.3919
2.0000,0.2307,0.3957
2.0000,0.2262,0.3994
2.0000,0.2216,0.4031
2.0000,0.2170,0.4067
2.0000,0.2123,0.4103
2.0000,0.2076,0.4138
2.0000,0.2028,0.4173
2.0000,0.1980,0.4207
2.0000,0.1931,0.4241
2.0000,0.1882,0.4274
2.0000,0.1832,0.4307
2.0000,0.1781,0.4339
2.0000,0.1730,0.4370
2.0000,0.1679,0.4401
2.0000,0.1627,0.4431
2.0000,0.1574,0.4460
2.0000,0.1521,0.4489
2.0000,0.1468,0.4518
2.0000,0.1414,0.4545
2.0000,0.1360,0.4572
2.0000,0.1305,0.4598
2.0000,0.1249,0.4624
2.0000,0.1194,0.4649
2.0000,0.1138,0.4674
2.0000,0.1081,0.4697
2.0000,0.1024,0.4720
2.0000,0.0967,0.4742
2.0000,0.0909,0.4764
2.0000,0.0851,0.4785
2.0000,0.0792,0.4805
2.0000,0.0733,0.4825
2.0000,0.0674,0.4843
2.0000,0.0614,0.4861
2.0000,0.0554,0.4879
2.0000,0.0494,0.4895
2.0000,0.0433,0.4911
2.0000,0.0372,0.4926
2.0000,0.0311,0.4940
2.0000,0.0249,0.4954
2.0000,0.0187,0.4966
2.0000,0.0125,0.4978
2.0000,0.0063,0.4990
2.0000,-0.0000,0.5000
2.0000,-0.0063,0.5010
2.0000,-0.0126,0.5018
2.0000,-0.0190,0.5026
2.0000,-0.0253,0.5034
2.0000,-0.0317,0.5040
2.0000,-0.0381,0.5046
2.0000,-0.0445,0.5050
2.0000,-0.0510,0.5054
2.0000,-0.0574,0.5057
2.0000,-0.0639,0.5060
2.0000,-0.0704,0.5061
2.0000,-0.0769,0.5062
2.0000,-0.0834,0.5062
2.0000,-0.0900,0.5061
2.0000,-0.0965,0.5059
2.0000,-0.1031,0.5056
2.0000,-0.1096,0.5052
2.0000,-0.1162,0.5048
2.0000,-0.1227,0.5043
2.0000,-0.1293,0.5037
2.0000,-0.1359,0.5030
2.0000,-0.1425,0.5022
2.0000,-0.1491,0.5013
2.0000,-0.1556,0.5003
2.0000,-0.1622,0.4993
2.0000,-0.1688,0.4982
2.0000,-0.1754,0.4970
2.0000,-0.1820,0.4957
2.0000,-0.1885,0.4943
2.0000,-0.1951,0.4928
2.0000,-0.2017,0.4912
2.0000,-0.2082,0.4896
2.0000,-0.2147,0.4878
2.0000,-0.2213,0.4860
2.0000,-0.2278,0.4841
2.0000,-0.2343,0.4821
2.0000,-0.2408,0.4800
2.0000,-0.2473,0.4778
2.0000,-0.2537,0.4756
2.0000,-0.2601,0.4732
2.0000,-0.2666,0.4708
2.0000,-0.2730,0.4682
2.0000,-0.2793,0.4656
2.0000,-0.2857,0.4629
2.0000,-0.2920,0.4602
2.0000,-0.2983,0.4573
2.0000,-0.3046,0.4543
2.0000,-0.3109,0.4513
2.0000,-0.3171,0.4482
2.0000,-0.3233,0.4450
2.0000,-0.3294,0.4417
2.0000,-0.3356,0.4383
2.0000,-0.3417,0.4348
2.0000,-0.3477,0.4313
2.0000,-0.3538,0.4276
2.0000,-0.3598,0.4239
2.0000,-0.3657,0.4201
2.0000,-0.3716,0.4162
2.0000,-0.3775,0.4123
2.0000,-0.3833,0.4082
2.0000,-0.3891,0.4041
2.0000,-0.3949,0.3999
2.0000,-0.4006,0.3956
2.0000,-0.4063,0.3912
2.0000,-0.4119,0.3868
2.0000,-0.4174,0.3822
2.0000,-0.4229,0.3776
2.0000,-0.4284,0.3729
2.0000,-0.4338,0.3682
2.0000,-0.4392,0.3633
2.0000,-0.4445,0.3584
2.0000,-0.4498,0.3534
2.0000,-0.4550,0.3483
2.0000,-0.4601,0.3432
2.0000,-0.4652,0.3380
2.0000,-0.4702,0.3327
2.0000,-0.4752,0.3273
2.0000,-0.4801,0.3219
2.0000,-0.4849,0.3164
2.0000,-0.4897,0.3108
2.0000,-0.4944,0.3051
2.0000,-0.4991,0.2994
2.0000,-0.5037,0.2936
2.0000,-0.5082,0.2878
2.0000,-0.5126,0.2818
2.0000,-0.5170,0.2758
2.0000,-0.5213,0.2698
2.0000,-0.5256,0.2636
2.0000,-0.5297,0.2575
2.0000,-0.5338,0.2512
2.0000,-0.5379,0.2449
2.0000,-0.5418,0.2385
2.0000,-0.5457,0.2321
2.0000,-0.5495,0.2256
2.0000,-0.5532,0.2190
2.0000,-0.5569,0.2124
2.0000,-0.5604,0.2058
2.0000,-0.5639,0.1990
2.0000,-0.5673,0.1922
2.0000,-0.5706,0.1854
2.0000,-0.5739,0.1785
2.0000,-0.5770,0.1716
2.0000,-0.5801,0.1646
2.0000,-0.5831,0.1575
2.0000,-0.5860,0.1505
2.0000,-0.5888,0.1433
2.0000,-0.5915,0.1361
2.0000,-0.5942,0.1289
2.0000,-0.5967,0.1216
2.0000,-0.5992,0.1143
2.0000,-0.6016,0.1069
2.0000,-0.6039,0.0995
2.0000,-0.6060,0.0921
2.0000,-0.6081,0.0846
2.0000,-0.6102,0.0771
2.0000,-0.6121,0.0695
2.0000,-0.6139,0.0619
2.0000,-0.6156,0.0543
2.0000,-0.6172,0.0466
2.0000,-0.6188,0.0389
2.0000,-0.6202,0.0312
2.0000,-0.6216,0.0234
2.0000,-0.6228,0.0157
2.0000,-0.6240,0.0078
2.0000,-0.6250,0.0000
2.0000,-0.6260,-0.0079
2.0000,-0.6268,-0.0158
2.0000,-0.6276,-0.0237
2.0000,-0.6282,-0.0316
2.0000,-0.6288,-0.0396
2.0000,-0.6292,-0.0475
2.0000,-0.6296,-0.0555
2.0000,-0.6298,-0.0635
2.0000,-0.6299,-0.0716
2.0000,-0.6300,-0.0796
2.0000,-0.6299,-0.0876
2.0000,-0.6298,-0.0957
2.0000,-0.6295,-0.1038
2.0000,-0.6291,-0.1118
2.0000,-0.6287,-0.1199
2.0000,-0.6281,-0.1280
2.0000,-0.6274,-0.1361
2.0000,-0.6266,-0.1442
2.0000,-0.6257,-0.1523
2.0000,-0.6247,-0.1604
2.0000,-0.6236,-0.1685
2.0000,-0.6224,-0.1766
2.0000,-0.6211,-0.1847
2.0000,-0.6197,-0.1928
2.0000,-0.6182,-0.2009
2.0000,-0.6166,-0.2089
2.0000,-0.6148,-0.2170
2.0000,-0.6130,-0.2251
2.0000,-0.6111,-0.2331
2.0000,-0.6090,-0.2411
2.0000,-0.6069,-0.2491
2.0000,-0.6046,-0.2571
2.0000,-0.6022,-0.2651
2.0000,-0.5998,-0.2731
2.0000,-0.5972,-0.2810
2.0000,-0.5945,-0.2889
2.0000,-0.5917,-0.2968
2.0000,-0.5888,-0.3047
2.0000,-0.5858,-0.3125
2.0000,-0.5827,-0.3204
2.0000,-0.5795,-0.3282
2.0000,-0.5762,-0.3359
2.0000,-0.5728,-0.3436
2.0000,-0.5693,-0.3513
2.0000,-0.5657,-0.3590
2.0000,-0.5620,-0.3666
2.0000,-0.5582,-0.3742
2.0000,-0.5542,-0.3818
2.0000,-0.5502,-0.3893
2.0000,-0.5461,-0.3968
2.0000,-0.5419,-0.4042
2.0000,-0.5375,-0.4116
2.0000,-0.5331,-0.4189
2.0000,-0.5286,-0.4262
2.0000,-0.5239,-0.4334
2.0000,-0.5192,-0.4406
2.0000,-0.5144,-0.4478
2.0000,-0.5095,-0.4549
2.0000,-0.5045,-0.4619
2.0000,-0.4993,-0.4689
2.0000,-0.4941,-0.4758
2.0000,-0.4888,-0.4827
2.0000,-0.4834,-0.4895
2.0000,-0.4779,-0.4963
2.0000,-0.4723,-0.5030
2.0000,-0.4667,-0.5096
2.0000,-0.4609,-0.5162
2.0000,-0.4550,-0.5227
2.0000,-0.4491,-0.5291
2.0000,-0.4430,-0.5355
2.0000,-0.4369,-0.5418
2.0000,-0.4306,-0.5480
2.0000,-0.4243,-0.5542
2.0000,-0.4179,-0.5603
2.0000,-0.4114,-0.5663
2.0000,-0.4049,-0.5723
2.0000,-0.3982,-0.5781
2.0000,-0.3915,-0.5839
2.0000,-0.3847,-0.5896
2.0000,-0.3778,-0.5953
2.0000,-0.3708,-0.6008
2.0000,-0.3637,-0.6063
2.0000,-0.3566,-0.6117
2.0000,-0.3493,-0.6170
2.0000,-0.3420,-0.6222
2.0000,-0.3347,-0.6273
2.0000,-0.3272,-0.6324
2.0000,-0.3197,-0.6373
2.0000,-0.3121,-0.6422
2.0000,-0.3044,-0.6470
2.0000,-0.2967,-0.6516
2.0000,-0.2889,-0.6562
2.0000,-0.2810,-0.6607
2.0000,-0.2731,-0.6651
2.0000,-0.2650,-0.6694
2.0000,-0.2570,-0.6737
2.0000,-0.2488,-0.6778
2.0000,-0.2406,-0.6818
2.0000,-0.2324,-0.6857
2.0000,-0.2240,-0.6895
2.0000,-0.2157,-0.6932
2.0000,-0.2072,-0.6968
2.0000,-0.1987,-0.7004
2.0000,-0.1902,-0.7038
2.0000,-0.1815,-0.7071
2.0000,-0.1729,-0.7103
2.0000,-0.1642,-0.7134
2.0000,-0.1554,-0.7163
2.0000,-0.1466,-0.7192
2.0000,-0.1377,-0.7220
2.0000,-0.1288,-0.7246
2.0000,-0.1199,-0.7272
2.0000,-0.1109,-0.7296
2.0000,-0.1018,-0.7320
2.0000,-0.0927,-0.7342
2.0000,-0.0836,-0.7363
2.0000,-0.0745,-0.7383
2.0000,-0.0653,-0.7401
2.0000,-0.0560,-0.7419
2.0000,-0.0468,-0.7435
2.0000,-0.0375,-0.7451
2.0000,-0.0282,-0.7465
2.0000,-0.0188,-0.7478
2.0000,-0.0094,-0.7489
2.0000,-0.0000,-0.7500
2.0000,0.0094,-0.7509
2.0000,0.0189,-0.7518
2.0000,0.0284,-0.7525
2.0000,0.0379,-0.7530
2.0000,0.0474,-0.7535
2.0000,0.0569,-0.7539
2.0000,0.0665,-0.7541
2.0000,0.0761,-0.7542
2.0000,0.0857,-0.7542
2.0000,0.0953,-0.7540
2.0000,0.1049,-0.7537
2.0000,0.1145,-0.7534
2.0000,0.1241,-0.7528
2.0000,0.1337,-0.7522
2.0000,0.1433,-0.7514
2.0000,0.1530,-0.7506
2.0000,0.1626,-0.7496
2.0000,0.1722,-0.7484
2.0000,0.1819,-0.7472
2.0000,0.1915,-0.7458
2.0000,0.2011,-0.7443
2.0000,0.2107,-0.7427
2.0000,0.2203,-0.7409
2.0000,0.2299,-0.7391
2.0000,0.2395,-0.7371
2.0000,0.2491,-0.7349
2.0000,0.2586,-0.7327
2.0000,0.2681,-0.7303
2.0000,0.2776,-0.7278
2.0000,0.2871,-0.7252
2.0000,0.2966,-0.7225
2.0000,0.3061,-0.7196
2.0000,0.3155,-0.7166
2.0000,0.3249,-0.7135
2.0000,0.3342,-0.7103
2.0000,0.3436,-0.7069
2.0000,0.3529,-0.7035
2.0000,0.3621,-0.6999
2.0000,0.3714,-0.6961
2.0000,0.3806,-0.6923
2.0000,0.3897,-0.6883
2.0000,0.3989,-0.6842
2.0000,0.4080,-0.6800
2.0000,0.4170,-0.6757
2.0000,0.4260,-0.6712
2.0000,0.4349,-0.6667
2.0000,0.4438,-0.6620
2.0000,0.4527,-0.6572
2.0000,0.4615,-0.6523
2.0000,0.4702,-0.6472
2.0000,0.4789,-0.6421
2.0000,0.4876,-0.6368
2.0000,0.4961,-0.6314
2.0000,0.5047,-0.6259
2.0000,0.5131,-0.6203
2.0000,0.5215,-0.6145
2.0000,0.5299,-0.6087
2.0000,0.5381,-0.6027
2.0000,0.5463,-0.5966
2.0000,0.5545,-0.5905
2.0000,0.5626,-0.5842
2.0000,0.5706,-0.5778
2.0000,0.5785,-0.5713
2.0000,0.5863,-0.5646
2.0000,0.5941,-0.5579
2.0000,0.6018,-0.5511
2.0000,0.6094,-0.5441
2.0000,0.6170,-0.5371
2.0000,0.6244,-0.5299
2.0000,0.6318,-0.5227
2.0000,0.6391,-0.5153
2.0000,0.6463,-0.5079
2.0000,0.6535,-0.5003
2.0000,0.6605,-0.4927
2.0000,0.6674,-0.4849
2.0000,0.6743,-0.4771
2.0000,0.6811,-0.4691
2.0000,0.6877,-0.4611
2.0000,0.6943,-0.4530
2.0000,0.7008,-0.4447
2.0000,0.7072,-0.4364
2.0000,0.7135,-0.4280
2.0000,0.7196,-0.4195
2.0000,0.7257,-0.4109
2.0000,0.7317,-0.4023
2.0000,0.7376,-0.3935
2.0000,0.7434,-0.3847
2.0000,0.7490,-0.3757
2.0000,0.7546,-0.3667
2.0000,0.7601,-0.3577
2.0000,0.7654,-0.3485
2.0000,0.7706,-0.3392
2.0000,0.7758,-0.3299
2.0000,0.7808,-0.3205
2.0000,0.7857,-0.3111
2.0000,0.7904,-0.3015
2.0000,0.7951,-0.2919
2.0000,0.7997,-0.2822
2.0000,0.8041,-0.2725
2.0000,0.8084,-0.2627
2.0000,0.8126,-0.2528
2.0000,0.8167,-0.2428
2.0000,0.8206,-0.2328
2.0000,0.8244,-0.2228
2.0000,0.8281,-0.2126
2.0000,0.8317,-0.2024
2.0000,0.8352,-0.1922
2.0000,0.8385,-0.1819
2.0000,0.8417,-0.1716
2.0000,0.8448,-0.1611
2.0000,0.8477,-0.1507
2.0000,0.8505,-0.1402
2.0000,0.8532,-0.1296
2.0000,0.8558,-0.1191
2.0000,0.8582,-0.1084
2.0000,0.8605,-0.0977
2.0000,0.8626,-0.0870
2.0000,0.8646,-0.0763
2.0000,0.8665,-0.0655
2.0000,0.8683,-0.0546
2.0000,0.8699,-0.0438
2.0000,0.8714,-0.0329
2.0000,0.8727,-0.0219
2.0000,0.8739,-0.0110
2.0000,0.8750,-0.0000
2.0000,0.8759,0.0110
2.0000,0.8767,0.0220
2.0000,0.8774,0.0331
2.0000,0.8779,0.0442
2.0000,0.8783,0.0553
2.0000,0.8785,0.0664
2.0000,0.8786,0.0775
2.0000,0.8785,0.0886
2.0000,0.8784,0.0998
2.0000,0.8780,0.1109
2.0000,0.8775,0.1221
2.0000,0.8769,0.1333
2.0000,0.8762,0.1444
2.0000,0.8753,0.1556
2.0000,0.8742,0.1668
2.0000,0.8731,0.1779
2.0000,0.8717,0.1891
2.0000,0.8703,0.2003
2.0000,0.8686,0.2114
2.0000,0.8669,0.2226
2.0000,0.8650,0.2337
2.0000,0.8629,0.2448
2.0000,0.8608,0.2559
2.0000,0.8584,0.2670
2.0000,0.8560,0.2781
2.0000,0.8533,0.2892
2.0000,0.8506,0.3002
2.0000,0.8477,0.3112
2.0000,0.8446,0.3222
2.0000,0.8414,0.3332
2.0000,0.8381,0.3441
2.0000,0.8347,0.3550
2.0000,0.8310,0.3658
2.0000,0.8273,0.3767
2.0000,0.8234,0.3875
2.0000,0.8194,0.3982
2.0000,0.8152,0.4089
2.0000,0.8109,0.4196
2.0000,0.8064,0.4302
2.0000,0.8018,0.4408
2.0000,0.7971,0.4513
2.0000,0.7922,0.4618
2.0000,0.7872,0.4723
2.0000,0.7821,0.4826
2.0000,0.7768,0.4930
2.0000,0.7714,0.5032
2.0000,0.7658,0.5134
2.0000,0.7601,0.5236
2.0000,0.7543,0.5337
2.0000,0.7483,0.5437
2.0000,0.7423,0.5537
2.0000,0.7360,0.5636
2.0000,0.7297,0.5734
2.0000,0.7232,0.5831
2.0000,0.7166,0.5928
2.0000,0.7098,0.6024
2.0000,0.7030,0.6119
2.0000,0.6960,0.6214
2.0000,0.6888,0.6308
2.0000,0.6816,0.6401
2.0000,0.6742,0.6493
2.0000,0.6667,0.6584
2.0000,0.6591,0.6674
2.0000,0.6513,0.6764
2.0000,0.6435,0.6852
2.0000,0.6355,0.6940
2.0000,0.6274,0.7027
2.0000,0.6192,0.7113
2.0000,0.6108,0.7197
2.0000,0.6024,0.7281
2.0000,0.5938,0.7364
2.0000,0.5851,0.7446
2.0000,0.5763,0.7527
2.0000,0.5674,0.7607
2.0000,0.5584,0.7686
2.0000,0.5493,0.7763
2.0000,0.5400,0.7840
2.0000,0.5307,0.7916
2.0000,0.5213,0.7990
2.0000,0.5117,0.8063
2.0000,0.5021,0.8136
2.0000,0.4923,0.8207
2.0000,0.4825,0.8276
2.0000,0.4725,0.8345
2.0000,0.4625,0.8413
2.0000,0.4523,0.8479
2.0000,0.4421,0.8544
2.0000,0.4318,0.8608
2.0000,0.4214,0.8670
2.0000,0.4109,0.8732
2.0000,0.4003,0.8792
2.0000,0.3896,0.8850
2.0000,0.3788,0.8908
2.0000,0.3680,0.8964
2.0000,0.3571,0.9019
2.0000,0.3461,0.9072
2.0000,0.3350,0.9124
2.0000,0.3238,0.9175
2.0000,0.3126,0.9225
2.0000,0.3013,0.9273
2.0000,0.2899,0.9319
2.0000,0.2785,0.9365
2.0000,0.2669,0.9409
2.0000,0.2554,0.9451
2.0000,0.2437,0.9492
2.0000,0.2320,0.9532
2.0000,0.2202,0.9570
2.0000,0.2084,0.9607
2.0000,0.1965,0.9642
2.0000,0.1846,0.9676
2.0000,0.1726,0.9708
2.0000,0.1605,0.9739
2.0000,0.1484,0.9768
2.0000,0.1363,0.9796
2.0000,0.1241,0.9822
2.0000,0.1118,0.9847
2.0000,0.0996,0.9870
2.0000,0.0872,0.9892
2.0000,0.0749,0.9912
2.0000,0.0625,0.9930
2.0000,0.0500,0.9947
2.0000,0.0376,0.9963
2.0000,0.0251,0.9977
2.0000,0.0126,0.9989
2.0000,0.0000,1.0000
3.0000,-0.0010,-0.0000
3.0000,-0.0020,-0.0001
3.0000,-0.0030,-0.0001
3.0000,-0.0040,-0.0002
3.0000,-0.0050,-0.0003
3.0000,-0.0060,-0.0005
3.0000,-0.0070,-0.0006
3.0000,-0.0080,-0.0008
3.0000,-0.0089,-0.0010
3.0000,-0.0099,-0.0013
3.0000,-0.0109,-0.0015
3.0000,-0.0119,-0.0018
3.0000,-0.0128,-0.0021
3.0000,-0.0138,-0.0025
3.0000,-0.0147,-0.0028
3.0000,-0.0157,-0.0032
3.0000,-0.0166,-0.0036
3.0000,-0.0175,-0.0040
3.0000,-0.0185,-0.0045
3.0000,-0.0194,-0.0050
3.0000,-0.0203,-0.0055
3.0000,-0.0212,-0.0060
3.0000,-0.0220,-0.0066
3.0000,-0.0229,-0.0071
3.0000,-0.0238,-0.0077
3.0000,-0.0246,-0.0083
3.0000,-0.0255,-0.0090
3.0000,-0.0263,-0.0097
3.0000,-0.0271,-0.0103
3.0000,-0.0279,-0.0110
3.0000,-0.0287,-0.0118
3.0000,-0.0294,-0.0125
3.0000,-0.0302,-0.0133
3.0000,-0.0309,-0.0141
3.0000,-0.0317,-0.0149
3.0000,-0.0324,-0.0157
3.0000,-0.0331,-0.0166
3.0000,-0.0337,-0.0175
3.0000,-0.0344,-0.0184
3.0000,-0.0351,-0.0193
3.0000,-0.0357,-0.0202
3.0000,-0.0363,-0.0212
3.0000,-0.0369,-0.0221
3.0000,-0.0374,-0.0231
3.0000,-0.0380,-0.0241
3.0000,-0.0385,-0.0251
3.0000,-0.0390,-0.0262
3.0000,-0.0395,-0.0272
3.0000,-0.0400,-0.0283
3.0000,-0.0405,-0.0294
3.0000,-0.0409,-0.0305
3.0000,-0.0413,-0.0316
3.0000,-0.0417,-0.0327
3.0000,-0.0420,-0.0339
3.0000,-0.0424,-0.0351
3.0000,-0.0427,-0.0362
3.0000,-0.0430,-0.0374
3.0000,-0.0433,-0.0386
3.0000,-0.0435,-0.0398
3.0000,-0.0437,-0.0411
3.0000,-0.0439,-0.0423
3.0000,-0.0441,-0.0436
3.0000,-0.0443,-0.0448
3.0000,-0.0444,-0.0461
3.0000,-0.0445,-0.0474
3.0000,-0.0446,-0.0487
3.0000,-0.0446,-0.0500
3.0000,-0.0446,-0.0513
3.0000,-0.0446,-0.0526
3.0000,-0.0446,-0.0539
3.0000,-0.0446,-0.0553
3.0000,-0.0445,-0.0566
3.0000,-0.0444,-0.0580
3.0000,-0.0442,-0.0593
3.0000,-0.0441,-0.0607
3.0000,-0.0439,-0.0620
3.0000,-0.0437,-0.0634
3.0000,-0.0434,-0.0648
3.0000,-0.0432,-0.0662
3.0000,-0.0429,-0.0675
3.0000,-0.0425,-0.0689
3.0000,-0.0422,-0.0703
3.0000,-0.0418,-0.0717
3.0000,-0.0414,-0.0731
3.0000,-0.0409,-0.0745
3.0000,-0.0405,-0.0759
3.0000,-0.0400,-0.0773
3.0000,-0.0395,-0.0787
3.0000,-0.0389,-0.0800
3.0000,-0.0383,-0.0814
3.0000,-0.0377,-0.0828
3.0000,-0.0371,-0.0842
3.0000,-0.0364,-0.0856
3.0000,-0.0357,-0.0870
3.0000,-0.0350,-0.0883
3.0000,-0.0342,-0.0897
3.0000,-0.0334,-0.0911
3.0000,-0.0326,-0.0924
3.0000,-0.0318,-0.0938
3.0000,-0.0309,-0.0951
3.0000,-0.0300,-0.0964
3.0000,-0.0291,-0.0978
3.0000,-0.0281,-0.0991
3.0000,-0.0271,-0.1004
3.0000,-0.0261,-0.1017
3.0000,-0.0251,-0.1030
3.0000,-0.0240,-0.1043
3.0000,-0.0229,-0.1055
3.0000,-0.0218,-0.1068
3.0000,-0.0206,-0.1081
3.0000,-0.0194,-0.1093
3.0000,-0.0182,-0.1105
3.0000,-0.0170,-0.1117
3.0000,-0.0157,-0.1129
3.0000,-0.0144,-0.1141
3.0000,-0.0131,-0.1153
3.0000,-0.0117,-0.1164
3.0000,-0.0104,-0.1175
3.0000,-0.0090,-0.1187
3.0000,-0.0075,-0.1198
3.0000,-0.0061,-0.1208
3.0000,-0.0046,-0.1219
3.0000,-0.0031,-0.1230
3.0000,-0.0016,-0.1240
3.0000,-0.0000,-0.1250
3.0000,0.0016,-0.1260
3.0000,0.0032,-0.1270
3.0000,0.0048,-0.1279
3.0000,0.0065,-0.1288
3.0000,0.0082,-0.1297
3.0000,0.0099,-0.1306
3.0000,0.0116,-0.1315
3.0000,0.0133,-0.1323
3.0000,0.0151,-0.1331
3.0000,0.0169,-0.1339
3.0000,0.0187,-0.1347
3.0000,0.0206,-0.1354
3.0000,0.0224,-0.1362
3.0000,0.0243,-0.1369
3.0000,0.0262,-0.1375
3.0000,0.0282,-0.1382
3.0000,0.0301,-0.1388
3.0000,0.0321,-0.1394
3.0000,0.0341,-0.1399
3.0000,0.0361,-0.1404
3.0000,0.0381,-0.1409
3.0000,0.0401,-0.1414
3.0000,0.0422,-0.1419
3.0000,0.0443,-0.1423
3.0000,0.0464,-0.1427
3.0000,0.0485,-0.1430
3.0000,0.0506,-0.1433
3.0000,0.0527,-0.1436
3.0000,0.0549,-0.1439
3.0000,0.0571,-0.1441
3.0000,0.0592,-0.1443
3.0000,0.0614,-0.1445
3.0000,0.0637,-0.1446
3.0000,0.0659,-0.1447
3.0000,0.0681,-0.1448
3.0000,0.0704,-0.1448
3.0000,0.0726,-0.1448
3.0000,0.0749,-0.1448
3.0000,0.0772,-0.1447
3.0000,0.0795,-0.1446
3.0000,0.0818,-0.1445
3.0000,0.0841,-0.1443
3.0000,0.0864,-0.1441
3.0000,0.0888,-0.1438
3.0000,0.0911,-0.1435
3.0000,0.0934,-0.1432
3.0000,0.0958,-0.1429
3.0000,0.0981,-0.1425
3.0000,0.1005,-0.1420
3.0000,0.1029,-0.1416
3.0000,0.1052,-0.1411
3.0000,0.1076,-0.1405
3.0000,0.1100,-0.1400
3.0000,0.1124,-0.1393
3.0000,0.1147,-0.1387
3.0000,0.1171,-0.1380
3.0000,0.1195,-0.1373
3.0000,0.1219,-0.1365
3.0000,0.1243,-0.1357
3.0000,0.1266,-0.1349
3.0000,0.1290,-0.1340
3.0000,0.1314,-0.1331
3.0000,0.1338,-0.1321
3.0000,0.1361,-0.1311
3.0000,0.1385,-0.1301
3.0000,0.1409,-0.1290
3.0000,0.1432,-0.1279
3.0000,0.1456,-0.1267
3.0000,0.1479,-0.1255
3.0000,0.1503,-0.1243
3.0000,0.1526,-0.1230
3.0000,0.1549,-0.1217
3.0000,0.1572,-0.1204
3.0000,0.1595,-0.1190
3.0000,0.1618,-0.1176
3.0000,0.1641,-0.1161
3.0000,0.1664,-0.1146
3.0000,0.1686,-0.1130
3.0000,0.1709,-0.1115
3.0000,0.1731,-0.1098
3.0000,0.1753,-0.1082
3.0000,0.1775,-0.1065
3.0000,0.1797,-0.1048
3.0000,0.1819,-0.1030
3.0000,0.1840,-0.1012
3.0000,0.1862,-0.0993
3.0000,0.1883,-0.0974
3.0000,0.1904,-0.0955
3.0000,0.1925,-0.0935
3.0000,0.1945,-0.0915
3.0000,0.1966,-0.0895
3.0000,0.1986,-0.0874
3.0000,0.2006,-0.0853
3.0000,0.2026,-0.0832
3.0000,0.2046,-0.0810
3.0000,0.2065,-0.0788
3.0000,0.2084,-0.0765
3.0000,0.2103,-0.0742
3.0000,0.2122,-0.0719
3.0000,0.2140,-0.0695
3.0000,0.2158,-0.0671
3.0000,0.2176,-0.0647
3.0000,0.2193,-0.0622
3.0000,0.2211,-0.0597
3.0000,0.2228,-0.0572
3.0000,0.2244,-0.0546
3.0000,0.2261,-0.0520
3.0000,0.2277,-0.0494
3.0000,0.2293,-0.0467
3.0000,0.2308,-0.0440
3.0000,0.2324,-0.0413
3.0000,0.2338,-0.0385
3.0000,0.2353,-0.0358
3.0000,0.2367,-0.0329
3.0000,0.2381,-0.0301
3.0000,0.2395,-0.0272
3.0000,0.2408,-0.0243
3.0000,0.2421,-0.0213
3.0000,0.2433,-0.0184
3.0000,0.2445,-0.0154
3.0000,0.2457,-0.0124
3.0000,0.2468,-0.0093
3.0000,0.2479,-0.0062
3.0000,0.2490,-0.0031
3.0000,0.2500,-0.0000
3.0000,0.2510,0.0032
3.0000,0.2519,0.0063
3.0000,0.2528,0.0095
3.0000,0.2537,0.0128
3.0000,0.2545,0.0160
3.0000,0.2553,0.0193
3.0000,0.2560,0.0226
3.0000,0.2567,0.0259
3.0000,0.2573,0.0292
3.0000,0.2579,0.0326
3.0000,0.2585,0.0360
3.0000,0.2590,0.0394
3.0000,0.2595,0.0428
3.0000,0.2599,0.0462
3.0000,0.2603,0.0497
3.0000,0.2606,0.0531
3.0000,0.2609,0.0566
3.0000,0.2612,0.0601
3.0000,0.2614,0.0636
3.0000,0.2615,0.0671
3.0000,0.2616,0.0707
3.0000,0.2617,0.0742
3.0000,0.2617,0.0778
3.0000,0.2616,0.0814
3.0000,0.2615,0.0850
3.0000,0.2614,0.0886
3.0000,0.2612,0.0922
3.0000,0.2610,0.0958
3.0000,0.2607,0.0994
3.0000,0.2603,0.1031
3.0000,0.2599,0.1067
3.0000,0.2595,0.1104
3.0000,0.2590,0.1140
3.0000,0.2585,0.1177
3.0000,0.2579,0.1213
3.0000,0.2572,0.1250
3.0000,0.2565,0.1287
3.0000,0.2558,0.1324
3.0000,0.2550,0.1360
3.0000,0.2541,0.1397
3.0000,0.2532,0.1434
3.0000,0.2523,0.1471
3.0000,0.2513,0.1507
3.0000,0.2502,0.1544
3.0000,0.2491,0.1581
3.0000,0.2479,0.1617
3.0000,0.2467,0.1654
3.0000,0.2454,0.1690
3.0000,0.2441,0.1727
3.0000,0.2427,0.1763
3.0000,0.2413,0.1800
3.0000,0.2398,0.1836
3.0000,0.2382,0.1872
3.0000,0.2367,0.1908
3.0000,0.2350,0.1944
3.0000,0.2333,0.1980
3.0000,0.2316,0.2016
3.0000,0.2297,0.2051
3.0000,0.2279,0.2087
3.0000,0.2260,0.2122
3.0000,0.2240,0.2157
3.0000,0.2220,0.2192
3.0000,0.2199,0.2227
3.0000,0.2178,0.2262
3.0000,0.2156,0.2296
3.0000,0.2134,0.2331
3.0000,0.2111,0.2365
3.0000,0.2088,0.2399
3.0000,0.2064,0.2432
3.0000,0.2040,0.2466
3.0000,0.2015,0.2499
3.0000,0.1990,0.2532
3.0000,0.1964,0.2565
3.0000,0.1937,0.2597
3.0000,0.1910,0.2629
3.0000,0.1883,0.2661
3.0000,0.1855,0.2693
3.0000,0.1827,0.2724
3.0000,0.1798,0.2755
3.0000,0.1768,0.2786
3.0000,0.1738,0.2817
3.0000,0.1708,0.2847
3.0000,0.1677,0.2877
3.0000,0.1646,0.2906
3.0000,0.1614,0.2936
3.0000,0.1582,0.2964
3.0000,0.1549,0.2993
3.0000,0.1516,0.3021
3.0000,0.1482,0.3049
3.0000,0.1448,0.3076
3.0000,0.1413,0.3103
3.0000,0.1378,0.3130
3.0000,0.1342,0.3156
3.0000,0.1306,0.3182
3.0000,0.1270,0.3208
3.0000,0.1233,0.3233
3.0000,0.1196,0.3257
3.0000,0.1158,0.3282
3.0000,0.1120,0.3305
3.0000,0.1082,0.3329
3.0000,0.1043,0.3352
3.0000,0.1003,0.3374
3.0000,0.0964,0.3396
3.0000,0.0923,0.3417
3.0000,0.0883,0.3438
3.0000,0.0842,0.3459
3.0000,0.0801,0.3479
3.0000,0.0759,0.3499
3.0000,0.0717,0.3518
3.0000,0.0675,0.3536
3.0000,0.0632,0.3554
3.0000,0.0589,0.3572
3.0000,0.0545,0.3589
3.0000,0.0502,0.3605
3.0000,0.0457,0.3621
3.0000,0.0413,0.3637
3.0000,0.0368,0.3651
3.0000,0.0323,0.3666
3.0000,0.0278,0.3680
3.0000,0.0232,0.3693
3.0000,0.0186,0.3705
3.0000,0.0140,0.3717
3.0000,0.0094,0.3729
3.0000,0.0047,0.3740
3.0000,0.0000,0.3750
3.0000,-0.0047,0.3760
3.0000,-0.0095,0.3769
3.0000,-0.0142,0.3777
3.0000,-0.0190,0.3785
3.0000,-0.0239,0.3793
3.0000,-0.0287,0.3799
3.0000,-0.0336,0.3805
3.0000,-0.0384,0.3811
3.0000,-0.0433,0.3815
3.0000,-0.0483,0.3820
3.0000,-0.0532,0.3823
3.0000,-0.0581,0.3826
3.0000,-0.0631,0.3828
3.0000,-0.0681,0.3830
3.0000,-0.0731,0.3831
3.0000,-0.0781,0.3831
3.0000,-0.0831,0.3831
3.0000,-0.0881,0.3830
3.0000,-0.0932,0.3828
3.0000,-0.0982,0.3826
3.0000,-0.1033,0.3823
3.0000,-0.1084,0.3819
3.0000,-0.1134,0.3815
3.0000,-0.1185,0.3810
3.0000,-0.1236,0.3804
3.0000,-0.1287,0.3798
3.0000,-0.1338,0.3791
3.0000,-0.1389,0.3783
3.0000,-0.1440,0.3775
3.0000,-0.1491,0.3766
3.0000,-0.1542,0.3756
3.0000,-0.1593,0.3745
3.0000,-0.1644,0.3734
3.0000,-0.1695,0.3722
3.0000,-0.1746,0.3710
3.0000,-0.1797,0.3697
3.0000,-0.1847,0.3683
3.0000,-0.1898,0.3668
3.0000,-0.1949,0.3653
3.0000,-0.1999,0.3637
3.0000,-0.2050,0.3620
3.0000,-0.2100,0.3603
3.0000,-0.2150,0.3584
3.0000,-0.2200,0.3566
3.0000,-0.2250,0.3546
3.0000,-0.2300,0.3526
3.0000,-0.2350,0.3505
3.0000,-0.2400,0.3484
3.0000,-0.2449,0.3461
3.0000,-0.2498,0.3438
3.0000,-0.2547,0.3415
3.0000,-0.2596,0.3390
3.0000,-0.2644,0.3365
3.0000,-0.2693,0.3340
3.0000,-0.2741,0.3313
3.0000,-0.2789,0.3286
3.0000,-0.2836,0.3258
3.0000,-0.2884,0.3230
3.0000,-0.2931,0.3201
3.0000,-0.2978,0.3171
3.0000,-0.3024,0.3141
3.0000,-0.3071,0.3109
3.0000,-0.3117,0.3078
3.0000,-0.3162,0.3045
3.0000,-0.3207,0.3012
3.0000,-0.3252,0.2978
3.0000,-0.3297,0.2944
3.0000,-0.3341,0.2909
3.0000,-0.3385,0.2873
3.0000,-0.3429,0.2837
3.0000,-0.3472,0.2800
3.0000,-0.3515,0.2762
3.0000,-0.3557,0.2724
3.0000,-0.3599,0.2685
3.0000,-0.3641,0.2645
3.0000,-0.3682,0.2605
3.0000,-0.3722,0.2564
3.0000,-0.3763,0.2523
3.0000,-0.3802,0.2481
3.0000,-0.3842,0.2438
3.0000,-0.3881,0.2395
3.0000,-0.3919,0.2351
3.0000,-0.3957,0.2307
3.0000,-0.3994,0.2262
3.0000,-0.4031,0.2216
3.0000,-0.4067,0.2170
3.0000,-0.4103,0.2123
3.0000,-0.4138,0.2076
3.0000,-0.4173,0.2028
3.0000,-0.4207,0.1980
3.0000,-0.4241,0.1931
3.0000,-0.4274,0.1882
3.0000,-0.4307,0.1832
3.0000,-0.4339,0.1781
3.0000,-0.4370,0.1730
3.0000,-0.4401,0.1679
3.0000,-0.4431,0.1627
3.0000,-0.4460,0.1574
3.0000,-0.4489,0.1521
3.0000,-0.4518,0.1468
3.0000,-0.4545,0.1414
3.0000,-0.4572,0.1360
3.0000,-0.4598,0.1305
3.0000,-0.4624,0.1249
3.0000,-0.4649,0.1194
3.0000,-0.4674,0.1138
3.0000,-0.4697,0.1081
3.0000,-0.4720,0.1024
3.0000,-0.4742,0.0967
3.0000,-0.4764,0.0909
3.0000,-0.4785,0.0851
3.0000,-0.4805,0.0792
3.0000,-0.4825,0.0733
3.0000,-0.4843,0.0674
3.0000,-0.4861,0.0614
3.0000,-0.4879,0.0554
3.0000,-0.4895,0.0494
3.0000,-0.4911,0.0433
3.0000,-0.4926,0.0372
3.0000,-0.4940,0.0311
3.0000,-0.4954,0.0249
3.0000,-0.4966,0.0187
3.0000,-0.4978,0.0125
3.0000,-0.4990,0.0063
3.0000,-0.5000,0.0000
3.0000,-0.5010,-0.0063
3.0000,-0.5018,-0.0126
3.0000,-0.5026,-0.0190
3.0000,-0.5034,-0.0253
3.0000,-0.5040,-0.0317
3.0000,-0.5046,-0.0381
3.0000,-0.5050,-0.0445
3.0000,-0.5054,-0.0510
3.0000,-0.5057,-0.0574
3.0000,-0.5060,-0.0639
3.0000,-0.5061,-0.0704
3.0000,-0.5062,-0.0769
3.0000,-0.5062,-0.0834
3.0000,-0.5061,-0.0900
3.0000,-0.5059,-0.0965
3.0000,-0.5056,-0.1031
3.0000,-0.5052,-0.1096
3.0000,-0.5048,-0.1162
3.0000,-0.5043,-0.1227
3.0000,-0.5037,-0.1293
3.0000,-0.5030,-0.1359
3.0000,-0.5022,-0.1425
3.0000,-0.5013,-0.1491
3.0000,-0.5003,-0.1556
3.0000,-0.4993,-0.1622
3.0000,-0.4982,-0.1688
3.0000,-0.4970,-0.1754
3.0000,-0.4957,-0.1820
3.0000,-0.4943,-0.1885
3.0000,-0.4928,-0.1951
3.0000,-0.4912,-0.2017
3.0000,-0.4896,-0.2082
3.0000,-0.4878,-0.2147
3.0000,-0.4860,-0.2213
3.0000,-0.4841,-0.2278
3.0000,-0.4821,-0.2343
3.0000,-0.4800,-0.2408
3.0000,-0.4778,-0.2473
3.0000,-0.4756,-0.2537
3.0000,-0.4732,-0.2601
3.0000,-0.4708,-0.2666
3.0000,-0.4682,-0.2730
3.0000,-0.4656,-0.2793
3.0000,-0.4629,-0.2857
3.0000,-0.4602,-0.2920
3.0000,-0.4573,-0.2983
3.0000,-0.4543,-0.3046
3.0000,-0.4513,-0.3109
3.0000,-0.4482,-0.3171
3.0000,-0.4450,-0.3233
3.0000,-0.4417,-0.3294
3.0000,-0.4383,-0.3356
3.0000,-0.4348,-0.3417
3.0000,-0.4313,-0.3477
3.0000,-0.4276,-0.3538
3.0000,-0.4239,-0.3598
3.0000,-0.4201,-0.3657
3.0000,-0.4162,-0.3716
3.0000,-0.4123,-0.3775
3.0000,-0.4082,-0.3833
3.0000,-0.4041,-0.3891
3.0000,-0.3999,-0.3949
3.0000,-0.3956,-0.4006
3.0000,-0.3912,-0.4063
3.0000,-0.3868,-0.4119
3.0000,-0.3822,-0.4174
3.0000,-0.3776,-0.4229
3.0000,-0.3729,-0.4284
3.0000,-0.3682,-0.4338
3.0000,-0.3633,-0.4392
3.0000,-0.3584,-0.4445
3.0000,-0.3534,-0.4498
3.0000,-0.3483,-0.4550
3.0000,-0.3432,-0.4601
3.0000,-0.3380,-0.4652
3.0000,-0.3327,-0.4702
3.0000,-0.3273,-0.4752
3.0000,-0.3219,-0.4801
3.0000,-0.3164,-0.4849
3.0000,-0.3108,-0.4897
3.0000,-0.3051,-0.4944
3.0000,-0.2994,-0.4991
3.0000,-0.2936,-0.5037
3.0000,-0.2878,-0.5082
3.0000,-0.2818,-0.5126
3.0000,-0.2758,-0.5170
3.0000,-0.2698,-0.5213
3.0000,-0.2636,-0.5256
3.0000,-0.2575,-0.5297
3.0000,-0.2512,-0.5338
3.0000,-0.2449,-0.5379
3.0000,-0.2385,-0.5418
3.0000,-0.2321,-0.5457
3.0000,-0.2256,-0.5495
3.0000,-0.2190,-0.5532
3.0000,-0.2124,-0.5569
3.0000,-0.2058,-0.5604
3.0000,-0.1990,-0.5639
3.0000,-0.1922,-0.5673
3.0000,-0.1854,-0.5706
3.0000,-0.1785,-0.5739
3.0000,-0.1716,-0.5770
3.0000,-0.1646,-0.5801
3.0000,-0.1575,-0.5831
3.0000,-0.1505,-0.5860
3.0000,-0.1433,-0.5888
3.0000,-0.1361,-0.5915
3.0000,-0.1289,-0.5942
3.0000,-0.1216,-0.5967
3.0000,-0.1143,-0.5992
3.0000,-0.1069,-0.6016
3.0000,-0.0995,-0.6039
3.0000,-0.0921,-0.6060
3.0000,-0.0846,-0.6081
3.0000,-0.0771,-0.6102
3.0000,-0.0695,-0.6121
3.0000,-0.0619,-0.6139
3.0000,-0.0543,-0.6156
3.0000,-0.0466,-0.6172
3.0000,-0.0389,-0.6188
3.0000,-0.0312,-0.6202
3.0000,-0.0234,-0.6216
3.0000,-0.0157,-0.6228
3.0000,-0.0078,-0.6240
3.0000,0.0000,-0.6250
3.0000,0.0079,-0.6260
3.0000,0.0158,-0.6268
3.0000,0.0237,-0.6276
3.0000,0.0316,-0.6282
3.0000,0.0396,-0.6288
3.0000,0.0475,-0.6292
3.0000,0.0555,-0.6296
3.0000,0.0635,-0.6298
3.0000,0.0716,-0.6299
3.0000,0.0796,-0.6300
3.0000,0.0876,-0.6299
3.0000,0.0957,-0.6298
3.0000,0.1038,-0.6295
3.0000,0.1118,-0.6291
3.0000,0.1199,-0.6287
3.0000,0.1280,-0.6281
3.0000,0.1361,-0.6274
3.0000,0.1442,-0.6266
3.0000,0.1523,-0.6257
3.0000,0.1604,-0.6247
3.0000,0.1685,-0.6236
3.0000,0.1766,-0.6224
3.0000,0.1847,-0.6211
3.0000,0.1928,-0.6197
3.0000,0.2009,-0.6182
3.0000,0.2089,-0.6166
3.0000,0.2170,-0.6148
3.0000,0.2251,-0.6130
3.0000,0.2331,-0.6111
3.0000,0.2411,-0.6090
3.0000,0.2491,-0.6069
3.0000,0.2571,-0.6046
3.0000,0.2651,-0.6022
3.0000,0.2731,-0.5998
3.0000,0.2810,-0.5972
3.0000,0.2889,-0.5945
3.0000,0.2968,-0.5917
3.0000,0.3047,-0.5888
3.0000,0.3125,-0.5858
3.0000,0.3204,-0.5827
3.0000,0.3282,-0.5795
3.0000,0.3359,-0.5762
3.0000,0.3436,-0.5728
3.0000,0.3513,-0.5693
3.0000,0.3590,-0.5657
3.0000,0.3666,-0.5620
3.0000,0.3742,-0.5582
3.0000,0.3818,-0.5542
3.0000,0.3893,-0.5502
3.0000,0.3968,-0.5461
3.0000,0.4042,-0.5419
3.0000,0.4116,-0.5375
3.0000,0.4189,-0.5331
3.0000,0.4262,-0.5286
3.0000,0.4334,-0.5239
3.0000,0.4406,-0.5192
3.0000,0.4478,-0.5144
3.0000,0.4549,-0.5095
3.0000,0.4619,-0.5045
3.0000,0.4689,-0.4993
3.0000,0.4758,-0.4941
3.0000,0.4827,-0.4888
3.0000,0.4895,-0.4834
3.0000,0.4963,-0.4779
3.0000,0.5030,-0.4723
3.0000,0.5096,-0.4667
3.0000,0.5162,-0.4609
3.0000,0.5227,-0.4550
3.0000,0.5291,-0.4491
3.0000,0.5355,-0.4430
3.0000,0.5418,-0.4369
3.0000,0.5480,-0.4306
3.0000,0.5542,-0.4243
3.0000,0.5603,-0.4179
3.0000,0.5663,-0.4114
3.0000,0.5723,-0.4049
3.0000,0.5781,-0.3982
3.0000,0.5839,-0.3915
3.0000,0.5896,-0.3847
3.0000,0.5953,-0.3778
3.0000,0.6008,-0.3708
3.0000,0.6063,-0.3637
3.0000,0.6117,-0.3566
3.0000,0.6170,-0.3493
3.0000,0.6222,-0.3420
3.0000,0.6273,-0.3347
3.0000,0.6324,-0.3272
3.0000,0.6373,-0.3197
3.0000,0.6422,-0.3121
3.0000,0.6470,-0.3044
3.0000,0.6516,-0.2967
3.0000,0.6562,-0.2889
3.0000,0.6607,-0.2810
3.0000,0.6651,-0.2731
3.0000,0.6694,-0.2650
3.0000,0.6737,-0.2570
3.0000,0.6778,-0.2488
3.0000,0.6818,-0.2406
3.0000,0.6857,-0.2324
3.0000,0.6895,-0.2240
3.0000,0.6932,-0.2157
3.0000,0.6968,-0.2072
3.0000,0.7004,-0.1987
3.0000,0.7038,-0.1902
3.0000,0.7071,-0.1815
3.0000,0.7103,-0.1729
3.0000,0.7134,-0.1642
3.0000,0.7163,-0.1554
3.0000,0.7192,-0.1466
3.0000,0.7220,-0.1377
3.0000,0.7246,-0.1288
3.0000,0.7272,-0.1199
3.0000,0.7296,-0.1109
3.0000,0.7320,-0.1018
3.0000,0.7342,-0.0927
3.0000,0.7363,-0.0836
3.0000,0.7383,-0.0745
3.0000,0.7401,-0.0653
3.0000,0.7419,-0.0560
3.0000,0.7435,-0.0468
3.0000,0.7451,-0.0375
3.0000,0.7465,-0.0282
3.0000,0.7478,-0.0188
3.0000,0.7489,-0.0094
3.0000,0.7500,-0.0000
3.0000,0.7509,0.0094
3.0000,0.7518,0.0189
3.0000,0.7525,0.0284
3.0000,0.7530,0.0379
3.0000,0.7535,0.0474
3.0000,0.7539,0.0569
3.0000,0.7541,0.0665
3.0000,0.7542,0.0761
3.0000,0.7542,0.0857
3.0000,0.7540,0.0953
3.0000,0.7537,0.1049
3.0000,0.7534,0.1145
3.0000,0.7528,0.1241
3.0000,0.7522,0.1337
3.0000,0.7514,0.1433
3.0000,0.7506,0.1530
3.0000,0.7496,0.1626
3.0000,0.7484,0.1722
3.0000,0.7472,0.1819
3.0000,0.7458,0.1915
3.0000,0.7443,0.2011
3.0000,0.7427,0.2107
3.0000,0.7409,0.2203
3.0000,0.7391,0.2299
3.0000,0.7371,0.2395
3.0000,0.7349,0.2491
3.0000,0.7327,0.2586
3.0000,0.7303,0.2681
3.0000,0.7278,0.2776
3.0000,0.7252,0.2871
3.0000,0.7225,0.2966
3.0000,0.7196,0.3061
3.0000,0.7166,0.3155
3.0000,0.7135,0.3249
3.0000,0.7103,0.3342
3.0000,0.7069,0.3436
3.0000,0.7035,0.3529
3.0000,0.6999,0.3621
3.0000,0.6961,0.3714
3.0000,0.6923,0.3806
3.0000,0.6883,0.3897
3.0000,0.6842,0.3989
3.0000,0.6800,0.4080
3.0000,0.6757,0.4170
3.0000,0.6712,0.4260
3.0000,0.6667,0.4349
3.0000,0.6620,0.4438
3.0000,0.6572,0.4527
3.0000,0.6523,0.4615
3.0000,0.6472,0.4702
3.0000,0.6421,0.4789
3.0000,0.6368,0.4876
3.0000,0.6314,0.4961
3.0000,0.6259,0.5047
3.0000,0.6203,0.5131
3.0000,0.6145,0.5215
3.0000,0.6087,0.5299
3.0000,0.6027,0.5381
3.0000,0.5966,0.5463
3.0000,0.5905,0.5545
3.0000,0.5842,0.5626
3.0000,0.5778,0.5706
3.0000,0.5713,0.5785
3.0000,0.5646,0.5863
3.0000,0.5579,0.5941
3.0000,0.5511,0.6018
3.0000,0.5441,0.6094
3.0000,0.5371,0.6170
3.0000,0.5299,0.6244
3.0000,0.5227,0.6318
3.0000,0.5153,0.6391
3.0000,0.5079,0.6463
3.0000,0.5003,0.6535
3.0000,0.4927,0.6605
3.0000,0.4849,0.6674
3.0000,0.4771,0.6743
3.0000,0.4691,0.6811
3.0000,0.4611,0.6877
3.0000,0.4530,0.6943
3.0000,0.4447,0.7008
3.0000,0.4364,0.7072
3.0000,0.4280,0.7135
3.0000,0.4195,0.7196
3.0000,0.4109,0.7257
3.0000,0.4023,0.7317
3.0000,0.3935,0.7376
3.0000,0.3847,0.7434
3.0000,0.3757,0.7490
3.0000,0.3667,0.7546
3.0000,0.3577,0.7601
3.0000,0.3485,0.7654
3.0000,0.3392,0.7706
3.0000,0.3299,0.7758
3.0000,0.3205,0.7808
3.0000,0.3111,0.7857
3.0000,0.3015,0.7904
3.0000,0.2919,0.7951
3.0000,0.2822,0.7997
3.0000,0.2725,0.8041
3.0000,0.2627,0.8084
3.0000,0.2528,0.8126
3.0000,0.2428,0.8167
3.0000,0.2328,0.8206
3.0000,0.2228,0.8244
3.0000,0.2126,0.8281
3.0000,0.2024,0.8317
3.0000,0.1922,0.8352
3.0000,0.1819,0.8385
3.0000,0.1716,0.8417
3.0000,0.1611,0.8448
3.0000,0.1507,0.8477
3.0000,0.1402,0.8505
3.0000,0.1296,0.8532
3.0000,0.1191,0.8558
3.0000,0.1084,0.8582
3.0000,0.0977,0.8605
3.0000,0.0870,0.8626
3.0000,0.0763,0.8646
3.0000,0.0655,0.8665
3.0000,0.0546,0.8683
3.0000,0.0438,0.8699
3.0000,0.0329,0.8714
3.0000,0.0219,0.8727
3.0000,0.0110,0.8739
3.0000,0.0000,0.8750
3.0000,-0.0110,0.8759
3.0000,-0.0220,0.8767
3.0000,-0.0331,0.8774
3.0000,-0.0442,0.8779
3.0000,-0.0553,0.8783
3.0000,-0.0664,0.8785
3.0000,-0.0775,0.8786
3.0000,-0.0886,0.8785
3.0000,-0.0998,0.8784
3.0000,-0.1109,0.8780
3.0000,-0.1221,0.8775
3.0000,-0.1333,0.8769
3.0000,-0.1444,0.8762
3.0000,-0.1556,0.8753
3.0000,-0.1668,0.8742
3.0000,-0.1779,0.8731
3.0000,-0.1891,0.8717
3.0000,-0.2003,0.8703
3.0000,-0.2114,0.8686
3.0000,-0.2226,0.8669
3.0000,-0.2337,0.8650
3.0000,-0.2448,0.8629
3.0000,-0.2559,0.8608
3.0000,-0.2670,0.8584
3.0000,-0.2781,0.8560
3.0000,-0.2892,0.8533
3.0000,-0.3002,0.8506
3.0000,-0.3112,0.8477
3.0000,-0.3222,0.8446
3.0000,-0.3332,0.8414
3.0000,-0.3441,0.8381
3.0000,-0.3550,0.8347
3.0000,-0.3658,0.8310
3.0000,-0.3767,0.8273
3.0000,-0.3875,0.8234
3.0000,-0.3982,0.8194
3.0000,-0.4089,0.8152
3.0000,-0.4196,0.8109
3.0000,-0.4302,0.8064
3.0000,-0.4408,0.8018
3.0000,-0.4513,0.7971
3.0000,-0.4618,0.7922
3.0000,-0.4723,0.7872
3.0000,-0.4826,0.7821
3.0000,-0.4930,0.7768
3.0000,-0.5032,0.7714
3.0000,-0.5134,0.7658
3.0000,-0.5236,0.7601
3.0000,-0.5337,0.7543
3.0000,-0.5437,0.7483
3.0000,-0.5537,0.7423
3.0000,-0.5636,0.7360
3.0000,-0.5734,0.7297
3.0000,-0.5831,0.7232
3.0000,-0.5928,0.7166
3.0000,-0.6024,0.7098
3.0000,-0.6119,0.7030
3.0000,-0.6214,0.6960
3.0000,-0.6308,0.6888
3.0000,-0.6401,0.6816
3.0000,-0.6493,0.6742
3.0000,-0.6584,0.6667
3.0000,-0.6674,0.6591
3.0000,-0.6764,0.6513
3.0000,-0.6852,0.6435
3.0000,-0.6940,0.6355
3.0000,-0.7027,0.6274
3.0000,-0.7113,0.6192
3.0000,-0.7197,0.6108
3.0000,-0.7281,0.6024
3.0000,-0.7364,0.5938
3.0000,-0.7446,0.5851
3.0000,-0.7527,0.5763
3.0000,-0.7607,0.5674
3.0000,-0.7686,0.5584
3.0000,-0.7763,0.5493
3.0000,-0.7840,0.5400
3.0000,-0.7916,0.5307
3.0000,-0.7990,0.5213
3.0000,-0.8063,0.5117
3.0000,-0.8136,0.5021
3.0000,-0.8207,0.4923
3.0000,-0.8276,0.4825
3.0000,-0.8345,0.4725
3.0000,-0.8413,0.4625
3.0000,-0.8479,0.4523
3.0000,-0.8544,0.4421
3.0000,-0.8608,0.4318
3.0000,-0.8670,0.4214
3.0000,-0.8732,0.4109
3.0000,-0.8792,0.4003
3.0000,-0.8850,0.3896
3.0000,-0.8908,0.3788
3.0000,-0.8964,0.3680
3.0000,-0.9019,0.3571
3.0000,-0.9072,0.3461
3.0000,-0.9124,0.3350
3.0000,-0.9175,0.3238
3.0000,-0.9225,0.3126
3.0000,-0.9273,0.3013
3.0000,-0.9319,0.2899
3.0000,-0.9365,0.2785
3.0000,-0.9409,0.2669
3.0000,-0.9451,0.2554
3.0000,-0.9492,0.2437
3.0000,-0.9532,0.2320
3.0000,-0.9570,0.2202
3.0000,-0.9607,0.2084
3.0000,-0.9642,0.1965
3.0000,-0.9676,0.1846
3.0000,-0.9708,0.1726
3.0000,-0.9739,0.1605
3.0000,-0.9768,0.1484
3.0000,-0.9796,0.1363
3.0000,-0.9822,0.1241
3.0000,-0.9847,0.1118
3.0000,-0.9870,0.0996
3.0000,-0.9892,0.0872
3.0000,-0.9912,0.0749
3.0000,-0.9930,0.0625
3.0000,-0.9947,0.0500
3.0000,-0.9963,0.0376
3.0000,-0.9977,0.0251
3.0000,-0.9989,0.0126
3.0000,-1.0000,0.0000
4.0000,0.0000,-0.0010
4.0000,0.0001,-0.0020
4.0000,0.0001,-0.0030
4.0000,0.0002,-0.0040
4.0000,0.0003,-0.0050
4.0000,0.0005,-0.0060
4.0000,0.0006,-0.0070
4.0000,0.0008,-0.0080
4.0000,0.0010,-0.0089
4.0000,0.0013,-0.0099
4.0000,0.0015,-0.0109
4.0000,0.0018,-0.0119
4.0000,0.0021,-0.0128
4.0000,0.0025,-0.0138
4.0000,0.0028,-0.0147
4.0000,0.0032,-0.0157
4.0000,0.0036,-0.0166
4.0000,0.0040,-0.0175
4.0000,0.0045,-0.0185
4.0000,0.0050,-0.0194
4.0000,0.0055,-0.0203
4.0000,0.0060,-0.0212
4.0000,0.0066,-0.0220
4.0000,0.0071,-0.0229
4.0000,0.0077,-0.0238
4.0000,0.0083,-0.0246
4.0000,0.0090,-0.0255
4.0000,0.0097,-0.0263
4.0000,0.0103,-0.0271
4.0000,0.0110,-0.0279
4.0000,0.0118,-0.0287
4.0000,0.0125,-0.0294
4.0000,0.0133,-0.0302
4.0000,0.0141,-0.0309
4.0000,0.0149,-0.0317
4.0000,0.0157,-0.0324
4.0000,0.0166,-0.0331
4.0000,0.0175,-0.0337
4.0000,0.0184,-0.0344
4.0000,0.0193,-0.0351
4.0000,0.0202,-0.0357
4.0000,0.0212,-0.0363
4.0000,0.0221,-0.0369
4.0000,0.0231,-0.0374
4.0000,0.0241,-0.0380
4.0000,0.0251,-0.0385
4.0000,0.0262,-0.0390
4.0000,0.0272,-0.0395
4.0000,0.0283,-0.0400
4.0000,0.0294,-0.0405
4.0000,0.0305,-0.0409
4.0000,0.0316,-0.0413
4.0000,0.0327,-0.0417
4.0000,0.0339,-0.0420
4.0000,0.0351,-0.0424
4.0000,0.0362,-0.0427
4.0000,0.0374,-0.0430
4.0000,0.0386,-0.0433
4.0000,0.0398,-0.0435
4.0000,0.0411,-0.0437
4.0000,0.0423,-0.0439
4.0000,0.0436,-0.0441
4.0000,0.0448,-0.0443
4.0000,0.0461,-0.0444
4.0000,0.0474,-0.0445
4.0000,0.0487,-0.0446
4.0000,0.0500,-0.0446
4.0000,0.0513,-0.0446
4.0000,0.0526,-0.0446
4.0000,0.0539,-0.0446
4.0000,0.0553,-0.0446
4.0000,0.0566,-0.0445
4.0000,0.0580,-0.0444
4.0000,0.0593,-0.0442
4.0000,0.0607,-0.0441
4.0000,0.0620,-0.0439
4.0000,0.0634,-0.0437
4.0000,0.0648,-0.0434
4.0000,0.0662,-0.0432
4.0000,0.0675,-0.0429
4.0000,0.0689,-0.0425
4.0000,0.0703,-0.0422
4.0000,0.0717,-0.0418
4.0000,0.0731,-0.0414
4.0000,0.0745,-0.0409
4.0000,0.0759,-0.0405
4.0000,0.0773,-0.0400
4.0000,0.0787,-0.0395
4.0000,0.0800,-0.0389
4.0000,0.0814,-0.0383
4.0000,0.0828,-0.0377
4.0000,0.0842,-0.0371
4.0000,0.0856,-0.0364
4.0000,0.0870,-0.0357
4.0000,0.0883,-0.0350
4.0000,0.0897,-0.0342
4.0000,0.0911,-0.0334
4.0000,0.0924,-0.0326
4.0000,0.0938,-0.0318
4.0000,0.0951,-0.0309
4.0000,0.0964,-0.0300
4.0000,0.0978,-0.0291
4.0000,0.0991,-0.0281
4.0000,0.1004,-0.0271
4.0000,0.1017,-0.0261
4.0000,0.1030,-0.0251
4.0000,0.1043,-0.0240
4.0000,0.1055,-0.0229
4.0000,0.1068,-0.0218
4.0000,0.1081,-0.0206
4.0000,0.1093,-0.0194
4.0000,0.1105,-0.0182
4.0000,0.1117,-0.0170
4.0000,0.1129,-0.0157
4.0000,0.1141,-0.0144
4.0000,0.1153,-0.0131
4.0000,0.1164,-0.0117
4.0000,0.1175,-0.0104
4.0000,0.1187,-0.0090
4.0000,0.1198,-0.0075
4.0000,0.1208,-0.0061
4.0000,0.1219,-0.0046
4.0000,0.1230,-0.0031
4.0000,0.1240,-0.0016
4.0000,0.1250,-0.0000
4.0000,0.1260,0.0016
4.0000,0.1270,0.0032
4.0000,0.1279,0.0048
4.0000,0.1288,0.0065
4.0000,0.1297,0.0082
4.0000,0.1306,0.0099
4.0000,0.1315,0.0116
4.0000,0.1323,0.0133
4.0000,0.1331,0.0151
4.0000,0.1339,0.0169
4.0000,0.1347,0.0187
4.0000,0.1354,0.0206
4.0000,0.1362,0.0224
4.0000,0.1369,0.0243
4.0000,0.1375,0.0262
4.0000,0.1382,0.0282
4.0000,0.1388,0.0301
4.0000,0.1394,0.0321
4.0000,0.1399,0.0341
4.0000,0.1404,0.0361
4.0000,0.1409,0.0381
4.0000,0.1414,0.0401
4.0000,0.1419,0.0422
4.0000,0.1423,0.0443
4.0000,0.1427,0.0464
4.0000,0.1430,0.0485
4.0000,0.1433,0.0506
4.0000,0.1436,0.0527
4.0000,0.1439,0.0549
4.0000,0.1441,0.0571
4.0000,0.1443,0.0592
4.0000,0.1445,0.0614
4.0000,0.1446,0.0637
4.0000,0.1447,0.0659
4.0000,0.1448,0.0681
4.0000,0.1448,0.0704
4.0000,0.1448,0.0726
4.0000,0.1448,0.0749
4.0000,0.1447,0.0772
4.0000,0.1446,0.0795
4.0000,0.1445,0.0818
4.0000,0.1443,0.0841
4.0000,0.1441,0.0864
4.0000,0.1438,0.0888
4.0000,0.1435,0.0911
4.0000,0.1432,0.0934
4.0000,0.1429,0.0958
4.0000,0.1425,0.0981
4.0000,0.1420,0.1005
4.0000,0.1416,0.1029
4.0000,0.1411,0.1052
4.0000,0.1405,0.1076
4.0000,0.1400,0.1100
4.0000,0.1393,0.1124
4.0000,0.1387,0.1147
4.0000,0.1380,0.1171
4.0000,0.1373,0.1195
4.0000,0.1365,0.1219
4.0000,0.1357,0.1243
4.0000,0.1349,0.1266
4.0000,0.1340,0.1290
4.0000,0.1331,0.1314
4.0000,0.1321,0.1338
4.0000,0.1311,0.1361
4.0000,0.1301,0.1385
4.0000,0.1290,0.1409
4.0000,0.1279,0.1432
4.0000,0.1267,0.1456
4.0000,0.1255,0.1479
4.0000,0.1243,0.1503
4.0000,0.1230,0.1526
4.0000,0.1217,0.1549
4.0000,0.1204,0.1572
4.0000,0.1190,0.1595
4.0000,0.1176,0.1618
4.0000,0.1161,0.1641
4.0000,0.1146,0.1664
4.0000,0.1130,0.1686
4.0000,0.1115,0.1709
4.0000,0.1098,0.1731
4.0000,0.1082,0.1753
4.0000,0.1065,0.1775
4.0000,0.1048,0.1797
4.0000,0.1030,0.1819
4.0000,0.1012,0.1840
4.0000,0.0993,0.1862
4.0000,0.0974,0.1883
4.0000,0.0955,0.1904
4.0000,0.0935,0.1925
4.0000,0.0915,0.1945
4.0000,0.0895,0.1966
4.0000,0.0874,0.1986
4.0000,0.0853,0.2006
4.0000,0.0832,0.2026
4.0000,0.0810,0.2046
4.0000,0.0788,0.2065
4.0000,0.0765,0.2084
4.0000,0.0742,0.2103
4.0000,0.0719,0.2122
4.0000,0.0695,0.2140
4.0000,0.0671,0.2158
4.0000,0.0647,0.2176
4.0000,0.0622,0.2193
4.0000,0.0597,0.2211
4.0000,0.0572,0.2228
4.0000,0.0546,0.2244
4.0000,0.0520,0.2261
4.0000,0.0494,0.2277
4.0000,0.0467,0.2293
4.0000,0.0440,0.2308
4.0000,0.0413,0.2324
4.0000,0.0385,0.2338
4.0000,0.0358,0.2353
4.0000,0.0329,0.2367
4.0000,0.0301,0.2381
4.0000,0.0272,0.2395
4.0000,0.0243,0.2408
4.0000,0.0213,0.2421
4.0000,0.0184,0.2433
4.0000,0.0154,0.2445
4.0000,0.0124,0.2457
4.0000,0.0093,0.2468
4.0000,0.0062,0.2479
4.0000,0.0031,0.2490
4.0000,0.0000,0.2500
4.0000,-0.0032,0.2510
4.0000,-0.0063,0.2519
4.0000,-0.0095,0.2528
4.0000,-0.0128,0.2537
4.0000,-0.0160,0.2545
4.0000,-0.0193,0.2553
4.0000,-0.0226,0.2560
4.0000,-0.0259,0.2567
4.0000,-0.0292,0.2573
4.0000,-0.0326,0.2579
4.0000,-0.0360,0.2585
4.0000,-0.0394,0.2590
4.0000,-0.0428,0.2595
4.0000,-0.0462,0.2599
4.0000,-0.0497,0.2603
4.0000,-0.0531,0.2606
4.0000,-0.0566,0.2609
4.0000,-0.0601,0.2612
4.0000,-0.0636,0.2614
4.0000,-0.0671,0.2615
4.0000,-0.0707,0.2616
4.0000,-0.0742,0.2617
4.0000,-0.0778,0.2617
4.0000,-0.0814,0.2616
4.0000,-0.0850,0.2615
4.0000,-0.0886,0.2614
4.0000,-0.0922,0.2612
4.0000,-0.0958,0.2610
4.0000,-0.0994,0.2607
4.0000,-0.1031,0.2603
4.0000,-0.1067,0.2599
4.0000,-0.1104,0.2595
4.0000,-0.1140,0.2590
4.0000,-0.1177,0.2585
4.0000,-0.1213,0.2579
4.0000,-0.1250,0.2572
4.0000,-0.1287,0.2565
4.0000,-0.1324,0.2558
4.0000,-0.1360,0.2550
4.0000,-0.1397,0.2541
4.0000,-0.1434,0.2532
4.0000,-0.1471,0.2523
4.0000,-0.1507,0.2513
4.0000,-0.1544,0.2502
4.0000,-0.1581,0.2491
4.0000,-0.1617,0.2479
4.0000,-0.1654,0.2467
4.0000,-0.1690,0.2454
4.0000,-0.1727,0.2441
4.0000,-0.1763,0.2427
4.0000,-0.1800,0.2413
4.0000,-0.1836,0.2398
4.0000,-0.1872,0.2382
4.0000,-0.1908,0.2367
4.0000,-0.1944,0.2350
4.0000,-0.1980,0.2333
4.0000,-0.2016,0.2316
4.0000,-0.2051,0.2297
4.0000,-0.2087,0.2279
4.0000,-0.2122,0.2260
4.0000,-0.2157,0.2240
4.0000,-0.2192,0.2220
4.0000,-0.2227,0.2199
4.0000,-0.2262,0.2178
4.0000,-0.2296,0.2156
4.0000,-0.2331,0.2134
4.0000,-0.2365,0.2111
4.0000,-0.2399,0.2088
4.0000,-0.2432,0.2064
4.0000,-0.2466,0.2040
4.0000,-0.2499,0.2015
4.0000,-0.2532,0.1990
4.0000,-0.2565,0.1964
4.0000,-0.2597,0.1937
4.0000,-0.2629,0.1910
4.0000,-0.2661,0.1883
4.0000,-0.2693,0.1855
4.0000,-0.2724,0.1827
4.0000,-0.2755,0.1798
4.0000,-0.2786,0.1768
4.0000,-0.2817,0.1738
4.0000,-0.2847,0.1708
4.0000,-0.2877,0.1677
4.0000,-0.2906,0.1646
4.0000,-0.2936,0.1614
4.0000,-0.2964,0.1582
4.0000,-0.2993,0.1549
4.0000,-0.3021,0.1516
4.0000,-0.3049,0.1482
4.0000,-0.3076,0.1448
4.0000,-0.3103,0.1413
4.0000,-0.3130,0.1378
4.0000,-0.3156,0.1342
4.0000,-0.3182,0.1306
4.0000,-0.3208,0.1270
4.0000,-0.3233,0.1233
4.0000,-0.3257,0.1196
4.0000,-0.3282,0.1158
4.0000,-0.3305,0.1120
4.0000,-0.3329,0.1082
4.0000,-0.3352,0.1043
4.0000,-0.3374,0.1003
4.0000,-0.3396,0.0964
4.0000,-0.3417,0.0923
4.0000,-0.3438,0.0883
4.0000,-0.3459,0.0842
4.0000,-0.3479,0.0801
4.0000,-0.3499,0.0759
4.0000,-0.3518,0.0717
4.0000,-0.3536,0.0675
4.0000,-0.3554,0.0632
4.0000,-0.3572,0.0589
4.0000,-0.3589,0.0545
4.0000,-0.3605,0.0502
4.0000,-0.3621,0.0457
4.0000,-0.3637,0.0413
4.0000,-0.3651,0.0368
4.0000,-0.3666,0.0323
4.0000,-0.3680,0.0278
4.0000,-0.3693,0.0232
4.0000,-0.3705,0.0186
4.0000,-0.3717,0.0140
4.0000,-0.3729,0.0094
4.0000,-0.3740,0.0047
4.0000,-0.3750,0.0000
4.0000,-0.3760,-0.0047
4.0000,-0.3769,-0.0095
4.0000,-0.3777,-0.0142
4.0000,-0.3785,-0.0190
4.0000,-0.3793,-0.0239
4.0000,-0.3799,-0.0287
4.0000,-0.3805,-0.0336
4.0000,-0.3811,-0.0384
4.0000,-0.3815,-0.0433
4.0000,-0.3820,-0.0483
4.0000,-0.3823,-0.0532
4.0000,-0.3826,-0.0581
4.0000,-0.3828,-0.0631
4.0000,-0.3830,-0.0681
4.0000,-0.3831,-0.0731
4.0000,-0.3831,-0.0781
4.0000,-0.3831,-0.0831
4.0000,-0.3830,-0.0881
4.0000,-0.3828,-0.0932
4.0000,-0.3826,-0.0982
4.0000,-0.3823,-0.1033
4.0000,-0.3819,-0.1084
4.0000,-0.3815,-0.1134
4.0000,-0.3810,-0.1185
4.0000,-0.3804,-0.1236
4.0000,-0.3798,-0.1287
4.0000,-0.3791,-0.1338
4.0000,-0.3783,-0.1389
4.0000,-0.3775,-0.1440
4.0000,-0.3766,-0.1491
4.0000,-0.3756,-0.1542
4.0000,-0.3745,-0.1593
4.0000,-0.3734,-0.1644
4.0000,-0.3722,-0.1695
4.0000,-0.3710,-0.1746
4.0000,-0.3697,-0.1797
4.0000,-0.3683,-0.1847
4.0000,-0.3668,-0.1898
4.0000,-0.3653,-0.1949
4.0000,-0.3637,-0.1999
4.0000,-0.3620,-0.2050
4.0000,-0.3603,-0.2100
4.0000,-0.3584,-0.2150
4.0000,-0.3566,-0.2200
4.0000,-0.3546,-0.2250
4.0000,-0.3526,-0.2300
4.0000,-0.3505,-0.2350
4.0000,-0.3484,-0.2400
4.0000,-0.3461,-0.2449
4.0000,-0.3438,-0.2498
4.0000,-0.3415,-0.2547
4.0000,-0.3390,-0.2596
4.0000,-0.3365,-0.2644
4.0000,-0.3340,-0.2693
4.0000,-0.3313,-0.2741
4.0000,-0.3286,-0.2789
4.0000,-0.3258,-0.2836
4.0000,-0.3230,-0.2884
4.0000,-0.3201,-0.2931
4.0000,-0.3171,-0.2978
4.0000,-0.3141,-0.3024
4.0000,-0.3109,-0.3071
4.0000,-0.3078,-0.3117
4.0000,-0.3045,-0.3162
4.0000,-0.3012,-0.3207
4.0000,-0.2978,-0.3252
4.0000,-0.2944,-0.3297
4.0000,-0.2909,-0.3341
4.0000,-0.2873,-0.3385
4.0000,-0.2837,-0.3429
4.0000,-0.2800,-0.3472
4.0000,-0.2762,-0.3515
4.0000,-0.2724,-0.3557
4.0000,-0.2685,-0.3599
4.0000,-0.2645,-0.3641
4.0000,-0.2605,-0.3682
4.0000,-0.2564,-0.3722
4.0000,-0.2523,-0.3763
4.0000,-0.2481,-0.3802
4.0000,-0.2438,-0.3842
4.0000,-0.2395,-0.3881
4.0000,-0.2351,-0.3919
4.0000,-0.2307,-0.3957
4.0000,-0.2262,-0.3994
4.0000,-0.2216,-0.4031
4.0000,-0.2170,-0.4067
4.0000,-0.2123,-0.4103
4.0000,-0.2076,-0.4138
4.0000,-0.2028,-0.4173
4.0000,-0.1980,-0.4207
4.0000,-0.1931,-0.4241
4.0000,-0.1882,-0.4274
4.0000,-0.1832,-0.4307
4.0000,-0.1781,-0.4339
4.0000,-0.1730,-0.4370
4.0000,-0.1679,-0.4401
4.0000,-0.1627,-0.4431
4.0000,-0.1574,-0.4460
4.0000,-0.1521,-0.4489
4.0000,-0.1468,-0.4518
4.0000,-0.1414,-0.4545
4.0000,-0.1360,-0.4572
4.0000,-0.1305,-0.4598
4.0000,-0.1249,-0.4624
4.0000,-0.1194,-0.4649
4.0000,-0.1138,-0.4674
4.0000,-0.1081,-0.4697
4.0000,-0.1024,-0.4720
4.0000,-0.0967,-0.4742
4.0000,-0.0909,-0.4764
4.0000,-0.0851,-0.4785
4.0000,-0.0792,-0.4805
4.0000,-0.0733,-0.4825
4.0000,-0.0674,-0.4843
4.0000,-0.0614,-0.4861
4.0000,-0.0554,-0.4879
4.0000,-0.0494,-0.4895
4.0000,-0.0433,-0.4911
4.0000,-0.0372,-0.4926
4.0000,-0.0311,-0.4940
4.0000,-0.0249,-0.4954
4.0000,-0.0187,-0.4966
4.0000,-0.0125,-0.4978
4.0000,-0.0063,-0.4990
4.0000,0.0000,-0.5000
4.0000,0.0063,-0.5010
4.0000,0.0126,-0.5018
4.0000,0.0190,-0.5026
4.0000,0.0253,-0.5034
4.0000,0.0317,-0.5040
4.0000,0.0381,-0.5046
4.0000,0.0445,-0.5050
4.0000,0.0510,-0.5054
4.0000,0.0574,-0.5057
4.0000,0.0639,-0.5060
4.0000,0.0704,-0.5061
4.0000,0.0769,-0.5062
4.0000,0.0834,-0.5062
4.0000,0.0900,-0.5061
4.0000,0.0965,-0.5059
4.0000,0.1031,-0.5056
4.0000,0.1096,-0.5052
4.0000,0.1162,-0.5048
4.0000,0.1227,-0.5043
4.0000,0.1293,-0.5037
4.0000,0.1359,-0.5030
4.0000,0.1425,-0.5022
4.0000,0.1491,-0.5013
4.0000,0.1556,-0.5003
4.0000,0.1622,-0.4993
4.0000,0.1688,-0.4982
4.0000,0.1754,-0.4970
4.0000,0.1820,-0.4957
4.0000,0.1885,-0.4943
4.0000,0.1951,-0.4928
4.0000,0.2017,-0.4912
4.0000,0.2082,-0.4896
4.0000,0.2147,-0.4878
4.0000,0.2213,-0.4860
4.0000,0.2278,-0.4841
4.0000,0.2343,-0.4821
4.0000,0.2408,-0.4800
4.0000,0.2473,-0.4778
4.0000,0.2537,-0.4756
4.0000,0.2601,-0.4732
4.0000,0.2666,-0.4708
4.0000,0.2730,-0.4682
4.0000,0.2793,-0.4656
4.0000,0.2857,-0.4629
4.0000,0.2920,-0.4602
4.0000,0.2983,-0.4573
4.0000,0.3046,-0.4543
4.0000,0.3109,-0.4513
4.0000,0.3171,-0.4482
4.0000,0.3233,-0.4450
4.0000,0.3294,-0.4417
4.0000,0.3356,-0.4383
4.0000,0.3417,-0.4348
4.0000,0.3477,-0.4313
4.0000,0.3538,-0.4276
4.0000,0.3598,-0.4239
4.0000,0.3657,-0.4201
4.0000,0.3716,-0.4162
4.0000,0.3775,-0.4123
4.0000,0.3833,-0.4082
4.0000,0.3891,-0.4041
4.0000,0.3949,-0.3999
4.0000,0.4006,-0.3956
4.0000,0.4063,-0.3912
4.0000,0.4119,-0.3868
4.0000,0.4174,-0.3822
4.0000,0.4229,-0.3776
4.0000,0.4284,-0.3729
4.0000,0.4338,-0.3682
4.0000,0.4392,-0.3633
4.0000,0.4445,-0.3584
4.0000,0.4498,-0.3534
4.0000,0.4550,-0.3483
4.0000,0.4601,-0.3432
4.0000,0.4652,-0.3380
4.0000,0.4702,-0.3327
4.0000,0.4752,-0.3273
4.0000,0.4801,-0.3219
4.0000,0.4849,-0.3164
4.0000,0.4897,-0.3108
4.0000,0.4944,-0.3051
4.0000,0.4991,-0.2994
4.0000,0.5037,-0.2936
4.0000,0.5082,-0.2878
4.0000,0.5126,-0.2818
4.0000,0.5170,-0.2758
4.0000,0.5213,-0.2698
4.0000,0.5256,-0.2636
4.0000,0.5297,-0.2575
4.0000,0.5338,-0.2512
4.0000,0.5379,-0.2449
4.0000,0.5418,-0.2385
4.0000,0.5457,-0.2321
4.0000,0.5495,-0.2256
4.0000,0.5532,-0.2190
4.0000,0.5569,-0.2124
4.0000,0.5604,-0.2058
4.0000,0.5639,-0.1990
4.0000,0.5673,-0.1922
4.0000,0.5706,-0.1854
4.0000,0.5739,-0.1785
4.0000,0.5770,-0.1716
4.0000,0.5801,-0.1646
4.0000,0.5831,-0.1575
4.0000,0.5860,-0.1505
4.0000,0.5888,-0.1433
4.0000,0.5915,-0.1361
4.0000,0.5942,-0.1289
4.0000,0.5967,-0.1216
4.0000,0.5992,-0.1143
4.0000,0.6016,-0.1069
4.0000,0.6039,-0.0995
4.0000,0.6060,-0.0921
4.0000,0.6081,-0.0846
4.0000,0.6102,-0.0771
4.0000,0.6121,-0.0695
4.0000,0.6139,-0.0619
4.0000,0.6156,-0.0543
4.0000,0.6172,-0.0466
4.0000,0.6188,-0.0389
4.0000,0.6202,-0.0312
4.0000,0.6216,-0.0234
4.0000,0.6228,-0.0157
4.0000,0.6240,-0.0078
4.0000,0.6250,-0.0000
4.0000,0.6260,0.0079
4.0000,0.6268,0.0158
4.0000,0.6276,0.0237
4.0000,0.6282,0.0316
4.0000,0.6288,0.0396
4.0000,0.6292,0.0475
4.0000,0.6296,0.0555
4.0000,0.6298,0.0635
4.0000,0.6299,0.0716
4.0000,0.6300,0.0796
4.0000,0.6299,0.0876
4.0000,0.6298,0.0957
4.0000,0.6295,0.1038
4.0000,0.6291,0.1118
4.0000,0.6287,0.1199
4.0000,0.6281,0.1280
4.0000,0.6274,0.1361
4.0000,0.6266,0.1442
4.0000,0.6257,0.1523
4.0000,0.6247,0.1604
4.0000,0.6236,0.1685
4.0000,0.6224,0.1766
4.0000,0.6211,0.1847
4.0000,0.6197,0.1928
4.0000,0.6182,0.2009
4.0000,0.6166,0.2089
4.0000,0.6148,0.2170
4.0000,0.6130,0.2251
4.0000,0.6111,0.2331
4.0000,0.6090,0.2411
4.0000,0.6069,0.2491
4.0000,0.6046,0.2571
4.0000,0.6022,0.2651
4.0000,0.5998,0.2731
4.0000,0.5972,0.2810
4.0000,0.5945,0.2889
4.0000,0.5917,0.2968
4.0000,0.5888,0.3047
4.0000,0.5858,0.3125
4.0000,0.5827,0.3204
4.0000,0.5795,0.3282
4.0000,0.5762,0.3359
4.0000,0.5728,0.3436
4.0000,0.5693,0.3513
4.0000,0.5657,0.3590
4.0000,0.5620,0.3666
4.0000,0.5582,0.3742
4.0000,0.5542,0.3818
4.0000,0.5502,0.3893
4.0000,0.5461,0.3968
4.0000,0.5419,0.4042
4.0000,0.5375,0.4116
4.0000,0.5331,0.4189
4.0000,0.5286,0.4262
4.0000,0.5239,0.4334
4.0000,0.5192,0.4406
4.0000,0.5144,0.4478
4.0000,0.5095,0.4549
4.0000,0.5045,0.4619
4.0000,0.4993,0.4689
4.0000,0.4941,0.4758
4.0000,0.4888,0.4827
4.0000,0.4834,0.4895
4.0000,0.4779,0.4963
4.0000,0.4723,0.5030
4.0000,0.4667,0.5096
4.0000,0.4609,0.5162
4.0000,0.4550,0.5227
4.0000,0.4491,0.5291
4.0000,0.4430,0.5355
4.0000,0.4369,0.5418
4.0000,0.4306,0.5480
4.0000,0.4243,0.5542
4.0000,0.4179,0.5603
4.0000,0.4114,0.5663
4.0000,0.4049,0.5723
4.0000,0.3982,0.5781
4.0000,0.3915,0.5839
4.0000,0.3847,0.5896
4.0000,0.3778,0.5953
4.0000,0.3708,0.6008
4.0000,0.3637,0.6063
4.0000,0.3566,0.6117
4.0000,0.3493,0.6170
4.0000,0.3420,0.6222
4.0000,0.3347,0.6273
4.0000,0.3272,0.6324
4.0000,0.3197,0.6373
4.0000,0.3121,0.6422
4.0000,0.3044,0.6470
4.0000,0.2967,0.6516
4.0000,0.2889,0.6562
4.0000,0.2810,0.6607
4.0000,0.2731,0.6651
4.0000,0.2650,0.6694
4.0000,0.2570,0.6737
4.0000,0.2488,0.6778
4.0000,0.2406,0.6818
4.0000,0.2324,0.6857
4.0000,0.2240,0.6895
4.0000,0.2157,0.6932
4.0000,0.2072,0.6968
4.0000,0.1987,0.7004
4.0000,0.1902,0.7038
4.0000,0.1815,0.7071
4.0000,0.1729,0.7103
4.0000,0.1642,0.7134
4.0000,0.1554,0.7163
4.0000,0.1466,0.7192
4.0000,0.1377,0.7220
4.0000,0.1288,0.7246
4.0000,0.1199,0.7272
4.0000,0.1109,0.7296
4.0000,0.1018,0.7320
4.0000,0.0927,0.7342
4.0000,0.0836,0.7363
4.0000,0.0745,0.7383
4.0000,0.0653,0.7401
4.0000,0.0560,0.7419
4.0000,0.0468,0.7435
4.0000,0.0375,0.7451
4.0000,0.0282,0.7465
4.0000,0.0188,0.7478
4.0000,0.0094,0.7489
4.0000,0.0000,0.7500
4.0000,-0.0094,0.7509
4.0000,-0.0189,0.7518
4.0000,-0.0284,0.7525
4.0000,-0.0379,0.7530
4.0000,-0.0474,0.7535
4.0000,-0.0569,0.7539
4.0000,-0.0665,0.7541
4.0000,-0.0761,0.7542
4.0000,-0.0857,0.7542
4.0000,-0.0953,0.7540
4.0000,-0.1049,0.7537
4.0000,-0.1145,0.7534
4.0000,-0.1241,0.7528
4.0000,-0.1337,0.7522
4.0000,-0.1433,0.7514
4.0000,-0.1530,0.7506
4.0000,-0.1626,0.7496
4.0000,-0.1722,0.7484
4.0000,-0.1819,0.7472
4.0000,-0.1915,0.7458
4.0000,-0.2011,0.7443
4.0000,-0.2107,0.7427
4.0000,-0.2203,0.7409
4.0000,-0.2299,0.7391
4.0000,-0.2395,0.7371
4.0000,-0.2491,0.7349
4.0000,-0.2586,0.7327
4.0000,-0.2681,0.7303
4.0000,-0.2776,0.7278
4.0000,-0.2871,0.7252
4.0000,-0.2966,0.7225
4.0000,-0.3061,0.7196
4.0000,-0.3155,0.7166
4.0000,-0.3249,0.7135
4.0000,-0.3342,0.7103
4.0000,-0.3436,0.7069
4.0000,-0.3529,0.7035
4.0000,-0.3621,0.6999
4.0000,-0.3714,0.6961
4.0000,-0.3806,0.6923
4.0000,-0.3897,0.6883
4.0000,-0.3989,0.6842
4.0000,-0.4080,0.6800
4.0000,-0.4170,0.6757
4.0000,-0.4260,0.6712
4.0000,-0.4349,0.6667
4.0000,-0.4438,0.6620
4.0000,-0.4527,0.6572
4.0000,-0.4615,0.6523
4.0000,-0.4702,0.6472
4.0000,-0.4789,0.6421
4.0000,-0.4876,0.6368
4.0000,-0.4961,0.6314
4.0000,-0.5047,0.6259
4.0000,-0.5131,0.6203
4.0000,-0.5215,0.6145
4.0000,-0.5299,0.6087
4.0000,-0.5381,0.6027
4.0000,-0.5463,0.5966
4.0000,-0.5545,0.5905
4.0000,-0.5626,0.5842
4.0000,-0.5706,0.5778
4.0000,-0.5785,0.5713
4.0000,-0.5863,0.5646
4.0000,-0.5941,0.5579
4.0000,-0.6018,0.5511
4.0000,-0.6094,0.5441
4.0000,-0.6170,0.5371
4.0000,-0.6244,0.5299
4.0000,-0.6318,0.5227
4.0000,-0.6391,0.5153
4.0000,-0.6463,0.5079
4.0000,-0.6535,0.5003
4.0000,-0.6605,0.4927
4.0000,-0.6674,0.4849
4.0000,-0.6743,0.4771
4.0000,-0.6811,0.4691
4.0000,-0.6877,0.4611
4.0000,-0.6943,0.4530
4.0000,-0.7008,0.4447
4.0000,-0.7072,0.4364
4.0000,-0.7135,0.4280
4.0000,-0.7196,0.4195
4.0000,-0.7257,0.4109
4.0000,-0.7317,0.4023
4.0000,-0.7376,0.3935
4.0000,-0.7434,0.3847
4.0000,-0.7490,0.3757
4.0000,-0.7546,0.3667
4.0000,-0.7601,0.3577
4.0000,-0.7654,0.3485
4.0000,-0.7706,0.3392
4.0000,-0.7758,0.3299
4.0000,-0.7808,0.3205
4.0000,-0.7857,0.3111
4.0000,-0.7904,0.3015
4.0000,-0.7951,0.2919
4.0000,-0.7997,0.2822
4.0000,-0.8041,0.2725
4.0000,-0.8084,0.2627
4.0000,-0.8126,0.2528
4.0000,-0.8167,0.2428
4.0000,-0.8206,0.2328
4.0000,-0.8244,0.2228
4.0000,-0.8281,0.2126
4.0000,-0.8317,0.2024
4.0000,-0.8352,0.1922
4.0000,-0.8385,0.1819
4.0000,-0.8417,0.1716
4.0000,-0.8448,0.1611
4.0000,-0.8477,0.1507
4.0000,-0.8505,0.1402
4.0000,-0.8532,0.1296
4.0000,-0.8558,0.1191
4.0000,-0.8582,0.1084
4.0000,-0.8605,0.0977
4.0000,-0.8626,0.0870
4.0000,-0.8646,0.0763
4.0000,-0.8665,0.0655
4.0000,-0.8683,0.0546
4.0000,-0.8699,0.0438
4.0000,-0.8714,0.0329
4.0000,-0.8727,0.0219
4.0000,-0.8739,0.0110
4.0000,-0.8750,0.0000
4.0000,-0.8759,-0.0110
4.0000,-0.8767,-0.0220
4.0000,-0.8774,-0.0331
4.0000,-0.8779,-0.0442
4.0000,-0.8783,-0.0553
4.0000,-0.8785,-0.0664
4.0000,-0.8786,-0.0775
4.0000,-0.8785,-0.0886
4.0000,-0.8784,-0.0998
4.0000,-0.8780,-0.1109
4.0000,-0.8775,-0.1221
4.0000,-0.8769,-0.1333
4.0000,-0.8762,-0.1444
4.0000,-0.8753,-0.1556
4.0000,-0.8742,-0.1668
4.0000,-0.8731,-0.1779
4.0000,-0.8717,-0.1891
4.0000,-0.8703,-0.2003
4.0000,-0.8686,-0.2114
4.0000,-0.8669,-0.2226
4.0000,-0.8650,-0.2337
4.0000,-0.8629,-0.2448
4.0000,-0.8608,-0.2559
4.0000,-0.8584,-0.2670
4.0000,-0.8560,-0.2781
4.0000,-0.8533,-0.2892
4.0000,-0.8506,-0.3002
4.0000,-0.8477,-0.3112
4.0000,-0.8446,-0.3222
4.0000,-0.8414,-0.3332
4.0000,-0.8381,-0.3441
4.0000,-0.8347,-0.3550
4.0000,-0.8310,-0.3658
4.0000,-0.8273,-0.3767
4.0000,-0.8234,-0.3875
4.0000,-0.8194,-0.3982
4.0000,-0.8152,-0.4089
4.0000,-0.8109,-0.4196
4.0000,-0.8064,-0.4302
4.0000,-0.8018,-0.4408
4.0000,-0.7971,-0.4513
4.0000,-0.7922,-0.4618
4.0000,-0.7872,-0.4723
4.0000,-0.7821,-0.4826
4.0000,-0.7768,-0.4930
4.0000,-0.7714,-0.5032
4.0000,-0.7658,-0.5134
4.0000,-0.7601,-0.5236
4.0000,-0.7543,-0.5337
4.0000,-0.7483,-0.5437
4.0000,-0.7423,-0.5537
4.0000,-0.7360,-0.5636
4.0000,-0.7297,-0.5734
4.0000,-0.7232,-0.5831
4.0000,-0.7166,-0.5928
4.0000,-0.7098,-0.6024
4.0000,-0.7030,-0.6119
4.0000,-0.6960,-0.6214
4.0000,-0.6888,-0.6308
4.0000,-0.6816,-0.6401
4.0000,-0.6742,-0.6493
4.0000,-0.6667,-0.6584
4.0000,-0.6591,-0.6674
4.0000,-0.6513,-0.6764
4.0000,-0.6435,-0.6852
4.0000,-0.6355,-0.6940
4.0000,-0.6274,-0.7027
4.0000,-0.6192,-0.7113
4.0000,-0.6108,-0.7197
4.0000,-0.6024,-0.7281
4.0000,-0.5938,-0.7364
4.0000,-0.5851,-0.7446
4.0000,-0.5763,-0.7527
4.0000,-0.5674,-0.7607
4.0000,-0.5584,-0.7686
4.0000,-0.5493,-0.7763
4.0000,-0.5400,-0.7840
4.0000,-0.5307,-0.7916
4.0000,-0.5213,-0.7990
4.0000,-0.5117,-0.8063
4.0000,-0.5021,-0.8136
4.0000,-0.4923,-0.8207
4.0000,-0.4825,-0.8276
4.0000,-0.4725,-0.8345
4.0000,-0.4625,-0.8413
4.0000,-0.4523,-0.8479
4.0000,-0.4421,-0.8544
4.0000,-0.4318,-0.8608
4.0000,-0.4214,-0.8670
4.0000,-0.4109,-0.8732
4.0000,-0.4003,-0.8792
4.0000,-0.3896,-0.8850
4.0000,-0.3788,-0.8908
4.0000,-0.3680,-0.8964
4.0000,-0.3571,-0.9019
4.0000,-0.3461,-0.9072
4.0000,-0.3350,-0.9124
4.0000,-0.3238,-0.9175
4.0000,-0.3126,-0.9225
4.0000,-0.3013,-0.9273
4.0000,-0.2899,-0.9319
4.0000,-0.2785,-0.9365
4.0000,-0.2669,-0.9409
4.0000,-0.2554,-0.9451
4.0000,-0.2437,-0.9492
4.0000,-0.2320,-0.9532
4.0000,-0.2202,-0.9570
4.0000,-0.2084,-0.9607
4.0000,-0.1965,-0.9642
4.0000,-0.1846,-0.9676
4.0000,-0.1726,-0.9708
4.0000,-0.1605,-0.9739
4.0000,-0.1484,-0.9768
4.0000,-0.1363,-0.9796
4.0000,-0.1241,-0.9822
4.0000,-0.1118,-0.9847
4.0000,-0.0996,-0.9870
4.0000,-0.0872,-0.9892
4.0000,-0.0749,-0.9912
4.0000,-0.0625,-0.9930
4.0000,-0.0500,-0.9947
4.0000,-0.0376,-0.9963
4.0000,-0.0251,-0.9977
4.0000,-0.0126,-0.9989
4.0000,-0.0000,-1.0000
