1.0000,-0.0184,-0.0194
1.0000,0.0222,0.0202
1.0000,0.0246,0.0216
1.0000,-0.0208,-0.0247
1.0000,-0.0242,-0.0290
1.0000,0.0039,-0.0019
1.0000,0.0241,0.0174
1.0000,0.0025,-0.0050
1.0000,0.0402,0.0317
1.0000,0.0071,-0.0023
1.0000,0.0303,0.0201
1.0000,-0.0028,-0.0138
1.0000,0.0251,0.0132
1.0000,-0.0165,-0.0292
1.0000,-0.0092,-0.0227
1.0000,0.0102,-0.0041
1.0000,-0.0101,-0.0252
1.0000,0.0179,0.0021
1.0000,0.0012,-0.0154
1.0000,0.0312,0.0138
1.0000,0.0420,0.0239
1.0000,-0.0055,-0.0242
1.0000,0.0234,0.0040
1.0000,0.0383,0.0182
1.0000,0.0509,0.0301
1.0000,0.0489,0.0275
1.0000,0.0347,0.0126
1.0000,-0.0022,-0.0249
1.0000,0.0228,-0.0005
1.0000,0.0302,0.0064
1.0000,0.0282,0.0038
1.0000,0.0470,0.0220
1.0000,0.0272,0.0017
1.0000,0.0132,-0.0128
1.0000,0.0562,0.0297
1.0000,0.0470,0.0200
1.0000,0.0269,-0.0006
1.0000,0.0054,-0.0225
1.0000,0.0367,0.0083
1.0000,0.0549,0.0261
1.0000,0.0253,-0.0039
1.0000,0.0346,0.0050
1.0000,0.0695,0.0395
1.0000,0.0263,-0.0040
1.0000,0.0417,0.0110
1.0000,0.0209,-0.0101
1.0000,0.0605,0.0292
1.0000,0.0718,0.0403
1.0000,0.0319,0.0000
1.0000,0.0478,0.0157
1.0000,0.0420,0.0096
1.0000,0.0772,0.0446
1.0000,0.0596,0.0269
1.0000,0.0285,-0.0045
1.0000,0.0756,0.0425
1.0000,0.0211,-0.0121
1.0000,0.0824,0.0490
1.0000,0.0372,0.0037
1.0000,0.0835,0.0499
1.0000,0.0700,0.0363
1.0000,0.0779,0.0442
1.0000,0.0451,0.0113
1.0000,0.0645,0.0307
1.0000,0.0633,0.0294
1.0000,0.0719,0.0380
1.0000,0.0500,0.0162
1.0000,0.0492,0.0154
1.0000,0.0361,0.0024
1.0000,0.0918,0.0582
1.0000,0.0779,0.0444
1.0000,0.0780,0.0446
1.0000,0.0737,0.0404
1.0000,0.0822,0.0491
1.0000,0.0880,0.0551
1.0000,0.0863,0.0536
1.0000,0.0496,0.0170
1.0000,0.0525,0.0201
1.0000,0.0423,0.0101
1.0000,0.0560,0.0241
1.0000,0.0604,0.0288
1.0000,0.0717,0.0404
1.0000,0.0827,0.0518
1.0000,0.1016,0.0709
1.0000,0.0451,0.0148
1.0000,0.0756,0.0457
1.0000,0.0978,0.0683
1.0000,0.0953,0.0662
1.0000,0.0555,0.0269
1.0000,0.1007,0.0724
1.0000,0.1046,0.0769
1.0000,0.1077,0.0804
1.0000,0.1079,0.0812
1.0000,0.0922,0.0659
1.0000,0.0616,0.0358
1.0000,0.0799,0.0547
1.0000,0.0701,0.0455
1.0000,0.1036,0.0796
1.0000,0.0899,0.0665
1.0000,0.0555,0.0327
1.0000,0.0851,0.0629
1.0000,0.0643,0.0428
1.0000,0.0754,0.0547
1.0000,0.0821,0.0621
1.0000,0.0778,0.0585
1.0000,0.0936,0.0749
1.0000,0.0695,0.0516
1.0000,0.0873,0.0702
1.0000,0.0816,0.0653
1.0000,0.1120,0.0965
1.0000,0.0612,0.0466
1.0000,0.0853,0.0715
1.0000,0.0554,0.0424
1.0000,0.0903,0.0783
1.0000,0.0838,0.0727
1.0000,0.0802,0.0700
1.0000,0.0586,0.0493
1.0000,0.0867,0.0784
1.0000,0.0891,0.0818
1.0000,0.0960,0.0897
1.0000,0.0935,0.0881
1.0000,0.0831,0.0788
1.0000,0.1024,0.0991
1.0000,0.1014,0.0992
1.0000,0.0680,0.0669
1.0000,0.0657,0.0657
1.0000,0.1118,0.1129
1.0000,0.0632,0.0655
1.0000,0.1149,0.1183
1.0000,0.0874,0.0920
1.0000,0.0869,0.0927
1.0000,0.0632,0.0702
1.0000,0.0608,0.0690
1.0000,0.0727,0.0822
1.0000,0.0889,0.0997
1.0000,0.0846,0.0966
1.0000,0.0959,0.1092
1.0000,0.0593,0.0739
1.0000,0.1083,0.1242
1.0000,0.0995,0.1167
1.0000,0.1081,0.1267
1.0000,0.0910,0.1110
1.0000,0.0852,0.1067
1.0000,0.0949,0.1177
1.0000,0.0710,0.0953
1.0000,0.0798,0.1055
1.0000,0.0854,0.1125
1.0000,0.0938,0.1225
1.0000,0.0898,0.1199
1.0000,0.0702,0.1019
1.0000,0.0973,0.1305
1.0000,0.0708,0.1055
1.0000,0.0756,0.1119
1.0000,0.0661,0.1039
1.0000,0.0932,0.1327
1.0000,0.0900,0.1310
1.0000,0.0769,0.1196
1.0000,0.1164,0.1608
1.0000,0.0723,0.1183
1.0000,0.1147,0.1624
1.0000,0.0894,0.1387
1.0000,0.0811,0.1322
1.0000,0.0750,0.1277
1.0000,0.0885,0.1430
1.0000,0.0605,0.1168
1.0000,0.0611,0.1192
1.0000,0.0582,0.1181
1.0000,0.1147,0.1763
1.0000,0.0602,0.1236
1.0000,0.0800,0.1452
1.0000,0.0920,0.1590
1.0000,0.0496,0.1185
1.0000,0.0976,0.1684
1.0000,0.0773,0.1500
1.0000,0.0655,0.1401
1.0000,0.0646,0.1411
1.0000,0.0858,0.1642
1.0000,0.0698,0.1502
1.0000,0.0474,0.1296
1.0000,0.0618,0.1461
1.0000,0.0951,0.1813
1.0000,0.0966,0.1848
1.0000,0.0520,0.1422
1.0000,0.0519,0.1441
1.0000,0.0771,0.1714
1.0000,0.0995,0.1958
1.0000,0.0587,0.1570
1.0000,0.0432,0.1437
1.0000,0.0708,0.1733
1.0000,0.0766,0.1812
1.0000,0.0865,0.1932
1.0000,0.0595,0.1684
1.0000,0.0844,0.1954
1.0000,0.0504,0.1635
1.0000,0.0858,0.2011
1.0000,0.0813,0.1987
1.0000,0.0458,0.1654
1.0000,0.0941,0.2159
1.0000,0.0547,0.1787
1.0000,0.0477,0.1739
1.0000,0.0468,0.1752
1.0000,0.0790,0.2097
1.0000,0.0546,0.1875
1.0000,0.0812,0.2163
1.0000,0.0689,0.2063
1.0000,0.0532,0.1928
1.0000,0.0743,0.2162
1.0000,0.0386,0.1829
1.0000,0.0829,0.2294
1.0000,0.0276,0.1764
1.0000,0.0349,0.1860
1.0000,0.0629,0.2164
1.0000,0.0292,0.1850
1.0000,0.0792,0.2374
1.0000,0.0565,0.2170
1.0000,0.0749,0.2378
1.0000,0.0289,0.1942
1.0000,0.0413,0.2090
1.0000,0.0290,0.1991
1.0000,0.0427,0.2151
1.0000,0.0329,0.2078
1.0000,0.0580,0.2353
1.0000,0.0276,0.2074
1.0000,0.0359,0.2180
1.0000,0.0648,0.2494
1.0000,0.0620,0.2490
1.0000,0.0195,0.2089
1.0000,0.0153,0.2072
1.0000,-0.0004,0.1940
1.0000,0.0258,0.2226
1.0000,0.0335,0.2329
1.0000,0.0275,0.2293
1.0000,0.0510,0.2553
1.0000,0.0461,0.2530
1.0000,0.0387,0.2480
1.0000,0.0459,0.2577
1.0000,0.0331,0.2475
1.0000,0.0109,0.2278
1.0000,0.0249,0.2443
1.0000,0.0353,0.2573
1.0000,0.0368,0.2613
1.0000,0.0431,0.2701
1.0000,0.0213,0.2508
1.0000,0.0079,0.2400
1.0000,0.0043,0.2389
1.0000,-0.0191,0.2181
1.0000,0.0022,0.2420
1.0000,0.0231,0.2654
1.0000,-0.0143,0.2306
1.0000,0.0146,0.2620
1.0000,-0.0142,0.2358
1.0000,-0.0002,0.2523
1.0000,-0.0135,0.2417
1.0000,-0.0195,0.2382
1.0000,-0.0144,0.2459
1.0000,-0.0395,0.2234
1.0000,0.0126,0.2780
1.0000,-0.0347,0.2333
1.0000,-0.0009,0.2698
1.0000,-0.0136,0.2597
1.0000,-0.0441,0.2318
1.0000,-0.0387,0.2398
1.0000,-0.0286,0.2524
1.0000,-0.0031,0.2805
1.0000,-0.0039,0.2823
1.0000,-0.0063,0.2824
1.0000,0.0025,0.2938
1.0000,-0.0577,0.2362
1.0000,-0.0126,0.2839
1.0000,-0.0457,0.2534
1.0000,-0.0577,0.2440
1.0000,-0.0456,0.2586
1.0000,-0.0635,0.2433
1.0000,-0.0480,0.2615
1.0000,-0.0520,0.2600
1.0000,-0.0229,0.2917
1.0000,-0.0631,0.2541
1.0000,-0.0494,0.2704
1.0000,-0.0438,0.2785
1.0000,-0.0252,0.2997
1.0000,-0.0304,0.2971
1.0000,-0.0744,0.2557
1.0000,-0.0399,0.2927
1.0000,-0.0475,0.2877
1.0000,-0.0389,0.2988
1.0000,-0.0878,0.2525
1.0000,-0.0871,0.2558
1.0000,-0.0889,0.2565
1.0000,-0.0753,0.2726
1.0000,-0.0791,0.2714
1.0000,-0.0724,0.2806
1.0000,-0.0945,0.2610
1.0000,-0.1048,0.2533
1.0000,-0.0627,0.2979
1.0000,-0.0714,0.2917
1.0000,-0.0841,0.2815
1.0000,-0.0592,0.3089
1.0000,-0.1069,0.2637
1.0000,-0.0931,0.2799
1.0000,-0.0624,0.3132
1.0000,-0.1199,0.2581
1.0000,-0.1021,0.2784
1.0000,-0.1068,0.2762
1.0000,-0.0869,0.2985
1.0000,-0.1086,0.2792
1.0000,-0.1157,0.2745
1.0000,-0.1066,0.2861
1.0000,-0.0862,0.3090
1.0000,-0.1233,0.2742
1.0000,-0.1126,0.2873
1.0000,-0.1358,0.2666
1.0000,-0.1211,0.2836
1.0000,-0.1271,0.2800
1.0000,-0.1287,0.2808
1.0000,-0.1007,0.3111
1.0000,-0.1399,0.2743
1.0000,-0.1057,0.3108
1.0000,-0.1243,0.2945
1.0000,-0.1111,0.3101
1.0000,-0.1115,0.3120
1.0000,-0.1451,0.2807
1.0000,-0.1479,0.2802
1.0000,-0.1192,0.3111
1.0000,-0.1552,0.2774
1.0000,-0.1477,0.2872
1.0000,-0.1159,0.3212
1.0000,-0.1277,0.3117
1.0000,-0.1501,0.2915
1.0000,-0.1351,0.3087
1.0000,-0.1760,0.2700
1.0000,-0.1491,0.2991
1.0000,-0.1440,0.3064
1.0000,-0.1709,0.2816
1.0000,-0.1771,0.2775
1.0000,-0.1881,0.2687
1.0000,-0.1918,0.2670
1.0000,-0.1630,0.2979
1.0000,-0.1649,0.2982
1.0000,-0.1951,0.2701
1.0000,-0.1695,0.2977
1.0000,-0.1854,0.2838
1.0000,-0.1869,0.2844
1.0000,-0.1907,0.2826
1.0000,-0.1667,0.3086
1.0000,-0.1802,0.2971
1.0000,-0.2122,0.2670
1.0000,-0.2122,0.2690
1.0000,-0.2001,0.2830
1.0000,-0.2142,0.2709
1.0000,-0.1724,0.3146
1.0000,-0.1816,0.3073
1.0000,-0.2084,0.2824
1.0000,-0.2176,0.2751
1.0000,-0.1981,0.2964
1.0000,-0.2352,0.2610
1.0000,-0.2201,0.2780
1.0000,-0.1958,0.3041
1.0000,-0.2023,0.2994
1.0000,-0.2465,0.2569
1.0000,-0.2160,0.2892
1.0000,-0.2351,0.2718
1.0000,-0.2128,0.2958
1.0000,-0.2282,0.2821
1.0000,-0.2337,0.2782
1.0000,-0.2352,0.2784
1.0000,-0.2560,0.2592
1.0000,-0.2364,0.2803
1.0000,-0.2457,0.2727
1.0000,-0.2338,0.2861
1.0000,-0.2348,0.2867
1.0000,-0.2702,0.2528
1.0000,-0.2330,0.2915
1.0000,-0.2722,0.2538
1.0000,-0.2470,0.2804
1.0000,-0.2808,0.2481
1.0000,-0.2338,0.2965
1.0000,-0.2441,0.2877
1.0000,-0.2603,0.2728
1.0000,-0.2997,0.2348
1.0000,-0.2815,0.2543
1.0000,-0.2961,0.2411
1.0000,-0.2505,0.2879
1.0000,-0.2562,0.2835
1.0000,-0.2846,0.2564
1.0000,-0.3132,0.2290
1.0000,-0.2582,0.2852
1.0000,-0.2730,0.2716
1.0000,-0.2964,0.2494
1.0000,-0.3259,0.2210
1.0000,-0.3176,0.2304
1.0000,-0.2938,0.2553
1.0000,-0.3295,0.2207
1.0000,-0.2741,0.2771
1.0000,-0.2759,0.2763
1.0000,-0.3027,0.2505
1.0000,-0.3343,0.2199
1.0000,-0.3218,0.2333
1.0000,-0.2956,0.2605
1.0000,-0.3324,0.2246
1.0000,-0.3165,0.2413
1.0000,-0.3194,0.2393
1.0000,-0.3049,0.2547
1.0000,-0.3171,0.2433
1.0000,-0.3250,0.2362
1.0000,-0.3377,0.2242
1.0000,-0.3352,0.2274
1.0000,-0.3540,0.2093
1.0000,-0.3352,0.2288
1.0000,-0.3134,0.2513
1.0000,-0.3345,0.2308
1.0000,-0.3347,0.2312
1.0000,-0.3723,0.1941
1.0000,-0.3354,0.2316
1.0000,-0.3678,0.1997
1.0000,-0.3794,0.1886
1.0000,-0.3355,0.2330
1.0000,-0.3866,0.1823
1.0000,-0.3526,0.2167
1.0000,-0.3480,0.2217
1.0000,-0.3434,0.2267
1.0000,-0.3678,0.2026
1.0000,-0.4013,0.1694
1.0000,-0.3871,0.1839
1.0000,-0.3715,0.1997
1.0000,-0.3838,0.1876
1.0000,-0.3692,0.2024
1.0000,-0.3900,0.1818
1.0000,-0.3568,0.2152
1.0000,-0.3962,0.1759
1.0000,-0.3659,0.2062
1.0000,-0.3942,0.1779
1.0000,-0.3759,0.1963
1.0000,-0.4147,0.1575
1.0000,-0.4104,0.1617
1.0000,-0.3832,0.1889
1.0000,-0.4063,0.1657
1.0000,-0.4064,0.1655
1.0000,-0.4061,0.1656
1.0000,-0.4298,0.1418
1.0000,-0.4218,0.1496
1.0000,-0.4333,0.1378
1.0000,-0.4228,0.1480
1.0000,-0.4322,0.1383
1.0000,-0.3878,0.1824
1.0000,-0.4395,0.1303
1.0000,-0.4266,0.1428
1.0000,-0.4364,0.1326
1.0000,-0.4339,0.1347
1.0000,-0.4138,0.1543
1.0000,-0.4455,0.1221
1.0000,-0.4452,0.1219
1.0000,-0.4441,0.1224
1.0000,-0.4016,0.1642
1.0000,-0.4407,0.1246
1.0000,-0.4130,0.1516
1.0000,-0.4179,0.1460
1.0000,-0.4334,0.1298
1.0000,-0.4460,0.1164
1.0000,-0.4710,0.0906
1.0000,-0.4212,0.1396
1.0000,-0.4597,0.1003
1.0000,-0.4449,0.1142
1.0000,-0.4593,0.0989
1.0000,-0.4817,0.0755
1.0000,-0.4300,0.1262
1.0000,-0.4739,0.0814
1.0000,-0.4389,0.1153
1.0000,-0.4344,0.1187
1.0000,-0.4617,0.0903
1.0000,-0.4456,0.1053
1.0000,-0.4323,0.1174
1.0000,-0.4424,0.1061
1.0000,-0.4366,0.1107
1.0000,-0.4836,0.0625
1.0000,-0.4514,0.0934
1.0000,-0.4821,0.0614
1.0000,-0.4391,0.1030
1.0000,-0.5006,0.0401
1.0000,-0.4463,0.0930
1.0000,-0.4837,0.0542
1.0000,-0.4579,0.0785
1.0000,-0.4992,0.0357
1.0000,-0.4685,0.0649
1.0000,-0.4794,0.0523
1.0000,-0.4846,0.0456
1.0000,-0.4998,0.0286
1.0000,-0.4670,0.0598
1.0000,-0.4849,0.0402
1.0000,-0.4896,0.0337
1.0000,-0.5039,0.0177
1.0000,-0.4663,0.0535
1.0000,-0.4827,0.0353
1.0000,-0.5121,0.0040
1.0000,-0.4911,0.0231
1.0000,-0.4696,0.0427
1.0000,-0.4998,0.0105
1.0000,-0.5108,-0.0025
1.0000,-0.5215,-0.0152
1.0000,-0.4911,0.0131
1.0000,-0.4767,0.0255
1.0000,-0.4875,0.0125
1.0000,-0.5225,-0.0247
1.0000,-0.5027,-0.0071
1.0000,-0.4886,0.0048
1.0000,-0.5201,-0.0289
1.0000,-0.5232,-0.0343
1.0000,-0.5324,-0.0458
1.0000,-0.4889,-0.0047
1.0000,-0.5200,-0.0382
1.0000,-0.5185,-0.0391
1.0000,-0.5119,-0.0349
1.0000,-0.4832,-0.0087
1.0000,-0.5183,-0.0464
1.0000,-0.5326,-0.0632
1.0000,-0.5208,-0.0540
1.0000,-0.4989,-0.0347
1.0000,-0.5196,-0.0580
1.0000,-0.5457,-0.0868
1.0000,-0.5402,-0.0840
1.0000,-0.5339,-0.0804
1.0000,-0.5435,-0.0928
1.0000,-0.5156,-0.0677
1.0000,-0.5429,-0.0978
1.0000,-0.4960,-0.0538
1.0000,-0.4942,-0.0549
1.0000,-0.5221,-0.0857
1.0000,-0.5507,-0.1173
1.0000,-0.4989,-0.0685
1.0000,-0.5136,-0.0861
1.0000,-0.5228,-0.0984
1.0000,-0.5441,-0.1228
1.0000,-0.5374,-0.1192
1.0000,-0.5411,-0.1261
1.0000,-0.4982,-0.0863
1.0000,-0.5302,-0.1216
1.0000,-0.5156,-0.1102
1.0000,-0.5332,-0.1311
1.0000,-0.4961,-0.0973
1.0000,-0.5340,-0.1385
1.0000,-0.5267,-0.1346
1.0000,-0.5102,-0.1215
1.0000,-0.5103,-0.1249
1.0000,-0.5063,-0.1244
1.0000,-0.5355,-0.1571
1.0000,-0.5025,-0.1276
1.0000,-0.5116,-0.1403
1.0000,-0.4942,-0.1265
1.0000,-0.5272,-0.1631
1.0000,-0.5479,-0.1874
1.0000,-0.5472,-0.1904
1.0000,-0.5528,-0.1996
1.0000,-0.4946,-0.1452
1.0000,-0.5155,-0.1699
1.0000,-0.5349,-0.1930
1.0000,-0.5350,-0.1970
1.0000,-0.5018,-0.1677
1.0000,-0.5461,-0.2158
1.0000,-0.5255,-0.1991
1.0000,-0.5052,-0.1827
1.0000,-0.5050,-0.1865
1.0000,-0.5420,-0.2274
1.0000,-0.5366,-0.2261
1.0000,-0.5077,-0.2013
1.0000,-0.5075,-0.2051
1.0000,-0.5043,-0.2060
1.0000,-0.5152,-0.2211
1.0000,-0.5244,-0.2344
1.0000,-0.4923,-0.2065
1.0000,-0.5116,-0.2300
1.0000,-0.5047,-0.2274
1.0000,-0.5225,-0.2495
1.0000,-0.5262,-0.2574
1.0000,-0.5230,-0.2585
1.0000,-0.5185,-0.2585
1.0000,-0.5335,-0.2778
1.0000,-0.4977,-0.2464
1.0000,-0.5379,-0.2911
1.0000,-0.5325,-0.2901
1.0000,-0.5256,-0.2877
1.0000,-0.5110,-0.2777
1.0000,-0.4944,-0.2656
1.0000,-0.4966,-0.2723
1.0000,-0.5080,-0.2883
1.0000,-0.4762,-0.2612
1.0000,-0.4740,-0.2636
1.0000,-0.5122,-0.3064
1.0000,-0.5137,-0.3127
1.0000,-0.4904,-0.2940
1.0000,-0.5061,-0.3146
1.0000,-0.5218,-0.3350
1.0000,-0.4724,-0.2904
1.0000,-0.5135,-0.3363
1.0000,-0.4748,-0.3025
1.0000,-0.4682,-0.3008
1.0000,-0.4759,-0.3133
1.0000,-0.4814,-0.3238
1.0000,-0.5022,-0.3495
1.0000,-0.4632,-0.3155
1.0000,-0.5044,-0.3616
1.0000,-0.4822,-0.3444
1.0000,-0.5110,-0.3783
1.0000,-0.5132,-0.3855
1.0000,-0.4571,-0.3345
1.0000,-0.4777,-0.3602
1.0000,-0.4957,-0.3833
1.0000,-0.5041,-0.3969
1.0000,-0.4989,-0.3968
1.0000,-0.5042,-0.4073
1.0000,-0.4777,-0.3860
1.0000,-0.5013,-0.4149
1.0000,-0.4412,-0.3600
1.0000,-0.4971,-0.4212
1.0000,-0.4551,-0.3845
1.0000,-0.4542,-0.3889
1.0000,-0.4891,-0.4292
1.0000,-0.4762,-0.4216
1.0000,-0.4662,-0.4169
1.0000,-0.4628,-0.4190
1.0000,-0.4844,-0.4460
1.0000,-0.4704,-0.4374
1.0000,-0.4305,-0.4029
1.0000,-0.4279,-0.4058
1.0000,-0.4289,-0.4123
1.0000,-0.4385,-0.4274
1.0000,-0.4391,-0.4336
1.0000,-0.4256,-0.4256
1.0000,-0.4083,-0.4139
1.0000,-0.4363,-0.4474
1.0000,-0.4587,-0.4754
1.0000,-0.4475,-0.4698
1.0000,-0.4450,-0.4730
1.0000,-0.4413,-0.4749
1.0000,-0.3981,-0.4374
1.0000,-0.4498,-0.4948
1.0000,-0.3969,-0.4476
1.0000,-0.4078,-0.4642
1.0000,-0.4454,-0.5075
1.0000,-0.3848,-0.4526
1.0000,-0.3844,-0.4581
1.0000,-0.4057,-0.4850
1.0000,-0.4241,-0.5093
1.0000,-0.4177,-0.5086
1.0000,-0.3822,-0.4790
1.0000,-0.3702,-0.4729
1.0000,-0.3818,-0.4903
1.0000,-0.3771,-0.4914
1.0000,-0.3814,-0.5016
1.0000,-0.4108,-0.5369
1.0000,-0.3582,-0.4901
1.0000,-0.4072,-0.5451
1.0000,-0.3851,-0.5289
1.0000,-0.3492,-0.4990
1.0000,-0.3727,-0.5283
1.0000,-0.3791,-0.5407
1.0000,-0.3560,-0.5236
1.0000,-0.3516,-0.5252
1.0000,-0.3586,-0.5382
1.0000,-0.3572,-0.5427
1.0000,-0.3583,-0.5498
1.0000,-0.3737,-0.5713
1.0000,-0.3649,-0.5685
1.0000,-0.3792,-0.5888
1.0000,-0.3314,-0.5471
1.0000,-0.3606,-0.5824
1.0000,-0.3374,-0.5652
1.0000,-0.3325,-0.5663
1.0000,-0.3590,-0.5989
1.0000,-0.3523,-0.5983
1.0000,-0.3040,-0.5562
1.0000,-0.3193,-0.5776
1.0000,-0.3244,-0.5887
1.0000,-0.3229,-0.5934
1.0000,-0.3060,-0.5826
1.0000,-0.3273,-0.6100
1.0000,-0.3340,-0.6228
1.0000,-0.3311,-0.6261
1.0000,-0.3152,-0.6163
1.0000,-0.2844,-0.5916
1.0000,-0.2904,-0.6039
1.0000,-0.3062,-0.6258
1.0000,-0.2943,-0.6200
1.0000,-0.2585,-0.5905
1.0000,-0.2534,-0.5915
1.0000,-0.3007,-0.6450
1.0000,-0.2538,-0.6043
1.0000,-0.2685,-0.6251
1.0000,-0.2843,-0.6471
1.0000,-0.2499,-0.6189
1.0000,-0.2883,-0.6634
1.0000,-0.2740,-0.6554
1.0000,-0.2433,-0.6308
1.0000,-0.2484,-0.6422
1.0000,-0.2612,-0.6612
1.0000,-0.2175,-0.6236
1.0000,-0.2104,-0.6227
1.0000,-0.2347,-0.6532
1.0000,-0.2348,-0.6595
1.0000,-0.2184,-0.6492
1.0000,-0.2113,-0.6484
1.0000,-0.2357,-0.6789
1.0000,-0.2119,-0.6613
1.0000,-0.2379,-0.6935
1.0000,-0.1771,-0.6389
1.0000,-0.2021,-0.6700
1.0000,-0.1750,-0.6491
1.0000,-0.1711,-0.6514
1.0000,-0.1730,-0.6594
1.0000,-0.2125,-0.7052
1.0000,-0.1822,-0.6811
1.0000,-0.1703,-0.6753
1.0000,-0.1955,-0.7066
1.0000,-0.1581,-0.6754
1.0000,-0.1637,-0.6871
1.0000,-0.1458,-0.6754
1.0000,-0.1474,-0.6831
1.0000,-0.1493,-0.6911
1.0000,-0.1398,-0.6878
1.0000,-0.1615,-0.7155
1.0000,-0.1296,-0.6897
1.0000,-0.1317,-0.6979
1.0000,-0.1233,-0.6956
1.0000,-0.1049,-0.6833
1.0000,-0.1531,-0.7376
1.0000,-0.1510,-0.7415
1.0000,-0.0877,-0.6844
1.0000,-0.1341,-0.7367
1.0000,-0.1019,-0.7106
1.0000,-0.0957,-0.7104
1.0000,-0.0751,-0.6958
1.0000,-0.1106,-0.7373
1.0000,-0.1012,-0.7340
1.0000,-0.1057,-0.7444
1.0000,-0.0995,-0.7442
1.0000,-0.0595,-0.7102
1.0000,-0.0452,-0.7018
1.0000,-0.0847,-0.7473
1.0000,-0.0577,-0.7262
1.0000,-0.0788,-0.7532
1.0000,-0.0304,-0.7108
1.0000,-0.0484,-0.7346
1.0000,-0.0540,-0.7461
1.0000,-0.0139,-0.7118
1.0000,-0.0585,-0.7623
1.0000,-0.0182,-0.7279
1.0000,-0.0223,-0.7378
1.0000,-0.0534,-0.7746
1.0000,-0.0423,-0.7693
1.0000,-0.0298,-0.7626
1.0000,-0.0082,-0.7467
1.0000,0.0159,-0.7283
1.0000,-0.0308,-0.7808
1.0000,-0.0003,-0.7560
1.0000,-0.0125,-0.7739
1.0000,0.0162,-0.7509
1.0000,0.0218,-0.7509
1.0000,0.0026,-0.7757
1.0000,-0.0000,-0.7840
1.0000,0.0622,-0.7274
1.0000,0.0367,-0.7585
1.0000,0.0685,-0.7322
1.0000,0.0689,-0.7373
1.0000,0.0389,-0.7728
1.0000,0.0640,-0.7533
1.0000,0.0616,-0.7611
1.0000,0.0762,-0.7520
1.0000,0.0841,-0.7495
1.0000,0.0699,-0.7691
1.0000,0.0605,-0.7839
1.0000,0.0670,-0.7828
1.0000,0.1037,-0.7514
1.0000,0.0970,-0.7634
1.0000,0.0857,-0.7800
1.0000,0.1368,-0.7342
1.0000,0.1273,-0.7490
1.0000,0.1162,-0.7653
1.0000,0.1509,-0.7358
1.0000,0.1143,-0.7776
1.0000,0.1409,-0.7561
1.0000,0.1217,-0.7805
1.0000,0.1148,-0.7925
1.0000,0.1554,-0.7569
1.0000,0.1679,-0.7495
1.0000,0.1732,-0.7493
1.0000,0.1425,-0.7850
1.0000,0.1571,-0.7753
1.0000,0.1588,-0.7785
1.0000,0.1783,-0.7639
1.0000,0.1972,-0.7499
1.0000,0.2017,-0.7503
1.0000,0.2018,-0.7550
1.0000,0.1664,-0.7952
1.0000,0.1850,-0.7814
1.0000,0.2245,-0.7467
1.0000,0.1838,-0.7921
1.0000,0.2135,-0.7670
1.0000,0.2094,-0.7758
1.0000,0.2227,-0.7671
1.0000,0.2613,-0.7332
1.0000,0.2233,-0.7757
1.0000,0.2596,-0.7440
1.0000,0.2518,-0.7562
1.0000,0.2715,-0.7410
1.0000,0.2695,-0.7475
1.0000,0.2860,-0.7354
1.0000,0.2605,-0.7653
1.0000,0.2558,-0.7743
1.0000,0.2826,-0.7518
1.0000,0.3140,-0.7247
1.0000,0.2784,-0.7645
1.0000,0.2993,-0.7478
1.0000,0.3189,-0.7324
1.0000,0.3135,-0.7419
1.0000,0.3284,-0.7311
1.0000,0.3305,-0.7332
1.0000,0.2895,-0.7782
1.0000,0.3299,-0.7418
1.0000,0.3500,-0.7256
1.0000,0.3530,-0.7266
1.0000,0.3452,-0.7382
1.0000,0.3579,-0.7294
1.0000,0.3193,-0.7718
1.0000,0.3707,-0.7242
1.0000,0.3624,-0.7363
1.0000,0.3710,-0.7314
1.0000,0.3682,-0.7378
1.0000,0.3788,-0.7308
1.0000,0.3712,-0.7420
1.0000,0.4097,-0.7071
1.0000,0.3884,-0.7319
1.0000,0.4223,-0.7014
1.0000,0.4304,-0.6968
1.0000,0.3809,-0.7497
1.0000,0.4039,-0.7300
1.0000,0.4454,-0.6918
1.0000,0.4343,-0.7062
1.0000,0.4499,-0.6939
1.0000,0.4306,-0.7163
1.0000,0.4449,-0.7052
1.0000,0.4576,-0.6956
1.0000,0.4422,-0.7141
1.0000,0.4450,-0.7143
1.0000,0.4671,-0.6952
1.0000,0.4862,-0.6791
1.0000,0.4367,-0.7314
1.0000,0.4933,-0.6778
1.0000,0.4792,-0.6947
1.0000,0.4628,-0.7139
1.0000,0.4852,-0.6941
1.0000,0.4651,-0.7170
1.0000,0.4669,-0.7178
1.0000,0.5011,-0.6862
1.0000,0.5082,-0.6817
1.0000,0.5358,-0.6565
1.0000,0.4903,-0.7045
1.0000,0.5298,-0.6675
1.0000,0.5321,-0.6675
1.0000,0.5525,-0.6494
1.0000,0.5291,-0.6751
1.0000,0.5657,-0.6408
1.0000,0.5166,-0.6921
1.0000,0.5514,-0.6594
1.0000,0.5212,-0.6917
1.0000,0.5463,-0.6687
1.0000,0.5441,-0.6729
1.0000,0.5648,-0.6542
1.0000,0.5836,-0.6373
1.0000,0.5814,-0.6413
1.0000,0.5535,-0.6711
1.0000,0.6036,-0.6228
1.0000,0.5854,-0.6426
1.0000,0.5729,-0.6568
1.0000,0.5768,-0.6546
1.0000,0.5756,-0.6574
1.0000,0.5833,-0.6512
1.0000,0.5935,-0.6425
1.0000,0.5978,-0.6396
1.0000,0.6286,-0.6102
1.0000,0.6109,-0.6292
1.0000,0.6010,-0.6405
1.0000,0.6444,-0.5983
1.0000,0.6359,-0.6080
1.0000,0.6519,-0.5931
1.0000,0.6399,-0.6062
1.0000,0.6320,-0.6152
1.0000,0.6606,-0.5876
1.0000,0.6708,-0.5783
1.0000,0.6405,-0.6095
1.0000,0.6418,-0.6090
1.0000,0.6669,-0.5847
1.0000,0.6660,-0.5864
1.0000,0.7002,-0.5529
1.0000,0.7019,-0.5518
1.0000,0.6979,-0.5563
1.0000,0.7128,-0.5420
1.0000,0.7021,-0.5532
1.0000,0.7307,-0.5250
1.0000,0.7258,-0.5303
1.0000,0.7281,-0.5284
1.0000,0.7245,-0.5322
1.0000,0.7269,-0.5300
1.0000,0.7434,-0.5137
1.0000,0.7407,-0.5166
1.0000,0.7160,-0.5413
1.0000,0.7450,-0.5123
1.0000,0.7397,-0.5176
1.0000,0.7397,-0.5175
1.0000,0.7587,-0.4984
1.0000,0.7813,-0.4755
1.0000,0.7708,-0.4858
1.0000,0.7425,-0.5138
1.0000,0.7473,-0.5086
1.0000,0.7524,-0.5032
1.0000,0.7978,-0.4572
1.0000,0.7691,-0.4854
1.0000,0.8068,-0.4472
1.0000,0.7698,-0.4836
1.0000,0.8014,-0.4513
1.0000,0.7803,-0.4717
1.0000,0.8042,-0.4470
1.0000,0.7757,-0.4746
1.0000,0.7826,-0.4668
1.0000,0.8233,-0.4251
1.0000,0.8254,-0.4221
1.0000,0.8153,-0.4311
1.0000,0.8220,-0.4233
1.0000,0.7949,-0.4493
1.0000,0.8388,-0.4041
1.0000,0.8292,-0.4124
1.0000,0.8511,-0.3892
1.0000,0.8604,-0.3785
1.0000,0.8585,-0.3790
1.0000,0.8292,-0.4068
1.0000,0.8174,-0.4170
1.0000,0.8624,-0.3704
1.0000,0.8687,-0.3624
1.0000,0.8672,-0.3622
1.0000,0.8797,-0.3480
1.0000,0.8472,-0.3786
1.0000,0.8489,-0.3751
1.0000,0.8556,-0.3664
1.0000,0.8614,-0.3586
1.0000,0.9009,-0.3171
1.0000,0.8863,-0.3296
1.0000,0.8932,-0.3205
1.0000,0.9148,-0.2967
1.0000,0.8712,-0.3380
1.0000,0.8723,-0.3346
1.0000,0.9171,-0.2874
1.0000,0.9141,-0.2880
1.0000,0.8866,-0.3130
1.0000,0.9183,-0.2788
1.0000,0.8868,-0.3076
1.0000,0.8858,-0.3060
1.0000,0.8903,-0.2988
1.0000,0.9388,-0.2476
1.0000,0.9253,-0.2583
1.0000,0.9504,-0.2302
1.0000,0.8960,-0.2817
1.0000,0.9252,-0.2495
1.0000,0.9487,-0.2230
1.0000,0.9504,-0.2182
1.0000,0.9561,-0.2093
1.0000,0.9582,-0.2040
1.0000,0.9453,-0.2136
1.0000,0.9509,-0.2048
1.0000,0.9490,-0.2033
1.0000,0.9192,-0.2296
1.0000,0.9652,-0.1802
1.0000,0.9671,-0.1747
1.0000,0.9766,-0.1616
1.0000,0.9544,-0.1802
1.0000,0.9350,-0.1959
1.0000,0.9386,-0.1885
1.0000,0.9472,-0.1761
1.0000,0.9847,-0.1347
1.0000,0.9590,-0.1565
1.0000,0.9681,-0.1435
1.0000,0.9642,-0.1433
1.0000,0.9863,-0.1171
1.0000,0.9636,-0.1357
1.0000,0.9451,-0.1500
1.0000,0.9628,-0.1281
1.0000,0.9770,-0.1096
1.0000,0.9612,-0.1210
1.0000,0.9957,-0.0821
1.0000,0.9879,-0.0854
1.0000,0.9741,-0.0948
1.0000,0.9754,-0.0888
1.0000,0.9803,-0.0793
1.0000,0.9950,-0.0599
1.0000,1.0160,-0.0342
1.0000,0.9864,-0.0590
1.0000,1.0071,-0.0335
1.0000,0.9954,-0.0403
1.0000,1.0198,-0.0109
1.0000,1.0189,-0.0069
1.0000,1.0158,-0.0049
1.0000,1.0111,-0.0045
1.0000,1.0294,0.0190
1.0000,0.9702,-0.0351
1.0000,0.9860,-0.0140
2.0000,-0.0061,-0.0051
2.0000,0.0256,0.0276
2.0000,-0.0049,-0.0019
2.0000,0.0194,0.0235
2.0000,-0.0081,-0.0029
2.0000,-0.0172,-0.0110
2.0000,-0.0316,-0.0243
2.0000,0.0182,0.0265
2.0000,-0.0020,0.0075
2.0000,0.0254,0.0360
2.0000,0.0164,0.0282
2.0000,0.0261,0.0390
2.0000,0.0237,0.0377
2.0000,0.0289,0.0441
2.0000,-0.0019,0.0145
2.0000,-0.0072,0.0103
2.0000,-0.0052,0.0135
2.0000,0.0094,0.0293
2.0000,-0.0195,0.0016
2.0000,0.0082,0.0305
2.0000,0.0278,0.0514
2.0000,0.0037,0.0285
2.0000,-0.0175,0.0085
2.0000,-0.0320,-0.0047
2.0000,0.0248,0.0534
2.0000,-0.0062,0.0236
2.0000,-0.0015,0.0297
2.0000,0.0056,0.0380
2.0000,0.0021,0.0358
2.0000,-0.0214,0.0136
2.0000,-0.0100,0.0264
2.0000,0.0138,0.0515
2.0000,0.0144,0.0535
2.0000,0.0201,0.0605
2.0000,-0.0113,0.0305
2.0000,-0.0374,0.0057
2.0000,-0.0126,0.0319
2.0000,-0.0051,0.0408
2.0000,-0.0097,0.0376
2.0000,-0.0114,0.0372
2.0000,-0.0020,0.0481
2.0000,0.0044,0.0559
2.0000,-0.0379,0.0150
2.0000,-0.0406,0.0137
2.0000,-0.0400,0.0158
2.0000,0.0025,0.0597
2.0000,-0.0290,0.0297
2.0000,0.0077,0.0678
2.0000,0.0129,0.0744
2.0000,0.0025,0.0655
2.0000,0.0103,0.0748
2.0000,-0.0060,0.0599
2.0000,-0.0299,0.0375
2.0000,-0.0032,0.0657
2.0000,-0.0149,0.0555
2.0000,-0.0313,0.0406
2.0000,0.0040,0.0774
2.0000,-0.0478,0.0270
2.0000,-0.0189,0.0575
2.0000,-0.0273,0.0506
2.0000,-0.0129,0.0665
2.0000,-0.0228,0.0581
2.0000,-0.0032,0.0792
2.0000,-0.0053,0.0786
2.0000,-0.0205,0.0649
2.0000,0.0015,0.0885
2.0000,-0.0524,0.0361
2.0000,-0.0131,0.0770
2.0000,-0.0161,0.0755
2.0000,-0.0429,0.0503
2.0000,-0.0361,0.0585
2.0000,-0.0202,0.0760
2.0000,-0.0370,0.0608
2.0000,-0.0121,0.0872
2.0000,-0.0114,0.0895
2.0000,-0.0656,0.0369
2.0000,-0.0418,0.0622
2.0000,-0.0167,0.0888
2.0000,-0.0286,0.0785
2.0000,-0.0691,0.0395
2.0000,-0.0511,0.0591
2.0000,-0.0671,0.0446
2.0000,-0.0621,0.0512
2.0000,-0.0425,0.0723
2.0000,-0.0589,0.0575
2.0000,-0.0443,0.0737
2.0000,-0.0695,0.0500
2.0000,-0.0337,0.0874
2.0000,-0.0786,0.0441
2.0000,-0.0789,0.0454
2.0000,-0.0322,0.0935
2.0000,-0.0570,0.0703
2.0000,-0.0445,0.0844
2.0000,-0.0376,0.0928
2.0000,-0.0329,0.0990
2.0000,-0.0289,0.1046
2.0000,-0.0505,0.0846
2.0000,-0.0292,0.1074
2.0000,-0.0889,0.0493
2.0000,-0.0810,0.0587
2.0000,-0.0751,0.0662
2.0000,-0.0500,0.0927
2.0000,-0.0364,0.1079
2.0000,-0.0462,0.0996
2.0000,-0.0634,0.0839
2.0000,-0.0876,0.0612
2.0000,-0.0659,0.0845
2.0000,-0.0957,0.0561
2.0000,-0.0908,0.0625
2.0000,-0.0643,0.0906
2.0000,-0.0499,0.1064
2.0000,-0.0539,0.1039
2.0000,-0.0548,0.1045
2.0000,-0.0827,0.0782
2.0000,-0.0532,0.1091
2.0000,-0.0988,0.0650
2.0000,-0.1089,0.0564
2.0000,-0.0854,0.0813
2.0000,-0.0499,0.1182
2.0000,-0.0797,0.0899
2.0000,-0.0989,0.0721
2.0000,-0.1035,0.0690
2.0000,-0.1145,0.0594
2.0000,-0.0574,0.1180
2.0000,-0.1093,0.0675
2.0000,-0.1114,0.0668
2.0000,-0.0992,0.0804
2.0000,-0.0673,0.1137
2.0000,-0.1202,0.0622
2.0000,-0.0804,0.1034
2.0000,-0.0874,0.0978
2.0000,-0.1094,0.0771
2.0000,-0.1062,0.0817
2.0000,-0.1176,0.0716
2.0000,-0.1256,0.0649
2.0000,-0.0985,0.0934
2.0000,-0.1235,0.0697
2.0000,-0.1052,0.0893
2.0000,-0.0912,0.1046
2.0000,-0.1096,0.0875
2.0000,-0.1090,0.0894
2.0000,-0.1230,0.0767
2.0000,-0.0970,0.1040
2.0000,-0.1330,0.0692
2.0000,-0.1053,0.0982
2.0000,-0.1374,0.0673
2.0000,-0.1160,0.0899
2.0000,-0.1325,0.0746
2.0000,-0.1045,0.1038
2.0000,-0.1073,0.1023
2.0000,-0.1454,0.0653
2.0000,-0.0992,0.1127
2.0000,-0.1368,0.0763
2.0000,-0.1121,0.1021
2.0000,-0.1367,0.0786
2.0000,-0.1391,0.0774
2.0000,-0.1458,0.0717
2.0000,-0.1529,0.0657
2.0000,-0.1234,0.0964
2.0000,-0.1542,0.0667
2.0000,-0.1466,0.0752
2.0000,-0.1257,0.0972
2.0000,-0.1098,0.1142
2.0000,-0.1494,0.0756
2.0000,-0.1569,0.0692
2.0000,-0.1733,0.0537
2.0000,-0.1270,0.1010
2.0000,-0.1493,0.0797
2.0000,-0.1762,0.0537
2.0000,-0.1532,0.0776
2.0000,-0.1767,0.0551
2.0000,-0.1544,0.0783
2.0000,-0.1307,0.1029
2.0000,-0.1719,0.0626
2.0000,-0.1284,0.1070
2.0000,-0.1339,0.1023
2.0000,-0.1879,0.0492
2.0000,-0.1575,0.0804
2.0000,-0.1675,0.0712
2.0000,-0.1808,0.0587
2.0000,-0.1743,0.0660
2.0000,-0.1871,0.0539
2.0000,-0.1568,0.0850
2.0000,-0.1503,0.0922
2.0000,-0.1456,0.0977
2.0000,-0.1947,0.0492
2.0000,-0.1670,0.0777
2.0000,-0.1991,0.0462
2.0000,-0.1666,0.0794
2.0000,-0.1749,0.0717
2.0000,-0.2066,0.0406
2.0000,-0.1838,0.0641
2.0000,-0.2031,0.0453
2.0000,-0.1946,0.0544
2.0000,-0.1588,0.0908
2.0000,-0.2080,0.0420
2.0000,-0.1851,0.0655
2.0000,-0.1604,0.0907
2.0000,-0.1853,0.0663
2.0000,-0.2123,0.0397
2.0000,-0.2000,0.0525
2.0000,-0.2067,0.0462
2.0000,-0.2140,0.0393
2.0000,-0.1846,0.0691
2.0000,-0.1936,0.0604
2.0000,-0.2167,0.0377
2.0000,-0.2179,0.0368
2.0000,-0.1838,0.0712
2.0000,-0.2184,0.0369
2.0000,-0.2037,0.0519
2.0000,-0.2006,0.0553
2.0000,-0.2253,0.0308
2.0000,-0.2123,0.0440
2.0000,-0.2107,0.0458
2.0000,-0.2179,0.0389
2.0000,-0.2001,0.0568
2.0000,-0.2056,0.0515
2.0000,-0.2255,0.0317
2.0000,-0.2226,0.0346
2.0000,-0.2175,0.0399
2.0000,-0.2179,0.0395
2.0000,-0.2221,0.0353
2.0000,-0.2309,0.0265
2.0000,-0.1974,0.0600
2.0000,-0.2265,0.0309
2.0000,-0.2068,0.0506
2.0000,-0.2501,0.0072
2.0000,-0.1999,0.0573
2.0000,-0.2430,0.0141
2.0000,-0.2583,-0.0013
2.0000,-0.2394,0.0175
2.0000,-0.2152,0.0415
2.0000,-0.2444,0.0121
2.0000,-0.2310,0.0253
2.0000,-0.2064,0.0497
2.0000,-0.2056,0.0503
2.0000,-0.2592,-0.0036
2.0000,-0.2277,0.0276
2.0000,-0.2340,0.0210
2.0000,-0.2582,-0.0036
2.0000,-0.2375,0.0167
2.0000,-0.2310,0.0229
2.0000,-0.2239,0.0296
2.0000,-0.2601,-0.0071
2.0000,-0.2400,0.0125
2.0000,-0.2392,0.0129
2.0000,-0.2769,-0.0253
2.0000,-0.2473,0.0038
2.0000,-0.2198,0.0307
2.0000,-0.2582,-0.0082
2.0000,-0.2510,-0.0016
2.0000,-0.2801,-0.0313
2.0000,-0.2782,-0.0300
2.0000,-0.2504,-0.0028
2.0000,-0.2318,0.0151
2.0000,-0.2579,-0.0117
2.0000,-0.2732,-0.0278
2.0000,-0.2590,-0.0143
2.0000,-0.2827,-0.0387
2.0000,-0.2797,-0.0366
2.0000,-0.2605,-0.0181
2.0000,-0.2656,-0.0241
2.0000,-0.2904,-0.0497
2.0000,-0.2338,0.0060
2.0000,-0.2579,-0.0190
2.0000,-0.2634,-0.0254
2.0000,-0.2458,-0.0088
2.0000,-0.2673,-0.0312
2.0000,-0.2489,-0.0138
2.0000,-0.2494,-0.0153
2.0000,-0.2918,-0.0588
2.0000,-0.2426,-0.0106
2.0000,-0.2931,-0.0623
2.0000,-0.2986,-0.0689
2.0000,-0.2928,-0.0642
2.0000,-0.2762,-0.0488
2.0000,-0.2597,-0.0335
2.0000,-0.2477,-0.0227
2.0000,-0.2900,-0.0661
2.0000,-0.2544,-0.0318
2.0000,-0.2870,-0.0657
2.0000,-0.2693,-0.0493
2.0000,-0.2652,-0.0465
2.0000,-0.2525,-0.0352
2.0000,-0.2504,-0.0344
2.0000,-0.2827,-0.0681
2.0000,-0.3062,-0.0930
2.0000,-0.3044,-0.0927
2.0000,-0.2875,-0.0772
2.0000,-0.2702,-0.0615
2.0000,-0.3079,-0.1006
2.0000,-0.2874,-0.0817
2.0000,-0.2942,-0.0900
2.0000,-0.2615,-0.0589
2.0000,-0.2702,-0.0692
2.0000,-0.2925,-0.0931
2.0000,-0.2773,-0.0796
2.0000,-0.2887,-0.0927
2.0000,-0.2627,-0.0684
2.0000,-0.3126,-0.1200
2.0000,-0.3047,-0.1138
2.0000,-0.3048,-0.1157
2.0000,-0.2858,-0.0985
2.0000,-0.2695,-0.0840
2.0000,-0.3070,-0.1234
2.0000,-0.2623,-0.0805
2.0000,-0.2562,-0.0763
2.0000,-0.2995,-0.1215
2.0000,-0.2871,-0.1110
2.0000,-0.2715,-0.0973
2.0000,-0.2763,-0.1042
2.0000,-0.2952,-0.1251
2.0000,-0.2572,-0.0890
2.0000,-0.2821,-0.1160
2.0000,-0.2738,-0.1098
2.0000,-0.2910,-0.1291
2.0000,-0.3178,-0.1580
2.0000,-0.2736,-0.1160
2.0000,-0.2595,-0.1040
2.0000,-0.2678,-0.1145
2.0000,-0.2734,-0.1224
2.0000,-0.2967,-0.1478
2.0000,-0.2985,-0.1519
2.0000,-0.3207,-0.1764
2.0000,-0.2665,-0.1245
2.0000,-0.2759,-0.1362
2.0000,-0.2762,-0.1388
2.0000,-0.2950,-0.1600
2.0000,-0.2795,-0.1469
2.0000,-0.3113,-0.1811
2.0000,-0.2900,-0.1623
2.0000,-0.3034,-0.1780
2.0000,-0.2956,-0.1728
2.0000,-0.2702,-0.1498
2.0000,-0.2998,-0.1820
2.0000,-0.2628,-0.1475
2.0000,-0.3057,-0.1929
2.0000,-0.2915,-0.1813
2.0000,-0.2894,-0.1819
2.0000,-0.3095,-0.2046
2.0000,-0.2679,-0.1656
2.0000,-0.2630,-0.1635
2.0000,-0.2840,-0.1871
2.0000,-0.3138,-0.2197
2.0000,-0.2677,-0.1763
2.0000,-0.2911,-0.2024
2.0000,-0.3105,-0.2246
2.0000,-0.2908,-0.2077
2.0000,-0.2868,-0.2065
2.0000,-0.2820,-0.2046
2.0000,-0.2835,-0.2089
2.0000,-0.2516,-0.1799
2.0000,-0.2891,-0.2203
2.0000,-0.2937,-0.2279
2.0000,-0.3067,-0.2437
2.0000,-0.2500,-0.1901
2.0000,-0.2926,-0.2357
2.0000,-0.3038,-0.2498
2.0000,-0.3039,-0.2530
2.0000,-0.2467,-0.1988
2.0000,-0.2474,-0.2025
2.0000,-0.2649,-0.2231
2.0000,-0.2560,-0.2173
2.0000,-0.2742,-0.2386
2.0000,-0.2515,-0.2191
2.0000,-0.3013,-0.2720
2.0000,-0.2590,-0.2329
2.0000,-0.2400,-0.2171
2.0000,-0.2586,-0.2389
2.0000,-0.2847,-0.2683
2.0000,-0.2822,-0.2690
2.0000,-0.2780,-0.2681
2.0000,-0.2634,-0.2568
2.0000,-0.2490,-0.2457
2.0000,-0.2847,-0.2847
2.0000,-0.2654,-0.2688
2.0000,-0.2758,-0.2825
2.0000,-0.2475,-0.2576
2.0000,-0.2608,-0.2742
2.0000,-0.2358,-0.2526
2.0000,-0.2590,-0.2794
2.0000,-0.2697,-0.2934
2.0000,-0.2431,-0.2703
2.0000,-0.2853,-0.3160
2.0000,-0.2791,-0.3133
2.0000,-0.2290,-0.2667
2.0000,-0.2615,-0.3027
2.0000,-0.2473,-0.2921
2.0000,-0.2214,-0.2698
2.0000,-0.2622,-0.3141
2.0000,-0.2791,-0.3346
2.0000,-0.2161,-0.2752
2.0000,-0.2603,-0.3230
2.0000,-0.2669,-0.3333
2.0000,-0.2337,-0.3037
2.0000,-0.2453,-0.3190
2.0000,-0.2266,-0.3039
2.0000,-0.2201,-0.3011
2.0000,-0.2093,-0.2941
2.0000,-0.2296,-0.3181
2.0000,-0.2325,-0.3247
2.0000,-0.2186,-0.3145
2.0000,-0.2613,-0.3611
2.0000,-0.2249,-0.3284
2.0000,-0.2299,-0.3372
2.0000,-0.2065,-0.3177
2.0000,-0.2445,-0.3594
2.0000,-0.2167,-0.3354
2.0000,-0.2396,-0.3623
2.0000,-0.2226,-0.3491
2.0000,-0.2164,-0.3467
2.0000,-0.2355,-0.3697
2.0000,-0.1903,-0.3284
2.0000,-0.2189,-0.3609
2.0000,-0.1898,-0.3358
2.0000,-0.2392,-0.3891
2.0000,-0.1944,-0.3482
2.0000,-0.1893,-0.3470
2.0000,-0.1985,-0.3603
2.0000,-0.1832,-0.3489
2.0000,-0.1924,-0.3621
2.0000,-0.2217,-0.3954
2.0000,-0.2060,-0.3837
2.0000,-0.1831,-0.3648
2.0000,-0.1642,-0.3500
2.0000,-0.2219,-0.4117
2.0000,-0.1676,-0.3614
2.0000,-0.2147,-0.4126
2.0000,-0.2058,-0.4077
2.0000,-0.2143,-0.4203
2.0000,-0.1869,-0.3969
2.0000,-0.1497,-0.3638
2.0000,-0.1475,-0.3657
2.0000,-0.2026,-0.4250
2.0000,-0.1888,-0.4152
2.0000,-0.1470,-0.3776
2.0000,-0.1445,-0.3792
2.0000,-0.1783,-0.4171
2.0000,-0.1503,-0.3933
2.0000,-0.1854,-0.4325
2.0000,-0.1424,-0.3936
2.0000,-0.1891,-0.4446
2.0000,-0.1295,-0.3891
2.0000,-0.1386,-0.4024
2.0000,-0.1629,-0.4309
2.0000,-0.1489,-0.4211
2.0000,-0.1317,-0.4080
2.0000,-0.1512,-0.4317
2.0000,-0.1356,-0.4203
2.0000,-0.1683,-0.4572
2.0000,-0.1296,-0.4227
2.0000,-0.1362,-0.4336
2.0000,-0.1289,-0.4305
2.0000,-0.1223,-0.4280
2.0000,-0.1569,-0.4669
2.0000,-0.1016,-0.4158
2.0000,-0.0972,-0.4157
2.0000,-0.1113,-0.4339
2.0000,-0.1116,-0.4386
2.0000,-0.1127,-0.4439
2.0000,-0.1301,-0.4655
2.0000,-0.0812,-0.4208
2.0000,-0.1029,-0.4468
2.0000,-0.0914,-0.4395
2.0000,-0.1217,-0.4741
2.0000,-0.0826,-0.4393
2.0000,-0.0779,-0.4388
2.0000,-0.1088,-0.4739
2.0000,-0.0937,-0.4630
2.0000,-0.0734,-0.4470
2.0000,-0.1074,-0.4853
2.0000,-0.1056,-0.4877
2.0000,-0.0972,-0.4836
2.0000,-0.0527,-0.4433
2.0000,-0.0920,-0.4868
2.0000,-0.0768,-0.4758
2.0000,-0.0369,-0.4403
2.0000,-0.0819,-0.4895
2.0000,-0.0895,-0.5013
2.0000,-0.0840,-0.5001
2.0000,-0.0840,-0.5043
2.0000,-0.0685,-0.4930
2.0000,-0.0626,-0.4914
2.0000,-0.0302,-0.4632
2.0000,-0.0696,-0.5068
2.0000,-0.0290,-0.4704
2.0000,-0.0628,-0.5085
2.0000,-0.0157,-0.4656
2.0000,-0.0652,-0.5193
2.0000,-0.0333,-0.4916
2.0000,-0.0035,-0.4659
2.0000,0.0028,-0.4639
2.0000,-0.0213,-0.4922
2.0000,0.0119,-0.4632
2.0000,0.0100,-0.4692
2.0000,-0.0406,-0.5240
2.0000,-0.0159,-0.5034
2.0000,0.0022,-0.4895
2.0000,-0.0153,-0.5112
2.0000,0.0207,-0.4793
2.0000,-0.0239,-0.5280
2.0000,0.0029,-0.5053
2.0000,-0.0105,-0.5229
2.0000,0.0050,-0.5115
2.0000,0.0276,-0.4930
2.0000,0.0495,-0.4752
2.0000,0.0463,-0.4825
2.0000,0.0298,-0.5030
2.0000,0.0461,-0.4909
2.0000,0.0130,-0.5280
2.0000,0.0070,-0.5381
2.0000,0.0693,-0.4798
2.0000,0.0605,-0.4927
2.0000,0.0333,-0.5238
2.0000,0.0201,-0.5411
2.0000,0.0737,-0.4915
2.0000,0.0660,-0.5032
2.0000,0.0786,-0.4946
2.0000,0.0377,-0.5394
2.0000,0.0872,-0.4939
2.0000,0.0452,-0.5398
2.0000,0.0528,-0.5362
2.0000,0.0477,-0.5452
2.0000,0.0914,-0.5053
2.0000,0.0699,-0.5308
2.0000,0.0910,-0.5135
2.0000,0.0775,-0.5309
2.0000,0.0949,-0.5174
2.0000,0.0873,-0.5288
2.0000,0.1191,-0.5009
2.0000,0.0899,-0.5338
2.0000,0.1011,-0.5264
2.0000,0.1011,-0.5302
2.0000,0.1442,-0.4908
2.0000,0.1008,-0.5380
2.0000,0.0928,-0.5498
2.0000,0.1095,-0.5367
2.0000,0.1417,-0.5082
2.0000,0.1469,-0.5067
2.0000,0.1500,-0.5073
2.0000,0.1212,-0.5398
2.0000,0.1321,-0.5326
2.0000,0.1576,-0.5106
2.0000,0.1531,-0.5187
2.0000,0.1665,-0.5089
2.0000,0.1673,-0.5117
2.0000,0.1694,-0.5131
2.0000,0.1576,-0.5284
2.0000,0.1901,-0.4995
2.0000,0.1713,-0.5217
2.0000,0.1739,-0.5226
2.0000,0.1981,-0.5019
2.0000,0.1909,-0.5125
2.0000,0.1885,-0.5183
2.0000,0.2162,-0.4940
2.0000,0.2115,-0.5021
2.0000,0.1801,-0.5368
2.0000,0.2083,-0.5119
2.0000,0.1983,-0.5252
2.0000,0.1901,-0.5367
2.0000,0.2375,-0.4926
2.0000,0.1945,-0.5388
2.0000,0.2071,-0.5294
2.0000,0.2274,-0.5124
2.0000,0.2187,-0.5242
2.0000,0.2191,-0.5270
2.0000,0.2367,-0.5125
2.0000,0.2105,-0.5418
2.0000,0.2506,-0.5048
2.0000,0.2222,-0.5362
2.0000,0.2726,-0.4889
2.0000,0.2447,-0.5197
2.0000,0.2683,-0.4992
2.0000,0.2678,-0.5027
2.0000,0.2819,-0.4915
2.0000,0.2495,-0.5268
2.0000,0.2538,-0.5254
2.0000,0.2764,-0.5056
2.0000,0.2911,-0.4938
2.0000,0.2782,-0.5094
2.0000,0.2613,-0.5292
2.0000,0.3119,-0.4813
2.0000,0.3069,-0.4891
2.0000,0.3156,-0.4831
2.0000,0.2704,-0.5310
2.0000,0.3155,-0.4885
2.0000,0.2922,-0.5144
2.0000,0.3074,-0.5017
2.0000,0.2875,-0.5243
2.0000,0.3003,-0.5139
2.0000,0.3067,-0.5101
2.0000,0.3135,-0.5058
2.0000,0.3046,-0.5171
2.0000,0.3280,-0.4961
2.0000,0.3237,-0.5028
2.0000,0.3116,-0.5173
2.0000,0.3139,-0.5174
2.0000,0.3490,-0.4845
2.0000,0.3741,-0.4617
2.0000,0.3473,-0.4908
2.0000,0.3507,-0.4896
2.0000,0.3728,-0.4697
2.0000,0.3867,-0.4579
2.0000,0.3908,-0.4560
2.0000,0.3831,-0.4657
2.0000,0.3608,-0.4901
2.0000,0.3509,-0.5021
2.0000,0.3678,-0.4872
2.0000,0.3980,-0.4589
2.0000,0.3635,-0.4953
2.0000,0.3956,-0.4652
2.0000,0.4083,-0.4543
2.0000,0.3869,-0.4775
2.0000,0.4239,-0.4424
2.0000,0.4175,-0.4506
2.0000,0.3818,-0.4879
2.0000,0.4265,-0.4449
2.0000,0.4423,-0.4309
2.0000,0.4455,-0.4293
2.0000,0.4021,-0.4743
2.0000,0.4582,-0.4197
2.0000,0.4156,-0.4639
2.0000,0.4315,-0.4495
2.0000,0.4544,-0.4281
2.0000,0.4320,-0.4519
2.0000,0.4390,-0.4463
2.0000,0.4309,-0.4557
2.0000,0.4580,-0.4300
2.0000,0.4660,-0.4232
2.0000,0.4859,-0.4046
2.0000,0.4720,-0.4197
2.0000,0.4422,-0.4507
2.0000,0.4904,-0.4037
2.0000,0.4521,-0.4430
2.0000,0.4890,-0.4073
2.0000,0.4902,-0.4071
2.0000,0.5054,-0.3929
2.0000,0.4900,-0.4092
2.0000,0.4717,-0.4285
2.0000,0.4976,-0.4034
2.0000,0.5137,-0.3882
2.0000,0.5031,-0.3997
2.0000,0.4765,-0.4271
2.0000,0.5049,-0.3993
2.0000,0.4909,-0.4141
2.0000,0.4878,-0.4178
2.0000,0.5074,-0.3989
2.0000,0.5428,-0.3641
2.0000,0.5299,-0.3775
2.0000,0.5575,-0.3504
2.0000,0.5076,-0.4008
2.0000,0.5258,-0.3830
2.0000,0.5575,-0.3518
2.0000,0.5409,-0.3687
2.0000,0.5473,-0.3626
2.0000,0.5155,-0.3947
2.0000,0.5260,-0.3844
2.0000,0.5303,-0.3803
2.0000,0.5332,-0.3775
2.0000,0.5288,-0.3821
2.0000,0.5610,-0.3500
2.0000,0.5505,-0.3606
2.0000,0.5474,-0.3637
2.0000,0.5452,-0.3658
2.0000,0.5910,-0.3199
2.0000,0.6047,-0.3061
2.0000,0.5782,-0.3324
2.0000,0.5825,-0.3279
2.0000,0.6050,-0.3052
2.0000,0.5643,-0.3456
2.0000,0.5735,-0.3361
2.0000,0.5696,-0.3396
2.0000,0.6104,-0.2984
2.0000,0.6298,-0.2786
2.0000,0.5974,-0.3104
2.0000,0.6186,-0.2887
2.0000,0.6362,-0.2706
2.0000,0.6207,-0.2855
2.0000,0.5835,-0.3220
2.0000,0.6375,-0.2673
2.0000,0.6431,-0.2610
2.0000,0.6394,-0.2639
2.0000,0.6467,-0.2557
2.0000,0.6200,-0.2817
2.0000,0.6273,-0.2734
2.0000,0.6372,-0.2626
2.0000,0.6641,-0.2347
2.0000,0.6631,-0.2347
2.0000,0.6310,-0.2656
2.0000,0.6434,-0.2521
2.0000,0.6194,-0.2749
2.0000,0.6653,-0.2279
2.0000,0.6463,-0.2456
2.0000,0.6423,-0.2483
2.0000,0.6437,-0.2456
2.0000,0.6416,-0.2463
2.0000,0.6394,-0.2472
2.0000,0.6467,-0.2384
2.0000,0.6868,-0.1968
2.0000,0.6488,-0.2332
2.0000,0.6430,-0.2375
2.0000,0.6789,-0.2000
2.0000,0.6689,-0.2083
2.0000,0.6826,-0.1929
2.0000,0.6875,-0.1862
2.0000,0.7056,-0.1663
2.0000,0.6575,-0.2125
2.0000,0.6540,-0.2142
2.0000,0.6995,-0.1668
2.0000,0.7001,-0.1641
2.0000,0.6746,-0.1877
2.0000,0.6845,-0.1757
2.0000,0.6629,-0.1952
2.0000,0.6908,-0.1652
2.0000,0.7214,-0.1323
2.0000,0.7070,-0.1446
2.0000,0.6986,-0.1507
2.0000,0.7006,-0.1463
2.0000,0.7047,-0.1399
2.0000,0.6822,-0.1600
2.0000,0.7136,-0.1261
2.0000,0.6806,-0.1566
2.0000,0.7210,-0.1137
2.0000,0.7227,-0.1094
2.0000,0.6933,-0.1362
2.0000,0.7225,-0.1044
2.0000,0.7050,-0.1191
2.0000,0.7185,-0.1028
2.0000,0.7277,-0.0909
2.0000,0.7405,-0.0752
2.0000,0.7367,-0.0761
2.0000,0.6985,-0.1114
2.0000,0.7447,-0.0623
2.0000,0.7285,-0.0755
2.0000,0.7433,-0.0576
2.0000,0.7569,-0.0409
2.0000,0.7532,-0.0415
2.0000,0.7153,-0.0762
2.0000,0.7664,-0.0219
2.0000,0.7136,-0.0714
2.0000,0.7093,-0.0724
2.0000,0.7398,-0.0385
2.0000,0.7728,-0.0022
2.0000,0.7426,-0.0289
2.0000,0.7353,-0.0328
2.0000,0.7170,-0.0476
2.0000,0.7770,0.0161
2.0000,0.7279,-0.0294
2.0000,0.7543,0.0006
2.0000,0.7229,-0.0271
2.0000,0.7253,-0.0210
2.0000,0.7234,-0.0191
2.0000,0.7641,0.0254
2.0000,0.7661,0.0313
2.0000,0.7659,0.0349
2.0000,0.7492,0.0222
2.0000,0.7649,0.0420
2.0000,0.7839,0.0649
2.0000,0.7324,0.0175
2.0000,0.7507,0.0400
2.0000,0.7556,0.0490
2.0000,0.7718,0.0693
2.0000,0.7693,0.0711
2.0000,0.7518,0.0579
2.0000,0.7406,0.0510
2.0000,0.7831,0.0979
2.0000,0.7642,0.0833
2.0000,0.7666,0.0902
2.0000,0.7488,0.0769
2.0000,0.7778,0.1104
2.0000,0.7495,0.0866
2.0000,0.7699,0.1116
2.0000,0.7428,0.0892
2.0000,0.7505,0.1015
2.0000,0.7395,0.0953
2.0000,0.7956,0.1562
2.0000,0.7768,0.1422
2.0000,0.7476,0.1178
2.0000,0.7428,0.1178
2.0000,0.7622,0.1422
2.0000,0.7569,0.1418
2.0000,0.7912,0.1811
2.0000,0.7941,0.1891
2.0000,0.7573,0.1573
2.0000,0.7787,0.1839
2.0000,0.7662,0.1765
2.0000,0.7743,0.1898
2.0000,0.7493,0.1700
2.0000,0.7902,0.2162
2.0000,0.7923,0.2236
2.0000,0.7531,0.1897
2.0000,0.7349,0.1769
2.0000,0.7332,0.1806
2.0000,0.7730,0.2259
2.0000,0.7677,0.2261
2.0000,0.7387,0.2026
2.0000,0.7918,0.2612
2.0000,0.7535,0.2286
2.0000,0.7455,0.2262
2.0000,0.7763,0.2627
2.0000,0.7487,0.2408
2.0000,0.7639,0.2618
2.0000,0.7349,0.2385
2.0000,0.7797,0.2891
2.0000,0.7542,0.2695
2.0000,0.7641,0.2853
2.0000,0.7679,0.2950
2.0000,0.7628,0.2959
2.0000,0.7768,0.3158
2.0000,0.7548,0.2999
2.0000,0.7803,0.3314
2.0000,0.7245,0.2817
2.0000,0.7673,0.3307
2.0000,0.7739,0.3434
2.0000,0.7637,0.3394
2.0000,0.7223,0.3042
2.0000,0.7531,0.3413
2.0000,0.7264,0.3209
2.0000,0.7648,0.3656
2.0000,0.7503,0.3575
2.0000,0.7168,0.3303
2.0000,0.7259,0.3459
2.0000,0.7127,0.3391
2.0000,0.7506,0.3835
2.0000,0.7369,0.3764
2.0000,0.7367,0.3828
2.0000,0.7305,0.3831
2.0000,0.7135,0.3727
2.0000,0.7254,0.3913
2.0000,0.7446,0.4171
2.0000,0.7433,0.4225
2.0000,0.7337,0.4197
2.0000,0.7413,0.4341
2.0000,0.7457,0.4452
2.0000,0.7484,0.4547
2.0000,0.7035,0.4167
2.0000,0.7194,0.4395
2.0000,0.7143,0.4412
2.0000,0.6969,0.4308
2.0000,0.7261,0.4670
2.0000,0.6839,0.4317
2.0000,0.6764,0.4313
2.0000,0.6792,0.4411
2.0000,0.7246,0.4936
2.0000,0.7004,0.4765
2.0000,0.6931,0.4763
2.0000,0.6998,0.4902
2.0000,0.7211,0.5186
2.0000,0.6979,0.5027
2.0000,0.7146,0.5265
2.0000,0.6928,0.5120
2.0000,0.6914,0.5178
2.0000,0.6699,0.5037
2.0000,0.6968,0.5379
2.0000,0.7014,0.5498
2.0000,0.6979,0.5538
2.0000,0.6934,0.5566
2.0000,0.6619,0.5325
2.0000,0.6610,0.5391
2.0000,0.6878,0.5733
2.0000,0.6361,0.5291
2.0000,0.6718,0.5724
2.0000,0.6327,0.5408
2.0000,0.6793,0.5949
2.0000,0.6326,0.5558
2.0000,0.6742,0.6049
2.0000,0.6168,0.5552
2.0000,0.6537,0.5997
2.0000,0.6132,0.5668
2.0000,0.6451,0.6065
2.0000,0.6202,0.5892
2.0000,0.6217,0.5985
2.0000,0.6023,0.5868
2.0000,0.6101,0.6024
2.0000,0.5973,0.5973
2.0000,0.5979,0.6057
2.0000,0.6345,0.6501
2.0000,0.5798,0.6032
2.0000,0.5781,0.6093
2.0000,0.5813,0.6204
2.0000,0.5749,0.6219
2.0000,0.5839,0.6388
2.0000,0.6071,0.6698
2.0000,0.6007,0.6713
2.0000,0.5651,0.6437
2.0000,0.5752,0.6617
2.0000,0.5984,0.6929
2.0000,0.5728,0.6752
2.0000,0.5418,0.6522
2.0000,0.5927,0.7111
2.0000,0.5837,0.7102
2.0000,0.5452,0.6797
2.0000,0.5733,0.7158
2.0000,0.5556,0.7062
2.0000,0.5788,0.7374
2.0000,0.5365,0.7032
2.0000,0.5478,0.7226
2.0000,0.5268,0.7097
2.0000,0.5126,0.7036
2.0000,0.5204,0.7195
2.0000,0.5390,0.7463
2.0000,0.5129,0.7283
2.0000,0.5000,0.7235
2.0000,0.5129,0.7446
2.0000,0.4846,0.7244
2.0000,0.5250,0.7730
2.0000,0.4820,0.7382
2.0000,0.4839,0.7483
2.0000,0.4816,0.7541
2.0000,0.5028,0.7836
2.0000,0.4833,0.7722
2.0000,0.4865,0.7836
2.0000,0.4835,0.7888
2.0000,0.4676,0.7812
2.0000,0.4420,0.7638
2.0000,0.4798,0.8098
2.0000,0.4721,0.8103
2.0000,0.4309,0.7774
2.0000,0.4475,0.8022
2.0000,0.4328,0.7958
2.0000,0.4216,0.7929
2.0000,0.4621,0.8416
2.0000,0.4265,0.8142
2.0000,0.4531,0.8491
2.0000,0.4275,0.8317
2.0000,0.4304,0.8429
2.0000,0.4047,0.8254
2.0000,0.3748,0.8038
2.0000,0.4121,0.8494
2.0000,0.3881,0.8336
2.0000,0.4102,0.8639
2.0000,0.3761,0.8382
2.0000,0.3734,0.8436
2.0000,0.3526,0.8311
2.0000,0.3663,0.8530
2.0000,0.3383,0.8333
2.0000,0.3633,0.8665
2.0000,0.3388,0.8503
2.0000,0.3484,0.8681
2.0000,0.3219,0.8498
2.0000,0.3218,0.8580
2.0000,0.3512,0.8956
2.0000,0.3482,0.9008
2.0000,0.3434,0.9042
2.0000,0.3306,0.8996
2.0000,0.3038,0.8810
2.0000,0.3286,0.9140
2.0000,0.2819,0.8755
2.0000,0.2937,0.8954
2.0000,0.2810,0.8909
2.0000,0.3043,0.9224
2.0000,0.2791,0.9053
2.0000,0.3002,0.9346
2.0000,0.2730,0.9155
2.0000,0.2959,0.9465
2.0000,0.2877,0.9464
2.0000,0.2562,0.9231
2.0000,0.2443,0.9192
2.0000,0.2631,0.9461
2.0000,0.2167,0.9078
2.0000,0.2577,0.9568
2.0000,0.2580,0.9652
2.0000,0.2276,0.9428
2.0000,0.2192,0.9424
2.0000,0.2349,0.9662
2.0000,0.2042,0.9434
2.0000,0.1902,0.9374
2.0000,0.2037,0.9589
2.0000,0.2064,0.9695
2.0000,0.1648,0.9359
2.0000,0.1479,0.9269
2.0000,0.1632,0.9501
2.0000,0.1791,0.9738
2.0000,0.1486,0.9513
2.0000,0.1280,0.9385
2.0000,0.1617,0.9800
2.0000,0.1401,0.9662
2.0000,0.1439,0.9778
2.0000,0.1537,0.9954
2.0000,0.1498,0.9993
2.0000,0.0989,0.9561
2.0000,0.0902,0.9551
2.0000,0.1215,0.9941
2.0000,0.1270,1.0073
2.0000,0.1164,1.0044
2.0000,0.0557,0.9513
2.0000,0.0770,0.9802
2.0000,0.0653,0.9761
2.0000,0.0510,0.9694
2.0000,0.0657,0.9916
2.0000,0.0663,0.9997
2.0000,0.0288,0.9697
2.0000,0.0732,1.0216
2.0000,0.0282,0.9840
2.0000,0.0476,1.0108
2.0000,0.0422,1.0129
2.0000,0.0074,0.9854
2.0000,0.0034,0.9887
2.0000,0.0325,1.0252
2.0000,0.0169,1.0169
3.0000,-0.0142,-0.0132
3.0000,0.0250,0.0270
3.0000,0.0131,0.0160
3.0000,0.0073,0.0112
3.0000,0.0226,0.0275
3.0000,0.0071,0.0128
3.0000,-0.0031,0.0036
3.0000,-0.0184,-0.0108
3.0000,-0.0274,-0.0189
3.0000,-0.0315,-0.0221
3.0000,0.0109,0.0211
3.0000,-0.0018,0.0093
3.0000,-0.0227,-0.0108
3.0000,0.0082,0.0209
3.0000,-0.0197,-0.0061
3.0000,-0.0133,0.0010
3.0000,-0.0369,-0.0218
3.0000,-0.0107,0.0052
3.0000,-0.0171,-0.0005
3.0000,-0.0176,-0.0002
3.0000,-0.0407,-0.0227
3.0000,0.0054,0.0242
3.0000,-0.0389,-0.0195
3.0000,-0.0502,-0.0301
3.0000,-0.0107,0.0101
3.0000,-0.0468,-0.0254
3.0000,-0.0471,-0.0250
3.0000,-0.0445,-0.0219
3.0000,0.0012,0.0245
3.0000,-0.0051,0.0187
3.0000,-0.0547,-0.0303
3.0000,-0.0028,0.0221
3.0000,-0.0578,-0.0323
3.0000,-0.0643,-0.0383
3.0000,-0.0244,0.0022
3.0000,-0.0179,0.0091
3.0000,-0.0159,0.0116
3.0000,-0.0622,-0.0343
3.0000,-0.0545,-0.0262
3.0000,-0.0560,-0.0272
3.0000,-0.0324,-0.0032
3.0000,-0.0100,0.0196
3.0000,-0.0434,-0.0134
3.0000,-0.0741,-0.0438
3.0000,-0.0418,-0.0112
3.0000,-0.0514,-0.0204
3.0000,-0.0551,-0.0239
3.0000,-0.0758,-0.0443
3.0000,-0.0482,-0.0164
3.0000,-0.0408,-0.0087
3.0000,-0.0540,-0.0217
3.0000,-0.0438,-0.0112
3.0000,-0.0436,-0.0109
3.0000,-0.0348,-0.0019
3.0000,-0.0332,-0.0000
3.0000,-0.0360,-0.0027
3.0000,-0.0507,-0.0173
3.0000,-0.0303,0.0032
3.0000,-0.0636,-0.0299
3.0000,-0.0550,-0.0213
3.0000,-0.0256,0.0082
3.0000,-0.0601,-0.0263
3.0000,-0.0368,-0.0030
3.0000,-0.0762,-0.0423
3.0000,-0.0692,-0.0353
3.0000,-0.0885,-0.0547
3.0000,-0.0454,-0.0116
3.0000,-0.0653,-0.0316
3.0000,-0.0351,-0.0015
3.0000,-0.0814,-0.0479
3.0000,-0.0859,-0.0525
3.0000,-0.0625,-0.0292
3.0000,-0.0565,-0.0234
3.0000,-0.0416,-0.0086
3.0000,-0.0570,-0.0242
3.0000,-0.0535,-0.0209
3.0000,-0.0984,-0.0660
3.0000,-0.0940,-0.0619
3.0000,-0.0797,-0.0479
3.0000,-0.0683,-0.0368
3.0000,-0.0935,-0.0623
3.0000,-0.0437,-0.0128
3.0000,-0.0531,-0.0225
3.0000,-0.0662,-0.0359
3.0000,-0.0515,-0.0216
3.0000,-0.0720,-0.0425
3.0000,-0.0825,-0.0534
3.0000,-0.0993,-0.0706
3.0000,-0.0498,-0.0216
3.0000,-0.0832,-0.0554
3.0000,-0.0452,-0.0180
3.0000,-0.0669,-0.0401
3.0000,-0.0567,-0.0304
3.0000,-0.0548,-0.0290
3.0000,-0.0488,-0.0236
3.0000,-0.0794,-0.0548
3.0000,-0.0537,-0.0297
3.0000,-0.0977,-0.0743
3.0000,-0.0815,-0.0587
3.0000,-0.0493,-0.0272
3.0000,-0.0619,-0.0404
3.0000,-0.1113,-0.0905
3.0000,-0.0666,-0.0465
3.0000,-0.0532,-0.0338
3.0000,-0.0723,-0.0537
3.0000,-0.0916,-0.0738
3.0000,-0.0671,-0.0501
3.0000,-0.1043,-0.0880
3.0000,-0.0617,-0.0463
3.0000,-0.1049,-0.0903
3.0000,-0.1147,-0.1009
3.0000,-0.0865,-0.0736
3.0000,-0.0703,-0.0582
3.0000,-0.0839,-0.0728
3.0000,-0.0689,-0.0587
3.0000,-0.0802,-0.0709
3.0000,-0.0575,-0.0492
3.0000,-0.0964,-0.0891
3.0000,-0.1080,-0.1017
3.0000,-0.0921,-0.0868
3.0000,-0.0755,-0.0712
3.0000,-0.0781,-0.0748
3.0000,-0.1192,-0.1170
3.0000,-0.0763,-0.0752
3.0000,-0.0569,-0.0569
3.0000,-0.1067,-0.1078
3.0000,-0.0683,-0.0706
3.0000,-0.0854,-0.0888
3.0000,-0.0677,-0.0723
3.0000,-0.0716,-0.0774
3.0000,-0.0584,-0.0654
3.0000,-0.1199,-0.1281
3.0000,-0.0654,-0.0749
3.0000,-0.0799,-0.0907
3.0000,-0.0589,-0.0709
3.0000,-0.1058,-0.1191
3.0000,-0.0953,-0.1098
3.0000,-0.1207,-0.1366
3.0000,-0.0833,-0.1006
3.0000,-0.1112,-0.1298
3.0000,-0.1099,-0.1300
3.0000,-0.0810,-0.1024
3.0000,-0.1096,-0.1324
3.0000,-0.0791,-0.1033
3.0000,-0.0920,-0.1177
3.0000,-0.0634,-0.0906
3.0000,-0.0594,-0.0880
3.0000,-0.0773,-0.1074
3.0000,-0.1186,-0.1502
3.0000,-0.0918,-0.1250
3.0000,-0.0677,-0.1024
3.0000,-0.0789,-0.1152
3.0000,-0.1177,-0.1556
3.0000,-0.0699,-0.1094
3.0000,-0.0959,-0.1370
3.0000,-0.0654,-0.1081
3.0000,-0.0794,-0.1238
3.0000,-0.0589,-0.1049
3.0000,-0.0930,-0.1406
3.0000,-0.0892,-0.1385
3.0000,-0.0867,-0.1378
3.0000,-0.0917,-0.1445
3.0000,-0.1048,-0.1593
3.0000,-0.1140,-0.1703
3.0000,-0.0576,-0.1156
3.0000,-0.1061,-0.1659
3.0000,-0.0929,-0.1545
3.0000,-0.0604,-0.1238
3.0000,-0.0960,-0.1612
3.0000,-0.0548,-0.1219
3.0000,-0.1115,-0.1804
3.0000,-0.0540,-0.1248
3.0000,-0.0804,-0.1531
3.0000,-0.0791,-0.1536
3.0000,-0.0967,-0.1731
3.0000,-0.1065,-0.1849
3.0000,-0.0595,-0.1399
3.0000,-0.0854,-0.1677
3.0000,-0.0695,-0.1538
3.0000,-0.0745,-0.1607
3.0000,-0.1005,-0.1887
3.0000,-0.0519,-0.1421
3.0000,-0.0683,-0.1606
3.0000,-0.0703,-0.1646
3.0000,-0.0461,-0.1424
3.0000,-0.0654,-0.1638
3.0000,-0.0880,-0.1884
3.0000,-0.0864,-0.1889
3.0000,-0.0813,-0.1859
3.0000,-0.0750,-0.1817
3.0000,-0.0379,-0.1468
3.0000,-0.0496,-0.1605
3.0000,-0.0467,-0.1598
3.0000,-0.0924,-0.2076
3.0000,-0.0530,-0.1704
3.0000,-0.0656,-0.1852
3.0000,-0.0588,-0.1806
3.0000,-0.0508,-0.1747
3.0000,-0.0445,-0.1707
3.0000,-0.0677,-0.1961
3.0000,-0.0415,-0.1721
3.0000,-0.0813,-0.2142
3.0000,-0.0330,-0.1682
3.0000,-0.0386,-0.1760
3.0000,-0.0684,-0.2081
3.0000,-0.0458,-0.1877
3.0000,-0.0784,-0.2227
3.0000,-0.0585,-0.2050
3.0000,-0.0535,-0.2023
3.0000,-0.0831,-0.2343
3.0000,-0.0522,-0.2057
3.0000,-0.0612,-0.2170
3.0000,-0.0565,-0.2147
3.0000,-0.0189,-0.1795
3.0000,-0.0631,-0.2260
3.0000,-0.0270,-0.1923
3.0000,-0.0501,-0.2177
3.0000,-0.0624,-0.2325
3.0000,-0.0594,-0.2319
3.0000,-0.0720,-0.2468
3.0000,-0.0578,-0.2351
3.0000,-0.0392,-0.2189
3.0000,-0.0564,-0.2385
3.0000,-0.0662,-0.2508
3.0000,-0.0358,-0.2229
3.0000,-0.0315,-0.2210
3.0000,-0.0612,-0.2531
3.0000,-0.0413,-0.2357
3.0000,-0.0005,-0.1974
3.0000,-0.0361,-0.2355
3.0000,-0.0348,-0.2366
3.0000,0.0016,-0.2028
3.0000,-0.0043,-0.2112
3.0000,-0.0442,-0.2536
3.0000,-0.0242,-0.2360
3.0000,-0.0367,-0.2510
3.0000,-0.0504,-0.2673
3.0000,0.0041,-0.2153
3.0000,-0.0422,-0.2642
3.0000,-0.0307,-0.2552
3.0000,-0.0313,-0.2583
3.0000,-0.0323,-0.2618
3.0000,-0.0015,-0.2336
3.0000,-0.0327,-0.2673
3.0000,-0.0355,-0.2727
3.0000,0.0030,-0.2367
3.0000,0.0231,-0.2192
3.0000,-0.0021,-0.2470
3.0000,-0.0012,-0.2487
3.0000,-0.0188,-0.2688
3.0000,-0.0242,-0.2768
3.0000,0.0154,-0.2397
3.0000,-0.0179,-0.2757
3.0000,-0.0186,-0.2790
3.0000,0.0043,-0.2586
3.0000,0.0136,-0.2518
3.0000,0.0019,-0.2662
3.0000,0.0411,-0.2296
3.0000,0.0372,-0.2360
3.0000,0.0379,-0.2379
3.0000,0.0274,-0.2510
3.0000,0.0284,-0.2526
3.0000,-0.0061,-0.2897
3.0000,0.0186,-0.2675
3.0000,0.0418,-0.2470
3.0000,0.0263,-0.2650
3.0000,0.0196,-0.2744
3.0000,0.0600,-0.2365
3.0000,0.0630,-0.2362
3.0000,0.0242,-0.2775
3.0000,0.0106,-0.2937
3.0000,0.0536,-0.2533
3.0000,0.0134,-0.2961
3.0000,0.0136,-0.2984
3.0000,0.0499,-0.2647
3.0000,0.0147,-0.3025
3.0000,0.0182,-0.3016
3.0000,0.0182,-0.3041
3.0000,0.0709,-0.2540
3.0000,0.0425,-0.2850
3.0000,0.0571,-0.2729
3.0000,0.0507,-0.2819
3.0000,0.0578,-0.2774
3.0000,0.0520,-0.2858
3.0000,0.0601,-0.2802
3.0000,0.0450,-0.2979
3.0000,0.0822,-0.2632
3.0000,0.0407,-0.3073
3.0000,0.0424,-0.3080
3.0000,0.0606,-0.2924
3.0000,0.0879,-0.2677
3.0000,0.0459,-0.3121
3.0000,0.0770,-0.2835
3.0000,0.0742,-0.2889
3.0000,0.1049,-0.2607
3.0000,0.0759,-0.2922
3.0000,0.1149,-0.2557
3.0000,0.1079,-0.2652
3.0000,0.0726,-0.3029
3.0000,0.0835,-0.2945
3.0000,0.1164,-0.2641
3.0000,0.0772,-0.3058
3.0000,0.1207,-0.2647
3.0000,0.1269,-0.2610
3.0000,0.1287,-0.2616
3.0000,0.1095,-0.2832
3.0000,0.1315,-0.2637
3.0000,0.1235,-0.2741
3.0000,0.1297,-0.2703
3.0000,0.0951,-0.3072
3.0000,0.1262,-0.2785
3.0000,0.0920,-0.3151
3.0000,0.1222,-0.2873
3.0000,0.1134,-0.2984
3.0000,0.1355,-0.2787
3.0000,0.1463,-0.2702
3.0000,0.1302,-0.2887
3.0000,0.1198,-0.3014
3.0000,0.1206,-0.3029
3.0000,0.1188,-0.3070
3.0000,0.1569,-0.2712
3.0000,0.1549,-0.2755
3.0000,0.1699,-0.2628
3.0000,0.1463,-0.2886
3.0000,0.1755,-0.2616
3.0000,0.1795,-0.2599
3.0000,0.1369,-0.3046
3.0000,0.1307,-0.3131
3.0000,0.1818,-0.2642
3.0000,0.1693,-0.2788
3.0000,0.1770,-0.2733
3.0000,0.1934,-0.2591
3.0000,0.1788,-0.2758
3.0000,0.1771,-0.2796
3.0000,0.1414,-0.3175
3.0000,0.1739,-0.2871
3.0000,0.1547,-0.3084
3.0000,0.1612,-0.3040
3.0000,0.1634,-0.3038
3.0000,0.1552,-0.3140
3.0000,0.1841,-0.2872
3.0000,0.1697,-0.3036
3.0000,0.1858,-0.2895
3.0000,0.2087,-0.2686
3.0000,0.1830,-0.2962
3.0000,0.2086,-0.2726
3.0000,0.1872,-0.2960
3.0000,0.2231,-0.2620
3.0000,0.2346,-0.2524
3.0000,0.2112,-0.2777
3.0000,0.2333,-0.2574
3.0000,0.1886,-0.3040
3.0000,0.2012,-0.2933
3.0000,0.2242,-0.2721
3.0000,0.2062,-0.2918
3.0000,0.2300,-0.2698
3.0000,0.2425,-0.2592
3.0000,0.2445,-0.2589
3.0000,0.2187,-0.2865
3.0000,0.2165,-0.2904
3.0000,0.2567,-0.2518
3.0000,0.2123,-0.2979
3.0000,0.2476,-0.2643
3.0000,0.2316,-0.2819
3.0000,0.2456,-0.2696
3.0000,0.2687,-0.2481
3.0000,0.2627,-0.2557
3.0000,0.2294,-0.2905
3.0000,0.2773,-0.2442
3.0000,0.2396,-0.2834
3.0000,0.2644,-0.2601
3.0000,0.2369,-0.2891
3.0000,0.2856,-0.2419
3.0000,0.2636,-0.2653
3.0000,0.2854,-0.2449
3.0000,0.2931,-0.2387
3.0000,0.2784,-0.2547
3.0000,0.2718,-0.2627
3.0000,0.2448,-0.2910
3.0000,0.2830,-0.2541
3.0000,0.2647,-0.2737
3.0000,0.2749,-0.2649
3.0000,0.3129,-0.2281
3.0000,0.2720,-0.2701
3.0000,0.2892,-0.2542
3.0000,0.3013,-0.2433
3.0000,0.3167,-0.2291
3.0000,0.3092,-0.2376
3.0000,0.2709,-0.2771
3.0000,0.3211,-0.2280
3.0000,0.3228,-0.2273
3.0000,0.3319,-0.2193
3.0000,0.3209,-0.2313
3.0000,0.3060,-0.2472
3.0000,0.2846,-0.2696
3.0000,0.3293,-0.2259
3.0000,0.2922,-0.2638
3.0000,0.3270,-0.2300
3.0000,0.3317,-0.2262
3.0000,0.3018,-0.2569
3.0000,0.3300,-0.2295
3.0000,0.3005,-0.2599
3.0000,0.3416,-0.2195
3.0000,0.3111,-0.2507
3.0000,0.3651,-0.1975
3.0000,0.3467,-0.2166
3.0000,0.3567,-0.2073
3.0000,0.3630,-0.2016
3.0000,0.3321,-0.2332
3.0000,0.3547,-0.2112
3.0000,0.3551,-0.2113
3.0000,0.3224,-0.2446
3.0000,0.3465,-0.2210
3.0000,0.3599,-0.2081
3.0000,0.3690,-0.1995
3.0000,0.3699,-0.1990
3.0000,0.3463,-0.2231
3.0000,0.3570,-0.2127
3.0000,0.3412,-0.2289
3.0000,0.3628,-0.2076
3.0000,0.3414,-0.2293
3.0000,0.3792,-0.1917
3.0000,0.3746,-0.1966
3.0000,0.3561,-0.2154
3.0000,0.3953,-0.1763
3.0000,0.3916,-0.1801
3.0000,0.3526,-0.2193
3.0000,0.3992,-0.1728
3.0000,0.3881,-0.1840
3.0000,0.3902,-0.1820
3.0000,0.4155,-0.1567
3.0000,0.3982,-0.1740
3.0000,0.3897,-0.1824
3.0000,0.3741,-0.1979
3.0000,0.4171,-0.1549
3.0000,0.4185,-0.1533
3.0000,0.3957,-0.1760
3.0000,0.4147,-0.1568
3.0000,0.4035,-0.1678
3.0000,0.4218,-0.1492
3.0000,0.3875,-0.1833
3.0000,0.4413,-0.1292
3.0000,0.3964,-0.1738
3.0000,0.3908,-0.1790
3.0000,0.3939,-0.1755
3.0000,0.4438,-0.1252
3.0000,0.4462,-0.1224
3.0000,0.4288,-0.1393
3.0000,0.4015,-0.1660
3.0000,0.4323,-0.1347
3.0000,0.4219,-0.1446
3.0000,0.4144,-0.1515
3.0000,0.4584,-0.1068
3.0000,0.4180,-0.1466
3.0000,0.4494,-0.1145
3.0000,0.4556,-0.1075
3.0000,0.4496,-0.1128
3.0000,0.4379,-0.1238
3.0000,0.4564,-0.1044
3.0000,0.4468,-0.1131
3.0000,0.4424,-0.1167
3.0000,0.4673,-0.0908
3.0000,0.4532,-0.1040
3.0000,0.4432,-0.1131
3.0000,0.4297,-0.1255
3.0000,0.4603,-0.0939
3.0000,0.4737,-0.0795
3.0000,0.4698,-0.0823
3.0000,0.4301,-0.1208
3.0000,0.4739,-0.0759
3.0000,0.4515,-0.0971
3.0000,0.4446,-0.1027
3.0000,0.4570,-0.0891
3.0000,0.4556,-0.0892
3.0000,0.4851,-0.0583
3.0000,0.4744,-0.0677
3.0000,0.4878,-0.0529
3.0000,0.4789,-0.0604
3.0000,0.4594,-0.0784
3.0000,0.4721,-0.0642
3.0000,0.4747,-0.0602
3.0000,0.5077,-0.0256
3.0000,0.4624,-0.0693
3.0000,0.5104,-0.0198
3.0000,0.4737,-0.0548
3.0000,0.4846,-0.0422
3.0000,0.4688,-0.0563
3.0000,0.4950,-0.0284
3.0000,0.4851,-0.0365
3.0000,0.5095,-0.0104
3.0000,0.4921,-0.0259
3.0000,0.4701,-0.0460
3.0000,0.4784,-0.0358
3.0000,0.4872,-0.0251
3.0000,0.5182,0.0079
3.0000,0.4985,-0.0098
3.0000,0.4789,-0.0274
3.0000,0.4704,-0.0338
3.0000,0.4893,-0.0128
3.0000,0.4937,-0.0063
3.0000,0.5267,0.0289
3.0000,0.5262,0.0306
3.0000,0.5159,0.0225
3.0000,0.4784,-0.0127
3.0000,0.5223,0.0334
3.0000,0.5081,0.0215
3.0000,0.5151,0.0309
3.0000,0.5017,0.0199
3.0000,0.5389,0.0595
3.0000,0.5097,0.0328
3.0000,0.5095,0.0350
3.0000,0.5408,0.0688
3.0000,0.4969,0.0275
3.0000,0.4994,0.0326
3.0000,0.5085,0.0443
3.0000,0.5207,0.0590
3.0000,0.5008,0.0418
3.0000,0.5341,0.0778
3.0000,0.4894,0.0359
3.0000,0.5330,0.0823
3.0000,0.5345,0.0866
3.0000,0.5078,0.0627
3.0000,0.5154,0.0731
3.0000,0.4922,0.0528
3.0000,0.5413,0.1049
3.0000,0.4990,0.0655
3.0000,0.5495,0.1190
3.0000,0.5500,0.1226
3.0000,0.5115,0.0871
3.0000,0.5171,0.0958
3.0000,0.5378,0.1196
3.0000,0.5480,0.1329
3.0000,0.5369,0.1250
3.0000,0.5286,0.1199
3.0000,0.5517,0.1463
3.0000,0.5426,0.1404
3.0000,0.5328,0.1339
3.0000,0.5293,0.1338
3.0000,0.5522,0.1601
3.0000,0.5062,0.1174
3.0000,0.5241,0.1388
3.0000,0.5474,0.1655
3.0000,0.4924,0.1140
3.0000,0.5210,0.1461
3.0000,0.5110,0.1397
3.0000,0.5089,0.1412
3.0000,0.4950,0.1308
3.0000,0.5345,0.1740
3.0000,0.5524,0.1956
3.0000,0.5207,0.1676
3.0000,0.5117,0.1623
3.0000,0.5230,0.1773
3.0000,0.4923,0.1504
3.0000,0.5508,0.2128
3.0000,0.5048,0.1707
3.0000,0.5113,0.1809
3.0000,0.4961,0.1697
3.0000,0.4969,0.1744
3.0000,0.4901,0.1716
3.0000,0.5399,0.2253
3.0000,0.5188,0.2083
3.0000,0.5281,0.2216
3.0000,0.5410,0.2386
3.0000,0.4989,0.2006
3.0000,0.5092,0.2151
3.0000,0.5468,0.2569
3.0000,0.5307,0.2449
3.0000,0.5064,0.2248
3.0000,0.4984,0.2210
3.0000,0.5021,0.2290
3.0000,0.4964,0.2276
3.0000,0.5137,0.2492
3.0000,0.5071,0.2470
3.0000,0.5060,0.2503
3.0000,0.4847,0.2334
3.0000,0.5113,0.2645
3.0000,0.4805,0.2381
3.0000,0.4842,0.2463
3.0000,0.4965,0.2631
3.0000,0.5068,0.2780
3.0000,0.5152,0.2909
3.0000,0.5232,0.3035
3.0000,0.5310,0.3160
3.0000,0.5041,0.2937
3.0000,0.5178,0.3121
3.0000,0.5328,0.3318
3.0000,0.4705,0.2742
3.0000,0.4742,0.2826
3.0000,0.4992,0.3124
3.0000,0.4714,0.2894
3.0000,0.4877,0.3105
3.0000,0.4863,0.3140
3.0000,0.5102,0.3427
3.0000,0.4816,0.3190
3.0000,0.5030,0.3453
3.0000,0.4896,0.3369
3.0000,0.4850,0.3372
3.0000,0.4596,0.3169
3.0000,0.5074,0.3696
3.0000,0.4629,0.3302
3.0000,0.4844,0.3567
3.0000,0.4724,0.3498
3.0000,0.4553,0.3378
3.0000,0.4926,0.3802
3.0000,0.4975,0.3903
3.0000,0.4571,0.3550
3.0000,0.4486,0.3518
3.0000,0.4869,0.3952
3.0000,0.4409,0.3545
3.0000,0.4982,0.4171
3.0000,0.4430,0.3671
3.0000,0.4392,0.3686
3.0000,0.4381,0.3728
3.0000,0.4864,0.4264
3.0000,0.4538,0.3992
3.0000,0.4693,0.4200
3.0000,0.4356,0.3917
3.0000,0.4813,0.4429
3.0000,0.4704,0.4374
3.0000,0.4407,0.4131
3.0000,0.4660,0.4439
3.0000,0.4392,0.4226
3.0000,0.4438,0.4327
3.0000,0.4229,0.4173
3.0000,0.4560,0.4560
3.0000,0.4287,0.4342
3.0000,0.4492,0.4604
3.0000,0.4312,0.4479
3.0000,0.4059,0.4282
3.0000,0.4431,0.4710
3.0000,0.4400,0.4737
3.0000,0.4145,0.4538
3.0000,0.4483,0.4933
3.0000,0.4525,0.5032
3.0000,0.3982,0.4546
3.0000,0.4177,0.4798
3.0000,0.4240,0.4918
3.0000,0.3904,0.4640
3.0000,0.4344,0.5138
3.0000,0.4062,0.4914
3.0000,0.3999,0.4908
3.0000,0.3754,0.4722
3.0000,0.3749,0.4775
3.0000,0.4161,0.5246
3.0000,0.3837,0.4980
3.0000,0.3775,0.4977
3.0000,0.3631,0.4892
3.0000,0.3740,0.5059
3.0000,0.4019,0.5398
3.0000,0.3679,0.5117
3.0000,0.3969,0.5466
3.0000,0.3935,0.5492
3.0000,0.3600,0.5216
3.0000,0.4023,0.5699
3.0000,0.3387,0.5123
3.0000,0.3898,0.5694
3.0000,0.3422,0.5278
3.0000,0.3568,0.5484
3.0000,0.3250,0.5225
3.0000,0.3601,0.5638
3.0000,0.3454,0.5550
3.0000,0.3429,0.5586
3.0000,0.3418,0.5636
3.0000,0.3634,0.5912
3.0000,0.3179,0.5517
3.0000,0.3059,0.5458
3.0000,0.3489,0.5949
3.0000,0.3357,0.5879
3.0000,0.3052,0.5635
3.0000,0.3091,0.5735
3.0000,0.3509,0.6214
3.0000,0.3008,0.5774
3.0000,0.3296,0.6123
3.0000,0.2924,0.5813
3.0000,0.3188,0.6138
3.0000,0.2863,0.5874
3.0000,0.2832,0.5905
3.0000,0.2657,0.5791
3.0000,0.3222,0.6418
3.0000,0.3013,0.6270
3.0000,0.3135,0.6454
3.0000,0.2562,0.5943
3.0000,0.2585,0.6028
3.0000,0.2975,0.6480
3.0000,0.2487,0.6053
3.0000,0.2460,0.6088
3.0000,0.2371,0.6060
3.0000,0.2499,0.6251
3.0000,0.2769,0.6583
3.0000,0.2719,0.6594
3.0000,0.2456,0.6394
3.0000,0.2630,0.6629
3.0000,0.2497,0.6559
3.0000,0.2415,0.6538
3.0000,0.2636,0.6821
3.0000,0.2307,0.6554
3.0000,0.2018,0.6327
3.0000,0.2371,0.6741
3.0000,0.2179,0.6611
3.0000,0.2107,0.6601
3.0000,0.2267,0.6823
3.0000,0.1934,0.6552
3.0000,0.2182,0.6862
3.0000,0.2045,0.6787
3.0000,0.2088,0.6891
3.0000,0.2167,0.7032
3.0000,0.1872,0.6798
3.0000,0.2054,0.7042
3.0000,0.1805,0.6855
3.0000,0.1646,0.6757
3.0000,0.1588,0.6761
3.0000,0.1961,0.7195
3.0000,0.1809,0.7105
3.0000,0.1661,0.7017
3.0000,0.1393,0.6811
3.0000,0.1731,0.7210
3.0000,0.1254,0.6795
3.0000,0.1616,0.7217
3.0000,0.1232,0.6894
3.0000,0.1349,0.7072
3.0000,0.1116,0.6900
3.0000,0.1256,0.7101
3.0000,0.1081,0.6986
3.0000,0.1343,0.7309
3.0000,0.1091,0.7118
3.0000,0.0953,0.7040
3.0000,0.0860,0.7007
3.0000,0.1099,0.7307
3.0000,0.0918,0.7185
3.0000,0.0661,0.6988
3.0000,0.0567,0.6954
3.0000,0.0905,0.7352
3.0000,0.0942,0.7449
3.0000,0.1024,0.7590
3.0000,0.0911,0.7536
3.0000,0.0464,0.7148
3.0000,0.0308,0.7052
3.0000,0.0381,0.7184
3.0000,0.0485,0.7347
3.0000,0.0386,0.7307
3.0000,0.0580,0.7560
3.0000,0.0492,0.7530
3.0000,0.0206,0.7302
3.0000,0.0422,0.7576
3.0000,0.0097,0.7309
3.0000,0.0294,0.7564
3.0000,-0.0045,0.7282
3.0000,0.0071,0.7456
3.0000,0.0304,0.7747
3.0000,0.0113,0.7613
3.0000,-0.0067,0.7490
3.0000,0.0216,0.7830
3.0000,0.0054,0.7725
3.0000,-0.0397,0.7330
3.0000,-0.0021,0.7762
3.0000,-0.0115,0.7724
3.0000,-0.0096,0.7799
3.0000,-0.0650,0.7302
3.0000,-0.0507,0.7500
3.0000,-0.0636,0.7426
3.0000,-0.0430,0.7687
3.0000,-0.0764,0.7409
3.0000,-0.0940,0.7287
3.0000,-0.0657,0.7625
3.0000,-0.0660,0.7676
3.0000,-0.0796,0.7594
3.0000,-0.0856,0.7588
3.0000,-0.1185,0.7313
3.0000,-0.0733,0.7818
3.0000,-0.0701,0.7904
3.0000,-0.0848,0.7809
3.0000,-0.1144,0.7566
3.0000,-0.1357,0.7405
3.0000,-0.1381,0.7434
3.0000,-0.1393,0.7473
3.0000,-0.1137,0.7781
3.0000,-0.1484,0.7486
3.0000,-0.1680,0.7342
3.0000,-0.1232,0.7841
3.0000,-0.1532,0.7591
3.0000,-0.1809,0.7365
3.0000,-0.1389,0.7835
3.0000,-0.1495,0.7779
3.0000,-0.1799,0.7525
3.0000,-0.1558,0.7815
3.0000,-0.1783,0.7640
3.0000,-0.1876,0.7596
3.0000,-0.1585,0.7935
3.0000,-0.2163,0.7406
3.0000,-0.2185,0.7431
3.0000,-0.1782,0.7882
3.0000,-0.2236,0.7475
3.0000,-0.2029,0.7730
3.0000,-0.1983,0.7823
3.0000,-0.2486,0.7366
3.0000,-0.2005,0.7894
3.0000,-0.2393,0.7552
3.0000,-0.2680,0.7310
3.0000,-0.2577,0.7458
3.0000,-0.2463,0.7618
3.0000,-0.2539,0.7586
3.0000,-0.2384,0.7786
3.0000,-0.2493,0.7721
3.0000,-0.2406,0.7852
3.0000,-0.2861,0.7439
3.0000,-0.2516,0.7828
3.0000,-0.2519,0.7867
3.0000,-0.2847,0.7582
3.0000,-0.2831,0.7640
3.0000,-0.3184,0.7329
3.0000,-0.2803,0.7751
3.0000,-0.2875,0.7721
3.0000,-0.2912,0.7724
3.0000,-0.3306,0.7371
3.0000,-0.3397,0.7319
3.0000,-0.3347,0.7410
3.0000,-0.3227,0.7568
3.0000,-0.3459,0.7375
3.0000,-0.3263,0.7610
3.0000,-0.3655,0.7256
3.0000,-0.3479,0.7470
3.0000,-0.3886,0.7101
3.0000,-0.3851,0.7173
3.0000,-0.3885,0.7175
3.0000,-0.3479,0.7618
3.0000,-0.3629,0.7503
3.0000,-0.3819,0.7349
3.0000,-0.3749,0.7454
3.0000,-0.3834,0.7404
3.0000,-0.4079,0.7193
3.0000,-0.3860,0.7446
3.0000,-0.4350,0.6989
3.0000,-0.4143,0.7230
3.0000,-0.4475,0.6931
3.0000,-0.4416,0.7022
3.0000,-0.4280,0.7189
3.0000,-0.4578,0.6923
3.0000,-0.4637,0.6895
3.0000,-0.4617,0.6946
3.0000,-0.4589,0.7004
3.0000,-0.4611,0.7012
3.0000,-0.4470,0.7182
3.0000,-0.4339,0.7342
3.0000,-0.4937,0.6773
3.0000,-0.4927,0.6811
3.0000,-0.5116,0.6650
3.0000,-0.4787,0.7006
3.0000,-0.4748,0.7072
3.0000,-0.4967,0.6880
3.0000,-0.5187,0.6686
3.0000,-0.4830,0.7068
3.0000,-0.5385,0.6539
3.0000,-0.5456,0.6492
3.0000,-0.5229,0.6744
3.0000,-0.4962,0.7034
3.0000,-0.5157,0.6862
3.0000,-0.5514,0.6528
3.0000,-0.5175,0.6890
3.0000,-0.5338,0.6749
3.0000,-0.5745,0.6363
3.0000,-0.5504,0.6626
3.0000,-0.5860,0.6290
3.0000,-0.5345,0.6825
3.0000,-0.5422,0.6767
3.0000,-0.5531,0.6678
3.0000,-0.5872,0.6356
3.0000,-0.5584,0.6662
3.0000,-0.5588,0.6675
3.0000,-0.5813,0.6468
3.0000,-0.6022,0.6276
3.0000,-0.5977,0.6337
3.0000,-0.6324,0.6006
3.0000,-0.6383,0.5962
3.0000,-0.5891,0.6469
3.0000,-0.6198,0.6176
3.0000,-0.6345,0.6043
3.0000,-0.6529,0.5873
3.0000,-0.6241,0.6174
3.0000,-0.6549,0.5878
3.0000,-0.6606,0.5833
3.0000,-0.6320,0.6131
3.0000,-0.6259,0.6202
3.0000,-0.6670,0.5801
3.0000,-0.6701,0.5781
3.0000,-0.6564,0.5927
3.0000,-0.6716,0.5784
3.0000,-0.6844,0.5664
3.0000,-0.6999,0.5518
3.0000,-0.6728,0.5796
3.0000,-0.6794,0.5737
3.0000,-0.7186,0.5351
3.0000,-0.7130,0.5413
3.0000,-0.6820,0.5728
3.0000,-0.6716,0.5837
3.0000,-0.7134,0.5424
3.0000,-0.7369,0.5192
3.0000,-0.7156,0.5409
3.0000,-0.7468,0.5100
3.0000,-0.7031,0.5538
3.0000,-0.7000,0.5572
3.0000,-0.7339,0.5234
3.0000,-0.7360,0.5214
3.0000,-0.7447,0.5126
3.0000,-0.7145,0.5428
3.0000,-0.7452,0.5120
3.0000,-0.7577,0.4993
3.0000,-0.7530,0.5038
3.0000,-0.7757,0.4809
3.0000,-0.7541,0.5022
3.0000,-0.7408,0.5152
3.0000,-0.7552,0.5003
3.0000,-0.7939,0.4611
3.0000,-0.7951,0.4594
3.0000,-0.8133,0.4406
3.0000,-0.8016,0.4518
3.0000,-0.7719,0.4808
3.0000,-0.7654,0.4866
3.0000,-0.7703,0.4808
3.0000,-0.7807,0.4697
3.0000,-0.7955,0.4539
3.0000,-0.7943,0.4542
3.0000,-0.7843,0.4632
3.0000,-0.8082,0.4382
3.0000,-0.8277,0.4176
3.0000,-0.8544,0.3898
3.0000,-0.8252,0.4177
3.0000,-0.8156,0.4260
3.0000,-0.8331,0.4072
3.0000,-0.8301,0.4088
3.0000,-0.8369,0.4006
3.0000,-0.8342,0.4018
3.0000,-0.8329,0.4015
3.0000,-0.8246,0.4082
3.0000,-0.8646,0.3665
3.0000,-0.8836,0.3458
3.0000,-0.8903,0.3374
3.0000,-0.8960,0.3298
3.0000,-0.8466,0.3773
3.0000,-0.8938,0.3282
3.0000,-0.8992,0.3208
3.0000,-0.8602,0.3578
3.0000,-0.8538,0.3620
3.0000,-0.8680,0.3457
3.0000,-0.8893,0.3222
3.0000,-0.8652,0.3441
3.0000,-0.8927,0.3142
3.0000,-0.8975,0.3070
3.0000,-0.9231,0.2790
3.0000,-0.8806,0.3190
3.0000,-0.9147,0.2824
3.0000,-0.9312,0.2633
3.0000,-0.9014,0.2904
3.0000,-0.9219,0.2672
3.0000,-0.9350,0.2514
3.0000,-0.9208,0.2627
3.0000,-0.9167,0.2639
3.0000,-0.8937,0.2840
3.0000,-0.9519,0.2228
3.0000,-0.9008,0.2709
3.0000,-0.9278,0.2408
3.0000,-0.9225,0.2430
3.0000,-0.9287,0.2336
3.0000,-0.9473,0.2116
3.0000,-0.9175,0.2382
3.0000,-0.9644,0.1879
3.0000,-0.9449,0.2040
3.0000,-0.9193,0.2261
3.0000,-0.9249,0.2169
3.0000,-0.9192,0.2190
3.0000,-0.9451,0.1895
3.0000,-0.9395,0.1914
3.0000,-0.9364,0.1907
3.0000,-0.9552,0.1681
3.0000,-0.9423,0.1772
3.0000,-0.9431,0.1724
3.0000,-0.9362,0.1754
3.0000,-0.9926,0.1149
3.0000,-0.9742,0.1293
3.0000,-0.9431,0.1562
3.0000,-0.9754,0.1197
3.0000,-0.9903,0.1006
3.0000,-0.9855,0.1011
3.0000,-0.9845,0.0977
3.0000,-0.9710,0.1068
3.0000,-1.0000,0.0733
3.0000,-0.9729,0.0959
3.0000,-0.9544,0.1098
3.0000,-0.9787,0.0809
3.0000,-0.9989,0.0560
3.0000,-0.9617,0.0885
3.0000,-1.0106,0.0348
3.0000,-1.0041,0.0365
3.0000,-0.9625,0.0732
3.0000,-1.0200,0.0107
3.0000,-0.9968,0.0290
3.0000,-0.9864,0.0343
3.0000,-0.9696,0.0460
3.0000,-0.9693,0.0412
3.0000,-0.9788,0.0265
3.0000,-1.0190,-0.0190
4.0000,-0.0063,-0.0073
4.0000,0.0171,0.0151
4.0000,0.0317,0.0286
4.0000,-0.0067,-0.0108
4.0000,-0.0222,-0.0273
4.0000,0.0223,0.0161
4.0000,-0.0027,-0.0100
4.0000,-0.0305,-0.0389
4.0000,-0.0238,-0.0332
4.0000,-0.0259,-0.0366
4.0000,0.0157,0.0040
4.0000,-0.0124,-0.0253
4.0000,0.0147,0.0007
4.0000,-0.0040,-0.0192
4.0000,0.0201,0.0037
4.0000,0.0190,0.0015
4.0000,0.0227,0.0040
4.0000,0.0140,-0.0060
4.0000,0.0209,-0.0002
4.0000,-0.0179,-0.0402
4.0000,0.0065,-0.0170
4.0000,-0.0125,-0.0373
4.0000,-0.0106,-0.0366
4.0000,0.0173,-0.0101
4.0000,-0.0052,-0.0338
4.0000,-0.0274,-0.0573
4.0000,-0.0099,-0.0411
4.0000,-0.0121,-0.0446
4.0000,0.0320,-0.0018
4.0000,0.0272,-0.0079
4.0000,-0.0070,-0.0434
4.0000,0.0029,-0.0349
4.0000,0.0010,-0.0381
4.0000,0.0191,-0.0213
4.0000,0.0280,-0.0138
4.0000,0.0183,-0.0248
4.0000,-0.0035,-0.0480
4.0000,-0.0012,-0.0472
4.0000,0.0150,-0.0323
4.0000,0.0372,-0.0115
4.0000,0.0196,-0.0305
4.0000,0.0305,-0.0210
4.0000,0.0293,-0.0236
4.0000,-0.0062,-0.0606
4.0000,-0.0129,-0.0687
4.0000,0.0391,-0.0181
4.0000,0.0251,-0.0335
4.0000,-0.0087,-0.0688
4.0000,-0.0037,-0.0652
4.0000,0.0325,-0.0305
4.0000,0.0260,-0.0385
4.0000,0.0356,-0.0304
4.0000,0.0301,-0.0373
4.0000,0.0300,-0.0389
4.0000,0.0229,-0.0475
4.0000,0.0293,-0.0426
4.0000,0.0289,-0.0445
4.0000,-0.0053,-0.0801
4.0000,0.0471,-0.0293
4.0000,0.0104,-0.0675
4.0000,0.0081,-0.0713
4.0000,0.0062,-0.0747
4.0000,0.0008,-0.0816
4.0000,-0.0058,-0.0897
4.0000,0.0163,-0.0692
4.0000,-0.0034,-0.0904
4.0000,0.0051,-0.0834
4.0000,0.0237,-0.0664
4.0000,0.0578,-0.0338
4.0000,0.0565,-0.0366
4.0000,0.0230,-0.0717
4.0000,0.0388,-0.0575
4.0000,0.0622,-0.0355
4.0000,0.0416,-0.0577
4.0000,0.0243,-0.0766
4.0000,0.0135,-0.0889
4.0000,0.0062,-0.0978
4.0000,0.0529,-0.0526
4.0000,0.0532,-0.0539
4.0000,0.0407,-0.0679
4.0000,0.0394,-0.0708
4.0000,0.0197,-0.0921
4.0000,0.0674,-0.0459
4.0000,0.0464,-0.0684
4.0000,0.0205,-0.0959
4.0000,0.0729,-0.0451
4.0000,0.0442,-0.0754
4.0000,0.0204,-0.1007
4.0000,0.0219,-0.1008
4.0000,0.0510,-0.0732
4.0000,0.0545,-0.0713
4.0000,0.0350,-0.0923
4.0000,0.0345,-0.0943
4.0000,0.0615,-0.0689
4.0000,0.0265,-0.1055
4.0000,0.0375,-0.0960
4.0000,0.0850,-0.0501
4.0000,0.0489,-0.0877
4.0000,0.0809,-0.0572
4.0000,0.0603,-0.0794
4.0000,0.0507,-0.0905
4.0000,0.0927,-0.0501
4.0000,0.0727,-0.0716
4.0000,0.0877,-0.0581
4.0000,0.0767,-0.0706
4.0000,0.0802,-0.0687
4.0000,0.0471,-0.1032
4.0000,0.0815,-0.0703
4.0000,0.0998,-0.0535
4.0000,0.0507,-0.1042
4.0000,0.0880,-0.0683
4.0000,0.0577,-0.1002
4.0000,0.0686,-0.0908
4.0000,0.0529,-0.1079
4.0000,0.0873,-0.0751
4.0000,0.0523,-0.1115
4.0000,0.0587,-0.1065
4.0000,0.0641,-0.1026
4.0000,0.1082,-0.0600
4.0000,0.0836,-0.0860
4.0000,0.0914,-0.0797
4.0000,0.0850,-0.0875
4.0000,0.1082,-0.0657
4.0000,0.0959,-0.0795
4.0000,0.0927,-0.0841
4.0000,0.0778,-0.1004
4.0000,0.0829,-0.0967
4.0000,0.0705,-0.1105
4.0000,0.0702,-0.1122
4.0000,0.1217,-0.0621
4.0000,0.0742,-0.1109
4.0000,0.0914,-0.0951
4.0000,0.0678,-0.1200
4.0000,0.1281,-0.0611
4.0000,0.0809,-0.1097
4.0000,0.0939,-0.0980
4.0000,0.1203,-0.0729
4.0000,0.0761,-0.1184
4.0000,0.1375,-0.0583
4.0000,0.1265,-0.0706
4.0000,0.1019,-0.0965
4.0000,0.1090,-0.0907
4.0000,0.1004,-0.1005
4.0000,0.0896,-0.1126
4.0000,0.1313,-0.0721
4.0000,0.1251,-0.0796
4.0000,0.1075,-0.0984
4.0000,0.1416,-0.0655
4.0000,0.1287,-0.0797
4.0000,0.1182,-0.0913
4.0000,0.0948,-0.1159
4.0000,0.1417,-0.0701
4.0000,0.1243,-0.0887
4.0000,0.1160,-0.0982
4.0000,0.1046,-0.1107
4.0000,0.1369,-0.0796
4.0000,0.1161,-0.1015
4.0000,0.1430,-0.0756
4.0000,0.1316,-0.0881
4.0000,0.1274,-0.0934
4.0000,0.1316,-0.0903
4.0000,0.1451,-0.0778
4.0000,0.1706,-0.0534
4.0000,0.1676,-0.0574
4.0000,0.1524,-0.0736
4.0000,0.1143,-0.1127
4.0000,0.1658,-0.0622
4.0000,0.1541,-0.0748
4.0000,0.1340,-0.0959
4.0000,0.1247,-0.1062
4.0000,0.1604,-0.0714
4.0000,0.1405,-0.0922
4.0000,0.1452,-0.0884
4.0000,0.1342,-0.1003
4.0000,0.1693,-0.0661
4.0000,0.1619,-0.0743
4.0000,0.1856,-0.0514
4.0000,0.1606,-0.0773
4.0000,0.1511,-0.0876
4.0000,0.1398,-0.0997
4.0000,0.1599,-0.0804
4.0000,0.1869,-0.0542
4.0000,0.1897,-0.0521
4.0000,0.1758,-0.0668
4.0000,0.1451,-0.0981
4.0000,0.1421,-0.1018
4.0000,0.1882,-0.0564
4.0000,0.1675,-0.0778
4.0000,0.1492,-0.0968
4.0000,0.1643,-0.0823
4.0000,0.1758,-0.0714
4.0000,0.1599,-0.0880
4.0000,0.1883,-0.0601
4.0000,0.2085,-0.0405
4.0000,0.1670,-0.0825
4.0000,0.1981,-0.0520
4.0000,0.1803,-0.0702
4.0000,0.1761,-0.0749
4.0000,0.2135,-0.0381
4.0000,0.2033,-0.0488
4.0000,0.2095,-0.0429
4.0000,0.2118,-0.0411
4.0000,0.2249,-0.0284
4.0000,0.1686,-0.0851
4.0000,0.2115,-0.0426
4.0000,0.1684,-0.0860
4.0000,0.1892,-0.0655
4.0000,0.2249,-0.0301
4.0000,0.1835,-0.0718
4.0000,0.2120,-0.0436
4.0000,0.2325,-0.0234
4.0000,0.2134,-0.0427
4.0000,0.1838,-0.0725
4.0000,0.2112,-0.0453
4.0000,0.2383,-0.0185
4.0000,0.1847,-0.0722
4.0000,0.2140,-0.0431
4.0000,0.2093,-0.0478
4.0000,0.1916,-0.0656
4.0000,0.2442,-0.0131
4.0000,0.2356,-0.0218
4.0000,0.1894,-0.0680
4.0000,0.2419,-0.0155
4.0000,0.2081,-0.0493
4.0000,0.2226,-0.0348
4.0000,0.2547,-0.0027
4.0000,0.2184,-0.0389
4.0000,0.2454,-0.0118
4.0000,0.2404,-0.0168
4.0000,0.2169,-0.0401
4.0000,0.2139,-0.0429
4.0000,0.2046,-0.0521
4.0000,0.2531,-0.0034
4.0000,0.2044,-0.0519
4.0000,0.2553,-0.0007
4.0000,0.2514,-0.0044
4.0000,0.2356,-0.0199
4.0000,0.2353,-0.0199
4.0000,0.2331,-0.0219
4.0000,0.2701,0.0155
4.0000,0.2535,-0.0007
4.0000,0.2292,-0.0246
4.0000,0.2258,-0.0276
4.0000,0.2346,-0.0184
4.0000,0.2413,-0.0113
4.0000,0.2393,-0.0128
4.0000,0.2346,-0.0170
4.0000,0.2475,-0.0036
4.0000,0.2398,-0.0107
4.0000,0.2511,0.0011
4.0000,0.2400,-0.0095
4.0000,0.2382,-0.0106
4.0000,0.2837,0.0355
4.0000,0.2795,0.0320
4.0000,0.2867,0.0398
4.0000,0.2410,-0.0052
4.0000,0.2862,0.0408
4.0000,0.2885,0.0438
4.0000,0.2808,0.0368
4.0000,0.2494,0.0062
4.0000,0.2760,0.0337
4.0000,0.2790,0.0374
4.0000,0.2614,0.0207
4.0000,0.2507,0.0109
4.0000,0.2805,0.0416
4.0000,0.2583,0.0204
4.0000,0.2933,0.0563
4.0000,0.2739,0.0379
4.0000,0.2693,0.0342
4.0000,0.2882,0.0541
4.0000,0.2494,0.0164
4.0000,0.2824,0.0504
4.0000,0.2607,0.0298
4.0000,0.2447,0.0150
4.0000,0.2967,0.0681
4.0000,0.2554,0.0280
4.0000,0.3006,0.0743
4.0000,0.2716,0.0465
4.0000,0.2870,0.0632
4.0000,0.2493,0.0268
4.0000,0.2784,0.0571
4.0000,0.2820,0.0620
4.0000,0.2964,0.0777
4.0000,0.3002,0.0828
4.0000,0.2822,0.0662
4.0000,0.2997,0.0852
4.0000,0.2543,0.0411
4.0000,0.2934,0.0816
4.0000,0.2545,0.0443
4.0000,0.2654,0.0566
4.0000,0.2834,0.0761
4.0000,0.3112,0.1054
4.0000,0.2978,0.0936
4.0000,0.2812,0.0786
4.0000,0.2917,0.0907
4.0000,0.2948,0.0954
4.0000,0.3088,0.1111
4.0000,0.2540,0.0580
4.0000,0.2967,0.1024
4.0000,0.2624,0.0698
4.0000,0.2991,0.1083
4.0000,0.2635,0.0744
4.0000,0.2882,0.1009
4.0000,0.2687,0.0832
4.0000,0.2642,0.0805
4.0000,0.2959,0.1141
4.0000,0.2945,0.1146
4.0000,0.3051,0.1271
4.0000,0.2924,0.1164
4.0000,0.2790,0.1048
4.0000,0.3179,0.1457
4.0000,0.3077,0.1376
4.0000,0.3121,0.1440
4.0000,0.2623,0.0962
4.0000,0.2761,0.1121
4.0000,0.3089,0.1470
4.0000,0.2598,0.1000
4.0000,0.2958,0.1382
4.0000,0.2819,0.1264
4.0000,0.2988,0.1455
4.0000,0.2837,0.1326
4.0000,0.2620,0.1131
4.0000,0.3127,0.1661
4.0000,0.2855,0.1412
4.0000,0.3162,0.1742
4.0000,0.2795,0.1398
4.0000,0.2994,0.1620
4.0000,0.3056,0.1706
4.0000,0.2677,0.1351
4.0000,0.2786,0.1484
4.0000,0.2980,0.1702
4.0000,0.2658,0.1405
4.0000,0.2954,0.1726
4.0000,0.2729,0.1526
4.0000,0.2852,0.1674
4.0000,0.2802,0.1650
4.0000,0.2785,0.1658
4.0000,0.2920,0.1819
4.0000,0.3092,0.2017
4.0000,0.2802,0.1753
4.0000,0.2801,0.1779
4.0000,0.2599,0.1604
4.0000,0.2904,0.1935
4.0000,0.2746,0.1804
4.0000,0.2626,0.1711
4.0000,0.2921,0.2034
4.0000,0.2835,0.1976
4.0000,0.2667,0.1836
4.0000,0.2576,0.1774
4.0000,0.3042,0.2268
4.0000,0.2856,0.2110
4.0000,0.2641,0.1924
4.0000,0.3082,0.2394
4.0000,0.2942,0.2283
4.0000,0.3053,0.2424
4.0000,0.2824,0.2225
4.0000,0.2621,0.2051
4.0000,0.2891,0.2351
4.0000,0.2527,0.2017
4.0000,0.2919,0.2440
4.0000,0.3079,0.2631
4.0000,0.2568,0.2150
4.0000,0.2929,0.2542
4.0000,0.2527,0.2172
4.0000,0.3004,0.2680
4.0000,0.2804,0.2511
4.0000,0.2743,0.2482
4.0000,0.2931,0.2702
4.0000,0.2689,0.2492
4.0000,0.2625,0.2461
4.0000,0.2651,0.2520
4.0000,0.2829,0.2730
4.0000,0.2816,0.2749
4.0000,0.2757,0.2724
4.0000,0.2818,0.2818
4.0000,0.2844,0.2878
4.0000,0.2440,0.2507
4.0000,0.2847,0.2948
4.0000,0.2516,0.2651
4.0000,0.2853,0.3022
4.0000,0.2707,0.2910
4.0000,0.2414,0.2652
4.0000,0.2696,0.2968
4.0000,0.2308,0.2615
4.0000,0.2822,0.3164
4.0000,0.2549,0.2926
4.0000,0.2732,0.3145
4.0000,0.2466,0.2914
4.0000,0.2657,0.3141
4.0000,0.2350,0.2869
4.0000,0.2478,0.3033
4.0000,0.2144,0.2735
4.0000,0.2692,0.3320
4.0000,0.2489,0.3153
4.0000,0.2245,0.2945
4.0000,0.2306,0.3043
4.0000,0.2369,0.3142
4.0000,0.2210,0.3021
4.0000,0.2079,0.2926
4.0000,0.2521,0.3406
4.0000,0.2356,0.3278
4.0000,0.2304,0.3264
4.0000,0.2086,0.3084
4.0000,0.2398,0.3434
4.0000,0.2179,0.3252
4.0000,0.2336,0.3447
4.0000,0.2053,0.3203
4.0000,0.2405,0.3593
4.0000,0.2355,0.3582
4.0000,0.2494,0.3759
4.0000,0.1934,0.3237
4.0000,0.2019,0.3361
4.0000,0.2359,0.3740
4.0000,0.2114,0.3535
4.0000,0.2020,0.3480
4.0000,0.1953,0.3452
4.0000,0.2013,0.3552
4.0000,0.2223,0.3801
4.0000,0.2001,0.3619
4.0000,0.2121,0.3778
4.0000,0.1898,0.3595
4.0000,0.2004,0.3741
4.0000,0.2103,0.3880
4.0000,0.2237,0.4054
4.0000,0.2085,0.3942
4.0000,0.1688,0.3585
4.0000,0.1775,0.3713
4.0000,0.1567,0.3545
4.0000,0.2083,0.4102
4.0000,0.1569,0.3629
4.0000,0.2109,0.4210
4.0000,0.1578,0.3719
4.0000,0.1852,0.4035
4.0000,0.1995,0.4219
4.0000,0.1734,0.3999
4.0000,0.1464,0.3770
4.0000,0.1802,0.4149
4.0000,0.1777,0.4165
4.0000,0.1834,0.4264
4.0000,0.1873,0.4345
4.0000,0.1321,0.3833
4.0000,0.1740,0.4295
4.0000,0.1503,0.4099
4.0000,0.1468,0.4106
4.0000,0.1540,0.4220
4.0000,0.1467,0.4188
4.0000,0.1728,0.4492
4.0000,0.1508,0.4313
4.0000,0.1601,0.4448
4.0000,0.1546,0.4435
4.0000,0.1341,0.4272
4.0000,0.1628,0.4601
4.0000,0.1044,0.4059
4.0000,0.1228,0.4285
4.0000,0.1505,0.4605
4.0000,0.1122,0.4264
4.0000,0.1116,0.4301
4.0000,0.1456,0.4683
4.0000,0.1204,0.4473
4.0000,0.0931,0.4242
4.0000,0.1162,0.4516
4.0000,0.1083,0.4479
4.0000,0.1276,0.4715
4.0000,0.1101,0.4582
4.0000,0.0959,0.4483
4.0000,0.0705,0.4271
4.0000,0.0661,0.4270
4.0000,0.1212,0.4863
4.0000,0.0652,0.4346
4.0000,0.0897,0.4633
4.0000,0.0900,0.4678
4.0000,0.0673,0.4494
4.0000,0.0769,0.4632
4.0000,0.0837,0.4743
4.0000,0.0904,0.4853
4.0000,0.0670,0.4661
4.0000,0.0619,0.4653
4.0000,0.0954,0.5030
4.0000,0.0840,0.4959
4.0000,0.0616,0.4777
4.0000,0.0868,0.5071
4.0000,0.0254,0.4500
4.0000,0.0705,0.4993
4.0000,0.0291,0.4621
4.0000,0.0349,0.4721
4.0000,0.0349,0.4764
4.0000,0.0548,0.5004
4.0000,0.0345,0.4844
4.0000,0.0564,0.5105
4.0000,0.0558,0.5141
4.0000,0.0430,0.5054
4.0000,0.0404,0.5070
4.0000,0.0088,0.4796
4.0000,0.0125,0.4875
4.0000,-0.0057,0.4735
4.0000,-0.0076,0.4758
4.0000,0.0217,0.5092
4.0000,0.0062,0.4979
4.0000,-0.0081,0.4877
4.0000,-0.0069,0.4931
4.0000,-0.0261,0.4781
4.0000,-0.0110,0.4973
4.0000,0.0172,0.5296
4.0000,-0.0352,0.4813
4.0000,0.0059,0.5266
4.0000,-0.0340,0.4907
4.0000,-0.0279,0.5009
4.0000,-0.0096,0.5233
4.0000,0.0021,0.5391
4.0000,-0.0325,0.5085
4.0000,-0.0423,0.5028
4.0000,-0.0096,0.5396
4.0000,-0.0239,0.5292
4.0000,-0.0456,0.5116
4.0000,-0.0693,0.4918
4.0000,-0.0237,0.5415
4.0000,-0.0341,0.5351
4.0000,-0.0495,0.5237
4.0000,-0.0730,0.5041
4.0000,-0.0790,0.5021
4.0000,-0.0459,0.5391
4.0000,-0.0408,0.5482
4.0000,-0.0503,0.5426
4.0000,-0.0532,0.5435
4.0000,-0.1125,0.4881
4.0000,-0.0946,0.5099
4.0000,-0.0845,0.5239
4.0000,-0.0991,0.5132
4.0000,-0.1064,0.5097
4.0000,-0.0852,0.5347
4.0000,-0.0990,0.5247
4.0000,-0.0925,0.5350
4.0000,-0.0967,0.5346
4.0000,-0.1265,0.5086
4.0000,-0.0869,0.5520
4.0000,-0.0925,0.5500
4.0000,-0.1436,0.5027
4.0000,-0.1001,0.5499
4.0000,-0.1053,0.5483
4.0000,-0.1529,0.5044
4.0000,-0.1422,0.5187
4.0000,-0.1131,0.5515
4.0000,-0.1590,0.5092
4.0000,-0.1227,0.5492
4.0000,-0.1780,0.4974
4.0000,-0.1844,0.4946
4.0000,-0.1636,0.5189
4.0000,-0.1705,0.5156
4.0000,-0.1579,0.5317
4.0000,-0.1846,0.5085
4.0000,-0.1647,0.5318
4.0000,-0.1683,0.5317
4.0000,-0.1749,0.5285
4.0000,-0.1787,0.5281
4.0000,-0.1633,0.5469
4.0000,-0.2149,0.4986
4.0000,-0.1785,0.5384
4.0000,-0.2118,0.5085
4.0000,-0.2130,0.5106
4.0000,-0.1992,0.5276
4.0000,-0.2150,0.5151
4.0000,-0.1891,0.5442
4.0000,-0.2068,0.5298
4.0000,-0.2392,0.5006
4.0000,-0.2059,0.5370
4.0000,-0.2121,0.5339
4.0000,-0.2031,0.5461
4.0000,-0.2156,0.5367
4.0000,-0.2694,0.4860
4.0000,-0.2159,0.5425
4.0000,-0.2196,0.5418
4.0000,-0.2656,0.4989
4.0000,-0.2756,0.4919
4.0000,-0.2424,0.5280
4.0000,-0.2765,0.4969
4.0000,-0.2546,0.5217
4.0000,-0.2391,0.5401
4.0000,-0.2452,0.5368
4.0000,-0.2823,0.5026
4.0000,-0.2556,0.5321
4.0000,-0.3080,0.4825
4.0000,-0.2557,0.5375
4.0000,-0.2737,0.5222
4.0000,-0.3111,0.4875
4.0000,-0.3262,0.4752
4.0000,-0.3056,0.4983
4.0000,-0.2969,0.5097
4.0000,-0.2860,0.5232
4.0000,-0.3092,0.5026
4.0000,-0.3313,0.4830
4.0000,-0.3384,0.4784
4.0000,-0.3233,0.4960
4.0000,-0.3306,0.4911
4.0000,-0.3356,0.4885
4.0000,-0.3561,0.4705
4.0000,-0.3689,0.4600
4.0000,-0.3644,0.4669
4.0000,-0.3541,0.4794
4.0000,-0.3807,0.4551
4.0000,-0.3580,0.4801
4.0000,-0.3837,0.4566
4.0000,-0.3451,0.4974
4.0000,-0.3949,0.4497
4.0000,-0.3791,0.4677
4.0000,-0.3805,0.4684
4.0000,-0.3731,0.4778
4.0000,-0.3555,0.4974
4.0000,-0.3789,0.4761
4.0000,-0.4017,0.4553
4.0000,-0.3582,0.5007
4.0000,-0.4124,0.4484
4.0000,-0.4033,0.4593
4.0000,-0.3901,0.4744
4.0000,-0.3822,0.4841
4.0000,-0.4070,0.4610
4.0000,-0.4258,0.4440
4.0000,-0.4081,0.4634
4.0000,-0.3933,0.4798
4.0000,-0.4089,0.4659
4.0000,-0.4340,0.4423
4.0000,-0.4276,0.4503
4.0000,-0.4032,0.4763
4.0000,-0.4363,0.4447
4.0000,-0.4330,0.4495
4.0000,-0.4578,0.4261
4.0000,-0.4722,0.4130
4.0000,-0.4407,0.4460
4.0000,-0.4751,0.4128
4.0000,-0.4630,0.4263
4.0000,-0.4906,0.3999
4.0000,-0.4472,0.4445
4.0000,-0.4768,0.4161
4.0000,-0.4911,0.4030
4.0000,-0.4589,0.4362
4.0000,-0.4531,0.4431
4.0000,-0.4611,0.4362
4.0000,-0.4548,0.4435
4.0000,-0.4582,0.4410
4.0000,-0.4697,0.4305
4.0000,-0.4925,0.4086
4.0000,-0.5244,0.3775
4.0000,-0.4802,0.4226
4.0000,-0.4816,0.4219
4.0000,-0.5167,0.3876
4.0000,-0.4831,0.4218
4.0000,-0.5026,0.4030
4.0000,-0.5216,0.3847
4.0000,-0.5358,0.3710
4.0000,-0.5281,0.3793
4.0000,-0.5287,0.3792
4.0000,-0.5397,0.3687
4.0000,-0.5181,0.3907
4.0000,-0.5333,0.3760
4.0000,-0.5304,0.3792
4.0000,-0.5373,0.3726
4.0000,-0.5764,0.3338
4.0000,-0.5203,0.3901
4.0000,-0.5342,0.3764
4.0000,-0.5784,0.3324
4.0000,-0.5847,0.3262
4.0000,-0.5389,0.3721
4.0000,-0.5543,0.3568
4.0000,-0.5427,0.3684
4.0000,-0.5856,0.3254
4.0000,-0.5880,0.3229
4.0000,-0.5554,0.3554
4.0000,-0.6021,0.3085
4.0000,-0.5912,0.3192
4.0000,-0.5610,0.3492
4.0000,-0.5970,0.3129
4.0000,-0.5657,0.3439
4.0000,-0.5881,0.3211
4.0000,-0.5718,0.3370
4.0000,-0.5671,0.3413
4.0000,-0.5748,0.3331
4.0000,-0.6276,0.2797
4.0000,-0.5940,0.3128
4.0000,-0.6416,0.2646
4.0000,-0.6436,0.2619
4.0000,-0.5942,0.3106
4.0000,-0.6195,0.2846
4.0000,-0.5989,0.3044
4.0000,-0.6140,0.2885
4.0000,-0.6242,0.2775
4.0000,-0.6535,0.2472
4.0000,-0.6275,0.2722
4.0000,-0.6513,0.2475
4.0000,-0.6501,0.2476
4.0000,-0.6333,0.2634
4.0000,-0.6617,0.2339
4.0000,-0.6292,0.2652
4.0000,-0.6535,0.2397
4.0000,-0.6244,0.2675
4.0000,-0.6294,0.2613
4.0000,-0.6503,0.2390
4.0000,-0.6591,0.2288
4.0000,-0.6272,0.2594
4.0000,-0.6522,0.2329
4.0000,-0.6369,0.2467
4.0000,-0.6863,0.1957
4.0000,-0.6438,0.2367
4.0000,-0.6844,0.1944
4.0000,-0.6847,0.1924
4.0000,-0.6750,0.2004
4.0000,-0.6562,0.2175
4.0000,-0.6539,0.2180
4.0000,-0.6527,0.2173
4.0000,-0.6521,0.2160
4.0000,-0.6728,0.1934
4.0000,-0.6727,0.1916
4.0000,-0.6586,0.2036
4.0000,-0.6768,0.1834
4.0000,-0.6783,0.1798
4.0000,-0.6828,0.1731
4.0000,-0.7190,0.1347
4.0000,-0.7203,0.1312
4.0000,-0.6865,0.1627
4.0000,-0.7210,0.1259
4.0000,-0.7124,0.1321
4.0000,-0.7291,0.1130
4.0000,-0.6864,0.1533
4.0000,-0.7181,0.1191
4.0000,-0.7299,0.1048
4.0000,-0.7151,0.1170
4.0000,-0.7174,0.1121
4.0000,-0.7480,0.0788
4.0000,-0.7163,0.1078
4.0000,-0.7164,0.1050
4.0000,-0.6944,0.1241
4.0000,-0.7267,0.0890
4.0000,-0.7480,0.0649
4.0000,-0.6968,0.1132
4.0000,-0.7594,0.0476
4.0000,-0.7282,0.0758
4.0000,-0.7169,0.0840
4.0000,-0.7305,0.0673
4.0000,-0.7310,0.0637
4.0000,-0.7598,0.0317
4.0000,-0.7226,0.0657
4.0000,-0.7422,0.0428
4.0000,-0.7089,0.0728
4.0000,-0.7147,0.0637
4.0000,-0.7216,0.0533
4.0000,-0.7531,0.0184
4.0000,-0.7309,0.0371
4.0000,-0.7266,0.0379
4.0000,-0.7735,-0.0125
4.0000,-0.7169,0.0405
4.0000,-0.7598,-0.0061
4.0000,-0.7369,0.0131
4.0000,-0.7315,0.0148
4.0000,-0.7689,-0.0264
4.0000,-0.7665,-0.0279
4.0000,-0.7336,0.0013
4.0000,-0.7643,-0.0334
4.0000,-0.7787,-0.0517
4.0000,-0.7517,-0.0287
4.0000,-0.7744,-0.0555
4.0000,-0.7761,-0.0612
4.0000,-0.7466,-0.0359
4.0000,-0.7878,-0.0811
4.0000,-0.7829,-0.0805
4.0000,-0.7649,-0.0667
4.0000,-0.7384,-0.0445
4.0000,-0.7663,-0.0767
4.0000,-0.7860,-0.1007
4.0000,-0.7463,-0.0654
4.0000,-0.7336,-0.0572
4.0000,-0.7641,-0.0921
4.0000,-0.7795,-0.1121
4.0000,-0.7904,-0.1276
4.0000,-0.7916,-0.1334
4.0000,-0.7756,-0.1219
4.0000,-0.7659,-0.1170
4.0000,-0.7573,-0.1131
4.0000,-0.7705,-0.1310
4.0000,-0.7905,-0.1558
4.0000,-0.7818,-0.1520
4.0000,-0.7351,-0.1102
4.0000,-0.7677,-0.1477
4.0000,-0.7464,-0.1313
4.0000,-0.7467,-0.1366
4.0000,-0.7806,-0.1756
4.0000,-0.7783,-0.1784
4.0000,-0.7838,-0.1889
4.0000,-0.7470,-0.1573
4.0000,-0.7820,-0.1975
4.0000,-0.7398,-0.1605
4.0000,-0.7415,-0.1675
4.0000,-0.7456,-0.1769
4.0000,-0.7881,-0.2247
4.0000,-0.7722,-0.2142
4.0000,-0.7337,-0.1811
4.0000,-0.7664,-0.2193
4.0000,-0.7610,-0.2194
4.0000,-0.7606,-0.2245
4.0000,-0.7491,-0.2186
4.0000,-0.7507,-0.2257
4.0000,-0.7832,-0.2639
4.0000,-0.7387,-0.2251
4.0000,-0.7594,-0.2515
4.0000,-0.7376,-0.2355
4.0000,-0.7559,-0.2595
4.0000,-0.7505,-0.2599
4.0000,-0.7773,-0.2925
4.0000,-0.7661,-0.2872
4.0000,-0.7562,-0.2833
4.0000,-0.7245,-0.2576
4.0000,-0.7242,-0.2632
4.0000,-0.7630,-0.3080
4.0000,-0.7606,-0.3117
4.0000,-0.7794,-0.3366
4.0000,-0.7719,-0.3353
4.0000,-0.7575,-0.3270
4.0000,-0.7430,-0.3187
4.0000,-0.7250,-0.3070
4.0000,-0.7450,-0.3332
4.0000,-0.7218,-0.3163
4.0000,-0.7167,-0.3175
4.0000,-0.7430,-0.3502
4.0000,-0.7198,-0.3333
4.0000,-0.7161,-0.3361
4.0000,-0.7403,-0.3668
4.0000,-0.7253,-0.3582
4.0000,-0.7561,-0.3956
4.0000,-0.7551,-0.4011
4.0000,-0.7427,-0.3953
4.0000,-0.6994,-0.3587
4.0000,-0.7596,-0.4254
4.0000,-0.6983,-0.3708
4.0000,-0.6962,-0.3755
4.0000,-0.6998,-0.3858
4.0000,-0.7038,-0.3965
4.0000,-0.7274,-0.4269
4.0000,-0.7001,-0.4064
4.0000,-0.7058,-0.4189
4.0000,-0.7097,-0.4298
4.0000,-0.7104,-0.4373
4.0000,-0.7333,-0.4672
4.0000,-0.7315,-0.4724
4.0000,-0.7277,-0.4755
4.0000,-0.7107,-0.4655
4.0000,-0.7243,-0.4862
4.0000,-0.7264,-0.4953
4.0000,-0.6750,-0.4511
4.0000,-0.7104,-0.4936
4.0000,-0.7100,-0.5003
4.0000,-0.7149,-0.5125
4.0000,-0.6817,-0.4864
4.0000,-0.6715,-0.4835
4.0000,-0.6594,-0.4786
4.0000,-0.6651,-0.4915
4.0000,-0.6603,-0.4941
4.0000,-0.6791,-0.5202
4.0000,-0.6727,-0.5211
4.0000,-0.6503,-0.5061
4.0000,-0.6404,-0.5036
4.0000,-0.6534,-0.5241
4.0000,-0.6545,-0.5326
4.0000,-0.6731,-0.5586
4.0000,-0.6528,-0.5458
4.0000,-0.6389,-0.5395
4.0000,-0.6246,-0.5327
4.0000,-0.6602,-0.5758
4.0000,-0.6331,-0.5563
4.0000,-0.6231,-0.5539
4.0000,-0.6499,-0.5883
4.0000,-0.6515,-0.5975
4.0000,-0.6130,-0.5667
4.0000,-0.6140,-0.5754
4.0000,-0.6528,-0.6219
4.0000,-0.6567,-0.6334
4.0000,-0.6419,-0.6264
4.0000,-0.5952,-0.5875
4.0000,-0.6005,-0.6005
4.0000,-0.6439,-0.6517
4.0000,-0.6405,-0.6561
4.0000,-0.6155,-0.6389
4.0000,-0.6040,-0.6353
4.0000,-0.5977,-0.6368
4.0000,-0.5981,-0.6450
4.0000,-0.5934,-0.6483
4.0000,-0.6162,-0.6790
4.0000,-0.6082,-0.6789
4.0000,-0.5621,-0.6407
4.0000,-0.5713,-0.6579
4.0000,-0.5769,-0.6714
4.0000,-0.5854,-0.6878
4.0000,-0.5567,-0.6671
4.0000,-0.5679,-0.6864
4.0000,-0.5475,-0.6739
4.0000,-0.5727,-0.7071
4.0000,-0.5473,-0.6899
4.0000,-0.5774,-0.7280
4.0000,-0.5552,-0.7138
4.0000,-0.5628,-0.7295
4.0000,-0.5181,-0.6929
4.0000,-0.5673,-0.7502
4.0000,-0.5171,-0.7081
4.0000,-0.5530,-0.7521
4.0000,-0.5075,-0.7147
4.0000,-0.5479,-0.7632
4.0000,-0.5375,-0.7610
4.0000,-0.5052,-0.7369
4.0000,-0.5198,-0.7596
4.0000,-0.5356,-0.7835
4.0000,-0.4709,-0.7270
4.0000,-0.4729,-0.7373
4.0000,-0.4866,-0.7591
4.0000,-0.4663,-0.7470
4.0000,-0.5048,-0.7937
4.0000,-0.4768,-0.7740
4.0000,-0.4795,-0.7848
4.0000,-0.4475,-0.7611
4.0000,-0.4913,-0.8131
4.0000,-0.4308,-0.7608
4.0000,-0.4833,-0.8216
4.0000,-0.4478,-0.7944
4.0000,-0.4302,-0.7849
4.0000,-0.4509,-0.8139
4.0000,-0.4260,-0.7972
4.0000,-0.4168,-0.7963
4.0000,-0.4181,-0.8058
4.0000,-0.4266,-0.8226
4.0000,-0.4174,-0.8217
4.0000,-0.4036,-0.8160
4.0000,-0.4402,-0.8610
4.0000,-0.3980,-0.8270
4.0000,-0.4117,-0.8490
4.0000,-0.3716,-0.8171
4.0000,-0.3777,-0.8315
4.0000,-0.3927,-0.8547
4.0000,-0.4129,-0.8831
4.0000,-0.3656,-0.8441
4.0000,-0.4009,-0.8877
4.0000,-0.3379,-0.8330
4.0000,-0.3490,-0.8523
4.0000,-0.3611,-0.8726
4.0000,-0.3398,-0.8595
4.0000,-0.3771,-0.9051
4.0000,-0.3637,-0.8999
4.0000,-0.3197,-0.8641
4.0000,-0.3392,-0.8918
4.0000,-0.3325,-0.8933
4.0000,-0.3414,-0.9104
4.0000,-0.3345,-0.9117
4.0000,-0.2928,-0.8782
4.0000,-0.2726,-0.8662
4.0000,-0.2715,-0.8732
4.0000,-0.3133,-0.9233
4.0000,-0.2811,-0.8991
4.0000,-0.2686,-0.8949
4.0000,-0.2697,-0.9041
4.0000,-0.3015,-0.9440
4.0000,-0.2588,-0.9095
4.0000,-0.2924,-0.9512
4.0000,-0.2630,-0.9299
4.0000,-0.2197,-0.8947
4.0000,-0.2220,-0.9050
4.0000,-0.2469,-0.9380
4.0000,-0.2048,-0.9039
4.0000,-0.2175,-0.9247
4.0000,-0.2254,-0.9406
4.0000,-0.2295,-0.9528
4.0000,-0.1989,-0.9301
4.0000,-0.2226,-0.9618
4.0000,-0.1952,-0.9424
4.0000,-0.1994,-0.9546
4.0000,-0.1781,-0.9412
4.0000,-0.1740,-0.9451
4.0000,-0.1523,-0.9313
4.0000,-0.1423,-0.9292
4.0000,-0.1440,-0.9387
4.0000,-0.1416,-0.9443
4.0000,-0.1570,-0.9675
4.0000,-0.1767,-0.9950
4.0000,-0.1530,-0.9791
4.0000,-0.1033,-0.9372
4.0000,-0.1288,-0.9704
4.0000,-0.0917,-0.9411
4.0000,-0.1061,-0.9633
4.0000,-0.1146,-0.9795
4.0000,-0.1090,-0.9816
4.0000,-0.1272,-1.0075
4.0000,-0.1173,-1.0052
4.0000,-0.0605,-0.9560
4.0000,-0.0910,-0.9941
4.0000,-0.0506,-0.9614
4.0000,-0.0926,-1.0110
4.0000,-0.0922,-1.0181
4.0000,-0.0740,-1.0074
4.0000,-0.0813,-1.0222
4.0000,-0.0546,-1.0030
4.0000,-0.0536,-1.0094
4.0000,-0.0543,-1.0176
4.0000,-0.0516,-1.0223
4.0000,-0.0501,-1.0281
4.0000,-0.0158,-1.0012
4.0000,0.0208,-0.9719
4.0000,0.0167,-0.9833
