1.0000,0.0040,0.0010
1.0000,0.0036,-0.0016
1.0000,0.0094,0.0030
1.0000,0.0131,0.0064
1.0000,0.0160,0.0099
1.0000,0.0151,0.0107
1.0000,0.0186,0.0169
1.0000,0.0206,0.0226
1.0000,0.0195,0.0261
1.0000,0.0192,0.0314
1.0000,0.0147,0.0332
1.0000,0.0148,0.0404
1.0000,0.0090,0.0424
1.0000,0.0072,0.0487
1.0000,0.0015,0.0515
1.0000,-0.0057,0.0529
1.0000,-0.0102,0.0570
1.0000,-0.0214,0.0542
1.0000,-0.0230,0.0606
1.0000,-0.0328,0.0583
1.0000,-0.0441,0.0537
1.0000,-0.0459,0.0576
1.0000,-0.0554,0.0529
1.0000,-0.0632,0.0485
1.0000,-0.0705,0.0433
1.0000,-0.0796,0.0348
1.0000,-0.0879,0.0255
1.0000,-0.0888,0.0219
1.0000,-0.0968,0.0094
1.0000,-0.1015,-0.0015
1.0000,-0.1056,-0.0136
1.0000,-0.1023,-0.0202
1.0000,-0.1049,-0.0343
1.0000,-0.1051,-0.0476
1.0000,-0.1001,-0.0574
1.0000,-0.0954,-0.0689
1.0000,-0.0923,-0.0831
1.0000,-0.0816,-0.0910
1.0000,-0.0781,-0.1069
1.0000,-0.0647,-0.1135
1.0000,-0.0563,-0.1256
1.0000,-0.0435,-0.1334
1.0000,-0.0321,-0.1425
1.0000,-0.0179,-0.1485
1.0000,0.0008,-0.1492
1.0000,0.0163,-0.1522
1.0000,0.0323,-0.1535
1.0000,0.0523,-0.1494
1.0000,0.0683,-0.1474
1.0000,0.0831,-0.1446
1.0000,0.0986,-0.1389
1.0000,0.1164,-0.1284
1.0000,0.1325,-0.1170
1.0000,0.1473,-0.1041
1.0000,0.1558,-0.0946
1.0000,0.1700,-0.0765
1.0000,0.1832,-0.0562
1.0000,0.1902,-0.0391
1.0000,0.1933,-0.0228
1.0000,0.2014,0.0014
1.0000,0.2012,0.0202
1.0000,0.2031,0.0439
1.0000,0.2005,0.0657
1.0000,0.1967,0.0886
1.0000,0.1866,0.1073
1.0000,0.1802,0.1316
1.0000,0.1635,0.1470
1.0000,0.1526,0.1693
1.0000,0.1347,0.1856
1.0000,0.1190,0.2044
1.0000,0.0970,0.2169
1.0000,0.0733,0.2274
1.0000,0.0512,0.2386
1.0000,0.0244,0.2439
1.0000,-0.0009,0.2491
1.0000,-0.0258,0.2526
1.0000,-0.0540,0.2504
1.0000,-0.0792,0.2485
1.0000,-0.1085,0.2391
1.0000,-0.1364,0.2279
1.0000,-0.1603,0.2169
1.0000,-0.1850,0.2011
1.0000,-0.2042,0.1865
1.0000,-0.2254,0.1657
1.0000,-0.2469,0.1401
1.0000,-0.2596,0.1189
1.0000,-0.2742,0.0912
1.0000,-0.2866,0.0613
1.0000,-0.2981,0.0279
1.0000,-0.2969,0.0031
1.0000,-0.3015,-0.0316
1.0000,-0.3007,-0.0645
1.0000,-0.2952,-0.0962
1.0000,-0.2864,-0.1276
1.0000,-0.2720,-0.1561
1.0000,-0.2585,-0.1877
1.0000,-0.2389,-0.2149
1.0000,-0.2171,-0.2413
1.0000,-0.1938,-0.2668
1.0000,-0.1649,-0.2869
1.0000,-0.1395,-0.3102
1.0000,-0.1028,-0.3211
1.0000,-0.0690,-0.3334
1.0000,-0.0391,-0.3477
1.0000,-0.0025,-0.3525
1.0000,0.0386,-0.3498
1.0000,0.0751,-0.3480
1.0000,0.1103,-0.3434
1.0000,0.1481,-0.3316
1.0000,0.1854,-0.3155
1.0000,0.2187,-0.2981
1.0000,0.2516,-0.2756
1.0000,0.2787,-0.2533
1.0000,0.3095,-0.2213
1.0000,0.3349,-0.1887
1.0000,0.3511,-0.1594
1.0000,0.3734,-0.1181
1.0000,0.3847,-0.0818
1.0000,0.3966,-0.0394
1.0000,0.3994,-0.0006
1.0000,0.4018,0.0428
1.0000,0.3957,0.0824
1.0000,0.3899,0.1267
1.0000,0.3752,0.1657
1.0000,0.3631,0.2106
1.0000,0.3401,0.2472
1.0000,0.3161,0.2847
1.0000,0.2831,0.3147
1.0000,0.2505,0.3457
1.0000,0.2151,0.3737
1.0000,0.1754,0.3967
1.0000,0.1340,0.4165
1.0000,0.0910,0.4325
1.0000,0.0474,0.4449
1.0000,-0.0009,0.4491
1.0000,-0.0475,0.4507
1.0000,-0.0974,0.4442
1.0000,-0.1452,0.4345
1.0000,-0.1901,0.4216
1.0000,-0.2309,0.4066
1.0000,-0.2763,0.3802
1.0000,-0.3177,0.3508
1.0000,-0.3572,0.3159
1.0000,-0.3906,0.2799
1.0000,-0.4184,0.2418
1.0000,-0.4431,0.1994
1.0000,-0.4666,0.1508
1.0000,-0.4833,0.1018
1.0000,-0.4914,0.0545
1.0000,-0.5028,-0.0028
1.0000,-0.4988,-0.0509
1.0000,-0.4934,-0.1031
1.0000,-0.4831,-0.1557
1.0000,-0.4708,-0.2106
1.0000,-0.4474,-0.2583
1.0000,-0.4179,-0.3028
1.0000,-0.3902,-0.3514
1.0000,-0.3550,-0.3939
1.0000,-0.3108,-0.4280
1.0000,-0.2686,-0.4638
1.0000,-0.2168,-0.4888
1.0000,-0.1688,-0.5155
1.0000,-0.1124,-0.5309
1.0000,-0.0585,-0.5450
1.0000,-0.0015,-0.5515
1.0000,0.0575,-0.5506
1.0000,0.1152,-0.5450
1.0000,0.1753,-0.5303
1.0000,0.2272,-0.5165
1.0000,0.2855,-0.4886
1.0000,0.3368,-0.4594
1.0000,0.3841,-0.4257
1.0000,0.4295,-0.3849
1.0000,0.4699,-0.3402
1.0000,0.5027,-0.2942
1.0000,0.5336,-0.2410
1.0000,0.5616,-0.1818
1.0000,0.5791,-0.1246
1.0000,0.5965,-0.0592
1.0000,0.6032,0.0032
1.0000,0.6009,0.0639
1.0000,0.5959,0.1286
1.0000,0.5813,0.1896
1.0000,0.5578,0.2469
1.0000,0.5348,0.3091
1.0000,0.5007,0.3635
1.0000,0.4605,0.4143
1.0000,0.4186,0.4650
1.0000,0.3700,0.5094
1.0000,0.3166,0.5484
1.0000,0.2571,0.5798
1.0000,0.2001,0.6110
1.0000,0.1341,0.6296
1.0000,0.0699,0.6454
1.0000,0.0001,0.6501
1.0000,-0.0691,0.6490
1.0000,-0.1376,0.6413
1.0000,-0.2046,0.6270
1.0000,-0.2710,0.6048
1.0000,-0.3315,0.5792
1.0000,-0.3960,0.5399
1.0000,-0.4505,0.5004
1.0000,-0.5031,0.4525
1.0000,-0.5504,0.3994
1.0000,-0.5919,0.3415
1.0000,-0.6290,0.2775
1.0000,-0.6553,0.2142
1.0000,-0.6805,0.1418
1.0000,-0.6947,0.0710
1.0000,-0.7006,-0.0006
1.0000,-0.7026,-0.0766
1.0000,-0.6899,-0.1456
1.0000,-0.6765,-0.2207
1.0000,-0.6525,-0.2909
1.0000,-0.6196,-0.3572
1.0000,-0.5796,-0.4203
1.0000,-0.5344,-0.4808
1.0000,-0.4889,-0.5426
1.0000,-0.4301,-0.5916
1.0000,-0.3664,-0.6348
1.0000,-0.3019,-0.6752
1.0000,-0.2297,-0.7048
1.0000,-0.1518,-0.7243
1.0000,-0.0792,-0.7438
1.0000,-0.0005,-0.7505
1.0000,0.0798,-0.7481
1.0000,0.1589,-0.7386
1.0000,0.2356,-0.7220
1.0000,0.3121,-0.6957
1.0000,0.3849,-0.6624
1.0000,0.4502,-0.6254
1.0000,0.5184,-0.5737
1.0000,0.5799,-0.5170
1.0000,0.6306,-0.4589
1.0000,0.6764,-0.3937
1.0000,0.7177,-0.3209
1.0000,0.7491,-0.2463
1.0000,0.7775,-0.1634
1.0000,0.7945,-0.0811
1.0000,0.8019,0.0019
1.0000,0.7967,0.0818
1.0000,0.7876,0.1663
1.0000,0.7732,0.2531
1.0000,0.7414,0.3292
1.0000,0.7073,0.4084
1.0000,0.6658,0.4844
1.0000,0.6112,0.5503
1.0000,0.5522,0.6134
1.0000,0.4880,0.6716
1.0000,0.4180,0.7230
1.0000,0.3424,0.7665
1.0000,0.2567,0.7960
1.0000,0.1784,0.8280
1.0000,0.0917,0.8452
1.0000,0.0027,0.8527
1.0000,-0.0872,0.8506
1.0000,-0.1775,0.8385
1.0000,-0.2641,0.8196
1.0000,-0.3484,0.7915
1.0000,-0.4321,0.7517
1.0000,-0.5094,0.7058
1.0000,-0.5821,0.6513
1.0000,-0.6499,0.5882
1.0000,-0.7101,0.5190
1.0000,-0.7658,0.4409
1.0000,-0.8105,0.3602
1.0000,-0.8467,0.2748
1.0000,-0.8727,0.1869
1.0000,-0.8894,0.0961
1.0000,-0.8995,0.0005
1.0000,-0.8975,-0.0936
1.0000,-0.8857,-0.1873
1.0000,-0.8640,-0.2797
1.0000,-0.8359,-0.3730
1.0000,-0.7950,-0.4595
1.0000,-0.7466,-0.5431
1.0000,-0.6834,-0.6150
1.0000,-0.6214,-0.6900
1.0000,-0.5495,-0.7552
1.0000,-0.4694,-0.8111
1.0000,-0.3814,-0.8561
1.0000,-0.2886,-0.8921
1.0000,-0.1980,-0.9246
1.0000,-0.0991,-0.9416
1.0000,-0.0031,-0.9531
1.0000,0.1007,-0.9471
1.0000,0.1986,-0.9360
1.0000,0.2977,-0.9119
1.0000,0.3946,-0.8773
1.0000,0.4853,-0.8352
1.0000,0.5700,-0.7849
1.0000,0.6508,-0.7238
1.0000,0.7233,-0.6560
1.0000,0.7947,-0.5742
1.0000,0.8490,-0.4943
1.0000,0.8993,-0.4034
1.0000,0.9446,-0.3029
1.0000,0.9687,-0.2094
1.0000,0.9925,-0.1029
1.0000,1.0004,0.0004
2.0000,0.0022,0.0058
2.0000,-0.0003,0.0076
2.0000,-0.0045,0.0081
2.0000,-0.0051,0.0125
2.0000,-0.0098,0.0130
2.0000,-0.0121,0.0158
2.0000,-0.0177,0.0152
2.0000,-0.0195,0.0182
2.0000,-0.0231,0.0188
2.0000,-0.0259,0.0197
2.0000,-0.0366,0.0118
2.0000,-0.0360,0.0144
2.0000,-0.0440,0.0074
2.0000,-0.0460,0.0053
2.0000,-0.0530,-0.0030
2.0000,-0.0533,-0.0058
2.0000,-0.0577,-0.0140
2.0000,-0.0562,-0.0177
2.0000,-0.0575,-0.0254
2.0000,-0.0605,-0.0361
2.0000,-0.0539,-0.0384
2.0000,-0.0522,-0.0468
2.0000,-0.0491,-0.0548
2.0000,-0.0481,-0.0658
2.0000,-0.0388,-0.0693
2.0000,-0.0344,-0.0783
2.0000,-0.0272,-0.0850
2.0000,-0.0190,-0.0909
2.0000,-0.0094,-0.0954
2.0000,0.0029,-0.0971
2.0000,0.0079,-0.1057
2.0000,0.0240,-0.1025
2.0000,0.0363,-0.1023
2.0000,0.0480,-0.1017
2.0000,0.0552,-0.1042
2.0000,0.0677,-0.0999
2.0000,0.0804,-0.0938
2.0000,0.0970,-0.0819
2.0000,0.1063,-0.0753
2.0000,0.1160,-0.0661
2.0000,0.1237,-0.0567
2.0000,0.1300,-0.0464
2.0000,0.1391,-0.0309
2.0000,0.1468,-0.0144
2.0000,0.1502,0.0002
2.0000,0.1497,0.0132
2.0000,0.1517,0.0311
2.0000,0.1490,0.0463
2.0000,0.1506,0.0678
2.0000,0.1466,0.0856
2.0000,0.1354,0.0978
2.0000,0.1276,0.1147
2.0000,0.1200,0.1331
2.0000,0.1069,0.1467
2.0000,0.0924,0.1595
2.0000,0.0780,0.1726
2.0000,0.0585,0.1804
2.0000,0.0407,0.1896
2.0000,0.0190,0.1940
2.0000,-0.0023,0.1977
2.0000,-0.0193,0.2042
2.0000,-0.0412,0.2039
2.0000,-0.0679,0.1967
2.0000,-0.0839,0.1978
2.0000,-0.1057,0.1902
2.0000,-0.1265,0.1808
2.0000,-0.1511,0.1643
2.0000,-0.1671,0.1531
2.0000,-0.1886,0.1326
2.0000,-0.2050,0.1137
2.0000,-0.2134,0.0991
2.0000,-0.2293,0.0731
2.0000,-0.2388,0.0498
2.0000,-0.2455,0.0256
2.0000,-0.2520,-0.0020
2.0000,-0.2531,-0.0276
2.0000,-0.2496,-0.0519
2.0000,-0.2494,-0.0824
2.0000,-0.2414,-0.1080
2.0000,-0.2295,-0.1319
2.0000,-0.2176,-0.1579
2.0000,-0.2012,-0.1809
2.0000,-0.1854,-0.2059
2.0000,-0.1629,-0.2249
2.0000,-0.1442,-0.2479
2.0000,-0.1155,-0.2608
2.0000,-0.0877,-0.2739
2.0000,-0.0622,-0.2882
2.0000,-0.0317,-0.2957
2.0000,0.0006,-0.2994
2.0000,0.0295,-0.3039
2.0000,0.0613,-0.3024
2.0000,0.0939,-0.2968
2.0000,0.1298,-0.2839
2.0000,0.1589,-0.2737
2.0000,0.1879,-0.2591
2.0000,0.2188,-0.2379
2.0000,0.2444,-0.2169
2.0000,0.2698,-0.1912
2.0000,0.2870,-0.1683
2.0000,0.3062,-0.1383
2.0000,0.3254,-0.1030
2.0000,0.3387,-0.0685
2.0000,0.3458,-0.0352
2.0000,0.3490,-0.0010
2.0000,0.3536,0.0391
2.0000,0.3508,0.0760
2.0000,0.3437,0.1126
2.0000,0.3336,0.1495
2.0000,0.3177,0.1835
2.0000,0.2985,0.2167
2.0000,0.2788,0.2512
2.0000,0.2498,0.2777
2.0000,0.2211,0.3052
2.0000,0.1914,0.3317
2.0000,0.1575,0.3534
2.0000,0.1197,0.3701
2.0000,0.0802,0.3831
2.0000,0.0406,0.3936
2.0000,-0.0031,0.3969
2.0000,-0.0398,0.4035
2.0000,-0.0824,0.3999
2.0000,-0.1264,0.3902
2.0000,-0.1680,0.3777
2.0000,-0.2092,0.3600
2.0000,-0.2483,0.3384
2.0000,-0.2817,0.3161
2.0000,-0.3159,0.2866
2.0000,-0.3469,0.2537
2.0000,-0.3759,0.2160
2.0000,-0.3991,0.1775
2.0000,-0.4155,0.1390
2.0000,-0.4314,0.0945
2.0000,-0.4435,0.0474
2.0000,-0.4510,-0.0010
2.0000,-0.4530,-0.0496
2.0000,-0.4462,-0.0945
2.0000,-0.4389,-0.1436
2.0000,-0.4205,-0.1857
2.0000,-0.4022,-0.2314
2.0000,-0.3800,-0.2761
2.0000,-0.3525,-0.3175
2.0000,-0.3171,-0.3524
2.0000,-0.2816,-0.3878
2.0000,-0.2412,-0.4181
2.0000,-0.1956,-0.4423
2.0000,-0.1515,-0.4661
2.0000,-0.0994,-0.4794
2.0000,-0.0539,-0.4959
2.0000,-0.0006,-0.5006
2.0000,0.0538,-0.4994
2.0000,0.1059,-0.4950
2.0000,0.1570,-0.4857
2.0000,0.2101,-0.4676
2.0000,0.2584,-0.4474
2.0000,0.3069,-0.4194
2.0000,0.3521,-0.3869
2.0000,0.3898,-0.3540
2.0000,0.4266,-0.3137
2.0000,0.4589,-0.2696
2.0000,0.4923,-0.2162
2.0000,0.5149,-0.1655
2.0000,0.5334,-0.1110
2.0000,0.5433,-0.0575
2.0000,0.5482,-0.0018
2.0000,0.5508,0.0583
2.0000,0.5422,0.1134
2.0000,0.5325,0.1730
2.0000,0.5168,0.2313
2.0000,0.4883,0.2809
2.0000,0.4621,0.3360
2.0000,0.4266,0.3842
2.0000,0.3854,0.4281
2.0000,0.3406,0.4690
2.0000,0.2904,0.5039
2.0000,0.2375,0.5348
2.0000,0.1822,0.5610
2.0000,0.1233,0.5803
2.0000,0.0609,0.5920
2.0000,0.0013,0.6013
2.0000,-0.0620,0.6011
2.0000,-0.1248,0.5948
2.0000,-0.1868,0.5819
2.0000,-0.2524,0.5573
2.0000,-0.3068,0.5356
2.0000,-0.3635,0.5026
2.0000,-0.4154,0.4649
2.0000,-0.4635,0.4215
2.0000,-0.5095,0.3705
2.0000,-0.5486,0.3165
2.0000,-0.5825,0.2581
2.0000,-0.6088,0.1977
2.0000,-0.6324,0.1306
2.0000,-0.6439,0.0668
2.0000,-0.6486,0.0014
2.0000,-0.6503,-0.0689
2.0000,-0.6401,-0.1343
2.0000,-0.6305,-0.2068
2.0000,-0.6059,-0.2697
2.0000,-0.5795,-0.3355
2.0000,-0.5394,-0.3912
2.0000,-0.4975,-0.4476
2.0000,-0.4540,-0.5041
2.0000,-0.4006,-0.5510
2.0000,-0.3436,-0.5938
2.0000,-0.2816,-0.6296
2.0000,-0.2145,-0.6575
2.0000,-0.1452,-0.6792
2.0000,-0.0710,-0.6910
2.0000,-0.0018,-0.7018
2.0000,0.0723,-0.7007
2.0000,0.1494,-0.6888
2.0000,0.2192,-0.6754
2.0000,0.2910,-0.6508
2.0000,0.3554,-0.6236
2.0000,0.4257,-0.5800
2.0000,0.4846,-0.5369
2.0000,0.5428,-0.4834
2.0000,0.5937,-0.4260
2.0000,0.6334,-0.3683
2.0000,0.6734,-0.2992
2.0000,0.7012,-0.2312
2.0000,0.7287,-0.1529
2.0000,0.7409,-0.0797
2.0000,0.7485,-0.0015
2.0000,0.7520,0.0815
2.0000,0.7426,0.1598
2.0000,0.7202,0.2323
2.0000,0.6979,0.3110
2.0000,0.6651,0.3845
2.0000,0.6222,0.4518
2.0000,0.5723,0.5151
2.0000,0.5225,0.5800
2.0000,0.4600,0.6325
2.0000,0.3921,0.6788
2.0000,0.3218,0.7205
2.0000,0.2437,0.7509
2.0000,0.1620,0.7731
2.0000,0.0846,0.7937
2.0000,0.0017,0.8017
2.0000,-0.0827,0.8002
2.0000,-0.1670,0.7898
2.0000,-0.2507,0.7699
2.0000,-0.3300,0.7438
2.0000,-0.4094,0.7062
2.0000,-0.4815,0.6639
2.0000,-0.5498,0.6130
2.0000,-0.6123,0.5552
2.0000,-0.6716,0.4878
2.0000,-0.7197,0.4187
2.0000,-0.7655,0.3392
2.0000,-0.8004,0.2581
2.0000,-0.8231,0.1771
2.0000,-0.8399,0.0906
2.0000,-0.8484,0.0016
2.0000,-0.8493,-0.0898
2.0000,-0.8385,-0.1787
2.0000,-0.8164,-0.2643
2.0000,-0.7896,-0.3520
2.0000,-0.7493,-0.4321
2.0000,-0.7060,-0.5135
2.0000,-0.6508,-0.5862
2.0000,-0.5874,-0.6523
2.0000,-0.5179,-0.7125
2.0000,-0.4430,-0.7664
2.0000,-0.3593,-0.8087
2.0000,-0.2729,-0.8443
2.0000,-0.1832,-0.8713
2.0000,-0.0961,-0.8941
2.0000,-0.0023,-0.9023
2.0000,0.0914,-0.9014
2.0000,0.1897,-0.8857
2.0000,0.2799,-0.8667
2.0000,0.3731,-0.8328
2.0000,0.4601,-0.7921
2.0000,0.5394,-0.7456
2.0000,0.6184,-0.6856
2.0000,0.6856,-0.6231
2.0000,0.7522,-0.5469
2.0000,0.8112,-0.4637
2.0000,0.8548,-0.3819
2.0000,0.8962,-0.2883
2.0000,0.9207,-0.1981
2.0000,0.9442,-0.0962
2.0000,0.9495,-0.0005
2.0000,0.9466,0.0981
2.0000,0.9346,0.1978
2.0000,0.9106,0.2942
2.0000,0.8799,0.3917
2.0000,0.8396,0.4858
2.0000,0.7878,0.5732
2.0000,0.7250,0.6530
2.0000,0.6504,0.7227
2.0000,0.5733,0.7901
2.0000,0.4942,0.8541
2.0000,0.3992,0.8992
2.0000,0.3059,0.9415
2.0000,0.2044,0.9695
2.0000,0.1038,0.9908
2.0000,-0.0004,0.9996
3.0000,-0.0047,-0.0017
3.0000,-0.0052,-0.0001
3.0000,-0.0068,-0.0004
3.0000,-0.0122,-0.0054
3.0000,-0.0167,-0.0106
3.0000,-0.0149,-0.0105
3.0000,-0.0167,-0.0150
3.0000,-0.0181,-0.0201
3.0000,-0.0176,-0.0243
3.0000,-0.0157,-0.0279
3.0000,-0.0152,-0.0338
3.0000,-0.0116,-0.0373
3.0000,-0.0067,-0.0401
3.0000,-0.0063,-0.0479
3.0000,0.0017,-0.0483
3.0000,0.0054,-0.0532
3.0000,0.0087,-0.0585
3.0000,0.0182,-0.0574
3.0000,0.0273,-0.0564
3.0000,0.0346,-0.0564
3.0000,0.0405,-0.0573
3.0000,0.0464,-0.0571
3.0000,0.0594,-0.0489
3.0000,0.0650,-0.0468
3.0000,0.0707,-0.0431
3.0000,0.0766,-0.0378
3.0000,0.0853,-0.0281
3.0000,0.0925,-0.0182
3.0000,0.0962,-0.0100
3.0000,0.1023,0.0023
3.0000,0.1003,0.0083
3.0000,0.1013,0.0191
3.0000,0.1027,0.0321
3.0000,0.1034,0.0459
3.0000,0.1016,0.0589
3.0000,0.0967,0.0702
3.0000,0.0940,0.0849
3.0000,0.0832,0.0926
3.0000,0.0747,0.1034
3.0000,0.0664,0.1152
3.0000,0.0528,0.1221
3.0000,0.0458,0.1356
3.0000,0.0328,0.1432
3.0000,0.0126,0.1431
3.0000,0.0023,0.1523
3.0000,-0.0192,0.1493
3.0000,-0.0339,0.1519
3.0000,-0.0491,0.1526
3.0000,-0.0677,0.1480
3.0000,-0.0863,0.1414
3.0000,-0.0969,0.1405
3.0000,-0.1180,0.1268
3.0000,-0.1292,0.1203
3.0000,-0.1483,0.1031
3.0000,-0.1577,0.0928
3.0000,-0.1718,0.0746
3.0000,-0.1790,0.0604
3.0000,-0.1918,0.0375
3.0000,-0.1979,0.0183
3.0000,-0.1989,0.0011
3.0000,-0.2054,-0.0244
3.0000,-0.2037,-0.0445
3.0000,-0.1988,-0.0640
3.0000,-0.1928,-0.0847
3.0000,-0.1849,-0.1056
3.0000,-0.1764,-0.1277
3.0000,-0.1685,-0.1519
3.0000,-0.1490,-0.1657
3.0000,-0.1353,-0.1862
3.0000,-0.1196,-0.2050
3.0000,-0.0956,-0.2156
3.0000,-0.0728,-0.2269
3.0000,-0.0488,-0.2362
3.0000,-0.0274,-0.2469
3.0000,0.0031,-0.2469
3.0000,0.0234,-0.2550
3.0000,0.0518,-0.2526
3.0000,0.0794,-0.2482
3.0000,0.1045,-0.2431
3.0000,0.1363,-0.2279
3.0000,0.1607,-0.2164
3.0000,0.1850,-0.2010
3.0000,0.2070,-0.1837
3.0000,0.2288,-0.1623
3.0000,0.2426,-0.1444
3.0000,0.2641,-0.1143
3.0000,0.2774,-0.0881
3.0000,0.2889,-0.0590
3.0000,0.2982,-0.0279
3.0000,0.2995,-0.0005
3.0000,0.2992,0.0292
3.0000,0.3007,0.0645
3.0000,0.2964,0.0973
3.0000,0.2843,0.1255
3.0000,0.2761,0.1602
3.0000,0.2562,0.1854
3.0000,0.2413,0.2174
3.0000,0.2174,0.2416
3.0000,0.1963,0.2693
3.0000,0.1652,0.2872
3.0000,0.1373,0.3079
3.0000,0.1046,0.3229
3.0000,0.0736,0.3381
3.0000,0.0347,0.3432
3.0000,0.0030,0.3530
3.0000,-0.0364,0.3519
3.0000,-0.0728,0.3502
3.0000,-0.1099,0.3437
3.0000,-0.1467,0.3330
3.0000,-0.1829,0.3180
3.0000,-0.2203,0.2965
3.0000,-0.2512,0.2760
3.0000,-0.2775,0.2545
3.0000,-0.3073,0.2235
3.0000,-0.3302,0.1934
3.0000,-0.3561,0.1544
3.0000,-0.3706,0.1208
3.0000,-0.3851,0.0815
3.0000,-0.3942,0.0417
3.0000,-0.4017,-0.0017
3.0000,-0.4009,-0.0419
3.0000,-0.3986,-0.0854
3.0000,-0.3917,-0.1285
3.0000,-0.3779,-0.1685
3.0000,-0.3609,-0.2084
3.0000,-0.3417,-0.2488
3.0000,-0.3131,-0.2817
3.0000,-0.2873,-0.3188
3.0000,-0.2544,-0.3496
3.0000,-0.2196,-0.3783
3.0000,-0.1771,-0.3984
3.0000,-0.1355,-0.4180
3.0000,-0.0917,-0.4331
3.0000,-0.0485,-0.4460
3.0000,-0.0003,-0.4503
3.0000,0.0457,-0.4525
3.0000,0.0957,-0.4459
3.0000,0.1402,-0.4394
3.0000,0.1854,-0.4264
3.0000,0.2309,-0.4066
3.0000,0.2789,-0.3776
3.0000,0.3153,-0.3532
3.0000,0.3563,-0.3169
3.0000,0.3865,-0.2840
3.0000,0.4186,-0.2416
3.0000,0.4450,-0.1976
3.0000,0.4668,-0.1506
3.0000,0.4850,-0.1001
3.0000,0.4948,-0.0511
3.0000,0.4971,-0.0029
3.0000,0.5006,0.0527
3.0000,0.4982,0.1079
3.0000,0.4857,0.1583
3.0000,0.4690,0.2088
3.0000,0.4455,0.2563
3.0000,0.4213,0.3063
3.0000,0.3869,0.3481
3.0000,0.3516,0.3905
3.0000,0.3126,0.4298
3.0000,0.2655,0.4607
3.0000,0.2165,0.4885
3.0000,0.1688,0.5155
3.0000,0.1104,0.5289
3.0000,0.0575,0.5440
3.0000,0.0025,0.5525
3.0000,-0.0547,0.5534
3.0000,-0.1175,0.5427
3.0000,-0.1699,0.5357
3.0000,-0.2292,0.5146
3.0000,-0.2858,0.4882
3.0000,-0.3330,0.4632
3.0000,-0.3818,0.4279
3.0000,-0.4269,0.3875
3.0000,-0.4670,0.3431
3.0000,-0.5044,0.2924
3.0000,-0.5366,0.2380
3.0000,-0.5614,0.1821
3.0000,-0.5832,0.1205
3.0000,-0.5908,0.0649
3.0000,-0.6000,-0.0000
3.0000,-0.6015,-0.0645
3.0000,-0.5930,-0.1257
3.0000,-0.5807,-0.1891
3.0000,-0.5592,-0.2484
3.0000,-0.5342,-0.3085
3.0000,-0.5005,-0.3634
3.0000,-0.4628,-0.4167
3.0000,-0.4179,-0.4643
3.0000,-0.3724,-0.5118
3.0000,-0.3179,-0.5497
3.0000,-0.2610,-0.5836
3.0000,-0.1983,-0.6092
3.0000,-0.1340,-0.6295
3.0000,-0.0701,-0.6456
3.0000,-0.0013,-0.6513
3.0000,0.0679,-0.6502
3.0000,0.1380,-0.6409
3.0000,0.2062,-0.6254
3.0000,0.2674,-0.6084
3.0000,0.3323,-0.5784
3.0000,0.3942,-0.5416
3.0000,0.4494,-0.5016
3.0000,0.5032,-0.4525
3.0000,0.5497,-0.4002
3.0000,0.5912,-0.3422
3.0000,0.6282,-0.2783
3.0000,0.6559,-0.2135
3.0000,0.6796,-0.1427
3.0000,0.6946,-0.0711
3.0000,0.7011,0.0011
3.0000,0.6974,0.0714
3.0000,0.6931,0.1488
3.0000,0.6745,0.2186
3.0000,0.6527,0.2912
3.0000,0.6196,0.3573
3.0000,0.5831,0.4238
3.0000,0.5379,0.4843
3.0000,0.4833,0.5371
3.0000,0.4302,0.5917
3.0000,0.3662,0.6346
3.0000,0.2990,0.6724
3.0000,0.2292,0.7043
3.0000,0.1533,0.7258
3.0000,0.0793,0.7438
3.0000,-0.0014,0.7486
3.0000,-0.0786,0.7494
3.0000,-0.1574,0.7400
3.0000,-0.2328,0.7248
3.0000,-0.3114,0.6965
3.0000,-0.3818,0.6655
3.0000,-0.4516,0.6239
3.0000,-0.5147,0.5775
3.0000,-0.5795,0.5173
3.0000,-0.6307,0.4588
3.0000,-0.6803,0.3898
3.0000,-0.7193,0.3193
3.0000,-0.7523,0.2432
3.0000,-0.7788,0.1622
3.0000,-0.7903,0.0853
3.0000,-0.7969,0.0031
3.0000,-0.8019,-0.0869
3.0000,-0.7911,-0.1698
3.0000,-0.7687,-0.2486
3.0000,-0.7437,-0.3315
3.0000,-0.7079,-0.4090
3.0000,-0.6640,-0.4826
3.0000,-0.6138,-0.5529
3.0000,-0.5506,-0.6118
3.0000,-0.4896,-0.6732
3.0000,-0.4151,-0.7201
3.0000,-0.3419,-0.7659
3.0000,-0.2614,-0.8007
3.0000,-0.1756,-0.8252
3.0000,-0.0864,-0.8400
3.0000,0.0031,-0.8469
3.0000,0.0860,-0.8518
3.0000,0.1775,-0.8385
3.0000,0.2653,-0.8183
3.0000,0.3531,-0.7867
3.0000,0.4340,-0.7499
3.0000,0.5095,-0.7057
3.0000,0.5843,-0.6491
3.0000,0.6535,-0.5846
3.0000,0.7090,-0.5202
3.0000,0.7630,-0.4436
3.0000,0.8109,-0.3597
3.0000,0.8446,-0.2768
3.0000,0.8714,-0.1881
3.0000,0.8906,-0.0949
3.0000,0.9006,0.0006
3.0000,0.9002,0.0962
3.0000,0.8854,0.1870
3.0000,0.8627,0.2785
3.0000,0.8372,0.3743
3.0000,0.7953,0.4598
3.0000,0.7454,0.5419
3.0000,0.6881,0.6198
3.0000,0.6192,0.6878
3.0000,0.5471,0.7528
3.0000,0.4680,0.8096
3.0000,0.3803,0.8550
3.0000,0.2877,0.8912
3.0000,0.1944,0.9210
3.0000,0.0976,0.9401
3.0000,-0.0013,0.9487
3.0000,-0.0967,0.9511
3.0000,-0.1975,0.9372
3.0000,-0.2961,0.9135
3.0000,-0.3935,0.8784
3.0000,-0.4854,0.8351
3.0000,-0.5713,0.7836
3.0000,-0.6521,0.7226
3.0000,-0.7244,0.6549
3.0000,-0.7902,0.5787
3.0000,-0.8547,0.4886
3.0000,-0.9038,0.3989
3.0000,-0.9410,0.3065
3.0000,-0.9717,0.2065
3.0000,-0.9936,0.1018
3.0000,-1.0027,-0.0027
4.0000,-0.0002,-0.0039
4.0000,0.0016,-0.0064
4.0000,0.0015,-0.0111
4.0000,0.0057,-0.0119
4.0000,0.0055,-0.0173
4.0000,0.0113,-0.0167
4.0000,0.0166,-0.0164
4.0000,0.0192,-0.0185
4.0000,0.0215,-0.0205
4.0000,0.0311,-0.0145
4.0000,0.0331,-0.0153
4.0000,0.0408,-0.0096
4.0000,0.0394,-0.0120
4.0000,0.0465,-0.0048
4.0000,0.0506,0.0006
4.0000,0.0535,0.0060
4.0000,0.0556,0.0119
4.0000,0.0602,0.0216
4.0000,0.0609,0.0288
4.0000,0.0578,0.0334
4.0000,0.0561,0.0406
4.0000,0.0549,0.0494
4.0000,0.0496,0.0552
4.0000,0.0474,0.0651
4.0000,0.0388,0.0693
4.0000,0.0329,0.0768
4.0000,0.0309,0.0887
4.0000,0.0196,0.0915
4.0000,0.0119,0.0979
4.0000,0.0007,0.1007
4.0000,-0.0098,0.1038
4.0000,-0.0249,0.1016
4.0000,-0.0317,0.1069
4.0000,-0.0464,0.1032
4.0000,-0.0559,0.1035
4.0000,-0.0716,0.0960
4.0000,-0.0832,0.0910
4.0000,-0.0955,0.0833
4.0000,-0.1024,0.0792
4.0000,-0.1142,0.0679
4.0000,-0.1248,0.0556
4.0000,-0.1363,0.0401
4.0000,-0.1426,0.0274
4.0000,-0.1449,0.0163
4.0000,-0.1523,-0.0023
4.0000,-0.1521,-0.0156
4.0000,-0.1532,-0.0325
4.0000,-0.1504,-0.0477
4.0000,-0.1478,-0.0650
4.0000,-0.1452,-0.0842
4.0000,-0.1380,-0.1004
4.0000,-0.1296,-0.1167
4.0000,-0.1161,-0.1292
4.0000,-0.1041,-0.1439
4.0000,-0.0916,-0.1587
4.0000,-0.0754,-0.1700
4.0000,-0.0615,-0.1835
4.0000,-0.0378,-0.1867
4.0000,-0.0188,-0.1938
4.0000,-0.0028,-0.2028
4.0000,0.0210,-0.2025
4.0000,0.0456,-0.1996
4.0000,0.0675,-0.1971
4.0000,0.0885,-0.1932
4.0000,0.1110,-0.1850
4.0000,0.1270,-0.1803
4.0000,0.1484,-0.1670
4.0000,0.1669,-0.1532
4.0000,0.1873,-0.1340
4.0000,0.2045,-0.1142
4.0000,0.2143,-0.0981
4.0000,0.2257,-0.0767
4.0000,0.2356,-0.0530
4.0000,0.2479,-0.0232
4.0000,0.2481,-0.0019
4.0000,0.2548,0.0293
4.0000,0.2493,0.0516
4.0000,0.2457,0.0788
4.0000,0.2435,0.1100
4.0000,0.2318,0.1342
4.0000,0.2192,0.1594
4.0000,0.2006,0.1804
4.0000,0.1882,0.2087
4.0000,0.1619,0.2238
4.0000,0.1403,0.2440
4.0000,0.1161,0.2614
4.0000,0.0883,0.2745
4.0000,0.0582,0.2841
4.0000,0.0335,0.2976
4.0000,-0.0013,0.2987
4.0000,-0.0333,0.3001
4.0000,-0.0645,0.2992
4.0000,-0.0971,0.2935
4.0000,-0.1284,0.2853
4.0000,-0.1567,0.2759
4.0000,-0.1853,0.2617
4.0000,-0.2157,0.2409
4.0000,-0.2436,0.2178
4.0000,-0.2640,0.1969
4.0000,-0.2861,0.1692
4.0000,-0.3067,0.1378
4.0000,-0.3252,0.1032
4.0000,-0.3347,0.0725
4.0000,-0.3426,0.0384
4.0000,-0.3503,-0.0003
4.0000,-0.3504,-0.0359
4.0000,-0.3493,-0.0746
4.0000,-0.3397,-0.1086
4.0000,-0.3321,-0.1480
4.0000,-0.3151,-0.1809
4.0000,-0.2982,-0.2163
4.0000,-0.2758,-0.2481
4.0000,-0.2540,-0.2819
4.0000,-0.2213,-0.3053
4.0000,-0.1922,-0.3325
4.0000,-0.1595,-0.3555
4.0000,-0.1183,-0.3687
4.0000,-0.0808,-0.3838
4.0000,-0.0392,-0.3923
4.0000,0.0027,-0.3973
4.0000,0.0439,-0.3994
4.0000,0.0840,-0.3983
4.0000,0.1276,-0.3890
4.0000,0.1688,-0.3769
4.0000,0.2054,-0.3638
4.0000,0.2483,-0.3383
4.0000,0.2829,-0.3150
4.0000,0.3175,-0.2851
4.0000,0.3463,-0.2544
4.0000,0.3777,-0.2142
4.0000,0.4007,-0.1758
4.0000,0.4155,-0.1389
4.0000,0.4323,-0.0935
4.0000,0.4425,-0.0485
4.0000,0.4483,-0.0017
4.0000,0.4515,0.0481
4.0000,0.4487,0.0969
4.0000,0.4386,0.1433
4.0000,0.4231,0.1883
4.0000,0.4051,0.2343
4.0000,0.3807,0.2767
4.0000,0.3499,0.3149
4.0000,0.3164,0.3517
4.0000,0.2829,0.3891
4.0000,0.2408,0.4177
4.0000,0.1967,0.4433
4.0000,0.1523,0.4669
4.0000,0.0997,0.4797
4.0000,0.0488,0.4909
4.0000,-0.0020,0.4980
4.0000,-0.0558,0.4974
4.0000,-0.1050,0.4959
4.0000,-0.1585,0.4842
4.0000,-0.2065,0.4713
4.0000,-0.2571,0.4487
4.0000,-0.3054,0.4210
4.0000,-0.3497,0.3894
4.0000,-0.3909,0.3529
4.0000,-0.4261,0.3142
4.0000,-0.4616,0.2669
4.0000,-0.4912,0.2173
4.0000,-0.5123,0.1682
4.0000,-0.5336,0.1108
4.0000,-0.5439,0.0569
4.0000,-0.5510,-0.0010
4.0000,-0.5516,-0.0592
4.0000,-0.5451,-0.1163
4.0000,-0.5318,-0.1723
4.0000,-0.5154,-0.2299
4.0000,-0.4931,-0.2857
4.0000,-0.4641,-0.3380
4.0000,-0.4263,-0.3839
4.0000,-0.3844,-0.4271
4.0000,-0.3421,-0.4704
4.0000,-0.2915,-0.5050
4.0000,-0.2398,-0.5371
4.0000,-0.1825,-0.5613
4.0000,-0.1213,-0.5783
4.0000,-0.0633,-0.5943
4.0000,-0.0028,-0.6028
4.0000,0.0660,-0.5971
4.0000,0.1293,-0.5902
4.0000,0.1906,-0.5781
4.0000,0.2500,-0.5597
4.0000,0.3063,-0.5361
4.0000,0.3644,-0.5017
4.0000,0.4141,-0.4662
4.0000,0.4653,-0.4197
4.0000,0.5085,-0.3715
4.0000,0.5487,-0.3165
4.0000,0.5802,-0.2604
4.0000,0.6066,-0.1999
4.0000,0.6310,-0.1320
4.0000,0.6427,-0.0680
4.0000,0.6475,-0.0025
4.0000,0.6468,0.0654
4.0000,0.6414,0.1356
4.0000,0.6264,0.2027
4.0000,0.6079,0.2718
4.0000,0.5791,0.3351
4.0000,0.5398,0.3916
4.0000,0.5024,0.4526
4.0000,0.4553,0.5053
4.0000,0.4002,0.5506
4.0000,0.3387,0.5888
4.0000,0.2806,0.6286
4.0000,0.2156,0.6586
4.0000,0.1421,0.6761
4.0000,0.0752,0.6953
4.0000,-0.0025,0.6975
4.0000,-0.0727,0.7003
4.0000,-0.1476,0.6905
4.0000,-0.2207,0.6739
4.0000,-0.2907,0.6511
4.0000,-0.3565,0.6225
4.0000,-0.4214,0.5843
4.0000,-0.4861,0.5355
4.0000,-0.5417,0.4846
4.0000,-0.5882,0.4315
4.0000,-0.6378,0.3639
4.0000,-0.6704,0.3022
4.0000,-0.7033,0.2291
4.0000,-0.7303,0.1514
4.0000,-0.7433,0.0773
4.0000,-0.7516,-0.0016
4.0000,-0.7502,-0.0797
4.0000,-0.7432,-0.1604
4.0000,-0.7199,-0.2319
4.0000,-0.6951,-0.3083
4.0000,-0.6651,-0.3845
4.0000,-0.6233,-0.4530
4.0000,-0.5726,-0.5153
4.0000,-0.5179,-0.5754
4.0000,-0.4599,-0.6325
4.0000,-0.3901,-0.6768
4.0000,-0.3209,-0.7196
4.0000,-0.2420,-0.7492
4.0000,-0.1679,-0.7790
4.0000,-0.0820,-0.7910
4.0000,-0.0026,-0.8026
4.0000,0.0842,-0.7987
4.0000,0.1700,-0.7867
4.0000,0.2524,-0.7683
4.0000,0.3320,-0.7418
4.0000,0.4079,-0.7077
4.0000,0.4815,-0.6639
4.0000,0.5503,-0.6124
4.0000,0.6172,-0.5503
4.0000,0.6712,-0.4881
4.0000,0.7240,-0.4144
4.0000,0.7646,-0.3400
4.0000,0.7967,-0.2617
4.0000,0.8272,-0.1731
4.0000,0.8436,-0.0869
4.0000,0.8519,0.0019
4.0000,0.8472,0.0877
4.0000,0.8368,0.1769
4.0000,0.8200,0.2678
4.0000,0.7878,0.3503
4.0000,0.7513,0.4341
4.0000,0.7010,0.5085
4.0000,0.6519,0.5872
4.0000,0.5879,0.6528
4.0000,0.5154,0.7101
4.0000,0.4424,0.7657
4.0000,0.3634,0.8127
4.0000,0.2779,0.8493
4.0000,0.1845,0.8726
4.0000,0.0910,0.8890
4.0000,-0.0023,0.8977
4.0000,-0.0972,0.8956
4.0000,-0.1857,0.8897
4.0000,-0.2798,0.8668
4.0000,-0.3690,0.8368
4.0000,-0.4570,0.7952
4.0000,-0.5425,0.7426
4.0000,-0.6151,0.6889
4.0000,-0.6889,0.6198
4.0000,-0.7552,0.5438
4.0000,-0.8077,0.4672
4.0000,-0.8549,0.3818
4.0000,-0.8971,0.2874
4.0000,-0.9212,0.1976
4.0000,-0.9386,0.1018
4.0000,-0.9501,-0.0001
4.0000,-0.9464,-0.0979
4.0000,-0.9373,-0.2004
4.0000,-0.9149,-0.2986
4.0000,-0.8799,-0.3916
4.0000,-0.8390,-0.4852
4.0000,-0.7853,-0.5707
4.0000,-0.7228,-0.6508
4.0000,-0.6511,-0.7234
4.0000,-0.5771,-0.7939
4.0000,-0.4897,-0.8497
4.0000,-0.4024,-0.9025
4.0000,-0.3042,-0.9399
4.0000,-0.2071,-0.9722
4.0000,-0.1055,-0.9926
4.0000,-0.0004,-1.0004
