1.0000,-0.0033,-0.0042
1.0000,-0.0010,-0.0029
1.0000,-0.0022,-0.0049
1.0000,0.0063,0.0027
1.0000,-0.0010,-0.0053
1.0000,0.0032,-0.0018
1.0000,0.0028,-0.0028
1.0000,0.0051,-0.0012
1.0000,0.0125,0.0058
1.0000,0.0115,0.0043
1.0000,0.0140,0.0064
1.0000,0.0065,-0.0014
1.0000,0.0169,0.0087
1.0000,0.0088,0.0005
1.0000,0.0089,0.0005
1.0000,0.0156,0.0071
1.0000,0.0077,-0.0007
1.0000,0.0133,0.0049
1.0000,0.0158,0.0077
1.0000,0.0220,0.0141
1.0000,0.0176,0.0100
1.0000,0.0192,0.0120
1.0000,0.0143,0.0076
1.0000,0.0197,0.0136
1.0000,0.0223,0.0167
1.0000,0.0268,0.0220
1.0000,0.0186,0.0146
1.0000,0.0162,0.0130
1.0000,0.0172,0.0149
1.0000,0.0262,0.0249
1.0000,0.0169,0.0166
1.0000,0.0263,0.0272
1.0000,0.0179,0.0200
1.0000,0.0279,0.0312
1.0000,0.0153,0.0199
1.0000,0.0179,0.0240
1.0000,0.0160,0.0235
1.0000,0.0158,0.0249
1.0000,0.0294,0.0401
1.0000,0.0275,0.0398
1.0000,0.0177,0.0318
1.0000,0.0202,0.0361
1.0000,0.0155,0.0332
1.0000,0.0131,0.0327
1.0000,0.0180,0.0395
1.0000,0.0175,0.0410
1.0000,0.0100,0.0356
1.0000,0.0171,0.0448
1.0000,0.0197,0.0496
1.0000,0.0148,0.0469
1.0000,0.0137,0.0481
1.0000,0.0129,0.0496
1.0000,0.0111,0.0500
1.0000,0.0049,0.0462
1.0000,0.0036,0.0474
1.0000,0.0112,0.0573
1.0000,0.0031,0.0517
1.0000,0.0084,0.0595
1.0000,0.0075,0.0611
1.0000,0.0012,0.0573
1.0000,0.0007,0.0594
1.0000,0.0041,0.0654
1.0000,0.0018,0.0656
1.0000,-0.0054,0.0609
1.0000,-0.0085,0.0604
1.0000,-0.0114,0.0601
1.0000,-0.0005,0.0736
1.0000,-0.0092,0.0675
1.0000,-0.0168,0.0625
1.0000,-0.0076,0.0743
1.0000,-0.0149,0.0695
1.0000,-0.0125,0.0745
1.0000,-0.0131,0.0764
1.0000,-0.0220,0.0700
1.0000,-0.0233,0.0712
1.0000,-0.0300,0.0670
1.0000,-0.0232,0.0761
1.0000,-0.0308,0.0710
1.0000,-0.0385,0.0656
1.0000,-0.0360,0.0705
1.0000,-0.0342,0.0745
1.0000,-0.0400,0.0710
1.0000,-0.0399,0.0733
1.0000,-0.0369,0.0784
1.0000,-0.0444,0.0729
1.0000,-0.0548,0.0645
1.0000,-0.0565,0.0648
1.0000,-0.0465,0.0766
1.0000,-0.0504,0.0746
1.0000,-0.0643,0.0624
1.0000,-0.0521,0.0762
1.0000,-0.0571,0.0729
1.0000,-0.0594,0.0721
1.0000,-0.0650,0.0679
1.0000,-0.0710,0.0633
1.0000,-0.0684,0.0672
1.0000,-0.0742,0.0625
1.0000,-0.0701,0.0677
1.0000,-0.0729,0.0659
1.0000,-0.0777,0.0620
1.0000,-0.0907,0.0498
1.0000,-0.0801,0.0610
1.0000,-0.0925,0.0492
1.0000,-0.0844,0.0579
1.0000,-0.0884,0.0542
1.0000,-0.0970,0.0458
1.0000,-0.0912,0.0518
1.0000,-0.0943,0.0488
1.0000,-0.0985,0.0445
1.0000,-0.1028,0.0400
1.0000,-0.1073,0.0351
1.0000,-0.1062,0.0358
1.0000,-0.1010,0.0404
1.0000,-0.1065,0.0343
1.0000,-0.1141,0.0259
1.0000,-0.1197,0.0194
1.0000,-0.1108,0.0272
1.0000,-0.1084,0.0284
1.0000,-0.1241,0.0114
1.0000,-0.1167,0.0174
1.0000,-0.1148,0.0177
1.0000,-0.1227,0.0082
1.0000,-0.1151,0.0139
1.0000,-0.1184,0.0086
1.0000,-0.1225,0.0025
1.0000,-0.1337,-0.0109
1.0000,-0.1223,-0.0019
1.0000,-0.1270,-0.0090
1.0000,-0.1299,-0.0145
1.0000,-0.1233,-0.0106
1.0000,-0.1292,-0.0194
1.0000,-0.1249,-0.0181
1.0000,-0.1303,-0.0265
1.0000,-0.1264,-0.0259
1.0000,-0.1289,-0.0317
1.0000,-0.1266,-0.0329
1.0000,-0.1276,-0.0375
1.0000,-0.1328,-0.0463
1.0000,-0.1287,-0.0461
1.0000,-0.1319,-0.0533
1.0000,-0.1222,-0.0476
1.0000,-0.1256,-0.0552
1.0000,-0.1292,-0.0631
1.0000,-0.1211,-0.0593
1.0000,-0.1248,-0.0676
1.0000,-0.1219,-0.0693
1.0000,-0.1302,-0.0823
1.0000,-0.1186,-0.0755
1.0000,-0.1252,-0.0870
1.0000,-0.1250,-0.0918
1.0000,-0.1193,-0.0912
1.0000,-0.1128,-0.0899
1.0000,-0.1156,-0.0979
1.0000,-0.1093,-0.0970
1.0000,-0.1173,-0.1105
1.0000,-0.1101,-0.1087
1.0000,-0.1167,-0.1209
1.0000,-0.1082,-0.1180
1.0000,-0.1120,-0.1275
1.0000,-0.1077,-0.1290
1.0000,-0.0997,-0.1268
1.0000,-0.0936,-0.1266
1.0000,-0.0882,-0.1272
1.0000,-0.0910,-0.1359
1.0000,-0.0852,-0.1361
1.0000,-0.0792,-0.1362
1.0000,-0.0749,-0.1380
1.0000,-0.0845,-0.1537
1.0000,-0.0744,-0.1497
1.0000,-0.0712,-0.1527
1.0000,-0.0649,-0.1525
1.0000,-0.0659,-0.1597
1.0000,-0.0617,-0.1617
1.0000,-0.0548,-0.1610
1.0000,-0.0615,-0.1739
1.0000,-0.0441,-0.1627
1.0000,-0.0440,-0.1687
1.0000,-0.0437,-0.1745
1.0000,-0.0441,-0.1810
1.0000,-0.0366,-0.1797
1.0000,-0.0253,-0.1744
1.0000,-0.0299,-0.1851
1.0000,-0.0227,-0.1839
1.0000,-0.0222,-0.1893
1.0000,-0.0039,-0.1769
1.0000,0.0009,-0.1779
1.0000,-0.0042,-0.1888
1.0000,0.0091,-0.1812
1.0000,0.0107,-0.1853
1.0000,0.0084,-0.1931
1.0000,0.0168,-0.1903
1.0000,0.0158,-0.1966
1.0000,0.0270,-0.1908
1.0000,0.0272,-0.1957
1.0000,0.0422,-0.1859
1.0000,0.0445,-0.1886
1.0000,0.0538,-0.1843
1.0000,0.0531,-0.1897
1.0000,0.0614,-0.1861
1.0000,0.0601,-0.1919
1.0000,0.0725,-0.1839
1.0000,0.0789,-0.1818
1.0000,0.0811,-0.1838
1.0000,0.0795,-0.1895
1.0000,0.0800,-0.1928
1.0000,0.0985,-0.1780
1.0000,0.0981,-0.1820
1.0000,0.1072,-0.1762
1.0000,0.1037,-0.1830
1.0000,0.1169,-0.1729
1.0000,0.1220,-0.1708
1.0000,0.1291,-0.1664
1.0000,0.1294,-0.1687
1.0000,0.1316,-0.1689
1.0000,0.1436,-0.1591
1.0000,0.1479,-0.1569
1.0000,0.1544,-0.1521
1.0000,0.1458,-0.1625
1.0000,0.1502,-0.1595
1.0000,0.1650,-0.1460
1.0000,0.1703,-0.1417
1.0000,0.1702,-0.1427
1.0000,0.1698,-0.1438
1.0000,0.1846,-0.1295
1.0000,0.1761,-0.1382
1.0000,0.1914,-0.1229
1.0000,0.1922,-0.1220
1.0000,0.1926,-0.1211
1.0000,0.2035,-0.1097
1.0000,0.1961,-0.1163
1.0000,0.1997,-0.1116
1.0000,0.2098,-0.1002
1.0000,0.2060,-0.1026
1.0000,0.2153,-0.0916
1.0000,0.2240,-0.0810
1.0000,0.2164,-0.0865
1.0000,0.2173,-0.0833
1.0000,0.2242,-0.0738
1.0000,0.2261,-0.0690
1.0000,0.2345,-0.0576
1.0000,0.2320,-0.0569
1.0000,0.2338,-0.0516
1.0000,0.2384,-0.0433
1.0000,0.2340,-0.0439
1.0000,0.2510,-0.0228
1.0000,0.2428,-0.0266
1.0000,0.2467,-0.0182
1.0000,0.2408,-0.0193
1.0000,0.2492,-0.0060
1.0000,0.2526,0.0026
1.0000,0.2548,0.0102
1.0000,0.2561,0.0171
1.0000,0.2461,0.0129
1.0000,0.2571,0.0298
1.0000,0.2596,0.0386
1.0000,0.2569,0.0422
1.0000,0.2483,0.0402
1.0000,0.2534,0.0521
1.0000,0.2545,0.0602
1.0000,0.2463,0.0591
1.0000,0.2581,0.0782
1.0000,0.2527,0.0803
1.0000,0.2494,0.0847
1.0000,0.2493,0.0925
1.0000,0.2506,0.1018
1.0000,0.2486,0.1079
1.0000,0.2371,0.1047
1.0000,0.2412,0.1173
1.0000,0.2419,0.1266
1.0000,0.2431,0.1366
1.0000,0.2391,0.1415
1.0000,0.2369,0.1483
1.0000,0.2311,0.1517
1.0000,0.2245,0.1543
1.0000,0.2299,0.1691
1.0000,0.2226,0.1713
1.0000,0.2218,0.1800
1.0000,0.2181,0.1860
1.0000,0.2127,0.1904
1.0000,0.2041,0.1917
1.0000,0.2073,0.2048
1.0000,0.1980,0.2055
1.0000,0.1916,0.2092
1.0000,0.1874,0.2151
1.0000,0.1834,0.2214
1.0000,0.1816,0.2297
1.0000,0.1703,0.2288
1.0000,0.1612,0.2300
1.0000,0.1640,0.2431
1.0000,0.1611,0.2506
1.0000,0.1553,0.2552
1.0000,0.1468,0.2570
1.0000,0.1412,0.2618
1.0000,0.1308,0.2618
1.0000,0.1273,0.2686
1.0000,0.1196,0.2713
1.0000,0.1056,0.2676
1.0000,0.0985,0.2708
1.0000,0.0981,0.2805
1.0000,0.0862,0.2788
1.0000,0.0863,0.2890
1.0000,0.0839,0.2966
1.0000,0.0777,0.3004
1.0000,0.0673,0.3000
1.0000,0.0526,0.2950
1.0000,0.0556,0.3077
1.0000,0.0399,0.3017
1.0000,0.0337,0.3050
1.0000,0.0271,0.3078
1.0000,0.0124,0.3023
1.0000,0.0065,0.3056
1.0000,0.0022,0.3103
1.0000,-0.0064,0.3105
1.0000,-0.0088,0.3168
1.0000,-0.0272,0.3069
1.0000,-0.0223,0.3202
1.0000,-0.0371,0.3136
1.0000,-0.0398,0.3190
1.0000,-0.0520,0.3146
1.0000,-0.0541,0.3202
1.0000,-0.0690,0.3128
1.0000,-0.0807,0.3083
1.0000,-0.0788,0.3173
1.0000,-0.0871,0.3158
1.0000,-0.0985,0.3111
1.0000,-0.1112,0.3047
1.0000,-0.1193,0.3028
1.0000,-0.1321,0.2959
1.0000,-0.1299,0.3037
1.0000,-0.1407,0.2984
1.0000,-0.1450,0.2993
1.0000,-0.1562,0.2930
1.0000,-0.1576,0.2962
1.0000,-0.1687,0.2895
1.0000,-0.1816,0.2807
1.0000,-0.1897,0.2765
1.0000,-0.1867,0.2831
1.0000,-0.2063,0.2667
1.0000,-0.2069,0.2691
1.0000,-0.2238,0.2549
1.0000,-0.2205,0.2606
1.0000,-0.2273,0.2559
1.0000,-0.2406,0.2444
1.0000,-0.2450,0.2414
1.0000,-0.2539,0.2338
1.0000,-0.2550,0.2335
1.0000,-0.2589,0.2302
1.0000,-0.2728,0.2166
1.0000,-0.2715,0.2178
1.0000,-0.2874,0.2014
1.0000,-0.2962,0.1920
1.0000,-0.2947,0.1925
1.0000,-0.2929,0.1929
1.0000,-0.3060,0.1781
1.0000,-0.3041,0.1780
1.0000,-0.3173,0.1625
1.0000,-0.3166,0.1606
1.0000,-0.3252,0.1490
1.0000,-0.3298,0.1411
1.0000,-0.3372,0.1300
1.0000,-0.3439,0.1194
1.0000,-0.3426,0.1165
1.0000,-0.3508,0.1037
1.0000,-0.3576,0.0919
1.0000,-0.3569,0.0874
1.0000,-0.3530,0.0858
1.0000,-0.3525,0.0804
1.0000,-0.3663,0.0605
1.0000,-0.3722,0.0481
1.0000,-0.3607,0.0528
1.0000,-0.3731,0.0333
1.0000,-0.3767,0.0223
1.0000,-0.3772,0.0141
1.0000,-0.3753,0.0080
1.0000,-0.3731,0.0019
1.0000,-0.3772,-0.0108
1.0000,-0.3766,-0.0190
1.0000,-0.3782,-0.0298
1.0000,-0.3763,-0.0373
1.0000,-0.3753,-0.0459
1.0000,-0.3808,-0.0613
1.0000,-0.3826,-0.0733
1.0000,-0.3680,-0.0692
1.0000,-0.3731,-0.0850
1.0000,-0.3731,-0.0960
1.0000,-0.3649,-0.0989
1.0000,-0.3676,-0.1131
1.0000,-0.3653,-0.1224
1.0000,-0.3655,-0.1344
1.0000,-0.3688,-0.1498
1.0000,-0.3590,-0.1522
1.0000,-0.3638,-0.1695
1.0000,-0.3474,-0.1657
1.0000,-0.3565,-0.1876
1.0000,-0.3450,-0.1891
1.0000,-0.3403,-0.1976
1.0000,-0.3348,-0.2054
1.0000,-0.3360,-0.2201
1.0000,-0.3307,-0.2285
1.0000,-0.3253,-0.2369
1.0000,-0.3207,-0.2461
1.0000,-0.3198,-0.2592
1.0000,-0.3081,-0.2616
1.0000,-0.2990,-0.2667
1.0000,-0.2970,-0.2790
1.0000,-0.2818,-0.2782
1.0000,-0.2820,-0.2928
1.0000,-0.2769,-0.3022
1.0000,-0.2662,-0.3062
1.0000,-0.2609,-0.3154
1.0000,-0.2556,-0.3248
1.0000,-0.2467,-0.3306
1.0000,-0.2408,-0.3394
1.0000,-0.2373,-0.3506
1.0000,-0.2248,-0.3528
1.0000,-0.2107,-0.3534
1.0000,-0.2037,-0.3611
1.0000,-0.1938,-0.3658
1.0000,-0.1804,-0.3670
1.0000,-0.1832,-0.3844
1.0000,-0.1755,-0.3912
1.0000,-0.1629,-0.3930
1.0000,-0.1543,-0.3987
1.0000,-0.1361,-0.3948
1.0000,-0.1254,-0.3983
1.0000,-0.1203,-0.4072
1.0000,-0.1045,-0.4053
1.0000,-0.1070,-0.4217
1.0000,-0.0984,-0.4267
1.0000,-0.0739,-0.4157
1.0000,-0.0623,-0.4175
1.0000,-0.0593,-0.4277
1.0000,-0.0504,-0.4318
1.0000,-0.0366,-0.4308
1.0000,-0.0285,-0.4353
1.0000,-0.0125,-0.4317
1.0000,-0.0120,-0.4435
1.0000,0.0074,-0.4361
1.0000,0.0212,-0.4340
1.0000,0.0289,-0.4378
1.0000,0.0446,-0.4334
1.0000,0.0453,-0.4438
1.0000,0.0618,-0.4380
1.0000,0.0734,-0.4369
1.0000,0.0780,-0.4425
1.0000,0.0884,-0.4420
1.0000,0.0991,-0.4410
1.0000,0.1244,-0.4250
1.0000,0.1303,-0.4281
1.0000,0.1339,-0.4331
1.0000,0.1469,-0.4285
1.0000,0.1555,-0.4280
1.0000,0.1726,-0.4185
1.0000,0.1862,-0.4123
1.0000,0.1979,-0.4075
1.0000,0.2066,-0.4055
1.0000,0.2178,-0.4005
1.0000,0.2238,-0.4004
1.0000,0.2430,-0.3868
1.0000,0.2395,-0.3954
1.0000,0.2499,-0.3898
1.0000,0.2597,-0.3843
1.0000,0.2759,-0.3721
1.0000,0.2837,-0.3678
1.0000,0.3027,-0.3520
1.0000,0.3090,-0.3485
1.0000,0.3106,-0.3492
1.0000,0.3294,-0.3323
1.0000,0.3367,-0.3266
1.0000,0.3447,-0.3196
1.0000,0.3511,-0.3139
1.0000,0.3622,-0.3031
1.0000,0.3733,-0.2918
1.0000,0.3763,-0.2882
1.0000,0.3908,-0.2727
1.0000,0.3900,-0.2720
1.0000,0.3956,-0.2645
1.0000,0.4016,-0.2562
1.0000,0.4121,-0.2430
1.0000,0.4249,-0.2270
1.0000,0.4215,-0.2268
1.0000,0.4328,-0.2114
1.0000,0.4344,-0.2053
1.0000,0.4438,-0.1910
1.0000,0.4561,-0.1733
1.0000,0.4594,-0.1643
1.0000,0.4680,-0.1495
1.0000,0.4594,-0.1515
1.0000,0.4683,-0.1356
1.0000,0.4746,-0.1218
1.0000,0.4850,-0.1036
1.0000,0.4864,-0.0940
1.0000,0.4794,-0.0923
1.0000,0.4809,-0.0817
1.0000,0.4840,-0.0692
1.0000,0.4917,-0.0516
1.0000,0.5025,-0.0306
1.0000,0.4992,-0.0232
1.0000,0.4988,-0.0126
1.0000,0.5046,0.0046
1.0000,0.5015,0.0133
1.0000,0.4942,0.0181
1.0000,0.4964,0.0327
1.0000,0.4954,0.0446
1.0000,0.5085,0.0708
1.0000,0.5016,0.0773
1.0000,0.4940,0.0836
1.0000,0.4974,0.1011
1.0000,0.5022,0.1203
1.0000,0.4962,0.1290
1.0000,0.4926,0.1405
1.0000,0.4884,0.1516
1.0000,0.4871,0.1659
1.0000,0.4790,0.1736
1.0000,0.4751,0.1858
1.0000,0.4779,0.2050
1.0000,0.4714,0.2151
1.0000,0.4687,0.2292
1.0000,0.4551,0.2326
1.0000,0.4595,0.2543
1.0000,0.4580,0.2703
1.0000,0.4405,0.2704
1.0000,0.4332,0.2810
1.0000,0.4370,0.3027
1.0000,0.4225,0.3064
1.0000,0.4208,0.3230
1.0000,0.4127,0.3332
1.0000,0.4072,0.3463
1.0000,0.3917,0.3494
1.0000,0.3815,0.3579
1.0000,0.3736,0.3689
1.0000,0.3743,0.3885
1.0000,0.3555,0.3886
1.0000,0.3488,0.4009
1.0000,0.3459,0.4171
1.0000,0.3325,0.4228
1.0000,0.3238,0.4331
1.0000,0.3159,0.4444
1.0000,0.3000,0.4476
1.0000,0.2945,0.4611
1.0000,0.2779,0.4635
1.0000,0.2685,0.4730
1.0000,0.2507,0.4742
1.0000,0.2441,0.4865
1.0000,0.2250,0.4861
1.0000,0.2188,0.4985
1.0000,0.2107,0.5090
1.0000,0.1948,0.5115
1.0000,0.1798,0.5148
1.0000,0.1682,0.5213
1.0000,0.1510,0.5221
1.0000,0.1450,0.5339
1.0000,0.1362,0.5427
1.0000,0.1221,0.5461
1.0000,0.0981,0.5393
1.0000,0.0946,0.5528
1.0000,0.0760,0.5509
1.0000,0.0664,0.5579
1.0000,0.0497,0.5575
1.0000,0.0401,0.5638
1.0000,0.0282,0.5677
1.0000,0.0134,0.5682
1.0000,-0.0070,0.5630
1.0000,-0.0272,0.5577
1.0000,-0.0316,0.5677
1.0000,-0.0464,0.5672
1.0000,-0.0684,0.5589
1.0000,-0.0704,0.5705
1.0000,-0.0960,0.5579
1.0000,-0.1052,0.5615
1.0000,-0.1146,0.5645
1.0000,-0.1415,0.5495
1.0000,-0.1448,0.5579
1.0000,-0.1644,0.5494
1.0000,-0.1797,0.5448
1.0000,-0.1954,0.5395
1.0000,-0.2101,0.5347
1.0000,-0.2145,0.5398
1.0000,-0.2394,0.5238
1.0000,-0.2403,0.5314
1.0000,-0.2664,0.5134
1.0000,-0.2798,0.5077
1.0000,-0.2850,0.5095
1.0000,-0.2957,0.5056
1.0000,-0.3159,0.4915
1.0000,-0.3274,0.4857
1.0000,-0.3350,0.4832
1.0000,-0.3568,0.4661
1.0000,-0.3574,0.4697
1.0000,-0.3754,0.4553
1.0000,-0.3881,0.4457
1.0000,-0.3961,0.4403
1.0000,-0.4049,0.4336
1.0000,-0.4199,0.4201
1.0000,-0.4405,0.4005
1.0000,-0.4508,0.3907
1.0000,-0.4516,0.3898
1.0000,-0.4713,0.3695
1.0000,-0.4802,0.3595
1.0000,-0.4906,0.3475
1.0000,-0.4926,0.3433
1.0000,-0.4978,0.3353
1.0000,-0.5126,0.3172
1.0000,-0.5143,0.3117
1.0000,-0.5373,0.2843
1.0000,-0.5382,0.2785
1.0000,-0.5380,0.2733
1.0000,-0.5605,0.2448
1.0000,-0.5625,0.2363
1.0000,-0.5749,0.2168
1.0000,-0.5690,0.2151
1.0000,-0.5751,0.2010
1.0000,-0.5883,0.1791
1.0000,-0.5895,0.1688
1.0000,-0.5990,0.1496
1.0000,-0.6003,0.1382
1.0000,-0.5971,0.1307
1.0000,-0.6087,0.1079
1.0000,-0.6087,0.0963
1.0000,-0.6134,0.0794
1.0000,-0.6146,0.0656
1.0000,-0.6226,0.0445
1.0000,-0.6230,0.0305
1.0000,-0.6230,0.0165
1.0000,-0.6180,0.0070
1.0000,-0.6311,-0.0211
1.0000,-0.6297,-0.0350
1.0000,-0.6319,-0.0530
1.0000,-0.6199,-0.0572
1.0000,-0.6237,-0.0777
1.0000,-0.6277,-0.0986
1.0000,-0.6213,-0.1097
1.0000,-0.6275,-0.1336
1.0000,-0.6108,-0.1352
1.0000,-0.6210,-0.1639
1.0000,-0.6159,-0.1776
1.0000,-0.6031,-0.1841
1.0000,-0.6111,-0.2117
1.0000,-0.5922,-0.2125
1.0000,-0.6019,-0.2424
1.0000,-0.5826,-0.2436
1.0000,-0.5859,-0.2676
1.0000,-0.5858,-0.2885
1.0000,-0.5663,-0.2903
1.0000,-0.5717,-0.3172
1.0000,-0.5547,-0.3219
1.0000,-0.5550,-0.3442
1.0000,-0.5433,-0.3547
1.0000,-0.5386,-0.3723
1.0000,-0.5230,-0.3792
1.0000,-0.5184,-0.3973
1.0000,-0.5046,-0.4063
1.0000,-0.5014,-0.4261
1.0000,-0.4815,-0.4292
1.0000,-0.4838,-0.4547
1.0000,-0.4731,-0.4672
1.0000,-0.4605,-0.4780
1.0000,-0.4477,-0.4886
1.0000,-0.4333,-0.4976
1.0000,-0.4215,-0.5094
1.0000,-0.4098,-0.5212
1.0000,-0.3932,-0.5280
1.0000,-0.3903,-0.5486
1.0000,-0.3707,-0.5525
1.0000,-0.3522,-0.5573
1.0000,-0.3459,-0.5744
1.0000,-0.3225,-0.5743
1.0000,-0.3103,-0.5852
1.0000,-0.3052,-0.6032
1.0000,-0.2911,-0.6120
1.0000,-0.2769,-0.6207
1.0000,-0.2627,-0.6292
1.0000,-0.2376,-0.6265
1.0000,-0.2299,-0.6411
1.0000,-0.2145,-0.6478
1.0000,-0.1977,-0.6530
1.0000,-0.1714,-0.6484
1.0000,-0.1628,-0.6612
1.0000,-0.1499,-0.6695
1.0000,-0.1311,-0.6716
1.0000,-0.1157,-0.6769
1.0000,-0.0885,-0.6701
1.0000,-0.0724,-0.6739
1.0000,-0.0623,-0.6836
1.0000,-0.0422,-0.6828
1.0000,-0.0208,-0.6804
1.0000,-0.0143,-0.6926
1.0000,0.0125,-0.6841
1.0000,0.0254,-0.6891
1.0000,0.0371,-0.6949
1.0000,0.0656,-0.6835
1.0000,0.0754,-0.6903
1.0000,0.0970,-0.6848
1.0000,0.1079,-0.6898
1.0000,0.1358,-0.6771
1.0000,0.1525,-0.6752
1.0000,0.1649,-0.6772
1.0000,0.1806,-0.6753
1.0000,0.1968,-0.6724
1.0000,0.2182,-0.6638
1.0000,0.2400,-0.6544
1.0000,0.2468,-0.6593
1.0000,0.2629,-0.6544
1.0000,0.2764,-0.6516
1.0000,0.2994,-0.6387
1.0000,0.3193,-0.6283
1.0000,0.3268,-0.6298
1.0000,0.3543,-0.6106
1.0000,0.3581,-0.6146
1.0000,0.3863,-0.5936
1.0000,0.3963,-0.5902
1.0000,0.4177,-0.5748
1.0000,0.4317,-0.5661
1.0000,0.4369,-0.5657
1.0000,0.4625,-0.5441
1.0000,0.4758,-0.5344
1.0000,0.4786,-0.5344
1.0000,0.5044,-0.5108
1.0000,0.5042,-0.5126
1.0000,0.5188,-0.4989
1.0000,0.5388,-0.4792
1.0000,0.5444,-0.4732
1.0000,0.5594,-0.4572
1.0000,0.5727,-0.4423
1.0000,0.5856,-0.4271
1.0000,0.5986,-0.4112
1.0000,0.6143,-0.3918
1.0000,0.6183,-0.3836
1.0000,0.6269,-0.3701
1.0000,0.6401,-0.3513
1.0000,0.6466,-0.3386
1.0000,0.6530,-0.3253
1.0000,0.6643,-0.3066
1.0000,0.6820,-0.2807
1.0000,0.6775,-0.2764
1.0000,0.6961,-0.2485
1.0000,0.6947,-0.2398
1.0000,0.7100,-0.2139
1.0000,0.7054,-0.2072
1.0000,0.7118,-0.1890
1.0000,0.7219,-0.1664
1.0000,0.7195,-0.1557
1.0000,0.7286,-0.1330
1.0000,0.7281,-0.1192
1.0000,0.7416,-0.0909
1.0000,0.7489,-0.0682
1.0000,0.7509,-0.0502
1.0000,0.7449,-0.0397
1.0000,0.7529,-0.0147
1.0000,0.7526,0.0026
1.0000,0.7584,0.0265
1.0000,0.7522,0.0389
1.0000,0.7533,0.0591
1.0000,0.7449,0.0704
1.0000,0.7481,0.0937
1.0000,0.7475,0.1136
1.0000,0.7395,0.1267
1.0000,0.7382,0.1468
1.0000,0.7458,0.1763
1.0000,0.7362,0.1890
1.0000,0.7359,0.2115
1.0000,0.7290,0.2277
1.0000,0.7293,0.2515
1.0000,0.7240,0.2701
1.0000,0.7067,0.2771
1.0000,0.7088,0.3037
1.0000,0.6978,0.3175
1.0000,0.6903,0.3353
1.0000,0.6882,0.3586
1.0000,0.6701,0.3663
1.0000,0.6712,0.3934
1.0000,0.6593,0.4078
1.0000,0.6527,0.4277
1.0000,0.6396,0.4412
1.0000,0.6338,0.4624
1.0000,0.6149,0.4705
1.0000,0.6082,0.4910
1.0000,0.5998,0.5100
1.0000,0.5787,0.5164
1.0000,0.5724,0.5377
1.0000,0.5565,0.5496
1.0000,0.5503,0.5711
1.0000,0.5278,0.5765
1.0000,0.5118,0.5884
1.0000,0.5012,0.6056
1.0000,0.4859,0.6183
1.0000,0.4678,0.6281
1.0000,0.4612,0.6493
1.0000,0.4413,0.6573
1.0000,0.4186,0.6623
1.0000,0.3995,0.6708
1.0000,0.3882,0.6871
1.0000,0.3662,0.6926
1.0000,0.3553,0.7089
1.0000,0.3376,0.7184
1.0000,0.3265,0.7343
1.0000,0.2984,0.7330
1.0000,0.2849,0.7461
1.0000,0.2644,0.7519
1.0000,0.2433,0.7569
1.0000,0.2338,0.7733
1.0000,0.2064,0.7715
1.0000,0.1873,0.7776
1.0000,0.1732,0.7885
1.0000,0.1563,0.7962
1.0000,0.1254,0.7895
1.0000,0.1122,0.8003
1.0000,0.0915,0.8031
1.0000,0.0718,0.8066
1.0000,0.0586,0.8162
1.0000,0.0286,0.8084
1.0000,0.0175,0.8192
1.0000,-0.0166,0.8066
1.0000,-0.0234,0.8207
1.0000,-0.0530,0.8116
1.0000,-0.0645,0.8201
1.0000,-0.0946,0.8094
1.0000,-0.1060,0.8169
1.0000,-0.1278,0.8135
1.0000,-0.1507,0.8085
1.0000,-0.1777,0.7987
1.0000,-0.1894,0.8037
1.0000,-0.2147,0.7944
1.0000,-0.2360,0.7887
1.0000,-0.2540,0.7856
1.0000,-0.2732,0.7807
1.0000,-0.2916,0.7759
1.0000,-0.3150,0.7654
1.0000,-0.3338,0.7589
1.0000,-0.3529,0.7515
1.0000,-0.3683,0.7471
1.0000,-0.3900,0.7357
1.0000,-0.4133,0.7220
1.0000,-0.4261,0.7181
1.0000,-0.4539,0.6985
1.0000,-0.4732,0.6867
1.0000,-0.4758,0.6909
1.0000,-0.4958,0.6770
1.0000,-0.5202,0.6578
1.0000,-0.5334,0.6493
1.0000,-0.5589,0.6276
1.0000,-0.5612,0.6285
1.0000,-0.5926,0.5994
1.0000,-0.5929,0.6006
1.0000,-0.6169,0.5776
1.0000,-0.6356,0.5589
1.0000,-0.6508,0.5430
1.0000,-0.6541,0.5383
1.0000,-0.6725,0.5177
1.0000,-0.6938,0.4935
1.0000,-0.6981,0.4855
1.0000,-0.7100,0.4691
1.0000,-0.7263,0.4475
1.0000,-0.7313,0.4365
1.0000,-0.7473,0.4139
1.0000,-0.7568,0.3969
1.0000,-0.7713,0.3741
1.0000,-0.7796,0.3568
1.0000,-0.7889,0.3378
1.0000,-0.8068,0.3094
1.0000,-0.8156,0.2894
1.0000,-0.8231,0.2699
1.0000,-0.8165,0.2639
1.0000,-0.8261,0.2409
1.0000,-0.8381,0.2149
1.0000,-0.8373,0.2009
1.0000,-0.8513,0.1714
1.0000,-0.8572,0.1493
1.0000,-0.8545,0.1351
1.0000,-0.8590,0.1132
1.0000,-0.8725,0.0815
1.0000,-0.8714,0.0638
1.0000,-0.8792,0.0366
1.0000,-0.8717,0.0240
1.0000,-0.8746,0.0004
1.0000,-0.8833,-0.0296
1.0000,-0.8717,-0.0399
1.0000,-0.8815,-0.0722
1.0000,-0.8713,-0.0849
1.0000,-0.8668,-0.1040
1.0000,-0.8667,-0.1280
1.0000,-0.8760,-0.1620
1.0000,-0.8594,-0.1705
1.0000,-0.8545,-0.1913
1.0000,-0.8581,-0.2210
1.0000,-0.8599,-0.2494
1.0000,-0.8451,-0.2616
1.0000,-0.8437,-0.2876
1.0000,-0.8351,-0.3069
1.0000,-0.8325,-0.3326
1.0000,-0.8239,-0.3527
1.0000,-0.8080,-0.3658
1.0000,-0.8032,-0.3903
1.0000,-0.7947,-0.4116
1.0000,-0.7818,-0.4286
1.0000,-0.7719,-0.4490
1.0000,-0.7688,-0.4766
1.0000,-0.7547,-0.4932
1.0000,-0.7355,-0.5051
1.0000,-0.7257,-0.5266
1.0000,-0.7113,-0.5437
1.0000,-0.6951,-0.5591
1.0000,-0.6899,-0.5857
1.0000,-0.6766,-0.6043
1.0000,-0.6566,-0.6164
1.0000,-0.6391,-0.6310
1.0000,-0.6292,-0.6533
1.0000,-0.6093,-0.6658
1.0000,-0.5904,-0.6792
1.0000,-0.5844,-0.7055
1.0000,-0.5648,-0.7182
1.0000,-0.5471,-0.7328
1.0000,-0.5197,-0.7377
1.0000,-0.5018,-0.7520
1.0000,-0.4964,-0.7787
1.0000,-0.4725,-0.7867
1.0000,-0.4510,-0.7971
1.0000,-0.4337,-0.8116
1.0000,-0.4195,-0.8289
1.0000,-0.3927,-0.8334
1.0000,-0.3671,-0.8390
1.0000,-0.3517,-0.8545
1.0000,-0.3333,-0.8667
1.0000,-0.3046,-0.8684
1.0000,-0.2915,-0.8854
1.0000,-0.2646,-0.8883
1.0000,-0.2494,-0.9025
1.0000,-0.2202,-0.9024
1.0000,-0.1985,-0.9094
1.0000,-0.1686,-0.9079
1.0000,-0.1456,-0.9128
1.0000,-0.1263,-0.9210
1.0000,-0.1112,-0.9330
1.0000,-0.0773,-0.9256
1.0000,-0.0633,-0.9378
1.0000,-0.0343,-0.9344
1.0000,-0.0121,-0.9372
1.0000,0.0045,-0.9452
1.0000,0.0322,-0.9415
1.0000,0.0650,-0.9322
1.0000,0.0786,-0.9414
1.0000,0.0988,-0.9435
1.0000,0.1318,-0.9321
1.0000,0.1613,-0.9236
1.0000,0.1784,-0.9269
1.0000,0.2020,-0.9231
1.0000,0.2289,-0.9152
1.0000,0.2518,-0.9107
1.0000,0.2673,-0.9129
1.0000,0.2959,-0.9012
1.0000,0.3107,-0.9026
1.0000,0.3389,-0.8899
1.0000,0.3653,-0.8782
1.0000,0.3816,-0.8760
1.0000,0.4021,-0.8686
1.0000,0.4335,-0.8497
1.0000,0.4479,-0.8469
1.0000,0.4688,-0.8369
1.0000,0.4962,-0.8195
1.0000,0.5139,-0.8111
1.0000,0.5296,-0.8037
1.0000,0.5564,-0.7845
1.0000,0.5763,-0.7713
1.0000,0.5900,-0.7636
1.0000,0.6088,-0.7498
1.0000,0.6366,-0.7262
1.0000,0.6586,-0.7076
1.0000,0.6707,-0.6980
1.0000,0.6972,-0.6732
1.0000,0.7022,-0.6689
1.0000,0.7284,-0.6426
1.0000,0.7440,-0.6260
1.0000,0.7574,-0.6108
1.0000,0.7722,-0.5933
1.0000,0.7844,-0.5775
1.0000,0.8065,-0.5509
1.0000,0.8160,-0.5361
1.0000,0.8399,-0.5060
1.0000,0.8378,-0.5010
1.0000,0.8582,-0.4727
1.0000,0.8786,-0.4436
1.0000,0.8820,-0.4304
1.0000,0.8948,-0.4071
1.0000,0.9043,-0.3863
1.0000,0.9107,-0.3678
1.0000,0.9259,-0.3395
1.0000,0.9296,-0.3220
1.0000,0.9452,-0.2917
1.0000,0.9537,-0.2677
1.0000,0.9668,-0.2383
1.0000,0.9584,-0.2296
1.0000,0.9745,-0.1956
1.0000,0.9750,-0.1765
1.0000,0.9850,-0.1471
1.0000,0.9796,-0.1323
1.0000,0.9938,-0.0971
1.0000,1.0013,-0.0679
1.0000,1.0043,-0.0426
1.0000,1.0066,-0.0172
1.0000,0.9954,-0.0046
2.0000,0.0051,0.0062
2.0000,-0.0074,-0.0053
2.0000,0.0031,0.0063
2.0000,-0.0003,0.0041
2.0000,-0.0040,0.0016
2.0000,-0.0084,-0.0016
2.0000,-0.0076,0.0005
2.0000,0.0036,0.0130
2.0000,-0.0017,0.0091
2.0000,-0.0043,0.0079
2.0000,0.0033,0.0169
2.0000,-0.0037,0.0113
2.0000,-0.0092,0.0072
2.0000,-0.0055,0.0124
2.0000,-0.0085,0.0110
2.0000,-0.0066,0.0143
2.0000,-0.0121,0.0104
2.0000,-0.0105,0.0136
2.0000,-0.0090,0.0166
2.0000,-0.0046,0.0226
2.0000,-0.0100,0.0188
2.0000,-0.0116,0.0187
2.0000,-0.0048,0.0270
2.0000,-0.0110,0.0224
2.0000,-0.0122,0.0227
2.0000,-0.0080,0.0284
2.0000,-0.0217,0.0163
2.0000,-0.0256,0.0138
2.0000,-0.0247,0.0162
2.0000,-0.0161,0.0263
2.0000,-0.0160,0.0279
2.0000,-0.0224,0.0228
2.0000,-0.0305,0.0161
2.0000,-0.0259,0.0221
2.0000,-0.0342,0.0151
2.0000,-0.0328,0.0178
2.0000,-0.0225,0.0293
2.0000,-0.0311,0.0219
2.0000,-0.0383,0.0159
2.0000,-0.0415,0.0138
2.0000,-0.0278,0.0285
2.0000,-0.0300,0.0273
2.0000,-0.0353,0.0229
2.0000,-0.0458,0.0132
2.0000,-0.0362,0.0236
2.0000,-0.0456,0.0150
2.0000,-0.0387,0.0226
2.0000,-0.0505,0.0114
2.0000,-0.0474,0.0151
2.0000,-0.0452,0.0178
2.0000,-0.0542,0.0092
2.0000,-0.0488,0.0149
2.0000,-0.0517,0.0123
2.0000,-0.0577,0.0065
2.0000,-0.0590,0.0053
2.0000,-0.0556,0.0088
2.0000,-0.0544,0.0099
2.0000,-0.0567,0.0075
2.0000,-0.0523,0.0116
2.0000,-0.0569,0.0068
2.0000,-0.0679,-0.0046
2.0000,-0.0559,0.0069
2.0000,-0.0669,-0.0047
2.0000,-0.0691,-0.0075
2.0000,-0.0692,-0.0084
2.0000,-0.0617,-0.0018
2.0000,-0.0734,-0.0144
2.0000,-0.0615,-0.0035
2.0000,-0.0628,-0.0060
2.0000,-0.0728,-0.0172
2.0000,-0.0713,-0.0170
2.0000,-0.0760,-0.0231
2.0000,-0.0748,-0.0234
2.0000,-0.0692,-0.0194
2.0000,-0.0661,-0.0179
2.0000,-0.0743,-0.0279
2.0000,-0.0745,-0.0300
2.0000,-0.0745,-0.0320
2.0000,-0.0702,-0.0297
2.0000,-0.0679,-0.0295
2.0000,-0.0765,-0.0404
2.0000,-0.0783,-0.0446
2.0000,-0.0788,-0.0475
2.0000,-0.0645,-0.0357
2.0000,-0.0771,-0.0508
2.0000,-0.0705,-0.0470
2.0000,-0.0759,-0.0551
2.0000,-0.0707,-0.0528
2.0000,-0.0741,-0.0591
2.0000,-0.0760,-0.0640
2.0000,-0.0642,-0.0553
2.0000,-0.0719,-0.0662
2.0000,-0.0613,-0.0588
2.0000,-0.0646,-0.0654
2.0000,-0.0619,-0.0661
2.0000,-0.0657,-0.0734
2.0000,-0.0623,-0.0735
2.0000,-0.0537,-0.0685
2.0000,-0.0525,-0.0709
2.0000,-0.0609,-0.0830
2.0000,-0.0619,-0.0878
2.0000,-0.0517,-0.0814
2.0000,-0.0579,-0.0915
2.0000,-0.0572,-0.0947
2.0000,-0.0567,-0.0981
2.0000,-0.0443,-0.0897
2.0000,-0.0466,-0.0961
2.0000,-0.0525,-0.1060
2.0000,-0.0486,-0.1063
2.0000,-0.0368,-0.0985
2.0000,-0.0375,-0.1035
2.0000,-0.0426,-0.1127
2.0000,-0.0291,-0.1035
2.0000,-0.0345,-0.1130
2.0000,-0.0257,-0.1085
2.0000,-0.0268,-0.1138
2.0000,-0.0219,-0.1132
2.0000,-0.0240,-0.1196
2.0000,-0.0187,-0.1185
2.0000,-0.0191,-0.1231
2.0000,-0.0146,-0.1228
2.0000,-0.0084,-0.1209
2.0000,0.0016,-0.1150
2.0000,-0.0075,-0.1283
2.0000,-0.0065,-0.1315
2.0000,0.0081,-0.1210
2.0000,0.0029,-0.1303
2.0000,0.0108,-0.1265
2.0000,0.0202,-0.1211
2.0000,0.0102,-0.1351
2.0000,0.0257,-0.1235
2.0000,0.0202,-0.1329
2.0000,0.0303,-0.1266
2.0000,0.0277,-0.1330
2.0000,0.0393,-0.1251
2.0000,0.0426,-0.1253
2.0000,0.0358,-0.1357
2.0000,0.0484,-0.1266
2.0000,0.0414,-0.1370
2.0000,0.0587,-0.1230
2.0000,0.0591,-0.1259
2.0000,0.0639,-0.1242
2.0000,0.0656,-0.1255
2.0000,0.0590,-0.1351
2.0000,0.0699,-0.1270
2.0000,0.0658,-0.1339
2.0000,0.0802,-0.1221
2.0000,0.0866,-0.1182
2.0000,0.0819,-0.1253
2.0000,0.0950,-0.1145
2.0000,0.0900,-0.1216
2.0000,0.0875,-0.1262
2.0000,0.1057,-0.1099
2.0000,0.1094,-0.1081
2.0000,0.1095,-0.1096
2.0000,0.1173,-0.1033
2.0000,0.1141,-0.1079
2.0000,0.1170,-0.1062
2.0000,0.1203,-0.1040
2.0000,0.1211,-0.1042
2.0000,0.1321,-0.0939
2.0000,0.1220,-0.1047
2.0000,0.1380,-0.0892
2.0000,0.1313,-0.0963
2.0000,0.1395,-0.0882
2.0000,0.1362,-0.0915
2.0000,0.1521,-0.0755
2.0000,0.1413,-0.0860
2.0000,0.1567,-0.0701
2.0000,0.1598,-0.0664
2.0000,0.1643,-0.0611
2.0000,0.1512,-0.0732
2.0000,0.1550,-0.0683
2.0000,0.1627,-0.0593
2.0000,0.1717,-0.0488
2.0000,0.1760,-0.0428
2.0000,0.1781,-0.0389
2.0000,0.1722,-0.0428
2.0000,0.1674,-0.0455
2.0000,0.1696,-0.0409
2.0000,0.1733,-0.0347
2.0000,0.1770,-0.0283
2.0000,0.1895,-0.0130
2.0000,0.1772,-0.0223
2.0000,0.1772,-0.0191
2.0000,0.1905,-0.0024
2.0000,0.1806,-0.0088
2.0000,0.1903,0.0047
2.0000,0.1923,0.0106
2.0000,0.1841,0.0064
2.0000,0.1879,0.0145
2.0000,0.1922,0.0231
2.0000,0.1961,0.0315
2.0000,0.1961,0.0363
2.0000,0.1922,0.0372
2.0000,0.1988,0.0488
2.0000,0.1878,0.0429
2.0000,0.1918,0.0523
2.0000,0.1869,0.0529
2.0000,0.1846,0.0562
2.0000,0.1861,0.0634
2.0000,0.1832,0.0665
2.0000,0.1843,0.0736
2.0000,0.1816,0.0771
2.0000,0.1788,0.0806
2.0000,0.1834,0.0916
2.0000,0.1883,0.1031
2.0000,0.1735,0.0949
2.0000,0.1861,0.1144
2.0000,0.1756,0.1108
2.0000,0.1730,0.1152
2.0000,0.1739,0.1233
2.0000,0.1707,0.1273
2.0000,0.1621,0.1261
2.0000,0.1634,0.1348
2.0000,0.1602,0.1391
2.0000,0.1677,0.1542
2.0000,0.1645,0.1587
2.0000,0.1545,0.1564
2.0000,0.1483,0.1581
2.0000,0.1436,0.1613
2.0000,0.1425,0.1681
2.0000,0.1402,0.1739
2.0000,0.1319,0.1736
2.0000,0.1337,0.1835
2.0000,0.1257,0.1836
2.0000,0.1217,0.1878
2.0000,0.1170,0.1913
2.0000,0.1213,0.2038
2.0000,0.1090,0.1998
2.0000,0.1043,0.2033
2.0000,0.1027,0.2100
2.0000,0.0902,0.2057
2.0000,0.0957,0.2195
2.0000,0.0793,0.2112
2.0000,0.0822,0.2224
2.0000,0.0760,0.2244
2.0000,0.0643,0.2209
2.0000,0.0606,0.2253
2.0000,0.0591,0.2318
2.0000,0.0466,0.2275
2.0000,0.0415,0.2303
2.0000,0.0459,0.2426
2.0000,0.0331,0.2376
2.0000,0.0250,0.2374
2.0000,0.0267,0.2468
2.0000,0.0184,0.2461
2.0000,0.0152,0.2505
2.0000,0.0126,0.2553
2.0000,0.0073,0.2573
2.0000,-0.0027,0.2545
2.0000,-0.0114,0.2529
2.0000,-0.0152,0.2562
2.0000,-0.0300,0.2482
2.0000,-0.0269,0.2580
2.0000,-0.0342,0.2573
2.0000,-0.0398,0.2583
2.0000,-0.0453,0.2590
2.0000,-0.0515,0.2590
2.0000,-0.0718,0.2447
2.0000,-0.0701,0.2523
2.0000,-0.0743,0.2537
2.0000,-0.0776,0.2559
2.0000,-0.0913,0.2475
2.0000,-0.1014,0.2426
2.0000,-0.0972,0.2517
2.0000,-0.1060,0.2477
2.0000,-0.1187,0.2395
2.0000,-0.1267,0.2358
2.0000,-0.1342,0.2325
2.0000,-0.1369,0.2337
2.0000,-0.1482,0.2261
2.0000,-0.1455,0.2323
2.0000,-0.1503,0.2308
2.0000,-0.1684,0.2157
2.0000,-0.1716,0.2153
2.0000,-0.1806,0.2089
2.0000,-0.1850,0.2069
2.0000,-0.1871,0.2068
2.0000,-0.1938,0.2020
2.0000,-0.2051,0.1923
2.0000,-0.1970,0.2017
2.0000,-0.2017,0.1982
2.0000,-0.2216,0.1791
2.0000,-0.2210,0.1802
2.0000,-0.2171,0.1845
2.0000,-0.2228,0.1788
2.0000,-0.2418,0.1596
2.0000,-0.2408,0.1601
2.0000,-0.2523,0.1479
2.0000,-0.2422,0.1570
2.0000,-0.2515,0.1465
2.0000,-0.2615,0.1349
2.0000,-0.2657,0.1289
2.0000,-0.2709,0.1216
2.0000,-0.2720,0.1182
2.0000,-0.2738,0.1138
2.0000,-0.2749,0.1097
2.0000,-0.2766,0.1048
2.0000,-0.2928,0.0852
2.0000,-0.2944,0.0799
2.0000,-0.2901,0.0802
2.0000,-0.2926,0.0735
2.0000,-0.2987,0.0629
2.0000,-0.3007,0.0560
2.0000,-0.2970,0.0547
2.0000,-0.3102,0.0362
2.0000,-0.3098,0.0310
2.0000,-0.3058,0.0291
2.0000,-0.3027,0.0262
2.0000,-0.3097,0.0128
2.0000,-0.3126,0.0033
2.0000,-0.3109,-0.0019
2.0000,-0.3078,-0.0059
2.0000,-0.3127,-0.0181
2.0000,-0.3080,-0.0210
2.0000,-0.3082,-0.0290
2.0000,-0.3207,-0.0495
2.0000,-0.3115,-0.0487
2.0000,-0.3099,-0.0555
2.0000,-0.3126,-0.0669
2.0000,-0.3114,-0.0747
2.0000,-0.3136,-0.0860
2.0000,-0.3106,-0.0923
2.0000,-0.3123,-0.1037
2.0000,-0.3108,-0.1119
2.0000,-0.3045,-0.1155
2.0000,-0.3045,-0.1257
2.0000,-0.3084,-0.1398
2.0000,-0.3010,-0.1429
2.0000,-0.2886,-0.1411
2.0000,-0.2933,-0.1566
2.0000,-0.2883,-0.1626
2.0000,-0.2937,-0.1791
2.0000,-0.2825,-0.1792
2.0000,-0.2807,-0.1887
2.0000,-0.2741,-0.1937
2.0000,-0.2636,-0.1947
2.0000,-0.2651,-0.2080
2.0000,-0.2635,-0.2182
2.0000,-0.2523,-0.2190
2.0000,-0.2505,-0.2293
2.0000,-0.2538,-0.2447
2.0000,-0.2429,-0.2460
2.0000,-0.2324,-0.2477
2.0000,-0.2268,-0.2544
2.0000,-0.2233,-0.2634
2.0000,-0.2108,-0.2633
2.0000,-0.2055,-0.2704
2.0000,-0.2059,-0.2833
2.0000,-0.2005,-0.2904
2.0000,-0.1999,-0.3024
2.0000,-0.1814,-0.2964
2.0000,-0.1853,-0.3128
2.0000,-0.1766,-0.3167
2.0000,-0.1640,-0.3166
2.0000,-0.1554,-0.3205
2.0000,-0.1532,-0.3307
2.0000,-0.1378,-0.3277
2.0000,-0.1373,-0.3395
2.0000,-0.1194,-0.3339
2.0000,-0.1191,-0.3457
2.0000,-0.1139,-0.3527
2.0000,-0.0959,-0.3467
2.0000,-0.0931,-0.3558
2.0000,-0.0832,-0.3578
2.0000,-0.0797,-0.3660
2.0000,-0.0699,-0.3678
2.0000,-0.0560,-0.3654
2.0000,-0.0526,-0.3733
2.0000,-0.0310,-0.3629
2.0000,-0.0262,-0.3691
2.0000,-0.0179,-0.3717
2.0000,-0.0160,-0.3805
2.0000,0.0079,-0.3671
2.0000,0.0059,-0.3794
2.0000,0.0121,-0.3834
2.0000,0.0294,-0.3760
2.0000,0.0351,-0.3800
2.0000,0.0504,-0.3742
2.0000,0.0568,-0.3771
2.0000,0.0717,-0.3713
2.0000,0.0817,-0.3701
2.0000,0.0805,-0.3798
2.0000,0.0897,-0.3789
2.0000,0.1045,-0.3722
2.0000,0.1141,-0.3704
2.0000,0.1279,-0.3641
2.0000,0.1345,-0.3647
2.0000,0.1454,-0.3608
2.0000,0.1510,-0.3618
2.0000,0.1556,-0.3636
2.0000,0.1748,-0.3504
2.0000,0.1776,-0.3534
2.0000,0.1937,-0.3427
2.0000,0.2033,-0.3383
2.0000,0.2107,-0.3356
2.0000,0.2188,-0.3320
2.0000,0.2231,-0.3319
2.0000,0.2387,-0.3200
2.0000,0.2481,-0.3141
2.0000,0.2482,-0.3170
2.0000,0.2553,-0.3127
2.0000,0.2733,-0.2972
2.0000,0.2738,-0.2987
2.0000,0.2915,-0.2827
2.0000,0.2902,-0.2853
2.0000,0.3014,-0.2751
2.0000,0.3139,-0.2631
2.0000,0.3225,-0.2548
2.0000,0.3259,-0.2512
2.0000,0.3303,-0.2463
2.0000,0.3444,-0.2313
2.0000,0.3415,-0.2329
2.0000,0.3452,-0.2275
2.0000,0.3637,-0.2071
2.0000,0.3632,-0.2052
2.0000,0.3690,-0.1966
2.0000,0.3705,-0.1919
2.0000,0.3848,-0.1740
2.0000,0.3908,-0.1641
2.0000,0.3943,-0.1564
2.0000,0.3953,-0.1506
2.0000,0.4062,-0.1348
2.0000,0.4041,-0.1314
2.0000,0.4122,-0.1175
2.0000,0.4164,-0.1072
2.0000,0.4112,-0.1059
2.0000,0.4204,-0.0898
2.0000,0.4260,-0.0770
2.0000,0.4271,-0.0683
2.0000,0.4210,-0.0664
2.0000,0.4339,-0.0452
2.0000,0.4321,-0.0384
2.0000,0.4365,-0.0250
2.0000,0.4298,-0.0223
2.0000,0.4302,-0.0122
2.0000,0.4379,0.0055
2.0000,0.4374,0.0152
2.0000,0.4368,0.0253
2.0000,0.4455,0.0449
2.0000,0.4415,0.0522
2.0000,0.4380,0.0603
2.0000,0.4338,0.0679
2.0000,0.4400,0.0863
2.0000,0.4409,0.0996
2.0000,0.4361,0.1075
2.0000,0.4345,0.1189
2.0000,0.4365,0.1341
2.0000,0.4244,0.1355
2.0000,0.4235,0.1483
2.0000,0.4273,0.1661
2.0000,0.4248,0.1777
2.0000,0.4100,0.1774
2.0000,0.4186,0.2006
2.0000,0.4129,0.2098
2.0000,0.4050,0.2169
2.0000,0.3964,0.2236
2.0000,0.3909,0.2334
2.0000,0.3911,0.2492
2.0000,0.3875,0.2613
2.0000,0.3791,0.2687
2.0000,0.3637,0.2694
2.0000,0.3628,0.2846
2.0000,0.3582,0.2963
2.0000,0.3453,0.2998
2.0000,0.3424,0.3133
2.0000,0.3316,0.3191
2.0000,0.3286,0.3328
2.0000,0.3292,0.3501
2.0000,0.3110,0.3487
2.0000,0.3013,0.3558
2.0000,0.3046,0.3760
2.0000,0.2809,0.3691
2.0000,0.2748,0.3799
2.0000,0.2633,0.3853
2.0000,0.2557,0.3946
2.0000,0.2442,0.3999
2.0000,0.2371,0.4096
2.0000,0.2303,0.4197
2.0000,0.2152,0.4214
2.0000,0.2151,0.4379
2.0000,0.2034,0.4428
2.0000,0.1836,0.4395
2.0000,0.1758,0.4482
2.0000,0.1747,0.4634
2.0000,0.1565,0.4615
2.0000,0.1483,0.4693
2.0000,0.1341,0.4710
2.0000,0.1256,0.4783
2.0000,0.1110,0.4794
2.0000,0.0935,0.4773
2.0000,0.0811,0.4802
2.0000,0.0671,0.4813
2.0000,0.0606,0.4896
2.0000,0.0497,0.4934
2.0000,0.0376,0.4957
2.0000,0.0311,0.5035
2.0000,0.0081,0.4944
2.0000,-0.0004,0.4996
2.0000,-0.0158,0.4976
2.0000,-0.0292,0.4974
2.0000,-0.0359,0.5035
2.0000,-0.0491,0.5029
2.0000,-0.0655,0.4989
2.0000,-0.0748,0.5015
2.0000,-0.0900,0.4979
2.0000,-0.1082,0.4911
2.0000,-0.1159,0.4943
2.0000,-0.1288,0.4920
2.0000,-0.1387,0.4924
2.0000,-0.1546,0.4863
2.0000,-0.1583,0.4922
2.0000,-0.1765,0.4832
2.0000,-0.1845,0.4839
2.0000,-0.2046,0.4722
2.0000,-0.2123,0.4725
2.0000,-0.2285,0.4638
2.0000,-0.2418,0.4576
2.0000,-0.2577,0.4485
2.0000,-0.2616,0.4509
2.0000,-0.2675,0.4509
2.0000,-0.2791,0.4447
2.0000,-0.3050,0.4238
2.0000,-0.3147,0.4186
2.0000,-0.3167,0.4207
2.0000,-0.3333,0.4077
2.0000,-0.3338,0.4105
2.0000,-0.3516,0.3953
2.0000,-0.3639,0.3852
2.0000,-0.3653,0.3856
2.0000,-0.3770,0.3752
2.0000,-0.3981,0.3549
2.0000,-0.3971,0.3563
2.0000,-0.4076,0.3457
2.0000,-0.4216,0.3310
2.0000,-0.4313,0.3202
2.0000,-0.4357,0.3143
2.0000,-0.4442,0.3036
2.0000,-0.4611,0.2842
2.0000,-0.4624,0.2798
2.0000,-0.4639,0.2748
2.0000,-0.4774,0.2572
2.0000,-0.4786,0.2516
2.0000,-0.5003,0.2249
2.0000,-0.4968,0.2229
2.0000,-0.5045,0.2092
2.0000,-0.5047,0.2026
2.0000,-0.5186,0.1818
2.0000,-0.5240,0.1690
2.0000,-0.5359,0.1492
2.0000,-0.5395,0.1374
2.0000,-0.5381,0.1300
2.0000,-0.5384,0.1204
2.0000,-0.5529,0.0963
2.0000,-0.5541,0.0850
2.0000,-0.5540,0.0745
2.0000,-0.5544,0.0630
2.0000,-0.5510,0.0549
2.0000,-0.5589,0.0352
2.0000,-0.5594,0.0223
2.0000,-0.5654,0.0037
2.0000,-0.5605,-0.0046
2.0000,-0.5612,-0.0188
2.0000,-0.5708,-0.0424
2.0000,-0.5633,-0.0492
2.0000,-0.5567,-0.0573
2.0000,-0.5632,-0.0789
2.0000,-0.5606,-0.0917
2.0000,-0.5659,-0.1128
2.0000,-0.5639,-0.1270
2.0000,-0.5497,-0.1292
2.0000,-0.5531,-0.1494
2.0000,-0.5513,-0.1647
2.0000,-0.5395,-0.1704
2.0000,-0.5458,-0.1944
2.0000,-0.5417,-0.2082
2.0000,-0.5302,-0.2150
2.0000,-0.5225,-0.2258
2.0000,-0.5237,-0.2458
2.0000,-0.5170,-0.2582
2.0000,-0.5167,-0.2771
2.0000,-0.5116,-0.2916
2.0000,-0.5014,-0.3011
2.0000,-0.4993,-0.3188
2.0000,-0.4926,-0.3322
2.0000,-0.4811,-0.3409
2.0000,-0.4636,-0.3439
2.0000,-0.4571,-0.3579
2.0000,-0.4534,-0.3749
2.0000,-0.4477,-0.3900
2.0000,-0.4437,-0.4069
2.0000,-0.4327,-0.4169
2.0000,-0.4181,-0.4234
2.0000,-0.4019,-0.4284
2.0000,-0.3987,-0.4464
2.0000,-0.3877,-0.4566
2.0000,-0.3815,-0.4717
2.0000,-0.3715,-0.4829
2.0000,-0.3552,-0.4880
2.0000,-0.3387,-0.4927
2.0000,-0.3243,-0.4996
2.0000,-0.3156,-0.5121
2.0000,-0.3119,-0.5296
2.0000,-0.2876,-0.5263
2.0000,-0.2862,-0.5459
2.0000,-0.2681,-0.5487
2.0000,-0.2457,-0.5471
2.0000,-0.2355,-0.5575
2.0000,-0.2253,-0.5679
2.0000,-0.2067,-0.5697
2.0000,-0.1971,-0.5803
2.0000,-0.1879,-0.5912
2.0000,-0.1713,-0.5944
2.0000,-0.1579,-0.6006
2.0000,-0.1324,-0.5945
2.0000,-0.1217,-0.6030
2.0000,-0.1091,-0.6094
2.0000,-0.0964,-0.6154
2.0000,-0.0842,-0.6216
2.0000,-0.0606,-0.6161
2.0000,-0.0391,-0.6124
2.0000,-0.0374,-0.6283
2.0000,-0.0187,-0.6269
2.0000,0.0004,-0.6246
2.0000,0.0086,-0.6329
2.0000,0.0238,-0.6339
2.0000,0.0443,-0.6292
2.0000,0.0606,-0.6283
2.0000,0.0831,-0.6209
2.0000,0.0947,-0.6239
2.0000,0.1125,-0.6204
2.0000,0.1289,-0.6177
2.0000,0.1494,-0.6107
2.0000,0.1520,-0.6210
2.0000,0.1716,-0.6139
2.0000,0.1871,-0.6103
2.0000,0.2020,-0.6070
2.0000,0.2170,-0.6031
2.0000,0.2336,-0.5971
2.0000,0.2463,-0.5945
2.0000,0.2610,-0.5893
2.0000,0.2876,-0.5718
2.0000,0.3027,-0.5652
2.0000,0.3116,-0.5643
2.0000,0.3285,-0.5549
2.0000,0.3456,-0.5448
2.0000,0.3491,-0.5477
2.0000,0.3660,-0.5367
2.0000,0.3759,-0.5320
2.0000,0.3912,-0.5214
2.0000,0.4095,-0.5074
2.0000,0.4291,-0.4913
2.0000,0.4409,-0.4825
2.0000,0.4470,-0.4789
2.0000,0.4539,-0.4738
2.0000,0.4760,-0.4530
2.0000,0.4781,-0.4516
2.0000,0.4972,-0.4326
2.0000,0.5058,-0.4235
2.0000,0.5147,-0.4135
2.0000,0.5282,-0.3983
2.0000,0.5392,-0.3850
2.0000,0.5544,-0.3669
2.0000,0.5689,-0.3489
2.0000,0.5708,-0.3429
2.0000,0.5861,-0.3230
2.0000,0.5836,-0.3202
2.0000,0.5947,-0.3032
2.0000,0.6032,-0.2883
2.0000,0.6134,-0.2710
2.0000,0.6286,-0.2482
2.0000,0.6308,-0.2378
2.0000,0.6339,-0.2260
2.0000,0.6345,-0.2160
2.0000,0.6515,-0.1891
2.0000,0.6459,-0.1842
2.0000,0.6608,-0.1583
2.0000,0.6696,-0.1379
2.0000,0.6637,-0.1317
2.0000,0.6668,-0.1159
2.0000,0.6720,-0.0975
2.0000,0.6727,-0.0830
2.0000,0.6849,-0.0566
2.0000,0.6847,-0.0420
2.0000,0.6809,-0.0305
2.0000,0.6818,-0.0137
2.0000,0.6813,0.0020
2.0000,0.6876,0.0250
2.0000,0.6833,0.0380
2.0000,0.6823,0.0547
2.0000,0.6834,0.0739
2.0000,0.6901,0.0992
2.0000,0.6874,0.1155
2.0000,0.6858,0.1333
2.0000,0.6750,0.1424
2.0000,0.6735,0.1611
2.0000,0.6706,0.1788
2.0000,0.6687,0.1979
2.0000,0.6658,0.2164
2.0000,0.6674,0.2397
2.0000,0.6547,0.2490
2.0000,0.6500,0.2667
2.0000,0.6479,0.2872
2.0000,0.6454,0.3077
2.0000,0.6379,0.3234
2.0000,0.6193,0.3283
2.0000,0.6162,0.3490
2.0000,0.6093,0.3660
2.0000,0.5998,0.3808
2.0000,0.5842,0.3896
2.0000,0.5886,0.4186
2.0000,0.5779,0.4327
2.0000,0.5663,0.4460
2.0000,0.5470,0.4518
2.0000,0.5361,0.4662
2.0000,0.5334,0.4888
2.0000,0.5112,0.4920
2.0000,0.5053,0.5117
2.0000,0.4868,0.5187
2.0000,0.4822,0.5398
2.0000,0.4675,0.5508
2.0000,0.4559,0.5649
2.0000,0.4390,0.5737
2.0000,0.4235,0.5838
2.0000,0.4073,0.5933
2.0000,0.3947,0.6064
2.0000,0.3897,0.6269
2.0000,0.3618,0.6244
2.0000,0.3439,0.6319
2.0000,0.3316,0.6449
2.0000,0.3137,0.6521
2.0000,0.3019,0.6652
2.0000,0.2944,0.6826
2.0000,0.2677,0.6805
2.0000,0.2490,0.6862
2.0000,0.2352,0.6967
2.0000,0.2143,0.6998
2.0000,0.2058,0.7150
2.0000,0.1782,0.7109
2.0000,0.1635,0.7194
2.0000,0.1410,0.7199
2.0000,0.1288,0.7302
2.0000,0.1151,0.7389
2.0000,0.0954,0.7412
2.0000,0.0808,0.7482
2.0000,0.0511,0.7397
2.0000,0.0320,0.7415
2.0000,0.0250,0.7549
2.0000,-0.0061,0.7439
2.0000,-0.0238,0.7458
2.0000,-0.0391,0.7497
2.0000,-0.0556,0.7520
2.0000,-0.0739,0.7520
2.0000,-0.1007,0.7430
2.0000,-0.1133,0.7477
2.0000,-0.1274,0.7504
2.0000,-0.1574,0.7367
2.0000,-0.1675,0.7424
2.0000,-0.1909,0.7342
2.0000,-0.2093,0.7305
2.0000,-0.2196,0.7344
2.0000,-0.2383,0.7292
2.0000,-0.2601,0.7204
2.0000,-0.2778,0.7151
2.0000,-0.3076,0.6971
2.0000,-0.3234,0.6925
2.0000,-0.3297,0.6967
2.0000,-0.3569,0.6795
2.0000,-0.3697,0.6760
2.0000,-0.3833,0.6711
2.0000,-0.4067,0.6557
2.0000,-0.4172,0.6526
2.0000,-0.4375,0.6390
2.0000,-0.4588,0.6237
2.0000,-0.4723,0.6156
2.0000,-0.4938,0.5988
2.0000,-0.5000,0.5966
2.0000,-0.5151,0.5848
2.0000,-0.5305,0.5720
2.0000,-0.5441,0.5603
2.0000,-0.5692,0.5366
2.0000,-0.5722,0.5340
2.0000,-0.5923,0.5138
2.0000,-0.6038,0.5015
2.0000,-0.6228,0.4809
2.0000,-0.6330,0.4684
2.0000,-0.6486,0.4498
2.0000,-0.6492,0.4456
2.0000,-0.6668,0.4236
2.0000,-0.6790,0.4062
2.0000,-0.6881,0.3913
2.0000,-0.7066,0.3663
2.0000,-0.7115,0.3542
2.0000,-0.7139,0.3439
2.0000,-0.7295,0.3198
2.0000,-0.7391,0.3009
2.0000,-0.7465,0.2835
2.0000,-0.7609,0.2585
2.0000,-0.7551,0.2530
2.0000,-0.7640,0.2321
2.0000,-0.7690,0.2144
2.0000,-0.7796,0.1906
2.0000,-0.7819,0.1743
2.0000,-0.7836,0.1580
2.0000,-0.7931,0.1332
2.0000,-0.8062,0.1043
2.0000,-0.8020,0.0921
2.0000,-0.8014,0.0755
2.0000,-0.8108,0.0485
2.0000,-0.8063,0.0347
2.0000,-0.8152,0.0069
2.0000,-0.8188,-0.0161
2.0000,-0.8182,-0.0354
2.0000,-0.8198,-0.0576
2.0000,-0.8123,-0.0711
2.0000,-0.8155,-0.0959
2.0000,-0.8129,-0.1154
2.0000,-0.8036,-0.1287
2.0000,-0.8132,-0.1614
2.0000,-0.7968,-0.1686
2.0000,-0.8044,-0.2002
2.0000,-0.7873,-0.2075
2.0000,-0.7932,-0.2382
2.0000,-0.7867,-0.2570
2.0000,-0.7793,-0.2753
2.0000,-0.7721,-0.2941
2.0000,-0.7721,-0.3206
2.0000,-0.7634,-0.3387
2.0000,-0.7511,-0.3535
2.0000,-0.7480,-0.3779
2.0000,-0.7262,-0.3838
2.0000,-0.7296,-0.4151
2.0000,-0.7123,-0.4262
2.0000,-0.7023,-0.4447
2.0000,-0.6964,-0.4675
2.0000,-0.6786,-0.4787
2.0000,-0.6661,-0.4954
2.0000,-0.6596,-0.5183
2.0000,-0.6527,-0.5409
2.0000,-0.6376,-0.5554
2.0000,-0.6267,-0.5744
2.0000,-0.6081,-0.5856
2.0000,-0.5869,-0.5944
2.0000,-0.5861,-0.6236
2.0000,-0.5559,-0.6235
2.0000,-0.5520,-0.6498
2.0000,-0.5258,-0.6537
2.0000,-0.5114,-0.6693
2.0000,-0.4983,-0.6864
2.0000,-0.4899,-0.7079
2.0000,-0.4685,-0.7166
2.0000,-0.4489,-0.7268
2.0000,-0.4367,-0.7444
2.0000,-0.4119,-0.7492
2.0000,-0.3979,-0.7648
2.0000,-0.3766,-0.7728
2.0000,-0.3633,-0.7886
2.0000,-0.3390,-0.7932
2.0000,-0.3228,-0.8058
2.0000,-0.3019,-0.8135
2.0000,-0.2784,-0.8181
2.0000,-0.2638,-0.8315
2.0000,-0.2436,-0.8390
2.0000,-0.2088,-0.8315
2.0000,-0.1965,-0.8462
2.0000,-0.1670,-0.8434
2.0000,-0.1511,-0.8538
2.0000,-0.1283,-0.8569
2.0000,-0.1109,-0.8650
2.0000,-0.0826,-0.8618
2.0000,-0.0672,-0.8711
2.0000,-0.0465,-0.8746
2.0000,-0.0185,-0.8702
2.0000,-0.0008,-0.8758
2.0000,0.0163,-0.8814
2.0000,0.0458,-0.8741
2.0000,0.0652,-0.8764
2.0000,0.0928,-0.8699
2.0000,0.1133,-0.8701
2.0000,0.1386,-0.8647
2.0000,0.1473,-0.8755
2.0000,0.1725,-0.8691
2.0000,0.1911,-0.8687
2.0000,0.2226,-0.8547
2.0000,0.2485,-0.8457
2.0000,0.2582,-0.8523
2.0000,0.2858,-0.8402
2.0000,0.3002,-0.8408
2.0000,0.3270,-0.8282
2.0000,0.3458,-0.8228
2.0000,0.3656,-0.8159
2.0000,0.3963,-0.7972
2.0000,0.4030,-0.8019
2.0000,0.4324,-0.7831
2.0000,0.4516,-0.7737
2.0000,0.4761,-0.7584
2.0000,0.4877,-0.7551
2.0000,0.5150,-0.7353
2.0000,0.5332,-0.7240
2.0000,0.5421,-0.7211
2.0000,0.5595,-0.7088
2.0000,0.5806,-0.6922
2.0000,0.5989,-0.6775
2.0000,0.6188,-0.6604
2.0000,0.6292,-0.6520
2.0000,0.6472,-0.6353
2.0000,0.6720,-0.6108
2.0000,0.6838,-0.5987
2.0000,0.6957,-0.5856
2.0000,0.7162,-0.5629
2.0000,0.7245,-0.5519
2.0000,0.7476,-0.5250
2.0000,0.7544,-0.5137
2.0000,0.7728,-0.4900
2.0000,0.7910,-0.4657
2.0000,0.7912,-0.4586
2.0000,0.8027,-0.4393
2.0000,0.8290,-0.4045
2.0000,0.8305,-0.3936
2.0000,0.8389,-0.3752
2.0000,0.8494,-0.3536
2.0000,0.8629,-0.3285
2.0000,0.8649,-0.3139
2.0000,0.8841,-0.2814
2.0000,0.8807,-0.2708
2.0000,0.9021,-0.2346
2.0000,0.9050,-0.2161
2.0000,0.9100,-0.1949
2.0000,0.9105,-0.1772
2.0000,0.9254,-0.1446
2.0000,0.9302,-0.1213
2.0000,0.9215,-0.1108
2.0000,0.9258,-0.0866
2.0000,0.9321,-0.0598
2.0000,0.9409,-0.0298
2.0000,0.9397,-0.0090
2.0000,0.9313,0.0052
2.0000,0.9433,0.0404
2.0000,0.9344,0.0552
2.0000,0.9300,0.0753
2.0000,0.9346,0.1050
2.0000,0.9337,0.1296
2.0000,0.9358,0.1579
2.0000,0.9327,0.1815
2.0000,0.9211,0.1972
2.0000,0.9236,0.2274
2.0000,0.9096,0.2417
2.0000,0.9162,0.2771
2.0000,0.9018,0.2918
2.0000,0.9007,0.3205
2.0000,0.8946,0.3444
2.0000,0.8771,0.3575
2.0000,0.8756,0.3868
2.0000,0.8593,0.4018
2.0000,0.8504,0.4246
2.0000,0.8463,0.4524
2.0000,0.8281,0.4665
2.0000,0.8183,0.4892
2.0000,0.8110,0.5148
2.0000,0.8039,0.5408
2.0000,0.7787,0.5490
2.0000,0.7667,0.5705
2.0000,0.7580,0.5956
2.0000,0.7451,0.6167
2.0000,0.7356,0.6413
2.0000,0.7125,0.6524
2.0000,0.6915,0.6657
2.0000,0.6737,0.6823
2.0000,0.6623,0.7054
2.0000,0.6543,0.7319
2.0000,0.6244,0.7366
2.0000,0.6102,0.7569
2.0000,0.5863,0.7675
2.0000,0.5742,0.7899
2.0000,0.5527,0.8028
2.0000,0.5356,0.8200
2.0000,0.5148,0.8335
2.0000,0.4945,0.8472
2.0000,0.4778,0.8644
2.0000,0.4512,0.8717
2.0000,0.4246,0.8786
2.0000,0.4004,0.8877
2.0000,0.3834,0.9038
2.0000,0.3624,0.9156
2.0000,0.3476,0.9334
2.0000,0.3226,0.9406
2.0000,0.2904,0.9403
2.0000,0.2663,0.9478
2.0000,0.2531,0.9658
2.0000,0.2224,0.9659
2.0000,0.1956,0.9695
2.0000,0.1749,0.9788
2.0000,0.1447,0.9781
2.0000,0.1186,0.9810
2.0000,0.1012,0.9922
2.0000,0.0806,0.9996
2.0000,0.0519,0.9985
2.0000,0.0324,1.0060
2.0000,0.0021,1.0021
3.0000,-0.0037,-0.0028
3.0000,-0.0078,-0.0059
3.0000,0.0018,0.0046
3.0000,0.0006,0.0042
3.0000,0.0023,0.0067
3.0000,0.0014,0.0064
3.0000,-0.0022,0.0034
3.0000,-0.0146,-0.0084
3.0000,-0.0009,0.0058
3.0000,-0.0070,0.0002
3.0000,-0.0065,0.0011
3.0000,-0.0041,0.0038
3.0000,-0.0193,-0.0111
3.0000,-0.0161,-0.0078
3.0000,-0.0205,-0.0121
3.0000,-0.0092,-0.0007
3.0000,-0.0187,-0.0102
3.0000,-0.0168,-0.0084
3.0000,-0.0096,-0.0015
3.0000,-0.0224,-0.0145
3.0000,-0.0240,-0.0165
3.0000,-0.0162,-0.0091
3.0000,-0.0171,-0.0104
3.0000,-0.0261,-0.0199
3.0000,-0.0144,-0.0089
3.0000,-0.0197,-0.0148
3.0000,-0.0180,-0.0139
3.0000,-0.0168,-0.0136
3.0000,-0.0187,-0.0163
3.0000,-0.0203,-0.0189
3.0000,-0.0146,-0.0143
3.0000,-0.0184,-0.0192
3.0000,-0.0299,-0.0320
3.0000,-0.0253,-0.0286
3.0000,-0.0229,-0.0275
3.0000,-0.0256,-0.0317
3.0000,-0.0150,-0.0226
3.0000,-0.0189,-0.0280
3.0000,-0.0287,-0.0393
3.0000,-0.0137,-0.0260
3.0000,-0.0164,-0.0305
3.0000,-0.0140,-0.0298
3.0000,-0.0205,-0.0382
3.0000,-0.0268,-0.0464
3.0000,-0.0143,-0.0358
3.0000,-0.0219,-0.0455
3.0000,-0.0243,-0.0500
3.0000,-0.0245,-0.0523
3.0000,-0.0227,-0.0526
3.0000,-0.0197,-0.0518
3.0000,-0.0202,-0.0546
3.0000,-0.0098,-0.0464
3.0000,-0.0161,-0.0551
3.0000,-0.0071,-0.0484
3.0000,-0.0079,-0.0516
3.0000,-0.0094,-0.0556
3.0000,-0.0142,-0.0628
3.0000,-0.0027,-0.0538
3.0000,-0.0061,-0.0597
3.0000,-0.0009,-0.0570
3.0000,-0.0059,-0.0646
3.0000,0.0003,-0.0609
3.0000,0.0034,-0.0604
3.0000,0.0044,-0.0620
3.0000,0.0037,-0.0653
3.0000,0.0025,-0.0690
3.0000,0.0085,-0.0656
3.0000,0.0097,-0.0670
3.0000,0.0077,-0.0716
3.0000,0.0105,-0.0714
3.0000,0.0110,-0.0735
3.0000,0.0150,-0.0720
3.0000,0.0151,-0.0744
3.0000,0.0275,-0.0645
3.0000,0.0261,-0.0684
3.0000,0.0204,-0.0766
3.0000,0.0305,-0.0689
3.0000,0.0275,-0.0743
3.0000,0.0290,-0.0751
3.0000,0.0406,-0.0658
3.0000,0.0337,-0.0750
3.0000,0.0392,-0.0717
3.0000,0.0435,-0.0696
3.0000,0.0394,-0.0759
3.0000,0.0424,-0.0749
3.0000,0.0500,-0.0693
3.0000,0.0450,-0.0763
3.0000,0.0537,-0.0695
3.0000,0.0483,-0.0767
3.0000,0.0564,-0.0703
3.0000,0.0570,-0.0713
3.0000,0.0610,-0.0690
3.0000,0.0631,-0.0684
3.0000,0.0649,-0.0680
3.0000,0.0645,-0.0698
3.0000,0.0767,-0.0589
3.0000,0.0712,-0.0655
3.0000,0.0684,-0.0694
3.0000,0.0818,-0.0570
3.0000,0.0734,-0.0663
3.0000,0.0858,-0.0547
3.0000,0.0847,-0.0565
3.0000,0.0825,-0.0592
3.0000,0.0873,-0.0549
3.0000,0.0982,-0.0444
3.0000,0.0872,-0.0556
3.0000,0.1005,-0.0425
3.0000,0.1016,-0.0414
3.0000,0.0939,-0.0491
3.0000,0.1005,-0.0423
3.0000,0.1101,-0.0323
3.0000,0.1024,-0.0397
3.0000,0.1010,-0.0405
3.0000,0.1102,-0.0306
3.0000,0.1140,-0.0260
3.0000,0.1209,-0.0182
3.0000,0.1153,-0.0228
3.0000,0.1182,-0.0187
3.0000,0.1196,-0.0160
3.0000,0.1128,-0.0213
3.0000,0.1134,-0.0192
3.0000,0.1258,-0.0051
3.0000,0.1259,-0.0031
3.0000,0.1178,-0.0093
3.0000,0.1269,0.0019
3.0000,0.1272,0.0044
3.0000,0.1322,0.0118
3.0000,0.1341,0.0161
3.0000,0.1309,0.0155
3.0000,0.1326,0.0199
3.0000,0.1222,0.0124
3.0000,0.1306,0.0237
3.0000,0.1280,0.0243
3.0000,0.1287,0.0282
3.0000,0.1319,0.0347
3.0000,0.1278,0.0341
3.0000,0.1333,0.0432
3.0000,0.1291,0.0427
3.0000,0.1360,0.0534
3.0000,0.1318,0.0532
3.0000,0.1316,0.0571
3.0000,0.1235,0.0531
3.0000,0.1214,0.0553
3.0000,0.1298,0.0680
3.0000,0.1346,0.0774
3.0000,0.1318,0.0792
3.0000,0.1292,0.0813
3.0000,0.1250,0.0819
3.0000,0.1255,0.0873
3.0000,0.1212,0.0880
3.0000,0.1143,0.0862
3.0000,0.1141,0.0912
3.0000,0.1156,0.0979
3.0000,0.1177,0.1054
3.0000,0.1178,0.1109
3.0000,0.1173,0.1160
3.0000,0.1015,0.1057
3.0000,0.1033,0.1131
3.0000,0.1077,0.1232
3.0000,0.0954,0.1167
3.0000,0.0949,0.1220
3.0000,0.0903,0.1233
3.0000,0.0935,0.1325
3.0000,0.0877,0.1326
3.0000,0.0932,0.1441
3.0000,0.0842,0.1411
3.0000,0.0832,0.1463
3.0000,0.0846,0.1537
3.0000,0.0807,0.1559
3.0000,0.0747,0.1561
3.0000,0.0718,0.1594
3.0000,0.0631,0.1569
3.0000,0.0541,0.1541
3.0000,0.0595,0.1657
3.0000,0.0510,0.1633
3.0000,0.0437,0.1623
3.0000,0.0439,0.1686
3.0000,0.0469,0.1777
3.0000,0.0454,0.1824
3.0000,0.0344,0.1775
3.0000,0.0352,0.1843
3.0000,0.0227,0.1778
3.0000,0.0213,0.1825
3.0000,0.0084,0.1755
3.0000,0.0179,0.1910
3.0000,0.0040,0.1829
3.0000,-0.0041,0.1805
3.0000,-0.0048,0.1855
3.0000,-0.0059,0.1900
3.0000,-0.0155,0.1861
3.0000,-0.0229,0.1842
3.0000,-0.0243,0.1882
3.0000,-0.0227,0.1950
3.0000,-0.0322,0.1908
3.0000,-0.0340,0.1941
3.0000,-0.0374,0.1957
3.0000,-0.0523,0.1857
3.0000,-0.0482,0.1946
3.0000,-0.0569,0.1905
3.0000,-0.0637,0.1883
3.0000,-0.0649,0.1916
3.0000,-0.0744,0.1864
3.0000,-0.0752,0.1897
3.0000,-0.0810,0.1879
3.0000,-0.0918,0.1809
3.0000,-0.0958,0.1807
3.0000,-0.0973,0.1828
3.0000,-0.1016,0.1819
3.0000,-0.1106,0.1762
3.0000,-0.1147,0.1752
3.0000,-0.1204,0.1724
3.0000,-0.1201,0.1754
3.0000,-0.1325,0.1656
3.0000,-0.1333,0.1672
3.0000,-0.1315,0.1712
3.0000,-0.1479,0.1569
3.0000,-0.1528,0.1538
3.0000,-0.1473,0.1609
3.0000,-0.1597,0.1500
3.0000,-0.1555,0.1555
3.0000,-0.1571,0.1550
3.0000,-0.1693,0.1436
3.0000,-0.1725,0.1411
3.0000,-0.1721,0.1419
3.0000,-0.1889,0.1254
3.0000,-0.1789,0.1355
3.0000,-0.1874,0.1267
3.0000,-0.1986,0.1152
3.0000,-0.1997,0.1135
3.0000,-0.2016,0.1108
3.0000,-0.2088,0.1025
3.0000,-0.2157,0.0943
3.0000,-0.2133,0.0953
3.0000,-0.2101,0.0968
3.0000,-0.2141,0.0909
3.0000,-0.2246,0.0783
3.0000,-0.2236,0.0769
3.0000,-0.2337,0.0643
3.0000,-0.2268,0.0683
3.0000,-0.2281,0.0641
3.0000,-0.2319,0.0570
3.0000,-0.2364,0.0490
3.0000,-0.2455,0.0363
3.0000,-0.2336,0.0443
3.0000,-0.2380,0.0358
3.0000,-0.2484,0.0210
3.0000,-0.2433,0.0216
3.0000,-0.2404,0.0198
3.0000,-0.2476,0.0076
3.0000,-0.2544,-0.0044
3.0000,-0.2444,0.0002
3.0000,-0.2571,-0.0181
3.0000,-0.2518,-0.0186
3.0000,-0.2470,-0.0198
3.0000,-0.2593,-0.0383
3.0000,-0.2489,-0.0343
3.0000,-0.2529,-0.0448
3.0000,-0.2464,-0.0452
3.0000,-0.2456,-0.0513
3.0000,-0.2490,-0.0618
3.0000,-0.2565,-0.0766
3.0000,-0.2453,-0.0730
3.0000,-0.2422,-0.0776
3.0000,-0.2537,-0.0968
3.0000,-0.2478,-0.0990
3.0000,-0.2437,-0.1030
3.0000,-0.2442,-0.1118
3.0000,-0.2351,-0.1112
3.0000,-0.2363,-0.1211
3.0000,-0.2302,-0.1236
3.0000,-0.2282,-0.1306
3.0000,-0.2335,-0.1448
3.0000,-0.2349,-0.1555
3.0000,-0.2194,-0.1492
3.0000,-0.2267,-0.1658
3.0000,-0.2186,-0.1673
3.0000,-0.2235,-0.1818
3.0000,-0.2058,-0.1737
3.0000,-0.2074,-0.1851
3.0000,-0.2063,-0.1939
3.0000,-0.2012,-0.1987
3.0000,-0.1962,-0.2037
3.0000,-0.1977,-0.2153
3.0000,-0.1845,-0.2122
3.0000,-0.1875,-0.2255
3.0000,-0.1725,-0.2207
3.0000,-0.1714,-0.2298
3.0000,-0.1688,-0.2375
3.0000,-0.1533,-0.2324
3.0000,-0.1628,-0.2523
3.0000,-0.1469,-0.2468
3.0000,-0.1389,-0.2491
3.0000,-0.1318,-0.2524
3.0000,-0.1394,-0.2704
3.0000,-0.1290,-0.2704
3.0000,-0.1197,-0.2713
3.0000,-0.1088,-0.2708
3.0000,-0.1122,-0.2844
3.0000,-0.0949,-0.2773
3.0000,-0.0906,-0.2832
3.0000,-0.0879,-0.2906
3.0000,-0.0757,-0.2885
3.0000,-0.0678,-0.2905
3.0000,-0.0573,-0.2900
3.0000,-0.0604,-0.3029
3.0000,-0.0461,-0.2982
3.0000,-0.0369,-0.2986
3.0000,-0.0360,-0.3073
3.0000,-0.0247,-0.3053
3.0000,-0.0202,-0.3101
3.0000,-0.0192,-0.3182
3.0000,-0.0058,-0.3139
3.0000,0.0082,-0.3087
3.0000,0.0131,-0.3125
3.0000,0.0171,-0.3170
3.0000,0.0334,-0.3091
3.0000,0.0288,-0.3219
3.0000,0.0405,-0.3182
3.0000,0.0479,-0.3187
3.0000,0.0587,-0.3156
3.0000,0.0694,-0.3124
3.0000,0.0756,-0.3134
3.0000,0.0774,-0.3187
3.0000,0.0883,-0.3146
3.0000,0.0952,-0.3143
3.0000,0.1066,-0.3094
3.0000,0.1179,-0.3042
3.0000,0.1222,-0.3058
3.0000,0.1290,-0.3047
3.0000,0.1410,-0.2981
3.0000,0.1528,-0.2915
3.0000,0.1494,-0.2998
3.0000,0.1608,-0.2931
3.0000,0.1772,-0.2810
3.0000,0.1757,-0.2866
3.0000,0.1793,-0.2869
3.0000,0.1955,-0.2742
3.0000,0.1968,-0.2762
3.0000,0.2076,-0.2684
3.0000,0.2185,-0.2602
3.0000,0.2197,-0.2614
3.0000,0.2233,-0.2599
3.0000,0.2387,-0.2463
3.0000,0.2423,-0.2441
3.0000,0.2483,-0.2394
3.0000,0.2616,-0.2269
3.0000,0.2680,-0.2211
3.0000,0.2762,-0.2131
3.0000,0.2776,-0.2117
3.0000,0.2765,-0.2124
3.0000,0.2960,-0.1921
3.0000,0.2984,-0.1887
3.0000,0.2962,-0.1895
3.0000,0.3078,-0.1763
3.0000,0.3117,-0.1704
3.0000,0.3111,-0.1687
3.0000,0.3240,-0.1531
3.0000,0.3335,-0.1407
3.0000,0.3326,-0.1383
3.0000,0.3402,-0.1271
3.0000,0.3347,-0.1286
3.0000,0.3437,-0.1154
3.0000,0.3421,-0.1123
3.0000,0.3439,-0.1057
3.0000,0.3527,-0.0916
3.0000,0.3534,-0.0854
3.0000,0.3642,-0.0687
3.0000,0.3656,-0.0611
3.0000,0.3575,-0.0628
3.0000,0.3743,-0.0391
3.0000,0.3703,-0.0361
3.0000,0.3720,-0.0270
3.0000,0.3762,-0.0151
3.0000,0.3815,-0.0018
3.0000,0.3756,0.0006
3.0000,0.3685,0.0021
3.0000,0.3823,0.0247
3.0000,0.3818,0.0334
3.0000,0.3833,0.0443
3.0000,0.3807,0.0513
3.0000,0.3751,0.0556
3.0000,0.3760,0.0667
3.0000,0.3708,0.0720
3.0000,0.3748,0.0867
3.0000,0.3771,0.0999
3.0000,0.3758,0.1099
3.0000,0.3682,0.1136
3.0000,0.3624,0.1194
3.0000,0.3635,0.1324
3.0000,0.3596,0.1406
3.0000,0.3548,0.1480
3.0000,0.3552,0.1609
3.0000,0.3518,0.1701
3.0000,0.3431,0.1743
3.0000,0.3417,0.1858
3.0000,0.3438,0.2011
3.0000,0.3450,0.2157
3.0000,0.3315,0.2157
3.0000,0.3243,0.2220
3.0000,0.3170,0.2285
3.0000,0.3210,0.2464
3.0000,0.3138,0.2532
3.0000,0.3125,0.2660
3.0000,0.2944,0.2621
3.0000,0.3001,0.2821
3.0000,0.2854,0.2818
3.0000,0.2765,0.2874
3.0000,0.2677,0.2931
3.0000,0.2677,0.3077
3.0000,0.2578,0.3123
3.0000,0.2562,0.3255
3.0000,0.2463,0.3302
3.0000,0.2398,0.3384
3.0000,0.2280,0.3413
3.0000,0.2166,0.3447
3.0000,0.2064,0.3491
3.0000,0.2063,0.3637
3.0000,0.2019,0.3739
3.0000,0.1824,0.3691
3.0000,0.1728,0.3740
3.0000,0.1659,0.3816
3.0000,0.1664,0.3965
3.0000,0.1482,0.3926
3.0000,0.1442,0.4029
3.0000,0.1300,0.4029
3.0000,0.1267,0.4137
3.0000,0.1054,0.4062
3.0000,0.1025,0.4171
3.0000,0.0934,0.4217
3.0000,0.0802,0.4220
3.0000,0.0704,0.4255
3.0000,0.0610,0.4293
3.0000,0.0523,0.4337
3.0000,0.0375,0.4317
3.0000,0.0310,0.4378
3.0000,0.0219,0.4412
3.0000,0.0055,0.4370
3.0000,-0.0101,0.4333
3.0000,-0.0209,0.4343
3.0000,-0.0216,0.4452
3.0000,-0.0393,0.4387
3.0000,-0.0423,0.4468
3.0000,-0.0627,0.4371
3.0000,-0.0698,0.4405
3.0000,-0.0822,0.4383
3.0000,-0.0920,0.4384
3.0000,-0.1079,0.4322
3.0000,-0.1163,0.4330
3.0000,-0.1238,0.4345
3.0000,-0.1343,0.4327
3.0000,-0.1467,0.4287
3.0000,-0.1612,0.4222
3.0000,-0.1704,0.4207
3.0000,-0.1787,0.4198
3.0000,-0.1879,0.4176
3.0000,-0.1983,0.4138
3.0000,-0.2077,0.4106
3.0000,-0.2189,0.4053
3.0000,-0.2362,0.3935
3.0000,-0.2525,0.3823
3.0000,-0.2499,0.3897
3.0000,-0.2686,0.3754
3.0000,-0.2788,0.3691
3.0000,-0.2913,0.3602
3.0000,-0.2937,0.3609
3.0000,-0.3120,0.3455
3.0000,-0.3134,0.3464
3.0000,-0.3263,0.3355
3.0000,-0.3315,0.3318
3.0000,-0.3450,0.3193
3.0000,-0.3524,0.3126
3.0000,-0.3654,0.2999
3.0000,-0.3746,0.2905
3.0000,-0.3691,0.2954
3.0000,-0.3837,0.2797
3.0000,-0.3951,0.2669
3.0000,-0.3998,0.2604
3.0000,-0.4056,0.2522
3.0000,-0.4144,0.2406
3.0000,-0.4255,0.2263
3.0000,-0.4347,0.2136
3.0000,-0.4381,0.2061
3.0000,-0.4357,0.2040
3.0000,-0.4428,0.1920
3.0000,-0.4444,0.1851
3.0000,-0.4622,0.1615
3.0000,-0.4649,0.1527
3.0000,-0.4662,0.1448
3.0000,-0.4686,0.1353
3.0000,-0.4732,0.1233
3.0000,-0.4712,0.1174
3.0000,-0.4803,0.1000
3.0000,-0.4910,0.0807
3.0000,-0.4829,0.0797
3.0000,-0.4915,0.0617
3.0000,-0.4916,0.0517
3.0000,-0.4878,0.0453
3.0000,-0.5019,0.0205
3.0000,-0.4971,0.0143
3.0000,-0.4942,0.0058
3.0000,-0.4957,-0.0075
3.0000,-0.4993,-0.0231
3.0000,-0.5095,-0.0458
3.0000,-0.5045,-0.0537
3.0000,-0.4983,-0.0606
3.0000,-0.4945,-0.0702
3.0000,-0.5000,-0.0896
3.0000,-0.4992,-0.1029
3.0000,-0.4887,-0.1068
3.0000,-0.5002,-0.1330
3.0000,-0.4903,-0.1382
3.0000,-0.4833,-0.1465
3.0000,-0.4844,-0.1631
3.0000,-0.4781,-0.1727
3.0000,-0.4829,-0.1937
3.0000,-0.4796,-0.2067
3.0000,-0.4752,-0.2189
3.0000,-0.4600,-0.2206
3.0000,-0.4669,-0.2445
3.0000,-0.4483,-0.2431
3.0000,-0.4527,-0.2650
3.0000,-0.4377,-0.2677
3.0000,-0.4351,-0.2829
3.0000,-0.4395,-0.3052
3.0000,-0.4203,-0.3042
3.0000,-0.4159,-0.3180
3.0000,-0.4025,-0.3230
3.0000,-0.3984,-0.3374
3.0000,-0.3908,-0.3485
3.0000,-0.3889,-0.3654
3.0000,-0.3715,-0.3667
3.0000,-0.3645,-0.3787
3.0000,-0.3674,-0.4006
3.0000,-0.3538,-0.4060
3.0000,-0.3420,-0.4132
3.0000,-0.3358,-0.4261
3.0000,-0.3235,-0.4329
3.0000,-0.3066,-0.4351
3.0000,-0.2996,-0.4472
3.0000,-0.2968,-0.4634
3.0000,-0.2711,-0.4567
3.0000,-0.2738,-0.4784
3.0000,-0.2515,-0.4750
3.0000,-0.2373,-0.4796
3.0000,-0.2245,-0.4856
3.0000,-0.2206,-0.5003
3.0000,-0.2015,-0.4997
3.0000,-0.2002,-0.5169
3.0000,-0.1808,-0.5158
3.0000,-0.1639,-0.5170
3.0000,-0.1570,-0.5281
3.0000,-0.1422,-0.5311
3.0000,-0.1369,-0.5434
3.0000,-0.1250,-0.5490
3.0000,-0.1092,-0.5504
3.0000,-0.0953,-0.5535
3.0000,-0.0765,-0.5514
3.0000,-0.0605,-0.5520
3.0000,-0.0563,-0.5640
3.0000,-0.0367,-0.5604
3.0000,-0.0271,-0.5666
3.0000,-0.0100,-0.5649
3.0000,0.0120,-0.5580
3.0000,0.0199,-0.5650
3.0000,0.0352,-0.5642
3.0000,0.0511,-0.5625
3.0000,0.0572,-0.5702
3.0000,0.0716,-0.5693
3.0000,0.0847,-0.5692
3.0000,0.1046,-0.5621
3.0000,0.1172,-0.5619
3.0000,0.1358,-0.5552
3.0000,0.1420,-0.5606
3.0000,0.1588,-0.5549
3.0000,0.1779,-0.5466
3.0000,0.1934,-0.5414
3.0000,0.2028,-0.5420
3.0000,0.2160,-0.5382
3.0000,0.2385,-0.5247
3.0000,0.2451,-0.5266
3.0000,0.2527,-0.5271
3.0000,0.2671,-0.5204
3.0000,0.2930,-0.5016
3.0000,0.2958,-0.5055
3.0000,0.3069,-0.5005
3.0000,0.3258,-0.4872
3.0000,0.3344,-0.4839
3.0000,0.3503,-0.4726
3.0000,0.3637,-0.4634
3.0000,0.3748,-0.4559
3.0000,0.3877,-0.4461
3.0000,0.3992,-0.4372
3.0000,0.4046,-0.4339
3.0000,0.4267,-0.4134
3.0000,0.4382,-0.4029
3.0000,0.4392,-0.4024
3.0000,0.4480,-0.3935
3.0000,0.4593,-0.3816
3.0000,0.4832,-0.3566
3.0000,0.4904,-0.3477
3.0000,0.4962,-0.3397
3.0000,0.5065,-0.3266
3.0000,0.5188,-0.3111
3.0000,0.5157,-0.3103
3.0000,0.5317,-0.2899
3.0000,0.5437,-0.2730
3.0000,0.5449,-0.2664
3.0000,0.5516,-0.2536
3.0000,0.5544,-0.2444
3.0000,0.5632,-0.2285
3.0000,0.5751,-0.2091
3.0000,0.5834,-0.1927
3.0000,0.5818,-0.1857
3.0000,0.5937,-0.1645
3.0000,0.5888,-0.1598
3.0000,0.6078,-0.1307
3.0000,0.5999,-0.1279
3.0000,0.6160,-0.1007
3.0000,0.6061,-0.0988
3.0000,0.6131,-0.0797
3.0000,0.6238,-0.0564
3.0000,0.6275,-0.0396
3.0000,0.6192,-0.0343
3.0000,0.6216,-0.0179
3.0000,0.6192,-0.0058
3.0000,0.6217,0.0117
3.0000,0.6302,0.0355
3.0000,0.6190,0.0401
3.0000,0.6291,0.0664
3.0000,0.6329,0.0868
3.0000,0.6238,0.0947
3.0000,0.6177,0.1061
3.0000,0.6251,0.1313
3.0000,0.6154,0.1398
3.0000,0.6176,0.1605
3.0000,0.6179,0.1797
3.0000,0.6007,0.1817
3.0000,0.6076,0.2081
3.0000,0.6033,0.2236
3.0000,0.5981,0.2386
3.0000,0.5908,0.2518
3.0000,0.5801,0.2619
3.0000,0.5853,0.2880
3.0000,0.5654,0.2894
3.0000,0.5577,0.3032
3.0000,0.5522,0.3195
3.0000,0.5430,0.3322
3.0000,0.5359,0.3473
3.0000,0.5303,0.3640
3.0000,0.5263,0.3825
3.0000,0.5209,0.3998
3.0000,0.5108,0.4125
3.0000,0.4931,0.4177
3.0000,0.4943,0.4420
3.0000,0.4749,0.4458
3.0000,0.4672,0.4613
3.0000,0.4561,0.4736
3.0000,0.4438,0.4847
3.0000,0.4390,0.5034
3.0000,0.4273,0.5152
3.0000,0.4007,0.5120
3.0000,0.3990,0.5338
3.0000,0.3810,0.5393
3.0000,0.3721,0.5539
3.0000,0.3642,0.5694
3.0000,0.3374,0.5659
3.0000,0.3320,0.5838
3.0000,0.3163,0.5912
3.0000,0.2977,0.5957
3.0000,0.2911,0.6120
3.0000,0.2660,0.6098
3.0000,0.2631,0.6295
3.0000,0.2398,0.6287
3.0000,0.2206,0.6319
3.0000,0.2018,0.6352
3.0000,0.1929,0.6482
3.0000,0.1751,0.6521
3.0000,0.1532,0.6516
3.0000,0.1414,0.6610
3.0000,0.1322,0.6728
3.0000,0.1074,0.6685
3.0000,0.0997,0.6813
3.0000,0.0730,0.6746
3.0000,0.0657,0.6870
3.0000,0.0495,0.6901
3.0000,0.0316,0.6913
3.0000,0.0092,0.6875
3.0000,-0.0053,0.6913
3.0000,-0.0232,0.6912
3.0000,-0.0422,0.6897
3.0000,-0.0582,0.6908
3.0000,-0.0779,0.6878
3.0000,-0.1009,0.6809
3.0000,-0.1063,0.6913
3.0000,-0.1321,0.6808
3.0000,-0.1513,0.6764
3.0000,-0.1708,0.6712
3.0000,-0.1748,0.6811
3.0000,-0.2050,0.6642
3.0000,-0.2181,0.6639
3.0000,-0.2319,0.6624
3.0000,-0.2563,0.6498
3.0000,-0.2630,0.6543
3.0000,-0.2888,0.6392
3.0000,-0.2978,0.6403
3.0000,-0.3206,0.6270
3.0000,-0.3251,0.6315
3.0000,-0.3461,0.6188
3.0000,-0.3607,0.6120
3.0000,-0.3761,0.6039
3.0000,-0.3884,0.5981
3.0000,-0.4036,0.5889
3.0000,-0.4318,0.5660
3.0000,-0.4447,0.5578
3.0000,-0.4503,0.5564
3.0000,-0.4685,0.5417
3.0000,-0.4777,0.5353
3.0000,-0.4912,0.5241
3.0000,-0.5149,0.5019
3.0000,-0.5211,0.4967
3.0000,-0.5352,0.4828
3.0000,-0.5527,0.4650
3.0000,-0.5562,0.4605
3.0000,-0.5692,0.4458
3.0000,-0.5915,0.4212
3.0000,-0.5951,0.4146
3.0000,-0.6157,0.3904
3.0000,-0.6180,0.3838
3.0000,-0.6345,0.3624
3.0000,-0.6326,0.3588
3.0000,-0.6428,0.3423
3.0000,-0.6657,0.3126
3.0000,-0.6741,0.2967
3.0000,-0.6746,0.2881
3.0000,-0.6765,0.2774
3.0000,-0.6915,0.2531
3.0000,-0.7008,0.2338
3.0000,-0.6980,0.2259
3.0000,-0.7171,0.1956
3.0000,-0.7166,0.1842
3.0000,-0.7182,0.1701
3.0000,-0.7207,0.1545
3.0000,-0.7272,0.1344
3.0000,-0.7388,0.1085
3.0000,-0.7417,0.0908
3.0000,-0.7437,0.0734
3.0000,-0.7516,0.0496
3.0000,-0.7460,0.0387
3.0000,-0.7450,0.0226
3.0000,-0.7467,0.0033
3.0000,-0.7525,-0.0206
3.0000,-0.7452,-0.0320
3.0000,-0.7531,-0.0590
3.0000,-0.7515,-0.0770
3.0000,-0.7413,-0.0869
3.0000,-0.7444,-0.1105
3.0000,-0.7406,-0.1277
3.0000,-0.7482,-0.1569
3.0000,-0.7366,-0.1672
3.0000,-0.7387,-0.1916
3.0000,-0.7340,-0.2096
3.0000,-0.7265,-0.2252
3.0000,-0.7163,-0.2385
3.0000,-0.7174,-0.2635
3.0000,-0.7112,-0.2815
3.0000,-0.7005,-0.2954
3.0000,-0.6916,-0.3113
3.0000,-0.6876,-0.3326
3.0000,-0.6807,-0.3511
3.0000,-0.6678,-0.3640
3.0000,-0.6602,-0.3824
3.0000,-0.6647,-0.4132
3.0000,-0.6498,-0.4248
3.0000,-0.6368,-0.4384
3.0000,-0.6341,-0.4626
3.0000,-0.6218,-0.4774
3.0000,-0.5977,-0.4806
3.0000,-0.5921,-0.5024
3.0000,-0.5868,-0.5246
3.0000,-0.5760,-0.5414
3.0000,-0.5499,-0.5429
3.0000,-0.5480,-0.5689
3.0000,-0.5255,-0.5742
3.0000,-0.5180,-0.5946
3.0000,-0.5068,-0.6113
3.0000,-0.4794,-0.6117
3.0000,-0.4629,-0.6232
3.0000,-0.4571,-0.6453
3.0000,-0.4322,-0.6482
3.0000,-0.4226,-0.6664
3.0000,-0.4140,-0.6854
3.0000,-0.3945,-0.6934
3.0000,-0.3679,-0.6942
3.0000,-0.3576,-0.7112
3.0000,-0.3441,-0.7250
3.0000,-0.3195,-0.7273
3.0000,-0.2951,-0.7298
3.0000,-0.2787,-0.7398
3.0000,-0.2690,-0.7565
3.0000,-0.2477,-0.7613
3.0000,-0.2241,-0.7635
3.0000,-0.2038,-0.7688
3.0000,-0.1885,-0.7788
3.0000,-0.1766,-0.7918
3.0000,-0.1577,-0.7976
3.0000,-0.1265,-0.7907
3.0000,-0.1175,-0.8056
3.0000,-0.0929,-0.8045
3.0000,-0.0667,-0.8015
3.0000,-0.0511,-0.8086
3.0000,-0.0250,-0.8048
3.0000,-0.0143,-0.8160
3.0000,0.0053,-0.8178
3.0000,0.0372,-0.8069
3.0000,0.0522,-0.8123
3.0000,0.0743,-0.8102
3.0000,0.0922,-0.8117
3.0000,0.1175,-0.8054
3.0000,0.1355,-0.8058
3.0000,0.1574,-0.8017
3.0000,0.1682,-0.8082
3.0000,0.1872,-0.8059
3.0000,0.2157,-0.7935
3.0000,0.2306,-0.7941
3.0000,0.2613,-0.7783
3.0000,0.2722,-0.7816
3.0000,0.2924,-0.7751
3.0000,0.3156,-0.7648
3.0000,0.3322,-0.7605
3.0000,0.3574,-0.7470
3.0000,0.3741,-0.7413
3.0000,0.3857,-0.7400
3.0000,0.4082,-0.7271
3.0000,0.4320,-0.7122
3.0000,0.4499,-0.7025
3.0000,0.4629,-0.6970
3.0000,0.4875,-0.6792
3.0000,0.4995,-0.6733
3.0000,0.5241,-0.6539
3.0000,0.5334,-0.6493
3.0000,0.5567,-0.6298
3.0000,0.5678,-0.6218
3.0000,0.5801,-0.6118
3.0000,0.5968,-0.5968
3.0000,0.6114,-0.5830
3.0000,0.6325,-0.5620
3.0000,0.6520,-0.5418
3.0000,0.6549,-0.5376
3.0000,0.6666,-0.5236
3.0000,0.6954,-0.4919
3.0000,0.6968,-0.4868
3.0000,0.7166,-0.4625
3.0000,0.7333,-0.4406
3.0000,0.7361,-0.4318
3.0000,0.7457,-0.4155
3.0000,0.7564,-0.3972
3.0000,0.7722,-0.3732
3.0000,0.7807,-0.3557
3.0000,0.7913,-0.3354
3.0000,0.8065,-0.3097
3.0000,0.8077,-0.2973
3.0000,0.8121,-0.2810
3.0000,0.8313,-0.2491
3.0000,0.8325,-0.2346
3.0000,0.8340,-0.2189
3.0000,0.8449,-0.1932
3.0000,0.8429,-0.1798
3.0000,0.8594,-0.1471
3.0000,0.8541,-0.1356
3.0000,0.8634,-0.1088
3.0000,0.8687,-0.0853
3.0000,0.8646,-0.0706
3.0000,0.8718,-0.0439
3.0000,0.8780,-0.0176
3.0000,0.8783,0.0033
3.0000,0.8704,0.0167
3.0000,0.8728,0.0410
3.0000,0.8817,0.0724
3.0000,0.8731,0.0867
3.0000,0.8724,0.1096
3.0000,0.8714,0.1328
3.0000,0.8760,0.1620
3.0000,0.8580,0.1691
3.0000,0.8600,0.1967
3.0000,0.8512,0.2141
3.0000,0.8465,0.2360
3.0000,0.8457,0.2622
3.0000,0.8424,0.2864
3.0000,0.8399,0.3118
3.0000,0.8224,0.3226
3.0000,0.8197,0.3485
3.0000,0.8056,0.3634
3.0000,0.8081,0.3953
3.0000,0.7985,0.4154
3.0000,0.7916,0.4385
3.0000,0.7702,0.4474
3.0000,0.7690,0.4767
3.0000,0.7599,0.4984
3.0000,0.7450,0.5147
3.0000,0.7338,0.5347
3.0000,0.7228,0.5552
3.0000,0.7001,0.5641
3.0000,0.6922,0.5880
3.0000,0.6747,0.6024
3.0000,0.6549,0.6147
3.0000,0.6462,0.6381
3.0000,0.6235,0.6477
3.0000,0.6068,0.6633
3.0000,0.5919,0.6807
3.0000,0.5729,0.6940
3.0000,0.5679,0.7213
3.0000,0.5472,0.7330
3.0000,0.5210,0.7390
3.0000,0.5058,0.7560
3.0000,0.4836,0.7659
3.0000,0.4698,0.7840
3.0000,0.4573,0.8034
3.0000,0.4267,0.8046
3.0000,0.4112,0.8206
3.0000,0.3981,0.8389
3.0000,0.3652,0.8371
3.0000,0.3552,0.8580
3.0000,0.3279,0.8613
3.0000,0.3084,0.8722
3.0000,0.2899,0.8838
3.0000,0.2588,0.8825
3.0000,0.2363,0.8894
3.0000,0.2127,0.8949
3.0000,0.1915,0.9024
3.0000,0.1769,0.9161
3.0000,0.1445,0.9117
3.0000,0.1309,0.9255
3.0000,0.1082,0.9300
3.0000,0.0893,0.9376
3.0000,0.0587,0.9331
3.0000,0.0362,0.9362
3.0000,0.0064,0.9316
3.0000,-0.0145,0.9352
3.0000,-0.0337,0.9400
3.0000,-0.0607,0.9365
3.0000,-0.0808,0.9393
3.0000,-0.1085,0.9337
3.0000,-0.1261,0.9378
3.0000,-0.1508,0.9342
3.0000,-0.1772,0.9282
3.0000,-0.2005,0.9245
3.0000,-0.2240,0.9201
3.0000,-0.2411,0.9214
3.0000,-0.2680,0.9121
3.0000,-0.2950,0.9021
3.0000,-0.3233,0.8900
3.0000,-0.3383,0.8905
3.0000,-0.3635,0.8801
3.0000,-0.3856,0.8719
3.0000,-0.4135,0.8572
3.0000,-0.4320,0.8512
3.0000,-0.4432,0.8516
3.0000,-0.4741,0.8316
3.0000,-0.4964,0.8193
3.0000,-0.5209,0.8040
3.0000,-0.5308,0.8026
3.0000,-0.5577,0.7832
3.0000,-0.5679,0.7798
3.0000,-0.5951,0.7585
3.0000,-0.6106,0.7480
3.0000,-0.6281,0.7348
3.0000,-0.6569,0.7093
3.0000,-0.6657,0.7030
3.0000,-0.6958,0.6746
3.0000,-0.7044,0.6668
3.0000,-0.7269,0.6441
3.0000,-0.7460,0.6241
3.0000,-0.7554,0.6128
3.0000,-0.7743,0.5911
3.0000,-0.7896,0.5723
3.0000,-0.8104,0.5470
3.0000,-0.8241,0.5280
3.0000,-0.8383,0.5076
3.0000,-0.8395,0.4993
3.0000,-0.8535,0.4774
3.0000,-0.8712,0.4510
3.0000,-0.8838,0.4286
3.0000,-0.8914,0.4105
3.0000,-0.9073,0.3834
3.0000,-0.9234,0.3550
3.0000,-0.9253,0.3401
3.0000,-0.9281,0.3235
3.0000,-0.9508,0.2861
3.0000,-0.9481,0.2733
3.0000,-0.9584,0.2467
3.0000,-0.9665,0.2215
3.0000,-0.9763,0.1939
3.0000,-0.9798,0.1716
3.0000,-0.9762,0.1558
3.0000,-0.9850,0.1268
3.0000,-0.9871,0.1038
3.0000,-0.9951,0.0741
3.0000,-1.0033,0.0436
3.0000,-1.0055,0.0183
3.0000,-1.0009,-0.0009
4.0000,0.0011,0.0000
4.0000,-0.0040,-0.0061
4.0000,0.0010,-0.0022
4.0000,0.0043,-0.0001
4.0000,-0.0028,-0.0084
4.0000,-0.0022,-0.0091
4.0000,0.0075,-0.0006
4.0000,0.0062,-0.0033
4.0000,-0.0028,-0.0136
4.0000,-0.0003,-0.0125
4.0000,0.0046,-0.0090
4.0000,0.0077,-0.0073
4.0000,-0.0028,-0.0193
4.0000,0.0027,-0.0152
4.0000,0.0024,-0.0170
4.0000,-0.0011,-0.0221
4.0000,0.0144,-0.0081
4.0000,0.0064,-0.0177
4.0000,0.0010,-0.0246
4.0000,0.0129,-0.0142
4.0000,0.0069,-0.0218
4.0000,0.0115,-0.0188
4.0000,0.0082,-0.0237
4.0000,0.0097,-0.0237
4.0000,0.0200,-0.0150
4.0000,0.0104,-0.0261
4.0000,0.0133,-0.0246
4.0000,0.0183,-0.0211
4.0000,0.0198,-0.0211
4.0000,0.0128,-0.0296
4.0000,0.0267,-0.0171
4.0000,0.0195,-0.0258
4.0000,0.0281,-0.0185
4.0000,0.0193,-0.0287
4.0000,0.0260,-0.0233
4.0000,0.0279,-0.0227
4.0000,0.0247,-0.0271
4.0000,0.0377,-0.0152
4.0000,0.0286,-0.0255
4.0000,0.0273,-0.0279
4.0000,0.0319,-0.0244
4.0000,0.0358,-0.0214
4.0000,0.0396,-0.0186
4.0000,0.0433,-0.0158
4.0000,0.0428,-0.0170
4.0000,0.0479,-0.0127
4.0000,0.0384,-0.0229
4.0000,0.0381,-0.0238
4.0000,0.0424,-0.0201
4.0000,0.0432,-0.0198
4.0000,0.0502,-0.0132
4.0000,0.0570,-0.0068
4.0000,0.0446,-0.0194
4.0000,0.0549,-0.0093
4.0000,0.0518,-0.0126
4.0000,0.0617,-0.0026
4.0000,0.0600,-0.0043
4.0000,0.0647,0.0005
4.0000,0.0513,-0.0127
4.0000,0.0663,0.0026
4.0000,0.0590,-0.0043
4.0000,0.0683,0.0055
4.0000,0.0678,0.0056
4.0000,0.0572,-0.0043
4.0000,0.0590,-0.0018
4.0000,0.0727,0.0127
4.0000,0.0653,0.0063
4.0000,0.0705,0.0125
4.0000,0.0742,0.0173
4.0000,0.0612,0.0055
4.0000,0.0697,0.0154
4.0000,0.0687,0.0158
4.0000,0.0688,0.0173
4.0000,0.0725,0.0227
4.0000,0.0679,0.0197
4.0000,0.0760,0.0296
4.0000,0.0783,0.0338
4.0000,0.0794,0.0369
4.0000,0.0761,0.0356
4.0000,0.0760,0.0377
4.0000,0.0728,0.0367
4.0000,0.0684,0.0347
4.0000,0.0798,0.0485
4.0000,0.0734,0.0446
4.0000,0.0701,0.0439
4.0000,0.0706,0.0470
4.0000,0.0762,0.0555
4.0000,0.0753,0.0574
4.0000,0.0667,0.0517
4.0000,0.0650,0.0530
4.0000,0.0759,0.0671
4.0000,0.0716,0.0659
4.0000,0.0635,0.0610
4.0000,0.0588,0.0596
4.0000,0.0725,0.0767
4.0000,0.0610,0.0687
4.0000,0.0634,0.0746
4.0000,0.0571,0.0719
4.0000,0.0550,0.0734
4.0000,0.0543,0.0764
4.0000,0.0634,0.0892
4.0000,0.0513,0.0810
4.0000,0.0470,0.0806
4.0000,0.0480,0.0855
4.0000,0.0467,0.0881
4.0000,0.0540,0.0994
4.0000,0.0500,0.0995
4.0000,0.0449,0.0984
4.0000,0.0370,0.0946
4.0000,0.0335,0.0952
4.0000,0.0416,0.1075
4.0000,0.0291,0.0992
4.0000,0.0351,0.1094
4.0000,0.0323,0.1108
4.0000,0.0251,0.1079
4.0000,0.0317,0.1187
4.0000,0.0311,0.1224
4.0000,0.0147,0.1102
4.0000,0.0214,0.1211
4.0000,0.0207,0.1247
4.0000,0.0048,0.1130
4.0000,0.0068,0.1192
4.0000,0.0105,0.1272
4.0000,0.0044,0.1252
4.0000,0.0027,0.1277
4.0000,-0.0037,0.1254
4.0000,0.0016,0.1348
4.0000,-0.0087,0.1286
4.0000,-0.0056,0.1357
4.0000,-0.0145,0.1307
4.0000,-0.0125,0.1367
4.0000,-0.0161,0.1370
4.0000,-0.0323,0.1246
4.0000,-0.0380,0.1226
4.0000,-0.0271,0.1372
4.0000,-0.0309,0.1370
4.0000,-0.0396,0.1319
4.0000,-0.0424,0.1326
4.0000,-0.0467,0.1317
4.0000,-0.0495,0.1322
4.0000,-0.0583,0.1266
4.0000,-0.0539,0.1342
4.0000,-0.0557,0.1355
4.0000,-0.0625,0.1316
4.0000,-0.0671,0.1298
4.0000,-0.0704,0.1293
4.0000,-0.0845,0.1178
4.0000,-0.0842,0.1206
4.0000,-0.0777,0.1296
4.0000,-0.0841,0.1254
4.0000,-0.0947,0.1170
4.0000,-0.0938,0.1199
4.0000,-0.0913,0.1244
4.0000,-0.1101,0.1074
4.0000,-0.1103,0.1088
4.0000,-0.1055,0.1151
4.0000,-0.1056,0.1164
4.0000,-0.1203,0.1030
4.0000,-0.1241,0.1002
4.0000,-0.1273,0.0979
4.0000,-0.1322,0.0938
4.0000,-0.1371,0.0896
4.0000,-0.1278,0.0994
4.0000,-0.1385,0.0890
4.0000,-0.1452,0.0826
4.0000,-0.1453,0.0825
4.0000,-0.1420,0.0856
4.0000,-0.1411,0.0862
4.0000,-0.1570,0.0698
4.0000,-0.1574,0.0688
4.0000,-0.1600,0.0654
4.0000,-0.1603,0.0641
4.0000,-0.1579,0.0654
4.0000,-0.1682,0.0538
4.0000,-0.1694,0.0511
4.0000,-0.1717,0.0471
4.0000,-0.1696,0.0475
4.0000,-0.1655,0.0495
4.0000,-0.1809,0.0320
4.0000,-0.1795,0.0310
4.0000,-0.1750,0.0330
4.0000,-0.1728,0.0326
4.0000,-0.1746,0.0279
4.0000,-0.1813,0.0181
4.0000,-0.1885,0.0077
4.0000,-0.1827,0.0102
4.0000,-0.1911,-0.0017
4.0000,-0.1832,0.0024
4.0000,-0.1842,-0.0025
4.0000,-0.1828,-0.0051
4.0000,-0.1967,-0.0233
4.0000,-0.1887,-0.0196
4.0000,-0.1878,-0.0232
4.0000,-0.1928,-0.0329
4.0000,-0.1845,-0.0295
4.0000,-0.1881,-0.0381
4.0000,-0.1977,-0.0528
4.0000,-0.1849,-0.0454
4.0000,-0.1909,-0.0568
4.0000,-0.1842,-0.0558
4.0000,-0.1944,-0.0718
4.0000,-0.1854,-0.0687
4.0000,-0.1806,-0.0699
4.0000,-0.1913,-0.0868
4.0000,-0.1866,-0.0884
4.0000,-0.1918,-0.1000
4.0000,-0.1789,-0.0937
4.0000,-0.1851,-0.1066
4.0000,-0.1806,-0.1089
4.0000,-0.1836,-0.1188
4.0000,-0.1684,-0.1106
4.0000,-0.1724,-0.1218
4.0000,-0.1760,-0.1326
4.0000,-0.1619,-0.1259
4.0000,-0.1611,-0.1324
4.0000,-0.1587,-0.1376
4.0000,-0.1557,-0.1422
4.0000,-0.1586,-0.1528
4.0000,-0.1512,-0.1531
4.0000,-0.1513,-0.1610
4.0000,-0.1421,-0.1598
4.0000,-0.1441,-0.1697
4.0000,-0.1328,-0.1664
4.0000,-0.1291,-0.1708
4.0000,-0.1281,-0.1779
4.0000,-0.1306,-0.1885
4.0000,-0.1231,-0.1892
4.0000,-0.1223,-0.1966
4.0000,-0.1094,-0.1919
4.0000,-0.1081,-0.1989
4.0000,-0.1112,-0.2102
4.0000,-0.0946,-0.2019
4.0000,-0.1012,-0.2167
4.0000,-0.0854,-0.2091
4.0000,-0.0824,-0.2143
4.0000,-0.0764,-0.2166
4.0000,-0.0772,-0.2256
4.0000,-0.0681,-0.2246
4.0000,-0.0654,-0.2300
4.0000,-0.0604,-0.2332
4.0000,-0.0535,-0.2343
4.0000,-0.0467,-0.2355
4.0000,-0.0398,-0.2365
4.0000,-0.0333,-0.2379
4.0000,-0.0250,-0.2374
4.0000,-0.0212,-0.2412
4.0000,-0.0126,-0.2403
4.0000,-0.0064,-0.2416
4.0000,-0.0017,-0.2443
4.0000,0.0079,-0.2421
4.0000,0.0063,-0.2509
4.0000,0.0156,-0.2488
4.0000,0.0250,-0.2463
4.0000,0.0209,-0.2573
4.0000,0.0248,-0.2602
4.0000,0.0326,-0.2590
4.0000,0.0398,-0.2582
4.0000,0.0550,-0.2494
4.0000,0.0597,-0.2508
4.0000,0.0645,-0.2520
4.0000,0.0635,-0.2588
4.0000,0.0773,-0.2507
4.0000,0.0801,-0.2534
4.0000,0.0879,-0.2509
4.0000,0.0980,-0.2459
4.0000,0.1091,-0.2398
4.0000,0.1067,-0.2469
4.0000,0.1192,-0.2390
4.0000,0.1178,-0.2448
4.0000,0.1322,-0.2345
4.0000,0.1294,-0.2412
4.0000,0.1458,-0.2285
4.0000,0.1567,-0.2211
4.0000,0.1534,-0.2277
4.0000,0.1688,-0.2153
4.0000,0.1724,-0.2146
4.0000,0.1677,-0.2218
4.0000,0.1872,-0.2046
4.0000,0.1867,-0.2072
4.0000,0.1886,-0.2072
4.0000,0.2022,-0.1952
4.0000,0.2108,-0.1880
4.0000,0.2136,-0.1862
4.0000,0.2103,-0.1903
4.0000,0.2258,-0.1755
4.0000,0.2328,-0.1688
4.0000,0.2305,-0.1711
4.0000,0.2276,-0.1739
4.0000,0.2404,-0.1606
4.0000,0.2383,-0.1620
4.0000,0.2572,-0.1420
4.0000,0.2595,-0.1385
4.0000,0.2646,-0.1318
4.0000,0.2552,-0.1394
4.0000,0.2663,-0.1262
4.0000,0.2780,-0.1122
4.0000,0.2777,-0.1099
4.0000,0.2835,-0.1011
4.0000,0.2785,-0.1030
4.0000,0.2921,-0.0859
4.0000,0.2880,-0.0863
4.0000,0.2994,-0.0709
4.0000,0.2953,-0.0708
4.0000,0.2934,-0.0681
4.0000,0.2979,-0.0588
4.0000,0.3075,-0.0442
4.0000,0.3036,-0.0427
4.0000,0.2982,-0.0426
4.0000,0.3061,-0.0288
4.0000,0.3142,-0.0147
4.0000,0.3040,-0.0185
4.0000,0.3149,-0.0010
4.0000,0.3156,0.0066
4.0000,0.3146,0.0127
4.0000,0.3083,0.0137
4.0000,0.3082,0.0212
4.0000,0.3117,0.0325
4.0000,0.3215,0.0504
4.0000,0.3224,0.0595
4.0000,0.3094,0.0550
4.0000,0.3128,0.0671
4.0000,0.3121,0.0754
4.0000,0.3061,0.0785
4.0000,0.3115,0.0933
4.0000,0.3040,0.0953
4.0000,0.2996,0.1007
4.0000,0.3095,0.1205
4.0000,0.3106,0.1317
4.0000,0.3064,0.1379
4.0000,0.2944,0.1363
4.0000,0.3030,0.1556
4.0000,0.2948,0.1582
4.0000,0.2909,0.1652
4.0000,0.2933,0.1787
4.0000,0.2882,0.1849
4.0000,0.2728,0.1808
4.0000,0.2724,0.1920
4.0000,0.2775,0.2087
4.0000,0.2611,0.2040
4.0000,0.2640,0.2187
4.0000,0.2536,0.2203
4.0000,0.2567,0.2354
4.0000,0.2461,0.2369
4.0000,0.2409,0.2439
4.0000,0.2438,0.2591
4.0000,0.2256,0.2533
4.0000,0.2265,0.2665
4.0000,0.2124,0.2649
4.0000,0.2165,0.2814
4.0000,0.2018,0.2793
4.0000,0.1959,0.2859
4.0000,0.1876,0.2901
4.0000,0.1859,0.3009
4.0000,0.1768,0.3043
4.0000,0.1758,0.3158
4.0000,0.1561,0.3086
4.0000,0.1543,0.3193
4.0000,0.1430,0.3204
4.0000,0.1484,0.3383
4.0000,0.1323,0.3344
4.0000,0.1220,0.3365
4.0000,0.1227,0.3494
4.0000,0.1008,0.3396
4.0000,0.0988,0.3496
4.0000,0.0886,0.3514
4.0000,0.0817,0.3563
4.0000,0.0681,0.3544
4.0000,0.0695,0.3674
4.0000,0.0611,0.3705
4.0000,0.0493,0.3701
4.0000,0.0314,0.3633
4.0000,0.0261,0.3690
4.0000,0.0153,0.3690
4.0000,0.0121,0.3766
4.0000,-0.0054,0.3696
4.0000,-0.0085,0.3768
4.0000,-0.0139,0.3815
4.0000,-0.0322,0.3732
4.0000,-0.0443,0.3708
4.0000,-0.0535,0.3711
4.0000,-0.0496,0.3844
4.0000,-0.0603,0.3826
4.0000,-0.0709,0.3808
4.0000,-0.0787,0.3816
4.0000,-0.0989,0.3697
4.0000,-0.1120,0.3647
4.0000,-0.1187,0.3658
4.0000,-0.1288,0.3632
4.0000,-0.1287,0.3705
4.0000,-0.1404,0.3658
4.0000,-0.1556,0.3572
4.0000,-0.1636,0.3556
4.0000,-0.1699,0.3554
4.0000,-0.1888,0.3422
4.0000,-0.1947,0.3418
4.0000,-0.1919,0.3496
4.0000,-0.2122,0.3341
4.0000,-0.2179,0.3329
4.0000,-0.2244,0.3305
4.0000,-0.2353,0.3234
4.0000,-0.2459,0.3163
4.0000,-0.2522,0.3131
4.0000,-0.2611,0.3069
4.0000,-0.2691,0.3013
4.0000,-0.2719,0.3005
4.0000,-0.2896,0.2846
4.0000,-0.2984,0.2771
4.0000,-0.2952,0.2813
4.0000,-0.3159,0.2611
4.0000,-0.3117,0.2655
4.0000,-0.3231,0.2540
4.0000,-0.3267,0.2499
4.0000,-0.3303,0.2454
4.0000,-0.3372,0.2372
4.0000,-0.3463,0.2265
4.0000,-0.3542,0.2166
4.0000,-0.3592,0.2092
4.0000,-0.3673,0.1983
4.0000,-0.3779,0.1845
4.0000,-0.3751,0.1838
4.0000,-0.3800,0.1749
4.0000,-0.3914,0.1592
4.0000,-0.3882,0.1578
4.0000,-0.4058,0.1351
4.0000,-0.3997,0.1359
4.0000,-0.4056,0.1242
4.0000,-0.4154,0.1082
4.0000,-0.4136,0.1034
4.0000,-0.4194,0.0908
4.0000,-0.4185,0.0845
4.0000,-0.4261,0.0692
4.0000,-0.4257,0.0617
4.0000,-0.4352,0.0439
4.0000,-0.4366,0.0339
4.0000,-0.4399,0.0216
4.0000,-0.4291,0.0230
4.0000,-0.4305,0.0120
4.0000,-0.4387,-0.0063
4.0000,-0.4372,-0.0150
4.0000,-0.4316,-0.0201
4.0000,-0.4468,-0.0463
4.0000,-0.4365,-0.0472
4.0000,-0.4446,-0.0668
4.0000,-0.4397,-0.0738
4.0000,-0.4314,-0.0776
4.0000,-0.4420,-0.1007
4.0000,-0.4345,-0.1059
4.0000,-0.4369,-0.1213
4.0000,-0.4300,-0.1276
4.0000,-0.4339,-0.1450
4.0000,-0.4300,-0.1548
4.0000,-0.4245,-0.1633
4.0000,-0.4200,-0.1730
4.0000,-0.4173,-0.1847
4.0000,-0.4149,-0.1970
4.0000,-0.4096,-0.2065
4.0000,-0.4040,-0.2159
4.0000,-0.3919,-0.2190
4.0000,-0.3946,-0.2371
4.0000,-0.3895,-0.2476
4.0000,-0.3878,-0.2616
4.0000,-0.3812,-0.2709
4.0000,-0.3644,-0.2701
4.0000,-0.3571,-0.2790
4.0000,-0.3599,-0.2980
4.0000,-0.3565,-0.3110
4.0000,-0.3433,-0.3142
4.0000,-0.3369,-0.3245
4.0000,-0.3286,-0.3328
4.0000,-0.3275,-0.3484
4.0000,-0.3183,-0.3560
4.0000,-0.3079,-0.3623
4.0000,-0.3009,-0.3722
4.0000,-0.2805,-0.3687
4.0000,-0.2755,-0.3806
4.0000,-0.2702,-0.3922
4.0000,-0.2548,-0.3936
4.0000,-0.2480,-0.4038
4.0000,-0.2479,-0.4205
4.0000,-0.2237,-0.4131
4.0000,-0.2247,-0.4309
4.0000,-0.2094,-0.4322
4.0000,-0.2005,-0.4400
4.0000,-0.1857,-0.4417
4.0000,-0.1787,-0.4511
4.0000,-0.1712,-0.4599
4.0000,-0.1577,-0.4626
4.0000,-0.1396,-0.4606
4.0000,-0.1291,-0.4661
4.0000,-0.1231,-0.4758
4.0000,-0.1156,-0.4840
4.0000,-0.0986,-0.4824
4.0000,-0.0909,-0.4900
4.0000,-0.0764,-0.4906
4.0000,-0.0546,-0.4837
4.0000,-0.0497,-0.4934
4.0000,-0.0367,-0.4948
4.0000,-0.0328,-0.5052
4.0000,-0.0126,-0.4989
4.0000,0.0036,-0.4964
4.0000,0.0163,-0.4971
4.0000,0.0214,-0.5052
4.0000,0.0420,-0.4974
4.0000,0.0450,-0.5071
4.0000,0.0698,-0.4945
4.0000,0.0808,-0.4954
4.0000,0.0894,-0.4986
4.0000,0.0954,-0.5038
4.0000,0.1155,-0.4947
4.0000,0.1242,-0.4966
4.0000,0.1348,-0.4963
4.0000,0.1481,-0.4929
4.0000,0.1688,-0.4817
4.0000,0.1798,-0.4798
4.0000,0.1952,-0.4732
4.0000,0.2012,-0.4756
4.0000,0.2078,-0.4770
4.0000,0.2234,-0.4689
4.0000,0.2463,-0.4532
4.0000,0.2534,-0.4528
4.0000,0.2550,-0.4575
4.0000,0.2791,-0.4393
4.0000,0.2902,-0.4336
4.0000,0.2946,-0.4342
4.0000,0.3046,-0.4287
4.0000,0.3173,-0.4201
4.0000,0.3280,-0.4130
4.0000,0.3347,-0.4095
4.0000,0.3531,-0.3939
4.0000,0.3637,-0.3855
4.0000,0.3665,-0.3845
4.0000,0.3883,-0.3640
4.0000,0.4006,-0.3524
4.0000,0.4104,-0.3430
4.0000,0.4158,-0.3374
4.0000,0.4147,-0.3380
4.0000,0.4359,-0.3156
4.0000,0.4321,-0.3178
4.0000,0.4507,-0.2971
4.0000,0.4599,-0.2854
4.0000,0.4601,-0.2821
4.0000,0.4688,-0.2699
4.0000,0.4828,-0.2518
4.0000,0.4787,-0.2515
4.0000,0.4979,-0.2273
4.0000,0.5020,-0.2177
4.0000,0.5047,-0.2091
4.0000,0.5176,-0.1897
4.0000,0.5204,-0.1801
4.0000,0.5245,-0.1685
4.0000,0.5349,-0.1503
4.0000,0.5366,-0.1403
4.0000,0.5316,-0.1365
4.0000,0.5411,-0.1178
4.0000,0.5437,-0.1055
4.0000,0.5416,-0.0974
4.0000,0.5537,-0.0748
4.0000,0.5478,-0.0696
4.0000,0.5542,-0.0517
4.0000,0.5648,-0.0292
4.0000,0.5567,-0.0251
4.0000,0.5664,-0.0026
4.0000,0.5685,0.0127
4.0000,0.5562,0.0138
4.0000,0.5601,0.0317
4.0000,0.5613,0.0472
4.0000,0.5668,0.0674
4.0000,0.5595,0.0751
4.0000,0.5589,0.0900
4.0000,0.5524,0.0994
4.0000,0.5618,0.1248
4.0000,0.5483,0.1279
4.0000,0.5591,0.1554
4.0000,0.5542,0.1676
4.0000,0.5511,0.1819
4.0000,0.5414,0.1899
4.0000,0.5399,0.2065
4.0000,0.5315,0.2164
4.0000,0.5378,0.2412
4.0000,0.5252,0.2473
4.0000,0.5154,0.2566
4.0000,0.5093,0.2697
4.0000,0.5108,0.2907
4.0000,0.4960,0.2956
4.0000,0.5007,0.3202
4.0000,0.4797,0.3193
4.0000,0.4830,0.3428
4.0000,0.4636,0.3439
4.0000,0.4575,0.3583
4.0000,0.4559,0.3773
4.0000,0.4385,0.3808
4.0000,0.4368,0.4000
4.0000,0.4242,0.4084
4.0000,0.4214,0.4266
4.0000,0.4133,0.4398
4.0000,0.3959,0.4436
4.0000,0.3907,0.4596
4.0000,0.3775,0.4676
4.0000,0.3653,0.4768
4.0000,0.3516,0.4843
4.0000,0.3465,0.5006
4.0000,0.3236,0.4989
4.0000,0.3188,0.5152
4.0000,0.3041,0.5217
4.0000,0.2854,0.5241
4.0000,0.2711,0.5308
4.0000,0.2685,0.5491
4.0000,0.2592,0.5606
4.0000,0.2429,0.5650
4.0000,0.2277,0.5703
4.0000,0.2109,0.5739
4.0000,0.1955,0.5787
4.0000,0.1771,0.5803
4.0000,0.1603,0.5834
4.0000,0.1576,0.6004
4.0000,0.1400,0.6022
4.0000,0.1248,0.6062
4.0000,0.1140,0.6143
4.0000,0.0904,0.6094
4.0000,0.0830,0.6204
4.0000,0.0657,0.6213
4.0000,0.0403,0.6137
4.0000,0.0390,0.6299
4.0000,0.0223,0.6304
4.0000,0.0040,0.6290
4.0000,-0.0228,0.6187
4.0000,-0.0376,0.6201
4.0000,-0.0481,0.6254
4.0000,-0.0688,0.6201
4.0000,-0.0750,0.6290
4.0000,-0.0868,0.6318
4.0000,-0.1105,0.6224
4.0000,-0.1247,0.6220
4.0000,-0.1395,0.6205
4.0000,-0.1540,0.6190
4.0000,-0.1740,0.6114
4.0000,-0.1909,0.6066
4.0000,-0.2064,0.6026
4.0000,-0.2133,0.6067
4.0000,-0.2311,0.5996
4.0000,-0.2525,0.5882
4.0000,-0.2722,0.5781
4.0000,-0.2884,0.5710
4.0000,-0.3003,0.5677
4.0000,-0.3084,0.5675
4.0000,-0.3194,0.5640
4.0000,-0.3449,0.5455
4.0000,-0.3619,0.5349
4.0000,-0.3651,0.5375
4.0000,-0.3871,0.5208
4.0000,-0.3965,0.5161
4.0000,-0.4038,0.5130
4.0000,-0.4193,0.5011
4.0000,-0.4365,0.4869
4.0000,-0.4556,0.4703
4.0000,-0.4549,0.4728
4.0000,-0.4800,0.4490
4.0000,-0.4799,0.4497
4.0000,-0.4964,0.4333
4.0000,-0.5093,0.4199
4.0000,-0.5254,0.4028
4.0000,-0.5296,0.3969
4.0000,-0.5405,0.3836
4.0000,-0.5535,0.3678
4.0000,-0.5651,0.3527
4.0000,-0.5740,0.3398
4.0000,-0.5879,0.3211
4.0000,-0.5844,0.3194
4.0000,-0.5981,0.2998
4.0000,-0.6113,0.2802
4.0000,-0.6144,0.2701
4.0000,-0.6252,0.2516
4.0000,-0.6278,0.2409
4.0000,-0.6396,0.2203
4.0000,-0.6494,0.2011
4.0000,-0.6426,0.1980
4.0000,-0.6554,0.1747
4.0000,-0.6584,0.1607
4.0000,-0.6561,0.1514
4.0000,-0.6662,0.1291
4.0000,-0.6730,0.1097
4.0000,-0.6726,0.0969
4.0000,-0.6717,0.0840
4.0000,-0.6871,0.0544
4.0000,-0.6899,0.0368
4.0000,-0.6855,0.0259
4.0000,-0.6821,0.0135
4.0000,-0.6817,-0.0024
4.0000,-0.6861,-0.0235
4.0000,-0.6847,-0.0394
4.0000,-0.6809,-0.0532
4.0000,-0.6830,-0.0736
4.0000,-0.6924,-0.1015
4.0000,-0.6914,-0.1195
4.0000,-0.6846,-0.1321
4.0000,-0.6726,-0.1400
4.0000,-0.6743,-0.1619
4.0000,-0.6665,-0.1747
4.0000,-0.6653,-0.1945
4.0000,-0.6683,-0.2189
4.0000,-0.6639,-0.2362
4.0000,-0.6604,-0.2547
4.0000,-0.6478,-0.2645
4.0000,-0.6386,-0.2779
4.0000,-0.6316,-0.2939
4.0000,-0.6244,-0.3099
4.0000,-0.6215,-0.3305
4.0000,-0.6156,-0.3484
4.0000,-0.6047,-0.3615
4.0000,-0.5925,-0.3735
4.0000,-0.5832,-0.3886
4.0000,-0.5819,-0.4119
4.0000,-0.5676,-0.4224
4.0000,-0.5648,-0.4445
4.0000,-0.5575,-0.4623
4.0000,-0.5397,-0.4697
4.0000,-0.5249,-0.4803
4.0000,-0.5240,-0.5049
4.0000,-0.5041,-0.5105
4.0000,-0.4863,-0.5183
4.0000,-0.4881,-0.5458
4.0000,-0.4633,-0.5466
4.0000,-0.4601,-0.5691
4.0000,-0.4363,-0.5710
4.0000,-0.4275,-0.5878
4.0000,-0.4082,-0.5942
4.0000,-0.3911,-0.6027
4.0000,-0.3768,-0.6140
4.0000,-0.3712,-0.6338
4.0000,-0.3528,-0.6409
4.0000,-0.3353,-0.6486
4.0000,-0.3230,-0.6614
4.0000,-0.3092,-0.6726
4.0000,-0.2864,-0.6746
4.0000,-0.2703,-0.6831
4.0000,-0.2524,-0.6896
4.0000,-0.2395,-0.7010
4.0000,-0.2157,-0.7012
4.0000,-0.1977,-0.7069
4.0000,-0.1850,-0.7177
4.0000,-0.1722,-0.7281
4.0000,-0.1544,-0.7333
4.0000,-0.1235,-0.7250
4.0000,-0.1101,-0.7339
4.0000,-0.0895,-0.7353
4.0000,-0.0768,-0.7442
4.0000,-0.0526,-0.7412
4.0000,-0.0338,-0.7433
4.0000,-0.0251,-0.7551
4.0000,-0.0010,-0.7510
4.0000,0.0190,-0.7506
4.0000,0.0390,-0.7499
4.0000,0.0641,-0.7435
4.0000,0.0721,-0.7538
4.0000,0.0907,-0.7529
4.0000,0.1171,-0.7439
4.0000,0.1284,-0.7494
4.0000,0.1494,-0.7447
4.0000,0.1679,-0.7420
4.0000,0.1910,-0.7341
4.0000,0.2056,-0.7342
4.0000,0.2297,-0.7243
4.0000,0.2446,-0.7229
4.0000,0.2638,-0.7167
4.0000,0.2839,-0.7090
4.0000,0.2959,-0.7088
4.0000,0.3100,-0.7059
4.0000,0.3403,-0.6862
4.0000,0.3540,-0.6824
4.0000,0.3633,-0.6825
4.0000,0.3892,-0.6651
4.0000,0.4120,-0.6504
4.0000,0.4171,-0.6527
4.0000,0.4454,-0.6311
4.0000,0.4502,-0.6323
4.0000,0.4647,-0.6232
4.0000,0.4873,-0.6053
4.0000,0.5011,-0.5955
4.0000,0.5117,-0.5882
4.0000,0.5361,-0.5665
4.0000,0.5491,-0.5553
4.0000,0.5561,-0.5496
4.0000,0.5805,-0.5258
4.0000,0.5925,-0.5136
4.0000,0.6053,-0.5000
4.0000,0.6127,-0.4909
4.0000,0.6281,-0.4733
4.0000,0.6475,-0.4509
4.0000,0.6582,-0.4366
4.0000,0.6638,-0.4265
4.0000,0.6774,-0.4079
4.0000,0.6813,-0.3981
4.0000,0.7024,-0.3705
4.0000,0.7031,-0.3626
4.0000,0.7196,-0.3383
4.0000,0.7298,-0.3195
4.0000,0.7413,-0.2987
4.0000,0.7388,-0.2912
4.0000,0.7580,-0.2614
4.0000,0.7600,-0.2481
4.0000,0.7725,-0.2236
4.0000,0.7792,-0.2042
4.0000,0.7862,-0.1840
4.0000,0.7902,-0.1660
4.0000,0.7975,-0.1441
4.0000,0.7883,-0.1381
4.0000,0.8030,-0.1075
4.0000,0.8044,-0.0896
4.0000,0.8011,-0.0759
4.0000,0.8162,-0.0431
4.0000,0.8064,-0.0346
4.0000,0.8155,-0.0067
4.0000,0.8081,0.0053
4.0000,0.8145,0.0318
4.0000,0.8158,0.0535
4.0000,0.8059,0.0647
4.0000,0.8169,0.0973
4.0000,0.8172,0.1197
4.0000,0.8002,0.1253
4.0000,0.8093,0.1575
4.0000,0.7974,0.1691
4.0000,0.7921,0.1878
4.0000,0.7911,0.2112
4.0000,0.7869,0.2319
4.0000,0.7821,0.2524
4.0000,0.7783,0.2743
4.0000,0.7805,0.3025
4.0000,0.7622,0.3107
4.0000,0.7518,0.3270
4.0000,0.7441,0.3465
4.0000,0.7469,0.3768
4.0000,0.7378,0.3953
4.0000,0.7201,0.4056
4.0000,0.7103,0.4241
4.0000,0.7003,0.4427
4.0000,0.6954,0.4665
4.0000,0.6815,0.4816
4.0000,0.6640,0.4933
4.0000,0.6632,0.5219
4.0000,0.6432,0.5314
4.0000,0.6376,0.5554
4.0000,0.6205,0.5682
4.0000,0.6004,0.5779
4.0000,0.5857,0.5932
4.0000,0.5824,0.6200
4.0000,0.5678,0.6354
4.0000,0.5412,0.6389
4.0000,0.5399,0.6678
4.0000,0.5205,0.6785
4.0000,0.5040,0.6921
4.0000,0.4887,0.7068
4.0000,0.4712,0.7193
4.0000,0.4400,0.7179
4.0000,0.4329,0.7406
4.0000,0.4046,0.7419
4.0000,0.3859,0.7528
4.0000,0.3702,0.7664
4.0000,0.3548,0.7801
4.0000,0.3301,0.7844
4.0000,0.3183,0.8013
4.0000,0.3042,0.8157
4.0000,0.2699,0.8097
4.0000,0.2509,0.8186
4.0000,0.2309,0.8263
4.0000,0.2149,0.8376
4.0000,0.1929,0.8426
4.0000,0.1679,0.8443
4.0000,0.1471,0.8497
4.0000,0.1366,0.8652
4.0000,0.1102,0.8643
4.0000,0.0820,0.8612
4.0000,0.0602,0.8641
4.0000,0.0499,0.8779
4.0000,0.0277,0.8795
4.0000,0.0008,0.8758
4.0000,-0.0291,0.8686
4.0000,-0.0512,0.8688
4.0000,-0.0701,0.8715
4.0000,-0.0885,0.8743
4.0000,-0.1152,0.8682
4.0000,-0.1247,0.8786
4.0000,-0.1521,0.8707
4.0000,-0.1756,0.8659
4.0000,-0.1981,0.8617
4.0000,-0.2241,0.8532
4.0000,-0.2480,0.8462
4.0000,-0.2665,0.8439
4.0000,-0.2829,0.8431
4.0000,-0.3087,0.8322
4.0000,-0.3240,0.8312
4.0000,-0.3523,0.8164
4.0000,-0.3654,0.8160
4.0000,-0.3827,0.8108
4.0000,-0.4113,0.7935
4.0000,-0.4299,0.7856
4.0000,-0.4524,0.7730
4.0000,-0.4713,0.7631
4.0000,-0.4961,0.7466
4.0000,-0.5101,0.7402
4.0000,-0.5323,0.7248
4.0000,-0.5424,0.7207
4.0000,-0.5630,0.7054
4.0000,-0.5819,0.6909
4.0000,-0.6029,0.6735
4.0000,-0.6205,0.6587
4.0000,-0.6419,0.6393
4.0000,-0.6513,0.6312
4.0000,-0.6773,0.6056
4.0000,-0.6840,0.5985
4.0000,-0.6970,0.5842
4.0000,-0.7207,0.5585
4.0000,-0.7281,0.5483
4.0000,-0.7525,0.5201
4.0000,-0.7536,0.5145
4.0000,-0.7800,0.4829
4.0000,-0.7817,0.4750
4.0000,-0.7946,0.4552
4.0000,-0.8173,0.4248
4.0000,-0.8229,0.4106
4.0000,-0.8323,0.3918
4.0000,-0.8420,0.3720
4.0000,-0.8486,0.3545
4.0000,-0.8600,0.3313
4.0000,-0.8686,0.3102
4.0000,-0.8859,0.2796
4.0000,-0.8922,0.2593
4.0000,-0.8952,0.2416
4.0000,-0.8947,0.2264
4.0000,-0.9066,0.1982
4.0000,-0.9190,0.1688
4.0000,-0.9160,0.1540
4.0000,-0.9260,0.1255
4.0000,-0.9294,0.1029
4.0000,-0.9338,0.0787
4.0000,-0.9262,0.0656
4.0000,-0.9353,0.0353
4.0000,-0.9339,0.0148
4.0000,-0.9336,-0.0075
4.0000,-0.9431,-0.0401
4.0000,-0.9357,-0.0566
4.0000,-0.9375,-0.0828
4.0000,-0.9426,-0.1129
4.0000,-0.9374,-0.1333
4.0000,-0.9316,-0.1537
4.0000,-0.9304,-0.1792
4.0000,-0.9219,-0.1980
4.0000,-0.9257,-0.2295
4.0000,-0.9112,-0.2433
4.0000,-0.9157,-0.2766
4.0000,-0.9034,-0.2935
4.0000,-0.9041,-0.3238
4.0000,-0.8948,-0.3447
4.0000,-0.8854,-0.3658
4.0000,-0.8773,-0.3885
4.0000,-0.8583,-0.4008
4.0000,-0.8535,-0.4276
4.0000,-0.8481,-0.4542
4.0000,-0.8259,-0.4643
4.0000,-0.8278,-0.4988
4.0000,-0.8028,-0.5067
4.0000,-0.7912,-0.5282
4.0000,-0.7908,-0.5611
4.0000,-0.7714,-0.5753
4.0000,-0.7579,-0.5955
4.0000,-0.7484,-0.6199
4.0000,-0.7275,-0.6331
4.0000,-0.7074,-0.6473
4.0000,-0.6901,-0.6643
4.0000,-0.6846,-0.6932
4.0000,-0.6629,-0.7060
4.0000,-0.6491,-0.7267
4.0000,-0.6322,-0.7443
4.0000,-0.6120,-0.7587
4.0000,-0.5997,-0.7809
4.0000,-0.5719,-0.7876
4.0000,-0.5466,-0.7967
4.0000,-0.5377,-0.8221
4.0000,-0.5080,-0.8267
4.0000,-0.4896,-0.8423
4.0000,-0.4721,-0.8587
4.0000,-0.4551,-0.8755
4.0000,-0.4278,-0.8818
4.0000,-0.4009,-0.8882
4.0000,-0.3815,-0.9019
4.0000,-0.3612,-0.9144
4.0000,-0.3447,-0.9305
4.0000,-0.3240,-0.9421
4.0000,-0.2959,-0.9458
4.0000,-0.2761,-0.9576
4.0000,-0.2391,-0.9518
4.0000,-0.2263,-0.9698
4.0000,-0.1979,-0.9718
4.0000,-0.1716,-0.9754
4.0000,-0.1479,-0.9813
4.0000,-0.1196,-0.9820
4.0000,-0.1040,-0.9951
4.0000,-0.0765,-0.9955
4.0000,-0.0551,-1.0017
4.0000,-0.0205,-0.9940
4.0000,-0.0073,-1.0073
