1.0000,0.0002,-0.0008
1.0000,0.0028,0.0010
1.0000,0.0032,0.0005
1.0000,0.0031,-0.0003
1.0000,0.0030,-0.0011
1.0000,0.0058,0.0010
1.0000,0.0062,0.0009
1.0000,0.0085,0.0028
1.0000,0.0073,0.0011
1.0000,0.0124,0.0059
1.0000,0.0119,0.0053
1.0000,0.0119,0.0052
1.0000,0.0149,0.0081
1.0000,0.0109,0.0042
1.0000,0.0119,0.0053
1.0000,0.0152,0.0089
1.0000,0.0160,0.0100
1.0000,0.0152,0.0096
1.0000,0.0161,0.0111
1.0000,0.0134,0.0090
1.0000,0.0147,0.0110
1.0000,0.0155,0.0126
1.0000,0.0143,0.0123
1.0000,0.0152,0.0142
1.0000,0.0199,0.0199
1.0000,0.0175,0.0186
1.0000,0.0166,0.0190
1.0000,0.0182,0.0220
1.0000,0.0167,0.0218
1.0000,0.0161,0.0228
1.0000,0.0171,0.0253
1.0000,0.0140,0.0239
1.0000,0.0198,0.0314
1.0000,0.0142,0.0276
1.0000,0.0137,0.0290
1.0000,0.0122,0.0295
1.0000,0.0120,0.0312
1.0000,0.0117,0.0330
1.0000,0.0135,0.0370
1.0000,0.0127,0.0384
1.0000,0.0136,0.0415
1.0000,0.0090,0.0393
1.0000,0.0076,0.0402
1.0000,0.0111,0.0461
1.0000,0.0063,0.0437
1.0000,0.0049,0.0448
1.0000,0.0064,0.0488
1.0000,0.0011,0.0460
1.0000,0.0035,0.0509
1.0000,0.0019,0.0519
1.0000,-0.0039,0.0487
1.0000,-0.0020,0.0532
1.0000,-0.0045,0.0533
1.0000,-0.0088,0.0516
1.0000,-0.0093,0.0536
1.0000,-0.0111,0.0544
1.0000,-0.0103,0.0578
1.0000,-0.0136,0.0570
1.0000,-0.0186,0.0545
1.0000,-0.0157,0.0599
1.0000,-0.0233,0.0547
1.0000,-0.0248,0.0556
1.0000,-0.0227,0.0602
1.0000,-0.0273,0.0578
1.0000,-0.0293,0.0582
1.0000,-0.0332,0.0564
1.0000,-0.0361,0.0557
1.0000,-0.0342,0.0596
1.0000,-0.0362,0.0596
1.0000,-0.0398,0.0580
1.0000,-0.0423,0.0573
1.0000,-0.0464,0.0550
1.0000,-0.0500,0.0530
1.0000,-0.0480,0.0566
1.0000,-0.0503,0.0558
1.0000,-0.0565,0.0509
1.0000,-0.0600,0.0487
1.0000,-0.0631,0.0467
1.0000,-0.0638,0.0471
1.0000,-0.0617,0.0500
1.0000,-0.0655,0.0471
1.0000,-0.0691,0.0440
1.0000,-0.0694,0.0443
1.0000,-0.0706,0.0435
1.0000,-0.0748,0.0395
1.0000,-0.0809,0.0336
1.0000,-0.0829,0.0315
1.0000,-0.0843,0.0299
1.0000,-0.0830,0.0309
1.0000,-0.0834,0.0300
1.0000,-0.0889,0.0239
1.0000,-0.0884,0.0236
1.0000,-0.0919,0.0191
1.0000,-0.0899,0.0201
1.0000,-0.0953,0.0134
1.0000,-0.0973,0.0100
1.0000,-0.0945,0.0112
1.0000,-0.1001,0.0038
1.0000,-0.1000,0.0021
1.0000,-0.0970,0.0030
1.0000,-0.1021,-0.0043
1.0000,-0.1018,-0.0064
1.0000,-0.1041,-0.0113
1.0000,-0.1008,-0.0106
1.0000,-0.1012,-0.0139
1.0000,-0.1028,-0.0186
1.0000,-0.1023,-0.0212
1.0000,-0.1017,-0.0240
1.0000,-0.1069,-0.0327
1.0000,-0.1077,-0.0371
1.0000,-0.1014,-0.0346
1.0000,-0.1010,-0.0381
1.0000,-0.1045,-0.0457
1.0000,-0.1003,-0.0457
1.0000,-0.1020,-0.0518
1.0000,-0.0989,-0.0532
1.0000,-0.0996,-0.0585
1.0000,-0.1011,-0.0647
1.0000,-0.0993,-0.0678
1.0000,-0.0962,-0.0697
1.0000,-0.0935,-0.0720
1.0000,-0.0911,-0.0749
1.0000,-0.0942,-0.0833
1.0000,-0.0884,-0.0829
1.0000,-0.0861,-0.0861
1.0000,-0.0837,-0.0893
1.0000,-0.0820,-0.0933
1.0000,-0.0788,-0.0958
1.0000,-0.0790,-0.1019
1.0000,-0.0766,-0.1054
1.0000,-0.0724,-0.1071
1.0000,-0.0680,-0.1088
1.0000,-0.0673,-0.1141
1.0000,-0.0660,-0.1189
1.0000,-0.0621,-0.1211
1.0000,-0.0548,-0.1199
1.0000,-0.0523,-0.1237
1.0000,-0.0516,-0.1291
1.0000,-0.0482,-0.1319
1.0000,-0.0404,-0.1303
1.0000,-0.0400,-0.1360
1.0000,-0.0359,-0.1381
1.0000,-0.0319,-0.1403
1.0000,-0.0252,-0.1396
1.0000,-0.0233,-0.1439
1.0000,-0.0171,-0.1437
1.0000,-0.0119,-0.1444
1.0000,-0.0066,-0.1450
1.0000,-0.0065,-0.1507
1.0000,0.0007,-0.1493
1.0000,0.0051,-0.1506
1.0000,0.0095,-0.1518
1.0000,0.0136,-0.1531
1.0000,0.0203,-0.1518
1.0000,0.0260,-0.1514
1.0000,0.0289,-0.1536
1.0000,0.0332,-0.1542
1.0000,0.0375,-0.1548
1.0000,0.0454,-0.1516
1.0000,0.0511,-0.1505
1.0000,0.0548,-0.1513
1.0000,0.0585,-0.1517
1.0000,0.0657,-0.1486
1.0000,0.0722,-0.1460
1.0000,0.0762,-0.1457
1.0000,0.0801,-0.1454
1.0000,0.0850,-0.1437
1.0000,0.0922,-0.1396
1.0000,0.0952,-0.1396
1.0000,0.1031,-0.1344
1.0000,0.1058,-0.1341
1.0000,0.1069,-0.1353
1.0000,0.1142,-0.1299
1.0000,0.1166,-0.1294
1.0000,0.1256,-0.1218
1.0000,0.1251,-0.1237
1.0000,0.1331,-0.1167
1.0000,0.1382,-0.1125
1.0000,0.1437,-0.1074
1.0000,0.1454,-0.1060
1.0000,0.1509,-0.1005
1.0000,0.1555,-0.0957
1.0000,0.1553,-0.0954
1.0000,0.1633,-0.0865
1.0000,0.1651,-0.0837
1.0000,0.1687,-0.0787
1.0000,0.1707,-0.0752
1.0000,0.1733,-0.0707
1.0000,0.1778,-0.0640
1.0000,0.1785,-0.0609
1.0000,0.1811,-0.0556
1.0000,0.1860,-0.0477
1.0000,0.1878,-0.0426
1.0000,0.1879,-0.0390
1.0000,0.1937,-0.0294
1.0000,0.1972,-0.0218
1.0000,0.1945,-0.0202
1.0000,0.1979,-0.0121
1.0000,0.2006,-0.0045
1.0000,0.2001,0.0001
1.0000,0.1988,0.0042
1.0000,0.1989,0.0100
1.0000,0.2004,0.0174
1.0000,0.2012,0.0244
1.0000,0.2050,0.0346
1.0000,0.2054,0.0416
1.0000,0.2038,0.0469
1.0000,0.2028,0.0530
1.0000,0.1999,0.0576
1.0000,0.2010,0.0662
1.0000,0.2010,0.0740
1.0000,0.1984,0.0793
1.0000,0.1933,0.0824
1.0000,0.1925,0.0899
1.0000,0.1890,0.0950
1.0000,0.1919,0.1067
1.0000,0.1883,0.1119
1.0000,0.1812,0.1140
1.0000,0.1811,0.1231
1.0000,0.1767,0.1281
1.0000,0.1729,0.1337
1.0000,0.1695,0.1399
1.0000,0.1654,0.1456
1.0000,0.1656,0.1556
1.0000,0.1559,0.1559
1.0000,0.1539,0.1639
1.0000,0.1498,0.1700
1.0000,0.1426,0.1729
1.0000,0.1424,0.1830
1.0000,0.1321,0.1829
1.0000,0.1290,0.1903
1.0000,0.1234,0.1950
1.0000,0.1171,0.1990
1.0000,0.1098,0.2021
1.0000,0.1072,0.2099
1.0000,0.0978,0.2109
1.0000,0.0919,0.2153
1.0000,0.0857,0.2193
1.0000,0.0792,0.2231
1.0000,0.0731,0.2271
1.0000,0.0693,0.2335
1.0000,0.0589,0.2331
1.0000,0.0526,0.2367
1.0000,0.0428,0.2368
1.0000,0.0381,0.2417
1.0000,0.0320,0.2452
1.0000,0.0220,0.2446
1.0000,0.0135,0.2455
1.0000,0.0094,0.2504
1.0000,0.0009,0.2509
1.0000,-0.0084,0.2503
1.0000,-0.0176,0.2497
1.0000,-0.0242,0.2515
1.0000,-0.0332,0.2506
1.0000,-0.0422,0.2495
1.0000,-0.0459,0.2535
1.0000,-0.0570,0.2499
1.0000,-0.0612,0.2528
1.0000,-0.0694,0.2515
1.0000,-0.0772,0.2504
1.0000,-0.0901,0.2439
1.0000,-0.0962,0.2439
1.0000,-0.1074,0.2384
1.0000,-0.1151,0.2362
1.0000,-0.1172,0.2393
1.0000,-0.1301,0.2311
1.0000,-0.1384,0.2274
1.0000,-0.1459,0.2240
1.0000,-0.1500,0.2237
1.0000,-0.1567,0.2204
1.0000,-0.1654,0.2148
1.0000,-0.1706,0.2124
1.0000,-0.1774,0.2079
1.0000,-0.1889,0.1984
1.0000,-0.1971,0.1918
1.0000,-0.2004,0.1897
1.0000,-0.2083,0.1827
1.0000,-0.2161,0.1753
1.0000,-0.2201,0.1714
1.0000,-0.2294,0.1617
1.0000,-0.2307,0.1597
1.0000,-0.2368,0.1524
1.0000,-0.2405,0.1472
1.0000,-0.2510,0.1347
1.0000,-0.2546,0.1287
1.0000,-0.2615,0.1190
1.0000,-0.2664,0.1110
1.0000,-0.2699,0.1039
1.0000,-0.2703,0.0995
1.0000,-0.2736,0.0918
1.0000,-0.2802,0.0804
1.0000,-0.2826,0.0728
1.0000,-0.2833,0.0665
1.0000,-0.2861,0.0578
1.0000,-0.2905,0.0470
1.0000,-0.2951,0.0356
1.0000,-0.2944,0.0293
1.0000,-0.2962,0.0199
1.0000,-0.2993,0.0089
1.0000,-0.2977,0.0023
1.0000,-0.3026,-0.0112
1.0000,-0.3014,-0.0189
1.0000,-0.2990,-0.0259
1.0000,-0.3006,-0.0370
1.0000,-0.3008,-0.0473
1.0000,-0.2976,-0.0543
1.0000,-0.2976,-0.0650
1.0000,-0.3004,-0.0787
1.0000,-0.2943,-0.0838
1.0000,-0.2921,-0.0930
1.0000,-0.2930,-0.1057
1.0000,-0.2914,-0.1162
1.0000,-0.2902,-0.1273
1.0000,-0.2818,-0.1314
1.0000,-0.2802,-0.1425
1.0000,-0.2770,-0.1523
1.0000,-0.2735,-0.1620
1.0000,-0.2688,-0.1707
1.0000,-0.2628,-0.1782
1.0000,-0.2574,-0.1866
1.0000,-0.2543,-0.1974
1.0000,-0.2463,-0.2035
1.0000,-0.2422,-0.2136
1.0000,-0.2356,-0.2212
1.0000,-0.2327,-0.2327
1.0000,-0.2259,-0.2404
1.0000,-0.2157,-0.2447
1.0000,-0.2115,-0.2551
1.0000,-0.2040,-0.2623
1.0000,-0.1954,-0.2684
1.0000,-0.1851,-0.2728
1.0000,-0.1799,-0.2823
1.0000,-0.1695,-0.2866
1.0000,-0.1592,-0.2910
1.0000,-0.1528,-0.2992
1.0000,-0.1427,-0.3036
1.0000,-0.1312,-0.3066
1.0000,-0.1273,-0.3171
1.0000,-0.1153,-0.3194
1.0000,-0.1073,-0.3256
1.0000,-0.0923,-0.3246
1.0000,-0.0873,-0.3335
1.0000,-0.0766,-0.3366
1.0000,-0.0671,-0.3405
1.0000,-0.0526,-0.3394
1.0000,-0.0441,-0.3440
1.0000,-0.0306,-0.3434
1.0000,-0.0204,-0.3458
1.0000,-0.0123,-0.3502
1.0000,-0.0015,-0.3515
1.0000,0.0139,-0.3480
1.0000,0.0228,-0.3506
1.0000,0.0350,-0.3496
1.0000,0.0439,-0.3517
1.0000,0.0548,-0.3514
1.0000,0.0668,-0.3496
1.0000,0.0809,-0.3454
1.0000,0.0861,-0.3497
1.0000,0.1030,-0.3419
1.0000,0.1142,-0.3395
1.0000,0.1252,-0.3367
1.0000,0.1322,-0.3376
1.0000,0.1457,-0.3316
1.0000,0.1548,-0.3296
1.0000,0.1636,-0.3273
1.0000,0.1779,-0.3192
1.0000,0.1872,-0.3156
1.0000,0.1996,-0.3082
1.0000,0.2084,-0.3042
1.0000,0.2201,-0.2967
1.0000,0.2264,-0.2942
1.0000,0.2349,-0.2889
1.0000,0.2450,-0.2815
1.0000,0.2576,-0.2710
1.0000,0.2626,-0.2677
1.0000,0.2720,-0.2595
1.0000,0.2859,-0.2462
1.0000,0.2929,-0.2393
1.0000,0.2989,-0.2328
1.0000,0.3044,-0.2264
1.0000,0.3175,-0.2118
1.0000,0.3208,-0.2064
1.0000,0.3271,-0.1975
1.0000,0.3386,-0.1829
1.0000,0.3437,-0.1741
1.0000,0.3473,-0.1663
1.0000,0.3520,-0.1569
1.0000,0.3629,-0.1407
1.0000,0.3674,-0.1304
1.0000,0.3724,-0.1190
1.0000,0.3724,-0.1121
1.0000,0.3775,-0.0997
1.0000,0.3834,-0.0859
1.0000,0.3867,-0.0741
1.0000,0.3927,-0.0593
1.0000,0.3919,-0.0506
1.0000,0.3937,-0.0389
1.0000,0.3954,-0.0268
1.0000,0.3982,-0.0132
1.0000,0.4011,0.0011
1.0000,0.3997,0.0115
1.0000,0.3997,0.0237
1.0000,0.3990,0.0358
1.0000,0.4001,0.0500
1.0000,0.4020,0.0653
1.0000,0.3977,0.0749
1.0000,0.3974,0.0890
1.0000,0.3934,0.0997
1.0000,0.3901,0.1114
1.0000,0.3917,0.1284
1.0000,0.3858,0.1383
1.0000,0.3835,0.1521
1.0000,0.3786,0.1636
1.0000,0.3767,0.1783
1.0000,0.3690,0.1877
1.0000,0.3642,0.2001
1.0000,0.3621,0.2154
1.0000,0.3513,0.2224
1.0000,0.3482,0.2372
1.0000,0.3372,0.2443
1.0000,0.3353,0.2606
1.0000,0.3266,0.2704
1.0000,0.3177,0.2801
1.0000,0.3066,0.2877
1.0000,0.2983,0.2983
1.0000,0.2888,0.3078
1.0000,0.2818,0.3197
1.0000,0.2726,0.3296
1.0000,0.2644,0.3404
1.0000,0.2546,0.3497
1.0000,0.2435,0.3577
1.0000,0.2304,0.3637
1.0000,0.2210,0.3733
1.0000,0.2110,0.3822
1.0000,0.2005,0.3906
1.0000,0.1843,0.3932
1.0000,0.1740,0.4015
1.0000,0.1602,0.4062
1.0000,0.1479,0.4122
1.0000,0.1385,0.4210
1.0000,0.1226,0.4230
1.0000,0.1116,0.4298
1.0000,0.0987,0.4344
1.0000,0.0830,0.4359
1.0000,0.0722,0.4421
1.0000,0.0548,0.4414
1.0000,0.0393,0.4423
1.0000,0.0295,0.4485
1.0000,0.0157,0.4504
1.0000,0.0012,0.4512
1.0000,-0.0161,0.4489
1.0000,-0.0269,0.4526
1.0000,-0.0408,0.4528
1.0000,-0.0563,0.4510
1.0000,-0.0717,0.4489
1.0000,-0.0828,0.4506
1.0000,-0.0988,0.4469
1.0000,-0.1160,0.4415
1.0000,-0.1282,0.4406
1.0000,-0.1430,0.4366
1.0000,-0.1572,0.4327
1.0000,-0.1682,0.4314
1.0000,-0.1811,0.4277
1.0000,-0.2001,0.4173
1.0000,-0.2097,0.4157
1.0000,-0.2214,0.4115
1.0000,-0.2352,0.4045
1.0000,-0.2508,0.3951
1.0000,-0.2617,0.3898
1.0000,-0.2789,0.3776
1.0000,-0.2872,0.3736
1.0000,-0.3020,0.3625
1.0000,-0.3154,0.3522
1.0000,-0.3259,0.3441
1.0000,-0.3366,0.3352
1.0000,-0.3454,0.3275
1.0000,-0.3562,0.3171
1.0000,-0.3662,0.3068
1.0000,-0.3796,0.2925
1.0000,-0.3909,0.2796
1.0000,-0.4003,0.2679
1.0000,-0.4055,0.2597
1.0000,-0.4163,0.2453
1.0000,-0.4228,0.2345
1.0000,-0.4353,0.2171
1.0000,-0.4398,0.2069
1.0000,-0.4482,0.1921
1.0000,-0.4521,0.1813
1.0000,-0.4574,0.1684
1.0000,-0.4676,0.1499
1.0000,-0.4696,0.1389
1.0000,-0.4777,0.1212
1.0000,-0.4821,0.1066
1.0000,-0.4837,0.0941
1.0000,-0.4920,0.0744
1.0000,-0.4939,0.0604
1.0000,-0.4976,0.0440
1.0000,-0.4981,0.0302
1.0000,-0.4994,0.0150
1.0000,-0.5032,-0.0032
1.0000,-0.5028,-0.0178
1.0000,-0.4988,-0.0293
1.0000,-0.5028,-0.0494
1.0000,-0.4970,-0.0601
1.0000,-0.4970,-0.0773
1.0000,-0.4969,-0.0947
1.0000,-0.4934,-0.1092
1.0000,-0.4934,-0.1277
1.0000,-0.4864,-0.1396
1.0000,-0.4861,-0.1586
1.0000,-0.4836,-0.1759
1.0000,-0.4757,-0.1881
1.0000,-0.4697,-0.2026
1.0000,-0.4662,-0.2199
1.0000,-0.4582,-0.2332
1.0000,-0.4527,-0.2491
1.0000,-0.4427,-0.2609
1.0000,-0.4385,-0.2787
1.0000,-0.4264,-0.2889
1.0000,-0.4215,-0.3065
1.0000,-0.4148,-0.3225
1.0000,-0.4008,-0.3314
1.0000,-0.3925,-0.3460
1.0000,-0.3815,-0.3582
1.0000,-0.3729,-0.3729
1.0000,-0.3609,-0.3843
1.0000,-0.3460,-0.3928
1.0000,-0.3351,-0.4053
1.0000,-0.3259,-0.4197
1.0000,-0.3124,-0.4297
1.0000,-0.2988,-0.4395
1.0000,-0.2876,-0.4517
1.0000,-0.2715,-0.4590
1.0000,-0.2563,-0.4670
1.0000,-0.2420,-0.4758
1.0000,-0.2278,-0.4846
1.0000,-0.2144,-0.4940
1.0000,-0.1985,-0.5007
1.0000,-0.1847,-0.5093
1.0000,-0.1675,-0.5142
1.0000,-0.1520,-0.5205
1.0000,-0.1327,-0.5229
1.0000,-0.1172,-0.5286
1.0000,-0.1003,-0.5327
1.0000,-0.0852,-0.5383
1.0000,-0.0669,-0.5402
1.0000,-0.0523,-0.5454
1.0000,-0.0333,-0.5458
1.0000,-0.0144,-0.5459
1.0000,-0.0013,-0.5513
1.0000,0.0172,-0.5509
1.0000,0.0373,-0.5483
1.0000,0.0526,-0.5500
1.0000,0.0724,-0.5466
1.0000,0.0846,-0.5503
1.0000,0.1064,-0.5439
1.0000,0.1190,-0.5461
1.0000,0.1395,-0.5397
1.0000,0.1552,-0.5376
1.0000,0.1727,-0.5330
1.0000,0.1914,-0.5265
1.0000,0.2090,-0.5205
1.0000,0.2259,-0.5144
1.0000,0.2429,-0.5075
1.0000,0.2577,-0.5022
1.0000,0.2728,-0.4958
1.0000,0.2913,-0.4854
1.0000,0.3056,-0.4783
1.0000,0.3183,-0.4722
1.0000,0.3379,-0.4583
1.0000,0.3523,-0.4489
1.0000,0.3659,-0.4395
1.0000,0.3768,-0.4320
1.0000,0.3927,-0.4186
1.0000,0.4060,-0.4072
1.0000,0.4170,-0.3972
1.0000,0.4343,-0.3801
1.0000,0.4442,-0.3695
1.0000,0.4579,-0.3545
1.0000,0.4718,-0.3383
1.0000,0.4784,-0.3287
1.0000,0.4929,-0.3103
1.0000,0.4992,-0.2994
1.0000,0.5096,-0.2835
1.0000,0.5234,-0.2634
1.0000,0.5304,-0.2493
1.0000,0.5376,-0.2343
1.0000,0.5475,-0.2156
1.0000,0.5545,-0.1992
1.0000,0.5613,-0.1822
1.0000,0.5698,-0.1626
1.0000,0.5752,-0.1454
1.0000,0.5785,-0.1295
1.0000,0.5812,-0.1135
1.0000,0.5895,-0.0913
1.0000,0.5896,-0.0764
1.0000,0.5961,-0.0545
1.0000,0.5977,-0.0366
1.0000,0.6005,-0.0171
1.0000,0.6014,0.0014
1.0000,0.6021,0.0202
1.0000,0.6038,0.0408
1.0000,0.6014,0.0578
1.0000,0.5962,0.0726
1.0000,0.6003,0.0974
1.0000,0.5924,0.1106
1.0000,0.5933,0.1334
1.0000,0.5862,0.1485
1.0000,0.5852,0.1702
1.0000,0.5810,0.1893
1.0000,0.5752,0.2073
1.0000,0.5697,0.2260
1.0000,0.5607,0.2416
1.0000,0.5578,0.2637
1.0000,0.5473,0.2785
1.0000,0.5396,0.2966
1.0000,0.5325,0.3155
1.0000,0.5232,0.3326
1.0000,0.5117,0.3477
1.0000,0.5021,0.3650
1.0000,0.4919,0.3818
1.0000,0.4796,0.3968
1.0000,0.4674,0.4121
1.0000,0.4554,0.4277
1.0000,0.4450,0.4450
1.0000,0.4284,0.4562
1.0000,0.4140,0.4697
1.0000,0.4003,0.4839
1.0000,0.3862,0.4977
1.0000,0.3679,0.5073
1.0000,0.3555,0.5227
1.0000,0.3384,0.5334
1.0000,0.3208,0.5434
1.0000,0.3054,0.5556
1.0000,0.2860,0.5635
1.0000,0.2701,0.5747
1.0000,0.2516,0.5832
1.0000,0.2365,0.5948
1.0000,0.2194,0.6041
1.0000,0.1964,0.6073
1.0000,0.1767,0.6134
1.0000,0.1580,0.6201
1.0000,0.1429,0.6302
1.0000,0.1237,0.6356
1.0000,0.0985,0.6347
1.0000,0.0825,0.6425
1.0000,0.0583,0.6415
1.0000,0.0396,0.6456
1.0000,0.0192,0.6474
1.0000,-0.0025,0.6475
1.0000,-0.0223,0.6488
1.0000,-0.0424,0.6493
1.0000,-0.0594,0.6521
1.0000,-0.0837,0.6471
1.0000,-0.1032,0.6462
1.0000,-0.1253,0.6420
1.0000,-0.1425,0.6420
1.0000,-0.1619,0.6391
1.0000,-0.1838,0.6329
1.0000,-0.2042,0.6274
1.0000,-0.2267,0.6191
1.0000,-0.2430,0.6162
1.0000,-0.2653,0.6065
1.0000,-0.2808,0.6027
1.0000,-0.2997,0.5947
1.0000,-0.3180,0.5865
1.0000,-0.3394,0.5742
1.0000,-0.3604,0.5615
1.0000,-0.3754,0.5539
1.0000,-0.3937,0.5422
1.0000,-0.4126,0.5289
1.0000,-0.4307,0.5154
1.0000,-0.4447,0.5052
1.0000,-0.4621,0.4906
1.0000,-0.4777,0.4769
1.0000,-0.4932,0.4623
1.0000,-0.5075,0.4481
1.0000,-0.5215,0.4331
1.0000,-0.5393,0.4134
1.0000,-0.5503,0.3995
1.0000,-0.5651,0.3809
1.0000,-0.5745,0.3668
1.0000,-0.5860,0.3496
1.0000,-0.5993,0.3297
1.0000,-0.6107,0.3106
1.0000,-0.6205,0.2923
1.0000,-0.6316,0.2718
1.0000,-0.6417,0.2512
1.0000,-0.6453,0.2363
1.0000,-0.6566,0.2128
1.0000,-0.6641,0.1923
1.0000,-0.6680,0.1743
1.0000,-0.6755,0.1520
1.0000,-0.6821,0.1297
1.0000,-0.6849,0.1103
1.0000,-0.6885,0.0892
1.0000,-0.6933,0.0662
1.0000,-0.6973,0.0431
1.0000,-0.6983,0.0224
1.0000,-0.7003,-0.0003
1.0000,-0.7019,-0.0232
1.0000,-0.6987,-0.0421
1.0000,-0.7023,-0.0686
1.0000,-0.6973,-0.0871
1.0000,-0.6983,-0.1123
1.0000,-0.6928,-0.1316
1.0000,-0.6880,-0.1523
1.0000,-0.6859,-0.1762
1.0000,-0.6836,-0.2005
1.0000,-0.6726,-0.2168
1.0000,-0.6707,-0.2426
1.0000,-0.6604,-0.2605
1.0000,-0.6520,-0.2808
1.0000,-0.6433,-0.3012
1.0000,-0.6370,-0.3246
1.0000,-0.6252,-0.3427
1.0000,-0.6143,-0.3621
1.0000,-0.6093,-0.3878
1.0000,-0.5932,-0.4027
1.0000,-0.5835,-0.4242
1.0000,-0.5669,-0.4391
1.0000,-0.5551,-0.4590
1.0000,-0.5395,-0.4753
1.0000,-0.5249,-0.4927
1.0000,-0.5143,-0.5143
1.0000,-0.4972,-0.5294
1.0000,-0.4829,-0.5475
1.0000,-0.4610,-0.5579
1.0000,-0.4455,-0.5748
1.0000,-0.4290,-0.5905
1.0000,-0.4083,-0.6020
1.0000,-0.3894,-0.6153
1.0000,-0.3742,-0.6320
1.0000,-0.3531,-0.6427
1.0000,-0.3321,-0.6533
1.0000,-0.3110,-0.6635
1.0000,-0.2937,-0.6774
1.0000,-0.2704,-0.6849
1.0000,-0.2530,-0.6980
1.0000,-0.2275,-0.7027
1.0000,-0.2075,-0.7124
1.0000,-0.1873,-0.7215
1.0000,-0.1645,-0.7275
1.0000,-0.1417,-0.7331
1.0000,-0.1162,-0.7355
1.0000,-0.0943,-0.7409
1.0000,-0.0728,-0.7462
1.0000,-0.0500,-0.7496
1.0000,-0.0238,-0.7489
1.0000,0.0030,-0.7470
1.0000,0.0264,-0.7478
1.0000,0.0497,-0.7480
1.0000,0.0735,-0.7470
1.0000,0.0936,-0.7489
1.0000,0.1160,-0.7478
1.0000,0.1401,-0.7441
1.0000,0.1632,-0.7407
1.0000,0.1916,-0.7311
1.0000,0.2129,-0.7277
1.0000,0.2366,-0.7210
1.0000,0.2569,-0.7168
1.0000,0.2779,-0.7111
1.0000,0.3045,-0.6987
1.0000,0.3247,-0.6919
1.0000,0.3487,-0.6803
1.0000,0.3720,-0.6683
1.0000,0.3894,-0.6613
1.0000,0.4118,-0.6481
1.0000,0.4306,-0.6376
1.0000,0.4528,-0.6228
1.0000,0.4742,-0.6075
1.0000,0.4948,-0.5921
1.0000,0.5083,-0.5828
1.0000,0.5292,-0.5648
1.0000,0.5509,-0.5451
1.0000,0.5661,-0.5308
1.0000,0.5811,-0.5156
1.0000,0.6019,-0.4935
1.0000,0.6159,-0.4771
1.0000,0.6333,-0.4563
1.0000,0.6437,-0.4412
1.0000,0.6616,-0.4176
1.0000,0.6743,-0.3983
1.0000,0.6891,-0.3756
1.0000,0.7011,-0.3547
1.0000,0.7096,-0.3363
1.0000,0.7200,-0.3148
1.0000,0.7353,-0.2874
1.0000,0.7395,-0.2701
1.0000,0.7523,-0.2431
1.0000,0.7589,-0.2214
1.0000,0.7664,-0.1976
1.0000,0.7708,-0.1761
1.0000,0.7775,-0.1512
1.0000,0.7875,-0.1221
1.0000,0.7869,-0.1026
1.0000,0.7905,-0.0780
1.0000,0.7940,-0.0526
1.0000,0.7976,-0.0261
1.0000,0.8020,0.0020
1.0000,0.8001,0.0247
1.0000,0.7991,0.0490
1.0000,0.7990,0.0752
1.0000,0.7974,0.1005
1.0000,0.7934,0.1243
1.0000,0.7908,0.1501
1.0000,0.7901,0.1786
1.0000,0.7814,0.1998
1.0000,0.7749,0.2237
1.0000,0.7677,0.2476
1.0000,0.7638,0.2755
1.0000,0.7568,0.3008
1.0000,0.7458,0.3226
1.0000,0.7381,0.3481
1.0000,0.7254,0.3692
1.0000,0.7178,0.3958
1.0000,0.7059,0.4186
1.0000,0.6883,0.4360
1.0000,0.6784,0.4613
1.0000,0.6625,0.4811
1.0000,0.6489,0.5034
1.0000,0.6303,0.5209
1.0000,0.6187,0.5456
1.0000,0.6014,0.5648
1.0000,0.5857,0.5857
1.0000,0.5637,0.6004
1.0000,0.5454,0.6188
1.0000,0.5269,0.6371
1.0000,0.5078,0.6547
1.0000,0.4884,0.6720
1.0000,0.4702,0.6904
1.0000,0.4468,0.7035
1.0000,0.4216,0.7146
1.0000,0.4038,0.7329
1.0000,0.3810,0.7459
1.0000,0.3547,0.7551
1.0000,0.3302,0.7659
1.0000,0.3086,0.7793
1.0000,0.2857,0.7909
1.0000,0.2567,0.7960
1.0000,0.2320,0.8049
1.0000,0.2120,0.8181
1.0000,0.1819,0.8207
1.0000,0.1569,0.8278
1.0000,0.1333,0.8358
1.0000,0.1061,0.8394
1.0000,0.0766,0.8401
1.0000,0.0543,0.8474
1.0000,0.0279,0.8499
1.0000,0.0007,0.8507
1.0000,-0.0247,0.8527
1.0000,-0.0543,0.8495
1.0000,-0.0784,0.8511
1.0000,-0.1039,0.8504
1.0000,-0.1328,0.8454
1.0000,-0.1614,0.8398
1.0000,-0.1883,0.8350
1.0000,-0.2141,0.8303
1.0000,-0.2376,0.8270
1.0000,-0.2668,0.8168
1.0000,-0.2937,0.8080
1.0000,-0.3168,0.8020
1.0000,-0.3442,0.7905
1.0000,-0.3697,0.7799
1.0000,-0.3956,0.7678
1.0000,-0.4190,0.7570
1.0000,-0.4423,0.7453
1.0000,-0.4677,0.7303
1.0000,-0.4877,0.7195
1.0000,-0.5096,0.7056
1.0000,-0.5316,0.6905
1.0000,-0.5554,0.6723
1.0000,-0.5775,0.6547
1.0000,-0.5961,0.6393
1.0000,-0.6156,0.6218
1.0000,-0.6386,0.5996
1.0000,-0.6582,0.5796
1.0000,-0.6758,0.5604
1.0000,-0.6932,0.5401
1.0000,-0.7129,0.5163
1.0000,-0.7278,0.4961
1.0000,-0.7432,0.4741
1.0000,-0.7623,0.4472
1.0000,-0.7744,0.4261
1.0000,-0.7871,0.4032
1.0000,-0.8025,0.3764
1.0000,-0.8131,0.3533
1.0000,-0.8227,0.3298
1.0000,-0.8384,0.2991
1.0000,-0.8466,0.2749
1.0000,-0.8543,0.2499
1.0000,-0.8620,0.2238
1.0000,-0.8729,0.1934
1.0000,-0.8755,0.1702
1.0000,-0.8832,0.1408
1.0000,-0.8858,0.1154
1.0000,-0.8925,0.0849
1.0000,-0.8966,0.0561
1.0000,-0.8982,0.0286
1.0000,-0.8969,0.0031
1.0000,-0.9026,-0.0303
1.0000,-0.9019,-0.0584
1.0000,-0.8993,-0.0853
1.0000,-0.8984,-0.1148
1.0000,-0.8917,-0.1394
1.0000,-0.8912,-0.1710
1.0000,-0.8851,-0.1978
1.0000,-0.8793,-0.2257
1.0000,-0.8756,-0.2563
1.0000,-0.8678,-0.2835
1.0000,-0.8545,-0.3060
1.0000,-0.8455,-0.3333
1.0000,-0.8401,-0.3648
1.0000,-0.8292,-0.3913
1.0000,-0.8129,-0.4130
1.0000,-0.8052,-0.4438
1.0000,-0.7883,-0.4658
1.0000,-0.7778,-0.4946
1.0000,-0.7618,-0.5183
1.0000,-0.7467,-0.5432
1.0000,-0.7270,-0.5637
1.0000,-0.7119,-0.5892
1.0000,-0.6929,-0.6109
1.0000,-0.6745,-0.6335
1.0000,-0.6550,-0.6550
1.0000,-0.6345,-0.6757
1.0000,-0.6108,-0.6931
1.0000,-0.5929,-0.7164
1.0000,-0.5697,-0.7344
1.0000,-0.5435,-0.7492
1.0000,-0.5226,-0.7693
1.0000,-0.4973,-0.7849
1.0000,-0.4736,-0.8017
1.0000,-0.4514,-0.8200
1.0000,-0.4216,-0.8302
1.0000,-0.3975,-0.8459
1.0000,-0.3705,-0.8583
1.0000,-0.3474,-0.8743
1.0000,-0.3210,-0.8864
1.0000,-0.2934,-0.8969
1.0000,-0.2644,-0.9055
1.0000,-0.2344,-0.9126
1.0000,-0.2063,-0.9209
1.0000,-0.1773,-0.9277
1.0000,-0.1494,-0.9349
1.0000,-0.1182,-0.9382
1.0000,-0.0906,-0.9443
1.0000,-0.0624,-0.9490
1.0000,-0.0274,-0.9461
1.0000,-0.0021,-0.9521
1.0000,0.0322,-0.9482
1.0000,0.0603,-0.9496
1.0000,0.0893,-0.9491
1.0000,0.1183,-0.9478
1.0000,0.1506,-0.9421
1.0000,0.1811,-0.9371
1.0000,0.2071,-0.9356
1.0000,0.2400,-0.9262
1.0000,0.2665,-0.9220
1.0000,0.2976,-0.9121
1.0000,0.3276,-0.9021
1.0000,0.3566,-0.8920
1.0000,0.3815,-0.8848
1.0000,0.4114,-0.8713
1.0000,0.4358,-0.8621
1.0000,0.4628,-0.8491
1.0000,0.4951,-0.8295
1.0000,0.5206,-0.8153
1.0000,0.5469,-0.7992
1.0000,0.5711,-0.7838
1.0000,0.5978,-0.7645
1.0000,0.6206,-0.7479
1.0000,0.6426,-0.7307
1.0000,0.6663,-0.7105
1.0000,0.6897,-0.6892
1.0000,0.7140,-0.6656
1.0000,0.7333,-0.6456
1.0000,0.7544,-0.6225
1.0000,0.7721,-0.6015
1.0000,0.7952,-0.5737
1.0000,0.8133,-0.5495
1.0000,0.8262,-0.5291
1.0000,0.8481,-0.4984
1.0000,0.8623,-0.4740
1.0000,0.8802,-0.4446
1.0000,0.8939,-0.4181
1.0000,0.9043,-0.3935
1.0000,0.9196,-0.3628
1.0000,0.9312,-0.3343
1.0000,0.9390,-0.3085
1.0000,0.9509,-0.2773
1.0000,0.9580,-0.2495
1.0000,0.9677,-0.2180
1.0000,0.9754,-0.1873
1.0000,0.9812,-0.1572
1.0000,0.9871,-0.1258
1.0000,0.9958,-0.0906
1.0000,0.9943,-0.0644
1.0000,0.9985,-0.0314
1.0000,0.9970,-0.0030
2.0000,-0.0024,-0.0014
2.0000,-0.0031,-0.0010
2.0000,-0.0027,0.0006
2.0000,0.0010,0.0055
2.0000,0.0023,0.0080
2.0000,-0.0041,0.0029
2.0000,0.0013,0.0097
2.0000,-0.0010,0.0087
2.0000,-0.0002,0.0109
2.0000,-0.0024,0.0102
2.0000,-0.0033,0.0108
2.0000,-0.0030,0.0126
2.0000,-0.0061,0.0110
2.0000,-0.0079,0.0107
2.0000,-0.0091,0.0110
2.0000,-0.0066,0.0151
2.0000,-0.0072,0.0161
2.0000,-0.0109,0.0140
2.0000,-0.0122,0.0142
2.0000,-0.0095,0.0185
2.0000,-0.0155,0.0139
2.0000,-0.0147,0.0163
2.0000,-0.0127,0.0197
2.0000,-0.0138,0.0201
2.0000,-0.0149,0.0205
2.0000,-0.0174,0.0194
2.0000,-0.0217,0.0164
2.0000,-0.0237,0.0157
2.0000,-0.0260,0.0147
2.0000,-0.0227,0.0192
2.0000,-0.0273,0.0157
2.0000,-0.0249,0.0192
2.0000,-0.0308,0.0144
2.0000,-0.0269,0.0193
2.0000,-0.0302,0.0169
2.0000,-0.0335,0.0144
2.0000,-0.0326,0.0161
2.0000,-0.0356,0.0137
2.0000,-0.0392,0.0107
2.0000,-0.0379,0.0126
2.0000,-0.0408,0.0100
2.0000,-0.0401,0.0110
2.0000,-0.0436,0.0077
2.0000,-0.0442,0.0073
2.0000,-0.0466,0.0049
2.0000,-0.0435,0.0079
2.0000,-0.0450,0.0062
2.0000,-0.0454,0.0055
2.0000,-0.0500,0.0005
2.0000,-0.0497,0.0003
2.0000,-0.0484,0.0010
2.0000,-0.0537,-0.0051
2.0000,-0.0537,-0.0059
2.0000,-0.0525,-0.0057
2.0000,-0.0554,-0.0097
2.0000,-0.0549,-0.0104
2.0000,-0.0543,-0.0111
2.0000,-0.0534,-0.0116
2.0000,-0.0570,-0.0168
2.0000,-0.0565,-0.0180
2.0000,-0.0554,-0.0187
2.0000,-0.0572,-0.0224
2.0000,-0.0554,-0.0226
2.0000,-0.0583,-0.0276
2.0000,-0.0550,-0.0266
2.0000,-0.0601,-0.0341
2.0000,-0.0601,-0.0366
2.0000,-0.0567,-0.0357
2.0000,-0.0553,-0.0370
2.0000,-0.0581,-0.0427
2.0000,-0.0546,-0.0420
2.0000,-0.0545,-0.0449
2.0000,-0.0567,-0.0502
2.0000,-0.0533,-0.0500
2.0000,-0.0525,-0.0525
2.0000,-0.0527,-0.0561
2.0000,-0.0490,-0.0559
2.0000,-0.0510,-0.0614
2.0000,-0.0481,-0.0621
2.0000,-0.0455,-0.0632
2.0000,-0.0484,-0.0699
2.0000,-0.0463,-0.0716
2.0000,-0.0453,-0.0745
2.0000,-0.0373,-0.0705
2.0000,-0.0373,-0.0745
2.0000,-0.0381,-0.0793
2.0000,-0.0352,-0.0804
2.0000,-0.0311,-0.0805
2.0000,-0.0275,-0.0811
2.0000,-0.0276,-0.0854
2.0000,-0.0285,-0.0905
2.0000,-0.0216,-0.0878
2.0000,-0.0197,-0.0901
2.0000,-0.0158,-0.0906
2.0000,-0.0173,-0.0962
2.0000,-0.0138,-0.0970
2.0000,-0.0119,-0.0994
2.0000,-0.0081,-0.0998
2.0000,-0.0031,-0.0990
2.0000,0.0021,-0.0979
2.0000,0.0006,-0.1036
2.0000,0.0083,-0.0999
2.0000,0.0110,-0.1012
2.0000,0.0116,-0.1046
2.0000,0.0181,-0.1020
2.0000,0.0205,-0.1034
2.0000,0.0259,-0.1019
2.0000,0.0257,-0.1058
2.0000,0.0331,-0.1020
2.0000,0.0368,-0.1019
2.0000,0.0369,-0.1051
2.0000,0.0383,-0.1071
2.0000,0.0477,-0.1009
2.0000,0.0457,-0.1060
2.0000,0.0509,-0.1037
2.0000,0.0585,-0.0990
2.0000,0.0615,-0.0988
2.0000,0.0624,-0.1005
2.0000,0.0682,-0.0971
2.0000,0.0690,-0.0986
2.0000,0.0738,-0.0960
2.0000,0.0801,-0.0917
2.0000,0.0836,-0.0900
2.0000,0.0845,-0.0908
2.0000,0.0904,-0.0864
2.0000,0.0911,-0.0870
2.0000,0.0977,-0.0816
2.0000,0.0995,-0.0807
2.0000,0.1008,-0.0802
2.0000,0.1040,-0.0775
2.0000,0.1072,-0.0748
2.0000,0.1086,-0.0735
2.0000,0.1155,-0.0667
2.0000,0.1183,-0.0637
2.0000,0.1208,-0.0608
2.0000,0.1232,-0.0578
2.0000,0.1282,-0.0520
2.0000,0.1268,-0.0523
2.0000,0.1286,-0.0493
2.0000,0.1314,-0.0450
2.0000,0.1380,-0.0367
2.0000,0.1385,-0.0343
2.0000,0.1402,-0.0306
2.0000,0.1404,-0.0280
2.0000,0.1406,-0.0253
2.0000,0.1454,-0.0178
2.0000,0.1452,-0.0150
2.0000,0.1451,-0.0119
2.0000,0.1475,-0.0061
2.0000,0.1520,0.0020
2.0000,0.1479,0.0017
2.0000,0.1487,0.0065
2.0000,0.1550,0.0171
2.0000,0.1528,0.0193
2.0000,0.1547,0.0258
2.0000,0.1511,0.0271
2.0000,0.1514,0.0324
2.0000,0.1504,0.0367
2.0000,0.1534,0.0451
2.0000,0.1511,0.0484
2.0000,0.1518,0.0548
2.0000,0.1486,0.0576
2.0000,0.1490,0.0641
2.0000,0.1485,0.0699
2.0000,0.1467,0.0746
2.0000,0.1480,0.0825
2.0000,0.1461,0.0874
2.0000,0.1400,0.0881
2.0000,0.1428,0.0981
2.0000,0.1405,0.1029
2.0000,0.1320,0.1017
2.0000,0.1329,0.1100
2.0000,0.1322,0.1168
2.0000,0.1287,0.1210
2.0000,0.1228,0.1228
2.0000,0.1196,0.1274
2.0000,0.1174,0.1331
2.0000,0.1148,0.1385
2.0000,0.1108,0.1425
2.0000,0.1040,0.1438
2.0000,0.1008,0.1488
2.0000,0.1002,0.1564
2.0000,0.0953,0.1596
2.0000,0.0891,0.1617
2.0000,0.0840,0.1648
2.0000,0.0794,0.1685
2.0000,0.0754,0.1728
2.0000,0.0675,0.1731
2.0000,0.0654,0.1792
2.0000,0.0562,0.1782
2.0000,0.0544,0.1845
2.0000,0.0489,0.1871
2.0000,0.0416,0.1878
2.0000,0.0344,0.1886
2.0000,0.0287,0.1908
2.0000,0.0231,0.1930
2.0000,0.0176,0.1952
2.0000,0.0129,0.1981
2.0000,0.0069,0.1996
2.0000,0.0026,0.2026
2.0000,-0.0061,0.2012
2.0000,-0.0150,0.1993
2.0000,-0.0216,0.1996
2.0000,-0.0246,0.2033
2.0000,-0.0301,0.2045
2.0000,-0.0400,0.2010
2.0000,-0.0421,0.2051
2.0000,-0.0500,0.2032
2.0000,-0.0596,0.1995
2.0000,-0.0618,0.2028
2.0000,-0.0730,0.1970
2.0000,-0.0796,0.1956
2.0000,-0.0854,0.1946
2.0000,-0.0921,0.1927
2.0000,-0.0955,0.1936
2.0000,-0.1064,0.1870
2.0000,-0.1115,0.1857
2.0000,-0.1200,0.1809
2.0000,-0.1227,0.1815
2.0000,-0.1295,0.1778
2.0000,-0.1383,0.1718
2.0000,-0.1430,0.1696
2.0000,-0.1478,0.1670
2.0000,-0.1553,0.1613
2.0000,-0.1590,0.1592
2.0000,-0.1634,0.1560
2.0000,-0.1686,0.1518
2.0000,-0.1774,0.1436
2.0000,-0.1828,0.1385
2.0000,-0.1860,0.1353
2.0000,-0.1939,0.1270
2.0000,-0.1963,0.1239
2.0000,-0.1989,0.1203
2.0000,-0.2079,0.1099
2.0000,-0.2121,0.1039
2.0000,-0.2123,0.1017
2.0000,-0.2179,0.0938
2.0000,-0.2208,0.0881
2.0000,-0.2230,0.0829
2.0000,-0.2313,0.0711
2.0000,-0.2327,0.0660
2.0000,-0.2323,0.0623
2.0000,-0.2366,0.0536
2.0000,-0.2391,0.0463
2.0000,-0.2417,0.0386
2.0000,-0.2413,0.0336
2.0000,-0.2487,0.0204
2.0000,-0.2480,0.0151
2.0000,-0.2501,0.0066
2.0000,-0.2525,-0.0025
2.0000,-0.2519,-0.0089
2.0000,-0.2496,-0.0139
2.0000,-0.2526,-0.0246
2.0000,-0.2514,-0.0313
2.0000,-0.2502,-0.0382
2.0000,-0.2486,-0.0451
2.0000,-0.2506,-0.0558
2.0000,-0.2525,-0.0668
2.0000,-0.2470,-0.0706
2.0000,-0.2455,-0.0786
2.0000,-0.2453,-0.0882
2.0000,-0.2428,-0.0957
2.0000,-0.2432,-0.1062
2.0000,-0.2396,-0.1131
2.0000,-0.2351,-0.1193
2.0000,-0.2337,-0.1287
2.0000,-0.2327,-0.1388
2.0000,-0.2268,-0.1441
2.0000,-0.2229,-0.1516
2.0000,-0.2212,-0.1615
2.0000,-0.2121,-0.1641
2.0000,-0.2070,-0.1708
2.0000,-0.2076,-0.1834
2.0000,-0.2023,-0.1901
2.0000,-0.1957,-0.1957
2.0000,-0.1869,-0.1991
2.0000,-0.1862,-0.2108
2.0000,-0.1773,-0.2143
2.0000,-0.1709,-0.2204
2.0000,-0.1625,-0.2245
2.0000,-0.1569,-0.2314
2.0000,-0.1506,-0.2376
2.0000,-0.1432,-0.2427
2.0000,-0.1372,-0.2492
2.0000,-0.1269,-0.2514
2.0000,-0.1212,-0.2582
2.0000,-0.1153,-0.2647
2.0000,-0.1087,-0.2705
2.0000,-0.0952,-0.2692
2.0000,-0.0900,-0.2762
2.0000,-0.0800,-0.2783
2.0000,-0.0698,-0.2800
2.0000,-0.0630,-0.2850
2.0000,-0.0535,-0.2872
2.0000,-0.0438,-0.2891
2.0000,-0.0341,-0.2907
2.0000,-0.0276,-0.2953
2.0000,-0.0211,-0.2998
2.0000,-0.0064,-0.2959
2.0000,0.0020,-0.2980
2.0000,0.0087,-0.3016
2.0000,0.0218,-0.2986
2.0000,0.0260,-0.3042
2.0000,0.0395,-0.3002
2.0000,0.0503,-0.2987
2.0000,0.0581,-0.2998
2.0000,0.0686,-0.2980
2.0000,0.0759,-0.2990
2.0000,0.0887,-0.2942
2.0000,0.0934,-0.2972
2.0000,0.1057,-0.2922
2.0000,0.1159,-0.2890
2.0000,0.1260,-0.2856
2.0000,0.1321,-0.2857
2.0000,0.1406,-0.2831
2.0000,0.1536,-0.2756
2.0000,0.1634,-0.2709
2.0000,0.1700,-0.2689
2.0000,0.1791,-0.2640
2.0000,0.1891,-0.2579
2.0000,0.1983,-0.2520
2.0000,0.2068,-0.2465
2.0000,0.2118,-0.2441
2.0000,0.2215,-0.2365
2.0000,0.2296,-0.2300
2.0000,0.2351,-0.2257
2.0000,0.2449,-0.2166
2.0000,0.2552,-0.2066
2.0000,0.2572,-0.2044
2.0000,0.2694,-0.1916
2.0000,0.2737,-0.1861
2.0000,0.2783,-0.1799
2.0000,0.2871,-0.1690
2.0000,0.2947,-0.1589
2.0000,0.2962,-0.1543
2.0000,0.3028,-0.1443
2.0000,0.3111,-0.1320
2.0000,0.3172,-0.1214
2.0000,0.3200,-0.1138
2.0000,0.3207,-0.1078
2.0000,0.3287,-0.0939
2.0000,0.3330,-0.0833
2.0000,0.3326,-0.0770
2.0000,0.3405,-0.0618
2.0000,0.3406,-0.0541
2.0000,0.3462,-0.0404
2.0000,0.3459,-0.0322
2.0000,0.3500,-0.0192
2.0000,0.3503,-0.0095
2.0000,0.3515,0.0015
2.0000,0.3506,0.0108
2.0000,0.3532,0.0240
2.0000,0.3532,0.0350
2.0000,0.3516,0.0448
2.0000,0.3520,0.0569
2.0000,0.3474,0.0644
2.0000,0.3480,0.0775
2.0000,0.3454,0.0877
2.0000,0.3440,0.0994
2.0000,0.3435,0.1123
2.0000,0.3403,0.1229
2.0000,0.3346,0.1313
2.0000,0.3321,0.1432
2.0000,0.3299,0.1555
2.0000,0.3262,0.1667
2.0000,0.3194,0.1750
2.0000,0.3186,0.1896
2.0000,0.3079,0.1944
2.0000,0.3074,0.2096
2.0000,0.3025,0.2206
2.0000,0.2935,0.2277
2.0000,0.2878,0.2383
2.0000,0.2800,0.2468
2.0000,0.2728,0.2562
2.0000,0.2660,0.2660
2.0000,0.2581,0.2748
2.0000,0.2509,0.2843
2.0000,0.2434,0.2937
2.0000,0.2342,0.3014
2.0000,0.2265,0.3106
2.0000,0.2139,0.3149
2.0000,0.2028,0.3207
2.0000,0.1947,0.3294
2.0000,0.1839,0.3354
2.0000,0.1741,0.3424
2.0000,0.1617,0.3466
2.0000,0.1518,0.3533
2.0000,0.1448,0.3627
2.0000,0.1296,0.3638
2.0000,0.1189,0.3693
2.0000,0.1093,0.3757
2.0000,0.0974,0.3796
2.0000,0.0876,0.3854
2.0000,0.0757,0.3889
2.0000,0.0616,0.3899
2.0000,0.0518,0.3951
2.0000,0.0375,0.3954
2.0000,0.0254,0.3976
2.0000,0.0132,0.3995
2.0000,-0.0002,0.3998
2.0000,-0.0133,0.4001
2.0000,-0.0264,0.4000
2.0000,-0.0404,0.3987
2.0000,-0.0491,0.4024
2.0000,-0.0626,0.4008
2.0000,-0.0754,0.3995
2.0000,-0.0872,0.3988
2.0000,-0.1026,0.3940
2.0000,-0.1114,0.3955
2.0000,-0.1294,0.3872
2.0000,-0.1386,0.3874
2.0000,-0.1519,0.3829
2.0000,-0.1647,0.3784
2.0000,-0.1775,0.3733
2.0000,-0.1862,0.3720
2.0000,-0.1992,0.3658
2.0000,-0.2102,0.3610
2.0000,-0.2253,0.3516
2.0000,-0.2346,0.3474
2.0000,-0.2444,0.3422
2.0000,-0.2555,0.3352
2.0000,-0.2666,0.3275
2.0000,-0.2781,0.3189
2.0000,-0.2910,0.3083
2.0000,-0.3004,0.3006
2.0000,-0.3111,0.2910
2.0000,-0.3223,0.2804
2.0000,-0.3306,0.2720
2.0000,-0.3418,0.2601
2.0000,-0.3480,0.2526
2.0000,-0.3587,0.2400
2.0000,-0.3662,0.2300
2.0000,-0.3744,0.2187
2.0000,-0.3788,0.2106
2.0000,-0.3906,0.1944
2.0000,-0.3936,0.1865
2.0000,-0.4004,0.1742
2.0000,-0.4073,0.1612
2.0000,-0.4101,0.1517
2.0000,-0.4208,0.1337
2.0000,-0.4247,0.1218
2.0000,-0.4310,0.1071
2.0000,-0.4343,0.0947
2.0000,-0.4345,0.0848
2.0000,-0.4377,0.0715
2.0000,-0.4406,0.0578
2.0000,-0.4424,0.0447
2.0000,-0.4450,0.0302
2.0000,-0.4512,0.0117
2.0000,-0.4474,0.0026
2.0000,-0.4533,-0.0167
2.0000,-0.4522,-0.0295
2.0000,-0.4498,-0.0415
2.0000,-0.4496,-0.0561
2.0000,-0.4512,-0.0730
2.0000,-0.4469,-0.0844
2.0000,-0.4455,-0.0992
2.0000,-0.4423,-0.1125
2.0000,-0.4437,-0.1310
2.0000,-0.4356,-0.1403
2.0000,-0.4341,-0.1566
2.0000,-0.4305,-0.1711
2.0000,-0.4243,-0.1833
2.0000,-0.4175,-0.1952
2.0000,-0.4117,-0.2085
2.0000,-0.4053,-0.2214
2.0000,-0.4014,-0.2372
2.0000,-0.3926,-0.2482
2.0000,-0.3881,-0.2638
2.0000,-0.3830,-0.2790
2.0000,-0.3734,-0.2899
2.0000,-0.3630,-0.3002
2.0000,-0.3558,-0.3138
2.0000,-0.3471,-0.3260
2.0000,-0.3327,-0.3327
2.0000,-0.3286,-0.3498
2.0000,-0.3129,-0.3553
2.0000,-0.3059,-0.3695
2.0000,-0.2963,-0.3812
2.0000,-0.2824,-0.3886
2.0000,-0.2705,-0.3979
2.0000,-0.2578,-0.4065
2.0000,-0.2459,-0.4158
2.0000,-0.2327,-0.4237
2.0000,-0.2221,-0.4341
2.0000,-0.2040,-0.4369
2.0000,-0.1903,-0.4438
2.0000,-0.1789,-0.4530
2.0000,-0.1663,-0.4608
2.0000,-0.1539,-0.4685
2.0000,-0.1398,-0.4743
2.0000,-0.1195,-0.4737
2.0000,-0.1062,-0.4798
2.0000,-0.0933,-0.4859
2.0000,-0.0802,-0.4917
2.0000,-0.0606,-0.4905
2.0000,-0.0449,-0.4929
2.0000,-0.0301,-0.4959
2.0000,-0.0184,-0.5015
2.0000,-0.0005,-0.5005
2.0000,0.0141,-0.5024
2.0000,0.0341,-0.4985
2.0000,0.0455,-0.5026
2.0000,0.0639,-0.4993
2.0000,0.0794,-0.4983
2.0000,0.0954,-0.4964
2.0000,0.1077,-0.4977
2.0000,0.1246,-0.4938
2.0000,0.1417,-0.4891
2.0000,0.1564,-0.4862
2.0000,0.1737,-0.4802
2.0000,0.1863,-0.4782
2.0000,0.2033,-0.4713
2.0000,0.2188,-0.4652
2.0000,0.2330,-0.4597
2.0000,0.2465,-0.4542
2.0000,0.2636,-0.4445
2.0000,0.2763,-0.4387
2.0000,0.2945,-0.4265
2.0000,0.3051,-0.4213
2.0000,0.3205,-0.4105
2.0000,0.3353,-0.3996
2.0000,0.3441,-0.3941
2.0000,0.3615,-0.3792
2.0000,0.3727,-0.3697
2.0000,0.3805,-0.3630
2.0000,0.3968,-0.3470
2.0000,0.4092,-0.3341
2.0000,0.4172,-0.3250
2.0000,0.4312,-0.3091
2.0000,0.4406,-0.2970
2.0000,0.4474,-0.2869
2.0000,0.4579,-0.2722
2.0000,0.4673,-0.2579
2.0000,0.4741,-0.2455
2.0000,0.4856,-0.2276
2.0000,0.4937,-0.2124
2.0000,0.5017,-0.1966
2.0000,0.5081,-0.1816
2.0000,0.5161,-0.1644
2.0000,0.5214,-0.1491
2.0000,0.5256,-0.1341
2.0000,0.5307,-0.1176
2.0000,0.5319,-0.1044
2.0000,0.5368,-0.0867
2.0000,0.5410,-0.0691
2.0000,0.5444,-0.0516
2.0000,0.5482,-0.0331
2.0000,0.5456,-0.0203
2.0000,0.5503,0.0003
2.0000,0.5496,0.0162
2.0000,0.5535,0.0372
2.0000,0.5513,0.0528
2.0000,0.5490,0.0688
2.0000,0.5507,0.0893
2.0000,0.5465,0.1046
2.0000,0.5450,0.1229
2.0000,0.5386,0.1369
2.0000,0.5361,0.1553
2.0000,0.5351,0.1755
2.0000,0.5261,0.1883
2.0000,0.5212,0.2055
2.0000,0.5166,0.2235
2.0000,0.5075,0.2373
2.0000,0.5036,0.2567
2.0000,0.4977,0.2744
2.0000,0.4909,0.2915
2.0000,0.4797,0.3045
2.0000,0.4682,0.3174
2.0000,0.4583,0.3322
2.0000,0.4523,0.3511
2.0000,0.4418,0.3657
2.0000,0.4320,0.3812
2.0000,0.4177,0.3922
2.0000,0.4083,0.4083
2.0000,0.3919,0.4175
2.0000,0.3808,0.4321
2.0000,0.3659,0.4428
2.0000,0.3547,0.4573
2.0000,0.3388,0.4671
2.0000,0.3277,0.4817
2.0000,0.3120,0.4915
2.0000,0.2979,0.5029
2.0000,0.2837,0.5141
2.0000,0.2634,0.5191
2.0000,0.2474,0.5281
2.0000,0.2355,0.5411
2.0000,0.2157,0.5460
2.0000,0.1975,0.5522
2.0000,0.1832,0.5620
2.0000,0.1668,0.5694
2.0000,0.1475,0.5737
2.0000,0.1318,0.5812
2.0000,0.1107,0.5829
2.0000,0.0920,0.5866
2.0000,0.0735,0.5901
2.0000,0.0562,0.5944
2.0000,0.0406,0.5999
2.0000,0.0174,0.5973
2.0000,-0.0004,0.5996
2.0000,-0.0191,0.6005
2.0000,-0.0374,0.6013
2.0000,-0.0541,0.6030
2.0000,-0.0775,0.5975
2.0000,-0.0951,0.5971
2.0000,-0.1147,0.5941
2.0000,-0.1346,0.5902
2.0000,-0.1480,0.5921
2.0000,-0.1716,0.5831
2.0000,-0.1912,0.5774
2.0000,-0.2097,0.5722
2.0000,-0.2222,0.5721
2.0000,-0.2403,0.5657
2.0000,-0.2591,0.5579
2.0000,-0.2823,0.5449
2.0000,-0.2970,0.5396
2.0000,-0.3139,0.5313
2.0000,-0.3310,0.5219
2.0000,-0.3508,0.5090
2.0000,-0.3629,0.5031
2.0000,-0.3789,0.4924
2.0000,-0.3951,0.4807
2.0000,-0.4094,0.4699
2.0000,-0.4242,0.4579
2.0000,-0.4441,0.4398
2.0000,-0.4565,0.4284
2.0000,-0.4684,0.4165
2.0000,-0.4855,0.3987
2.0000,-0.5000,0.3825
2.0000,-0.5127,0.3673
2.0000,-0.5204,0.3562
2.0000,-0.5355,0.3367
2.0000,-0.5449,0.3221
2.0000,-0.5545,0.3065
2.0000,-0.5671,0.2870
2.0000,-0.5780,0.2683
2.0000,-0.5871,0.2504
2.0000,-0.5952,0.2328
2.0000,-0.6039,0.2138
2.0000,-0.6060,0.2005
2.0000,-0.6128,0.1815
2.0000,-0.6222,0.1593
2.0000,-0.6263,0.1415
2.0000,-0.6328,0.1205
2.0000,-0.6401,0.0978
2.0000,-0.6434,0.0785
2.0000,-0.6440,0.0611
2.0000,-0.6464,0.0411
2.0000,-0.6496,0.0194
2.0000,-0.6512,-0.0012
2.0000,-0.6529,-0.0227
2.0000,-0.6515,-0.0418
2.0000,-0.6525,-0.0638
2.0000,-0.6492,-0.0823
2.0000,-0.6473,-0.1029
2.0000,-0.6426,-0.1211
2.0000,-0.6439,-0.1460
2.0000,-0.6398,-0.1661
2.0000,-0.6315,-0.1825
2.0000,-0.6285,-0.2047
2.0000,-0.6243,-0.2263
2.0000,-0.6185,-0.2467
2.0000,-0.6090,-0.2639
2.0000,-0.5990,-0.2809
2.0000,-0.5953,-0.3047
2.0000,-0.5833,-0.3205
2.0000,-0.5742,-0.3396
2.0000,-0.5631,-0.3571
2.0000,-0.5541,-0.3768
2.0000,-0.5431,-0.3948
2.0000,-0.5301,-0.4111
2.0000,-0.5196,-0.4302
2.0000,-0.5068,-0.4471
2.0000,-0.4918,-0.4619
2.0000,-0.4784,-0.4784
2.0000,-0.4624,-0.4924
2.0000,-0.4489,-0.5090
2.0000,-0.4318,-0.5220
2.0000,-0.4184,-0.5388
2.0000,-0.3968,-0.5472
2.0000,-0.3797,-0.5602
2.0000,-0.3632,-0.5735
2.0000,-0.3477,-0.5879
2.0000,-0.3264,-0.5963
2.0000,-0.3128,-0.6122
2.0000,-0.2941,-0.6227
2.0000,-0.2727,-0.6304
2.0000,-0.2519,-0.6383
2.0000,-0.2321,-0.6470
2.0000,-0.2142,-0.6572
2.0000,-0.1949,-0.6657
2.0000,-0.1742,-0.6724
2.0000,-0.1528,-0.6780
2.0000,-0.1326,-0.6842
2.0000,-0.1089,-0.6866
2.0000,-0.0860,-0.6893
2.0000,-0.0673,-0.6957
2.0000,-0.0431,-0.6959
2.0000,-0.0192,-0.6959
2.0000,-0.0018,-0.7018
2.0000,0.0220,-0.7007
2.0000,0.0424,-0.7023
2.0000,0.0671,-0.6990
2.0000,0.0870,-0.6997
2.0000,0.1134,-0.6932
2.0000,0.1298,-0.6960
2.0000,0.1532,-0.6910
2.0000,0.1751,-0.6868
2.0000,0.1968,-0.6819
2.0000,0.2205,-0.6742
2.0000,0.2402,-0.6696
2.0000,0.2612,-0.6629
2.0000,0.2813,-0.6563
2.0000,0.3016,-0.6484
2.0000,0.3246,-0.6371
2.0000,0.3479,-0.6245
2.0000,0.3656,-0.6165
2.0000,0.3829,-0.6081
2.0000,0.4017,-0.5971
2.0000,0.4230,-0.5827
2.0000,0.4395,-0.5721
2.0000,0.4629,-0.5536
2.0000,0.4791,-0.5413
2.0000,0.4970,-0.5263
2.0000,0.5136,-0.5117
2.0000,0.5307,-0.4955
2.0000,0.5482,-0.4779
2.0000,0.5608,-0.4642
2.0000,0.5741,-0.4488
2.0000,0.5933,-0.4264
2.0000,0.6016,-0.4139
2.0000,0.6151,-0.3952
2.0000,0.6325,-0.3716
2.0000,0.6462,-0.3507
2.0000,0.6521,-0.3365
2.0000,0.6679,-0.3114
2.0000,0.6732,-0.2959
2.0000,0.6841,-0.2737
2.0000,0.6967,-0.2489
2.0000,0.7061,-0.2263
2.0000,0.7127,-0.2056
2.0000,0.7184,-0.1848
2.0000,0.7263,-0.1609
2.0000,0.7277,-0.1425
2.0000,0.7337,-0.1187
2.0000,0.7380,-0.0956
2.0000,0.7464,-0.0676
2.0000,0.7445,-0.0490
2.0000,0.7479,-0.0243
2.0000,0.7503,0.0003
2.0000,0.7512,0.0242
2.0000,0.7492,0.0459
2.0000,0.7465,0.0677
2.0000,0.7474,0.0939
2.0000,0.7457,0.1181
2.0000,0.7394,0.1385
2.0000,0.7414,0.1678
2.0000,0.7356,0.1900
2.0000,0.7271,0.2100
2.0000,0.7222,0.2343
2.0000,0.7177,0.2595
2.0000,0.7060,0.2780
2.0000,0.7007,0.3035
2.0000,0.6906,0.3246
2.0000,0.6826,0.3482
2.0000,0.6726,0.3704
2.0000,0.6623,0.3926
2.0000,0.6462,0.4093
2.0000,0.6344,0.4306
2.0000,0.6254,0.4550
2.0000,0.6067,0.4701
2.0000,0.5961,0.4934
2.0000,0.5812,0.5125
2.0000,0.5620,0.5277
2.0000,0.5509,0.5509
2.0000,0.5300,0.5645
2.0000,0.5160,0.5850
2.0000,0.4976,0.6012
2.0000,0.4771,0.6152
2.0000,0.4588,0.6313
2.0000,0.4382,0.6452
2.0000,0.4165,0.6578
2.0000,0.3977,0.6731
2.0000,0.3792,0.6885
2.0000,0.3566,0.6996
2.0000,0.3320,0.7085
2.0000,0.3103,0.7200
2.0000,0.2908,0.7334
2.0000,0.2677,0.7428
2.0000,0.2453,0.7525
2.0000,0.2196,0.7585
2.0000,0.1947,0.7648
2.0000,0.1720,0.7729
2.0000,0.1502,0.7813
2.0000,0.1212,0.7820
2.0000,0.1016,0.7916
2.0000,0.0728,0.7913
2.0000,0.0488,0.7951
2.0000,0.0250,0.7985
2.0000,-0.0022,0.7978
2.0000,-0.0222,0.8035
2.0000,-0.0477,0.8031
2.0000,-0.0752,0.7998
2.0000,-0.1005,0.7980
2.0000,-0.1288,0.7923
2.0000,-0.1524,0.7903
2.0000,-0.1745,0.7892
2.0000,-0.2008,0.7828
2.0000,-0.2254,0.7771
2.0000,-0.2509,0.7697
2.0000,-0.2728,0.7649
2.0000,-0.2995,0.7544
2.0000,-0.3260,0.7430
2.0000,-0.3485,0.7346
2.0000,-0.3679,0.7283
2.0000,-0.3950,0.7132
2.0000,-0.4168,0.7023
2.0000,-0.4358,0.6932
2.0000,-0.4624,0.6753
2.0000,-0.4789,0.6664
2.0000,-0.5042,0.6477
2.0000,-0.5259,0.6315
2.0000,-0.5427,0.6189
2.0000,-0.5631,0.6016
2.0000,-0.5850,0.5818
2.0000,-0.6033,0.5642
2.0000,-0.6213,0.5460
2.0000,-0.6376,0.5282
2.0000,-0.6558,0.5073
2.0000,-0.6702,0.4891
2.0000,-0.6868,0.4676
2.0000,-0.7033,0.4449
2.0000,-0.7196,0.4215
2.0000,-0.7314,0.4013
2.0000,-0.7428,0.3802
2.0000,-0.7560,0.3563
2.0000,-0.7693,0.3313
2.0000,-0.7763,0.3114
2.0000,-0.7872,0.2864
2.0000,-0.7998,0.2587
2.0000,-0.8067,0.2356
2.0000,-0.8178,0.2072
2.0000,-0.8250,0.1816
2.0000,-0.8275,0.1597
2.0000,-0.8347,0.1320
2.0000,-0.8413,0.1040
2.0000,-0.8418,0.0812
2.0000,-0.8478,0.0518
2.0000,-0.8485,0.0268
2.0000,-0.8482,0.0018
2.0000,-0.8514,-0.0275
2.0000,-0.8525,-0.0557
2.0000,-0.8476,-0.0786
2.0000,-0.8453,-0.1051
2.0000,-0.8446,-0.1339
2.0000,-0.8424,-0.1620
2.0000,-0.8338,-0.1844
2.0000,-0.8323,-0.2147
2.0000,-0.8276,-0.2424
2.0000,-0.8163,-0.2641
2.0000,-0.8077,-0.2893
2.0000,-0.7989,-0.3147
2.0000,-0.7904,-0.3411
2.0000,-0.7811,-0.3672
2.0000,-0.7729,-0.3949
2.0000,-0.7593,-0.4176
2.0000,-0.7433,-0.4384
2.0000,-0.7356,-0.4678
2.0000,-0.7207,-0.4905
2.0000,-0.7060,-0.5135
2.0000,-0.6881,-0.5337
2.0000,-0.6719,-0.5558
2.0000,-0.6528,-0.5752
2.0000,-0.6389,-0.6000
2.0000,-0.6212,-0.6212
2.0000,-0.5969,-0.6358
2.0000,-0.5824,-0.6603
2.0000,-0.5602,-0.6770
2.0000,-0.5378,-0.6936
2.0000,-0.5165,-0.7111
2.0000,-0.4966,-0.7301
2.0000,-0.4740,-0.7461
2.0000,-0.4473,-0.7578
2.0000,-0.4246,-0.7734
2.0000,-0.4002,-0.7870
2.0000,-0.3760,-0.8004
2.0000,-0.3536,-0.8153
2.0000,-0.3297,-0.8284
2.0000,-0.3029,-0.8382
2.0000,-0.2726,-0.8440
2.0000,-0.2470,-0.8541
2.0000,-0.2208,-0.8630
2.0000,-0.1956,-0.8723
2.0000,-0.1698,-0.8804
2.0000,-0.1377,-0.8817
2.0000,-0.1106,-0.8872
2.0000,-0.0838,-0.8924
2.0000,-0.0543,-0.8941
2.0000,-0.0298,-0.9001
2.0000,-0.0021,-0.9021
2.0000,0.0275,-0.9013
2.0000,0.0551,-0.9017
2.0000,0.0830,-0.9010
2.0000,0.1122,-0.8980
2.0000,0.1442,-0.8912
2.0000,0.1699,-0.8898
2.0000,0.1957,-0.8873
2.0000,0.2260,-0.8793
2.0000,0.2525,-0.8740
2.0000,0.2805,-0.8662
2.0000,0.3107,-0.8550
2.0000,0.3332,-0.8505
2.0000,0.3648,-0.8357
2.0000,0.3897,-0.8265
2.0000,0.4182,-0.8125
2.0000,0.4436,-0.8004
2.0000,0.4662,-0.7899
2.0000,0.4913,-0.7757
2.0000,0.5175,-0.7592
2.0000,0.5384,-0.7467
2.0000,0.5634,-0.7288
2.0000,0.5877,-0.7104
2.0000,0.6109,-0.6919
2.0000,0.6305,-0.6756
2.0000,0.6527,-0.6555
2.0000,0.6747,-0.6342
2.0000,0.6966,-0.6118
2.0000,0.7163,-0.5903
2.0000,0.7335,-0.5699
2.0000,0.7525,-0.5465
2.0000,0.7703,-0.5230
2.0000,0.7859,-0.5004
2.0000,0.8013,-0.4767
2.0000,0.8198,-0.4486
2.0000,0.8312,-0.4264
2.0000,0.8482,-0.3972
2.0000,0.8571,-0.3749
2.0000,0.8739,-0.3435
2.0000,0.8818,-0.3198
2.0000,0.8939,-0.2905
2.0000,0.9022,-0.2639
2.0000,0.9132,-0.2335
2.0000,0.9233,-0.2027
2.0000,0.9285,-0.1756
2.0000,0.9351,-0.1461
2.0000,0.9396,-0.1175
2.0000,0.9423,-0.0896
2.0000,0.9478,-0.0579
2.0000,0.9513,-0.0270
2.0000,0.9504,0.0004
2.0000,0.9496,0.0289
2.0000,0.9494,0.0591
2.0000,0.9486,0.0895
2.0000,0.9467,0.1198
2.0000,0.9406,0.1467
2.0000,0.9360,0.1761
2.0000,0.9325,0.2073
2.0000,0.9275,0.2378
2.0000,0.9218,0.2684
2.0000,0.9116,0.2952
2.0000,0.9063,0.3277
2.0000,0.8914,0.3511
2.0000,0.8854,0.3840
2.0000,0.8742,0.4124
2.0000,0.8571,0.4354
2.0000,0.8436,0.4625
2.0000,0.8353,0.4952
2.0000,0.8161,0.5175
2.0000,0.8012,0.5444
2.0000,0.7857,0.5711
2.0000,0.7703,0.5982
2.0000,0.7479,0.6186
2.0000,0.7284,0.6420
2.0000,0.7075,0.6642
2.0000,0.6912,0.6912
2.0000,0.6664,0.7098
2.0000,0.6482,0.7349
2.0000,0.6265,0.7566
2.0000,0.5982,0.7717
2.0000,0.5756,0.7924
2.0000,0.5527,0.8127
2.0000,0.5281,0.8310
2.0000,0.5014,0.8471
2.0000,0.4754,0.8636
2.0000,0.4450,0.8755
2.0000,0.4173,0.8897
2.0000,0.3944,0.9083
2.0000,0.3630,0.9180
2.0000,0.3371,0.9327
2.0000,0.3076,0.9432
2.0000,0.2744,0.9496
2.0000,0.2473,0.9614
2.0000,0.2190,0.9715
2.0000,0.1841,0.9742
2.0000,0.1582,0.9852
2.0000,0.1249,0.9883
2.0000,0.0915,0.9902
2.0000,0.0633,0.9967
2.0000,0.0342,1.0013
2.0000,-0.0028,0.9972
3.0000,-0.0037,-0.0028
3.0000,-0.0029,-0.0010
3.0000,-0.0001,0.0026
3.0000,-0.0015,0.0019
3.0000,-0.0018,0.0023
3.0000,-0.0030,0.0018
3.0000,-0.0042,0.0011
3.0000,-0.0073,-0.0015
3.0000,-0.0086,-0.0025
3.0000,-0.0075,-0.0011
3.0000,-0.0131,-0.0065
3.0000,-0.0133,-0.0065
3.0000,-0.0111,-0.0043
3.0000,-0.0140,-0.0073
3.0000,-0.0119,-0.0054
3.0000,-0.0131,-0.0068
3.0000,-0.0127,-0.0067
3.0000,-0.0135,-0.0080
3.0000,-0.0170,-0.0120
3.0000,-0.0185,-0.0141
3.0000,-0.0193,-0.0156
3.0000,-0.0190,-0.0161
3.0000,-0.0157,-0.0137
3.0000,-0.0163,-0.0152
3.0000,-0.0204,-0.0204
3.0000,-0.0163,-0.0174
3.0000,-0.0167,-0.0191
3.0000,-0.0156,-0.0193
3.0000,-0.0155,-0.0206
3.0000,-0.0192,-0.0258
3.0000,-0.0166,-0.0248
3.0000,-0.0166,-0.0264
3.0000,-0.0161,-0.0277
3.0000,-0.0177,-0.0312
3.0000,-0.0154,-0.0307
3.0000,-0.0141,-0.0313
3.0000,-0.0172,-0.0364
3.0000,-0.0133,-0.0346
3.0000,-0.0121,-0.0356
3.0000,-0.0145,-0.0402
3.0000,-0.0129,-0.0409
3.0000,-0.0090,-0.0392
3.0000,-0.0103,-0.0429
3.0000,-0.0052,-0.0402
3.0000,-0.0062,-0.0436
3.0000,-0.0070,-0.0469
3.0000,-0.0075,-0.0499
3.0000,-0.0047,-0.0496
3.0000,-0.0030,-0.0504
3.0000,-0.0004,-0.0504
3.0000,0.0015,-0.0511
3.0000,0.0013,-0.0538
3.0000,0.0039,-0.0539
3.0000,0.0053,-0.0551
3.0000,0.0089,-0.0540
3.0000,0.0111,-0.0544
3.0000,0.0146,-0.0534
3.0000,0.0146,-0.0560
3.0000,0.0189,-0.0542
3.0000,0.0163,-0.0593
3.0000,0.0198,-0.0582
3.0000,0.0200,-0.0604
3.0000,0.0267,-0.0562
3.0000,0.0252,-0.0599
3.0000,0.0269,-0.0605
3.0000,0.0314,-0.0582
3.0000,0.0364,-0.0554
3.0000,0.0393,-0.0545
3.0000,0.0409,-0.0550
3.0000,0.0388,-0.0589
3.0000,0.0430,-0.0567
3.0000,0.0453,-0.0561
3.0000,0.0463,-0.0567
3.0000,0.0480,-0.0566
3.0000,0.0547,-0.0514
3.0000,0.0562,-0.0512
3.0000,0.0570,-0.0516
3.0000,0.0600,-0.0498
3.0000,0.0614,-0.0495
3.0000,0.0657,-0.0460
3.0000,0.0685,-0.0440
3.0000,0.0681,-0.0451
3.0000,0.0710,-0.0427
3.0000,0.0713,-0.0428
3.0000,0.0772,-0.0371
3.0000,0.0751,-0.0394
3.0000,0.0767,-0.0377
3.0000,0.0826,-0.0316
3.0000,0.0826,-0.0313
3.0000,0.0854,-0.0280
3.0000,0.0864,-0.0264
3.0000,0.0883,-0.0237
3.0000,0.0901,-0.0210
3.0000,0.0946,-0.0153
3.0000,0.0922,-0.0165
3.0000,0.0941,-0.0132
3.0000,0.0939,-0.0118
3.0000,0.1004,-0.0036
3.0000,0.0987,-0.0034
3.0000,0.0985,-0.0015
3.0000,0.1041,0.0064
3.0000,0.0995,0.0041
3.0000,0.1016,0.0088
3.0000,0.1022,0.0120
3.0000,0.1052,0.0179
3.0000,0.1060,0.0217
3.0000,0.1055,0.0244
3.0000,0.1032,0.0254
3.0000,0.1029,0.0286
3.0000,0.1041,0.0335
3.0000,0.1058,0.0390
3.0000,0.1040,0.0411
3.0000,0.1052,0.0464
3.0000,0.1012,0.0466
3.0000,0.1028,0.0525
3.0000,0.1037,0.0579
3.0000,0.0979,0.0568
3.0000,0.1012,0.0648
3.0000,0.0990,0.0674
3.0000,0.0975,0.0710
3.0000,0.0938,0.0723
3.0000,0.0949,0.0787
3.0000,0.0934,0.0825
3.0000,0.0904,0.0849
3.0000,0.0871,0.0871
3.0000,0.0856,0.0912
3.0000,0.0868,0.0981
3.0000,0.0830,0.1000
3.0000,0.0776,0.1005
3.0000,0.0792,0.1079
3.0000,0.0747,0.1094
3.0000,0.0680,0.1087
3.0000,0.0664,0.1131
3.0000,0.0631,0.1160
3.0000,0.0633,0.1223
3.0000,0.0592,0.1244
3.0000,0.0526,0.1239
3.0000,0.0529,0.1304
3.0000,0.0491,0.1328
3.0000,0.0454,0.1352
3.0000,0.0369,0.1330
3.0000,0.0375,0.1397
3.0000,0.0310,0.1394
3.0000,0.0301,0.1445
3.0000,0.0218,0.1423
3.0000,0.0212,0.1478
3.0000,0.0165,0.1490
3.0000,0.0114,0.1498
3.0000,0.0033,0.1475
3.0000,-0.0002,0.1498
3.0000,-0.0017,0.1540
3.0000,-0.0066,0.1546
3.0000,-0.0138,0.1529
3.0000,-0.0190,0.1531
3.0000,-0.0243,0.1531
3.0000,-0.0268,0.1557
3.0000,-0.0348,0.1527
3.0000,-0.0396,0.1527
3.0000,-0.0414,0.1557
3.0000,-0.0473,0.1543
3.0000,-0.0517,0.1543
3.0000,-0.0569,0.1533
3.0000,-0.0644,0.1499
3.0000,-0.0727,0.1455
3.0000,-0.0763,0.1456
3.0000,-0.0777,0.1477
3.0000,-0.0820,0.1467
3.0000,-0.0882,0.1437
3.0000,-0.0937,0.1410
3.0000,-0.1024,0.1351
3.0000,-0.1057,0.1343
3.0000,-0.1081,0.1341
3.0000,-0.1153,0.1289
3.0000,-0.1204,0.1255
3.0000,-0.1207,0.1267
3.0000,-0.1314,0.1174
3.0000,-0.1326,0.1172
3.0000,-0.1349,0.1157
3.0000,-0.1443,0.1068
3.0000,-0.1460,0.1054
3.0000,-0.1495,0.1020
3.0000,-0.1534,0.0978
3.0000,-0.1586,0.0921
3.0000,-0.1603,0.0896
3.0000,-0.1662,0.0826
3.0000,-0.1662,0.0812
3.0000,-0.1747,0.0712
3.0000,-0.1772,0.0668
3.0000,-0.1790,0.0628
3.0000,-0.1830,0.0564
3.0000,-0.1816,0.0551
3.0000,-0.1853,0.0485
3.0000,-0.1906,0.0399
3.0000,-0.1902,0.0367
3.0000,-0.1920,0.0311
3.0000,-0.1929,0.0261
3.0000,-0.1972,0.0175
3.0000,-0.1987,0.0113
3.0000,-0.1981,0.0071
3.0000,-0.1994,0.0006
3.0000,-0.1977,-0.0032
3.0000,-0.1987,-0.0098
3.0000,-0.1993,-0.0163
3.0000,-0.2044,-0.0276
3.0000,-0.2032,-0.0328
3.0000,-0.2047,-0.0409
3.0000,-0.2028,-0.0459
3.0000,-0.2032,-0.0535
3.0000,-0.2010,-0.0586
3.0000,-0.2016,-0.0668
3.0000,-0.1993,-0.0723
3.0000,-0.1980,-0.0789
3.0000,-0.1983,-0.0874
3.0000,-0.1956,-0.0930
3.0000,-0.1940,-0.1000
3.0000,-0.1887,-0.1035
3.0000,-0.1893,-0.1129
3.0000,-0.1871,-0.1198
3.0000,-0.1810,-0.1230
3.0000,-0.1809,-0.1323
3.0000,-0.1744,-0.1353
3.0000,-0.1708,-0.1412
3.0000,-0.1675,-0.1477
3.0000,-0.1643,-0.1543
3.0000,-0.1598,-0.1598
3.0000,-0.1539,-0.1639
3.0000,-0.1476,-0.1678
3.0000,-0.1429,-0.1733
3.0000,-0.1400,-0.1806
3.0000,-0.1362,-0.1870
3.0000,-0.1329,-0.1941
3.0000,-0.1249,-0.1964
3.0000,-0.1202,-0.2021
3.0000,-0.1102,-0.2025
3.0000,-0.1053,-0.2080
3.0000,-0.0979,-0.2109
3.0000,-0.0969,-0.2203
3.0000,-0.0859,-0.2196
3.0000,-0.0794,-0.2233
3.0000,-0.0714,-0.2255
3.0000,-0.0701,-0.2343
3.0000,-0.0633,-0.2375
3.0000,-0.0513,-0.2354
3.0000,-0.0434,-0.2374
3.0000,-0.0395,-0.2431
3.0000,-0.0315,-0.2447
3.0000,-0.0227,-0.2454
3.0000,-0.0132,-0.2452
3.0000,-0.0060,-0.2471
3.0000,-0.0021,-0.2521
3.0000,0.0109,-0.2479
3.0000,0.0166,-0.2507
3.0000,0.0224,-0.2533
3.0000,0.0314,-0.2524
3.0000,0.0413,-0.2505
3.0000,0.0511,-0.2483
3.0000,0.0583,-0.2486
3.0000,0.0655,-0.2486
3.0000,0.0703,-0.2507
3.0000,0.0831,-0.2445
3.0000,0.0861,-0.2479
3.0000,0.0946,-0.2455
3.0000,0.1064,-0.2394
3.0000,0.1115,-0.2397
3.0000,0.1187,-0.2377
3.0000,0.1269,-0.2344
3.0000,0.1381,-0.2276
3.0000,0.1409,-0.2289
3.0000,0.1540,-0.2197
3.0000,0.1558,-0.2214
3.0000,0.1635,-0.2167
3.0000,0.1757,-0.2072
3.0000,0.1827,-0.2026
3.0000,0.1858,-0.2015
3.0000,0.1965,-0.1924
3.0000,0.2042,-0.1860
3.0000,0.2083,-0.1826
3.0000,0.2172,-0.1742
3.0000,0.2226,-0.1688
3.0000,0.2244,-0.1667
3.0000,0.2349,-0.1555
3.0000,0.2381,-0.1511
3.0000,0.2433,-0.1443
3.0000,0.2499,-0.1358
3.0000,0.2525,-0.1309
3.0000,0.2609,-0.1197
3.0000,0.2627,-0.1146
3.0000,0.2689,-0.1049
3.0000,0.2698,-0.1000
3.0000,0.2777,-0.0878
3.0000,0.2778,-0.0829
3.0000,0.2849,-0.0706
3.0000,0.2829,-0.0670
3.0000,0.2890,-0.0549
3.0000,0.2927,-0.0448
3.0000,0.2968,-0.0339
3.0000,0.2957,-0.0279
3.0000,0.2954,-0.0207
3.0000,0.2987,-0.0096
3.0000,0.3008,0.0008
3.0000,0.3029,0.0115
3.0000,0.2991,0.0166
3.0000,0.2990,0.0258
3.0000,0.2989,0.0354
3.0000,0.3006,0.0471
3.0000,0.2983,0.0551
3.0000,0.3004,0.0678
3.0000,0.2980,0.0763
3.0000,0.2980,0.0875
3.0000,0.2953,0.0963
3.0000,0.2940,0.1068
3.0000,0.2925,0.1173
3.0000,0.2903,0.1274
3.0000,0.2815,0.1311
3.0000,0.2807,0.1430
3.0000,0.2759,0.1512
3.0000,0.2743,0.1628
3.0000,0.2695,0.1714
3.0000,0.2608,0.1763
3.0000,0.2559,0.1851
3.0000,0.2515,0.1946
3.0000,0.2471,0.2042
3.0000,0.2452,0.2165
3.0000,0.2355,0.2211
3.0000,0.2286,0.2286
3.0000,0.2240,0.2384
3.0000,0.2168,0.2458
3.0000,0.2089,0.2525
3.0000,0.2035,0.2618
3.0000,0.1960,0.2690
3.0000,0.1882,0.2759
3.0000,0.1792,0.2816
3.0000,0.1667,0.2838
3.0000,0.1630,0.2948
3.0000,0.1524,0.2988
3.0000,0.1411,0.3021
3.0000,0.1309,0.3064
3.0000,0.1213,0.3111
3.0000,0.1132,0.3173
3.0000,0.1034,0.3217
3.0000,0.0969,0.3292
3.0000,0.0827,0.3289
3.0000,0.0773,0.3372
3.0000,0.0632,0.3366
3.0000,0.0570,0.3438
3.0000,0.0457,0.3456
3.0000,0.0358,0.3486
3.0000,0.0221,0.3476
3.0000,0.0137,0.3515
3.0000,-0.0008,0.3492
3.0000,-0.0127,0.3491
3.0000,-0.0211,0.3523
3.0000,-0.0344,0.3502
3.0000,-0.0468,0.3487
3.0000,-0.0583,0.3478
3.0000,-0.0648,0.3516
3.0000,-0.0786,0.3477
3.0000,-0.0874,0.3484
3.0000,-0.0992,0.3457
3.0000,-0.1126,0.3410
3.0000,-0.1197,0.3422
3.0000,-0.1316,0.3383
3.0000,-0.1417,0.3356
3.0000,-0.1522,0.3322
3.0000,-0.1630,0.3279
3.0000,-0.1746,0.3225
3.0000,-0.1890,0.3137
3.0000,-0.1944,0.3135
3.0000,-0.2089,0.3037
3.0000,-0.2196,0.2972
3.0000,-0.2278,0.2928
3.0000,-0.2364,0.2873
3.0000,-0.2454,0.2811
3.0000,-0.2540,0.2746
3.0000,-0.2666,0.2637
3.0000,-0.2713,0.2602
3.0000,-0.2803,0.2518
3.0000,-0.2909,0.2413
3.0000,-0.3009,0.2309
3.0000,-0.3054,0.2254
3.0000,-0.3148,0.2145
3.0000,-0.3230,0.2042
3.0000,-0.3282,0.1964
3.0000,-0.3369,0.1846
3.0000,-0.3439,0.1740
3.0000,-0.3486,0.1650
3.0000,-0.3557,0.1531
3.0000,-0.3590,0.1446
3.0000,-0.3678,0.1300
3.0000,-0.3685,0.1229
3.0000,-0.3783,0.1062
3.0000,-0.3779,0.0993
3.0000,-0.3860,0.0832
3.0000,-0.3852,0.0757
3.0000,-0.3909,0.0610
3.0000,-0.3926,0.0499
3.0000,-0.3933,0.0393
3.0000,-0.4003,0.0219
3.0000,-0.3996,0.0117
3.0000,-0.3980,0.0020
3.0000,-0.4033,-0.0151
3.0000,-0.4013,-0.0253
3.0000,-0.4001,-0.0368
3.0000,-0.4018,-0.0516
3.0000,-0.3987,-0.0621
3.0000,-0.3969,-0.0741
3.0000,-0.3956,-0.0871
3.0000,-0.3940,-0.1003
3.0000,-0.3916,-0.1129
3.0000,-0.3921,-0.1289
3.0000,-0.3851,-0.1377
3.0000,-0.3836,-0.1522
3.0000,-0.3795,-0.1645
3.0000,-0.3732,-0.1749
3.0000,-0.3670,-0.1856
3.0000,-0.3626,-0.1985
3.0000,-0.3590,-0.2123
3.0000,-0.3501,-0.2211
3.0000,-0.3495,-0.2385
3.0000,-0.3387,-0.2458
3.0000,-0.3315,-0.2569
3.0000,-0.3267,-0.2705
3.0000,-0.3186,-0.2810
3.0000,-0.3095,-0.2906
3.0000,-0.3019,-0.3019
3.0000,-0.2942,-0.3131
3.0000,-0.2817,-0.3196
3.0000,-0.2742,-0.3312
3.0000,-0.2656,-0.3416
3.0000,-0.2547,-0.3499
3.0000,-0.2423,-0.3565
3.0000,-0.2306,-0.3638
3.0000,-0.2211,-0.3734
3.0000,-0.2096,-0.3808
3.0000,-0.1954,-0.3855
3.0000,-0.1842,-0.3931
3.0000,-0.1740,-0.4015
3.0000,-0.1612,-0.4072
3.0000,-0.1482,-0.4126
3.0000,-0.1379,-0.4204
3.0000,-0.1207,-0.4212
3.0000,-0.1107,-0.4289
3.0000,-0.0959,-0.4316
3.0000,-0.0862,-0.4391
3.0000,-0.0668,-0.4367
3.0000,-0.0571,-0.4436
3.0000,-0.0405,-0.4435
3.0000,-0.0271,-0.4461
3.0000,-0.0110,-0.4457
3.0000,0.0020,-0.4480
3.0000,0.0134,-0.4516
3.0000,0.0312,-0.4483
3.0000,0.0433,-0.4503
3.0000,0.0591,-0.4483
3.0000,0.0727,-0.4479
3.0000,0.0877,-0.4457
3.0000,0.0976,-0.4480
3.0000,0.1152,-0.4424
3.0000,0.1277,-0.4411
3.0000,0.1428,-0.4369
3.0000,0.1546,-0.4353
3.0000,0.1706,-0.4290
3.0000,0.1831,-0.4257
3.0000,0.1986,-0.4188
3.0000,0.2085,-0.4170
3.0000,0.2229,-0.4100
3.0000,0.2365,-0.4032
3.0000,0.2496,-0.3963
3.0000,0.2656,-0.3859
3.0000,0.2776,-0.3789
3.0000,0.2911,-0.3697
3.0000,0.3029,-0.3616
3.0000,0.3150,-0.3526
3.0000,0.3261,-0.3439
3.0000,0.3335,-0.3382
3.0000,0.3452,-0.3276
3.0000,0.3563,-0.3170
3.0000,0.3683,-0.3047
3.0000,0.3777,-0.2944
3.0000,0.3914,-0.2791
3.0000,0.3953,-0.2729
3.0000,0.4042,-0.2610
3.0000,0.4138,-0.2478
3.0000,0.4271,-0.2302
3.0000,0.4337,-0.2186
3.0000,0.4372,-0.2095
3.0000,0.4476,-0.1927
3.0000,0.4506,-0.1827
3.0000,0.4606,-0.1651
3.0000,0.4630,-0.1544
3.0000,0.4720,-0.1365
3.0000,0.4786,-0.1203
3.0000,0.4806,-0.1080
3.0000,0.4877,-0.0902
3.0000,0.4860,-0.0803
3.0000,0.4942,-0.0601
3.0000,0.4961,-0.0454
3.0000,0.4973,-0.0310
3.0000,0.5010,-0.0134
3.0000,0.5004,0.0004
3.0000,0.4990,0.0140
3.0000,0.5001,0.0306
3.0000,0.4987,0.0453
3.0000,0.5024,0.0655
3.0000,0.4972,0.0774
3.0000,0.4963,0.0941
3.0000,0.4926,0.1084
3.0000,0.4920,0.1263
3.0000,0.4892,0.1424
3.0000,0.4845,0.1570
3.0000,0.4793,0.1716
3.0000,0.4768,0.1892
3.0000,0.4708,0.2037
3.0000,0.4647,0.2184
3.0000,0.4568,0.2317
3.0000,0.4541,0.2505
3.0000,0.4454,0.2636
3.0000,0.4379,0.2781
3.0000,0.4294,0.2918
3.0000,0.4236,0.3086
3.0000,0.4090,0.3167
3.0000,0.4009,0.3315
3.0000,0.3949,0.3484
3.0000,0.3840,0.3608
3.0000,0.3701,0.3701
3.0000,0.3629,0.3862
3.0000,0.3474,0.3942
3.0000,0.3386,0.4088
3.0000,0.3238,0.4176
3.0000,0.3122,0.4295
3.0000,0.2992,0.4399
3.0000,0.2824,0.4466
3.0000,0.2707,0.4581
3.0000,0.2572,0.4679
3.0000,0.2431,0.4770
3.0000,0.2303,0.4871
3.0000,0.2157,0.4953
3.0000,0.1961,0.4982
3.0000,0.1843,0.5089
3.0000,0.1668,0.5135
3.0000,0.1530,0.5216
3.0000,0.1318,0.5219
3.0000,0.1196,0.5311
3.0000,0.1048,0.5372
3.0000,0.0828,0.5359
3.0000,0.0702,0.5434
3.0000,0.0518,0.5449
3.0000,0.0357,0.5482
3.0000,0.0151,0.5465
3.0000,0.0024,0.5524
3.0000,-0.0172,0.5508
3.0000,-0.0325,0.5531
3.0000,-0.0509,0.5517
3.0000,-0.0718,0.5473
3.0000,-0.0838,0.5512
3.0000,-0.1023,0.5480
3.0000,-0.1228,0.5423
3.0000,-0.1392,0.5400
3.0000,-0.1552,0.5376
3.0000,-0.1758,0.5299
3.0000,-0.1897,0.5281
3.0000,-0.2071,0.5223
3.0000,-0.2246,0.5157
3.0000,-0.2384,0.5121
3.0000,-0.2550,0.5049
3.0000,-0.2753,0.4933
3.0000,-0.2913,0.4853
3.0000,-0.3061,0.4779
3.0000,-0.3215,0.4689
3.0000,-0.3381,0.4581
3.0000,-0.3515,0.4496
3.0000,-0.3660,0.4394
3.0000,-0.3790,0.4297
3.0000,-0.3949,0.4165
3.0000,-0.4095,0.4037
3.0000,-0.4219,0.3923
3.0000,-0.4329,0.3815
3.0000,-0.4452,0.3686
3.0000,-0.4571,0.3552
3.0000,-0.4711,0.3390
3.0000,-0.4811,0.3260
3.0000,-0.4921,0.3111
3.0000,-0.5029,0.2957
3.0000,-0.5120,0.2812
3.0000,-0.5239,0.2629
3.0000,-0.5296,0.2501
3.0000,-0.5412,0.2306
3.0000,-0.5471,0.2160
3.0000,-0.5517,0.2020
3.0000,-0.5587,0.1847
3.0000,-0.5657,0.1667
3.0000,-0.5751,0.1455
3.0000,-0.5782,0.1298
3.0000,-0.5825,0.1123
3.0000,-0.5882,0.0926
3.0000,-0.5882,0.0778
3.0000,-0.5939,0.0566
3.0000,-0.5958,0.0386
3.0000,-0.5994,0.0182
3.0000,-0.6016,-0.0016
3.0000,-0.6007,-0.0189
3.0000,-0.5999,-0.0368
3.0000,-0.5984,-0.0549
3.0000,-0.6010,-0.0775
3.0000,-0.5994,-0.0965
3.0000,-0.5978,-0.1161
3.0000,-0.5922,-0.1322
3.0000,-0.5917,-0.1540
3.0000,-0.5840,-0.1691
3.0000,-0.5782,-0.1865
3.0000,-0.5751,-0.2072
3.0000,-0.5715,-0.2277
3.0000,-0.5605,-0.2413
3.0000,-0.5583,-0.2642
3.0000,-0.5506,-0.2819
3.0000,-0.5393,-0.2963
3.0000,-0.5304,-0.3134
3.0000,-0.5223,-0.3316
3.0000,-0.5089,-0.3449
3.0000,-0.4991,-0.3619
3.0000,-0.4901,-0.3800
3.0000,-0.4788,-0.3960
3.0000,-0.4649,-0.4096
3.0000,-0.4534,-0.4256
3.0000,-0.4424,-0.4424
3.0000,-0.4270,-0.4548
3.0000,-0.4178,-0.4735
3.0000,-0.3983,-0.4819
3.0000,-0.3866,-0.4981
3.0000,-0.3711,-0.5105
3.0000,-0.3548,-0.5220
3.0000,-0.3393,-0.5343
3.0000,-0.3246,-0.5473
3.0000,-0.3059,-0.5560
3.0000,-0.2862,-0.5637
3.0000,-0.2706,-0.5753
3.0000,-0.2561,-0.5877
3.0000,-0.2320,-0.5904
3.0000,-0.2143,-0.5991
3.0000,-0.1969,-0.6078
3.0000,-0.1790,-0.6157
3.0000,-0.1585,-0.6207
3.0000,-0.1416,-0.6289
3.0000,-0.1204,-0.6324
3.0000,-0.1017,-0.6379
3.0000,-0.0824,-0.6423
3.0000,-0.0578,-0.6410
3.0000,-0.0393,-0.6454
3.0000,-0.0224,-0.6507
3.0000,-0.0017,-0.6517
3.0000,0.0212,-0.6499
3.0000,0.0403,-0.6514
3.0000,0.0628,-0.6488
3.0000,0.0823,-0.6485
3.0000,0.1035,-0.6459
3.0000,0.1204,-0.6469
3.0000,0.1424,-0.6421
3.0000,0.1653,-0.6356
3.0000,0.1841,-0.6326
3.0000,0.2043,-0.6273
3.0000,0.2218,-0.6240
3.0000,0.2420,-0.6172
3.0000,0.2614,-0.6103
3.0000,0.2827,-0.6008
3.0000,0.3050,-0.5894
3.0000,0.3218,-0.5827
3.0000,0.3376,-0.5761
3.0000,0.3587,-0.5632
3.0000,0.3759,-0.5534
3.0000,0.3962,-0.5396
3.0000,0.4106,-0.5308
3.0000,0.4303,-0.5158
3.0000,0.4442,-0.5057
3.0000,0.4616,-0.4911
3.0000,0.4801,-0.4745
3.0000,0.4906,-0.4649
3.0000,0.5061,-0.4494
3.0000,0.5207,-0.4339
3.0000,0.5338,-0.4189
3.0000,0.5524,-0.3974
3.0000,0.5619,-0.3841
3.0000,0.5751,-0.3662
3.0000,0.5860,-0.3496
3.0000,0.6025,-0.3264
3.0000,0.6106,-0.3107
3.0000,0.6203,-0.2925
3.0000,0.6286,-0.2747
3.0000,0.6374,-0.2555
3.0000,0.6513,-0.2304
3.0000,0.6552,-0.2142
3.0000,0.6641,-0.1923
3.0000,0.6707,-0.1717
3.0000,0.6788,-0.1487
3.0000,0.6805,-0.1312
3.0000,0.6845,-0.1107
3.0000,0.6919,-0.0859
3.0000,0.6952,-0.0643
3.0000,0.6978,-0.0427
3.0000,0.6985,-0.0221
3.0000,0.7003,0.0003
3.0000,0.7011,0.0225
3.0000,0.6997,0.0431
3.0000,0.6971,0.0633
3.0000,0.7000,0.0898
3.0000,0.6952,0.1092
3.0000,0.6938,0.1326
3.0000,0.6931,0.1574
3.0000,0.6862,0.1765
3.0000,0.6786,0.1955
3.0000,0.6757,0.2198
3.0000,0.6658,0.2377
3.0000,0.6624,0.2625
3.0000,0.6575,0.2863
3.0000,0.6442,0.3021
3.0000,0.6366,0.3241
3.0000,0.6301,0.3476
3.0000,0.6151,0.3629
3.0000,0.6031,0.3816
3.0000,0.5967,0.4062
3.0000,0.5817,0.4224
3.0000,0.5689,0.4411
3.0000,0.5535,0.4574
3.0000,0.5393,0.4751
3.0000,0.5278,0.4957
3.0000,0.5154,0.5154
3.0000,0.4978,0.5300
3.0000,0.4803,0.5448
3.0000,0.4629,0.5598
3.0000,0.4442,0.5734
3.0000,0.4309,0.5924
3.0000,0.4129,0.6066
3.0000,0.3947,0.6205
3.0000,0.3746,0.6324
3.0000,0.3538,0.6434
3.0000,0.3336,0.6548
3.0000,0.3136,0.6662
3.0000,0.2917,0.6753
3.0000,0.2712,0.6857
3.0000,0.2521,0.6971
3.0000,0.2291,0.7042
3.0000,0.2090,0.7138
3.0000,0.1863,0.7205
3.0000,0.1625,0.7255
3.0000,0.1393,0.7307
3.0000,0.1160,0.7352
3.0000,0.0948,0.7415
3.0000,0.0718,0.7452
3.0000,0.0446,0.7441
3.0000,0.0230,0.7481
3.0000,0.0028,0.7528
3.0000,-0.0267,0.7475
3.0000,-0.0493,0.7484
3.0000,-0.0681,0.7525
3.0000,-0.0976,0.7450
3.0000,-0.1164,0.7474
3.0000,-0.1440,0.7402
3.0000,-0.1646,0.7393
3.0000,-0.1903,0.7324
3.0000,-0.2142,0.7264
3.0000,-0.2346,0.7230
3.0000,-0.2593,0.7145
3.0000,-0.2833,0.7057
3.0000,-0.3025,0.7008
3.0000,-0.3266,0.6899
3.0000,-0.3447,0.6842
3.0000,-0.3666,0.6737
3.0000,-0.3918,0.6588
3.0000,-0.4112,0.6488
3.0000,-0.4296,0.6387
3.0000,-0.4520,0.6236
3.0000,-0.4746,0.6072
3.0000,-0.4890,0.5979
3.0000,-0.5136,0.5774
3.0000,-0.5314,0.5627
3.0000,-0.5475,0.5485
3.0000,-0.5663,0.5305
3.0000,-0.5851,0.5116
3.0000,-0.6021,0.4932
3.0000,-0.6179,0.4751
3.0000,-0.6304,0.4591
3.0000,-0.6459,0.4391
3.0000,-0.6574,0.4218
3.0000,-0.6744,0.3982
3.0000,-0.6873,0.3775
3.0000,-0.6974,0.3584
3.0000,-0.7108,0.3351
3.0000,-0.7242,0.3106
3.0000,-0.7345,0.2883
3.0000,-0.7401,0.2695
3.0000,-0.7486,0.2469
3.0000,-0.7598,0.2205
3.0000,-0.7642,0.1999
3.0000,-0.7725,0.1744
3.0000,-0.7779,0.1508
3.0000,-0.7866,0.1230
3.0000,-0.7908,0.0987
3.0000,-0.7904,0.0781
3.0000,-0.7981,0.0484
3.0000,-0.8014,0.0223
3.0000,-0.8012,-0.0012
3.0000,-0.7984,-0.0229
3.0000,-0.8011,-0.0511
3.0000,-0.7975,-0.0736
3.0000,-0.7994,-0.1025
3.0000,-0.7936,-0.1244
3.0000,-0.7902,-0.1495
3.0000,-0.7847,-0.1732
3.0000,-0.7800,-0.1983
3.0000,-0.7783,-0.2272
3.0000,-0.7689,-0.2489
3.0000,-0.7627,-0.2744
3.0000,-0.7556,-0.2995
3.0000,-0.7462,-0.3230
3.0000,-0.7384,-0.3485
3.0000,-0.7263,-0.3702
3.0000,-0.7177,-0.3957
3.0000,-0.7055,-0.4181
3.0000,-0.6918,-0.4395
3.0000,-0.6798,-0.4627
3.0000,-0.6605,-0.4791
3.0000,-0.6475,-0.5020
3.0000,-0.6329,-0.5235
3.0000,-0.6151,-0.5421
3.0000,-0.6002,-0.5636
3.0000,-0.5857,-0.5857
3.0000,-0.5640,-0.6007
3.0000,-0.5476,-0.6210
3.0000,-0.5249,-0.6351
3.0000,-0.5098,-0.6568
3.0000,-0.4873,-0.6710
3.0000,-0.4654,-0.6856
3.0000,-0.4483,-0.7050
3.0000,-0.4256,-0.7186
3.0000,-0.4013,-0.7304
3.0000,-0.3773,-0.7422
3.0000,-0.3549,-0.7554
3.0000,-0.3331,-0.7688
3.0000,-0.3097,-0.7804
3.0000,-0.2830,-0.7882
3.0000,-0.2597,-0.7990
3.0000,-0.2323,-0.8052
3.0000,-0.2085,-0.8146
3.0000,-0.1815,-0.8203
3.0000,-0.1608,-0.8317
3.0000,-0.1297,-0.8321
3.0000,-0.1086,-0.8419
3.0000,-0.0794,-0.8429
3.0000,-0.0521,-0.8452
3.0000,-0.0278,-0.8498
3.0000,-0.0009,-0.8509
3.0000,0.0249,-0.8524
3.0000,0.0565,-0.8474
3.0000,0.0811,-0.8484
3.0000,0.1060,-0.8483
3.0000,0.1344,-0.8438
3.0000,0.1609,-0.8404
3.0000,0.1868,-0.8366
3.0000,0.2147,-0.8297
3.0000,0.2396,-0.8250
3.0000,0.2637,-0.8200
3.0000,0.2933,-0.8084
3.0000,0.3167,-0.8021
3.0000,0.3434,-0.7913
3.0000,0.3697,-0.7800
3.0000,0.3945,-0.7689
3.0000,0.4195,-0.7566
3.0000,0.4397,-0.7479
3.0000,0.4621,-0.7358
3.0000,0.4880,-0.7192
3.0000,0.5093,-0.7059
3.0000,0.5335,-0.6885
3.0000,0.5562,-0.6715
3.0000,0.5745,-0.6577
3.0000,0.6000,-0.6354
3.0000,0.6173,-0.6201
3.0000,0.6372,-0.6011
3.0000,0.6550,-0.5828
3.0000,0.6769,-0.5593
3.0000,0.6948,-0.5385
3.0000,0.7116,-0.5176
3.0000,0.7265,-0.4974
3.0000,0.7466,-0.4707
3.0000,0.7599,-0.4496
3.0000,0.7716,-0.4289
3.0000,0.7863,-0.4040
3.0000,0.8007,-0.3782
3.0000,0.8132,-0.3531
3.0000,0.8264,-0.3261
3.0000,0.8382,-0.2994
3.0000,0.8437,-0.2777
3.0000,0.8569,-0.2473
3.0000,0.8648,-0.2210
3.0000,0.8692,-0.1971
3.0000,0.8764,-0.1692
3.0000,0.8843,-0.1397
3.0000,0.8908,-0.1104
3.0000,0.8925,-0.0849
3.0000,0.8940,-0.0586
3.0000,0.8964,-0.0304
3.0000,0.8971,-0.0029
3.0000,0.8994,0.0272
3.0000,0.8992,0.0557
3.0000,0.8986,0.0846
3.0000,0.8978,0.1142
3.0000,0.8967,0.1444
3.0000,0.8870,0.1668
3.0000,0.8882,0.2009
3.0000,0.8776,0.2239
3.0000,0.8759,0.2566
3.0000,0.8652,0.2810
3.0000,0.8561,0.3075
3.0000,0.8474,0.3351
3.0000,0.8379,0.3625
3.0000,0.8278,0.3899
3.0000,0.8147,0.4148
3.0000,0.8042,0.4427
3.0000,0.7870,0.4645
3.0000,0.7777,0.4945
3.0000,0.7583,0.5148
3.0000,0.7416,0.5381
3.0000,0.7264,0.5631
3.0000,0.7097,0.5870
3.0000,0.6952,0.6132
3.0000,0.6762,0.6352
3.0000,0.6565,0.6565
3.0000,0.6328,0.6739
3.0000,0.6146,0.6970
3.0000,0.5915,0.7150
3.0000,0.5719,0.7365
3.0000,0.5470,0.7528
3.0000,0.5260,0.7727
3.0000,0.4981,0.7856
3.0000,0.4777,0.8058
3.0000,0.4473,0.8158
3.0000,0.4220,0.8307
3.0000,0.3979,0.8462
3.0000,0.3698,0.8576
3.0000,0.3441,0.8709
3.0000,0.3175,0.8829
3.0000,0.2903,0.8938
3.0000,0.2631,0.9042
3.0000,0.2329,0.9111
3.0000,0.2060,0.9206
3.0000,0.1746,0.9250
3.0000,0.1473,0.9329
3.0000,0.1158,0.9358
3.0000,0.0891,0.9428
3.0000,0.0590,0.9457
3.0000,0.0271,0.9458
3.0000,0.0014,0.9514
3.0000,-0.0301,0.9503
3.0000,-0.0615,0.9484
3.0000,-0.0922,0.9462
3.0000,-0.1218,0.9442
3.0000,-0.1493,0.9433
3.0000,-0.1821,0.9361
3.0000,-0.2100,0.9327
3.0000,-0.2375,0.9286
3.0000,-0.2646,0.9238
3.0000,-0.2976,0.9120
3.0000,-0.3272,0.9025
3.0000,-0.3511,0.8975
3.0000,-0.3829,0.8834
3.0000,-0.4099,0.8728
3.0000,-0.4375,0.8604
3.0000,-0.4625,0.8494
3.0000,-0.4934,0.8312
3.0000,-0.5186,0.8174
3.0000,-0.5434,0.8027
3.0000,-0.5700,0.7849
3.0000,-0.5933,0.7691
3.0000,-0.6183,0.7502
3.0000,-0.6433,0.7300
3.0000,-0.6674,0.7094
3.0000,-0.6882,0.6907
3.0000,-0.7110,0.6686
3.0000,-0.7314,0.6475
3.0000,-0.7559,0.6210
3.0000,-0.7723,0.6013
3.0000,-0.7930,0.5759
3.0000,-0.8087,0.5540
3.0000,-0.8290,0.5263
3.0000,-0.8443,0.5022
3.0000,-0.8602,0.4761
3.0000,-0.8749,0.4499
3.0000,-0.8913,0.4206
3.0000,-0.9059,0.3919
3.0000,-0.9216,0.3607
3.0000,-0.9316,0.3339
3.0000,-0.9442,0.3033
3.0000,-0.9490,0.2791
3.0000,-0.9630,0.2446
3.0000,-0.9688,0.2169
3.0000,-0.9775,0.1852
3.0000,-0.9811,0.1573
3.0000,-0.9891,0.1239
3.0000,-0.9905,0.0959
3.0000,-0.9981,0.0606
3.0000,-0.9977,0.0322
3.0000,-1.0021,-0.0021
4.0000,-0.0011,-0.0021
4.0000,-0.0005,-0.0026
4.0000,0.0006,-0.0027
4.0000,-0.0026,-0.0071
4.0000,0.0016,-0.0042
4.0000,0.0028,-0.0042
4.0000,0.0032,-0.0052
4.0000,0.0041,-0.0056
4.0000,0.0012,-0.0100
4.0000,0.0012,-0.0114
4.0000,0.0023,-0.0117
4.0000,0.0073,-0.0083
4.0000,0.0069,-0.0102
4.0000,0.0041,-0.0145
4.0000,0.0061,-0.0141
4.0000,0.0105,-0.0112
4.0000,0.0110,-0.0123
4.0000,0.0109,-0.0139
4.0000,0.0131,-0.0133
4.0000,0.0088,-0.0191
4.0000,0.0150,-0.0145
4.0000,0.0159,-0.0151
4.0000,0.0128,-0.0196
4.0000,0.0170,-0.0169
4.0000,0.0180,-0.0174
4.0000,0.0220,-0.0148
4.0000,0.0223,-0.0158
4.0000,0.0227,-0.0167
4.0000,0.0254,-0.0153
4.0000,0.0266,-0.0153
4.0000,0.0246,-0.0184
4.0000,0.0271,-0.0170
4.0000,0.0292,-0.0160
4.0000,0.0323,-0.0138
4.0000,0.0308,-0.0162
4.0000,0.0325,-0.0154
4.0000,0.0359,-0.0128
4.0000,0.0359,-0.0134
4.0000,0.0389,-0.0110
4.0000,0.0350,-0.0154
4.0000,0.0399,-0.0109
4.0000,0.0382,-0.0129
4.0000,0.0441,-0.0072
4.0000,0.0410,-0.0104
4.0000,0.0449,-0.0066
4.0000,0.0450,-0.0064
4.0000,0.0494,-0.0018
4.0000,0.0472,-0.0038
4.0000,0.0492,-0.0013
4.0000,0.0500,-0.0000
4.0000,0.0479,-0.0014
4.0000,0.0549,0.0062
4.0000,0.0533,0.0055
4.0000,0.0559,0.0090
4.0000,0.0539,0.0082
4.0000,0.0540,0.0095
4.0000,0.0537,0.0105
4.0000,0.0580,0.0163
4.0000,0.0542,0.0140
4.0000,0.0552,0.0166
4.0000,0.0602,0.0234
4.0000,0.0591,0.0243
4.0000,0.0587,0.0259
4.0000,0.0573,0.0267
4.0000,0.0557,0.0273
4.0000,0.0603,0.0343
4.0000,0.0605,0.0369
4.0000,0.0565,0.0356
4.0000,0.0597,0.0415
4.0000,0.0564,0.0409
4.0000,0.0566,0.0440
4.0000,0.0574,0.0478
4.0000,0.0575,0.0510
4.0000,0.0513,0.0480
4.0000,0.0503,0.0503
4.0000,0.0521,0.0554
4.0000,0.0495,0.0563
4.0000,0.0487,0.0591
4.0000,0.0486,0.0626
4.0000,0.0485,0.0662
4.0000,0.0458,0.0672
4.0000,0.0421,0.0674
4.0000,0.0450,0.0742
4.0000,0.0420,0.0752
4.0000,0.0383,0.0755
4.0000,0.0363,0.0775
4.0000,0.0366,0.0819
4.0000,0.0294,0.0788
4.0000,0.0274,0.0810
4.0000,0.0263,0.0841
4.0000,0.0258,0.0878
4.0000,0.0251,0.0913
4.0000,0.0228,0.0933
4.0000,0.0192,0.0939
4.0000,0.0147,0.0937
4.0000,0.0108,0.0940
4.0000,0.0090,0.0964
4.0000,0.0057,0.0973
4.0000,0.0061,0.1020
4.0000,0.0008,0.1008
4.0000,-0.0006,0.1036
4.0000,-0.0063,0.1019
4.0000,-0.0070,0.1052
4.0000,-0.0129,0.1033
4.0000,-0.0181,0.1021
4.0000,-0.0228,0.1012
4.0000,-0.0213,0.1065
4.0000,-0.0288,0.1027
4.0000,-0.0289,0.1062
4.0000,-0.0363,0.1023
4.0000,-0.0353,0.1067
4.0000,-0.0381,0.1073
4.0000,-0.0441,0.1044
4.0000,-0.0493,0.1024
4.0000,-0.0540,0.1006
4.0000,-0.0546,0.1029
4.0000,-0.0619,0.0983
4.0000,-0.0650,0.0978
4.0000,-0.0654,0.1000
4.0000,-0.0707,0.0969
4.0000,-0.0712,0.0985
4.0000,-0.0750,0.0967
4.0000,-0.0827,0.0909
4.0000,-0.0822,0.0931
4.0000,-0.0899,0.0869
4.0000,-0.0910,0.0871
4.0000,-0.0935,0.0858
4.0000,-0.1016,0.0786
4.0000,-0.1015,0.0795
4.0000,-0.1032,0.0783
4.0000,-0.1054,0.0766
4.0000,-0.1135,0.0687
4.0000,-0.1151,0.0671
4.0000,-0.1182,0.0638
4.0000,-0.1174,0.0642
4.0000,-0.1219,0.0591
4.0000,-0.1258,0.0543
4.0000,-0.1280,0.0512
4.0000,-0.1298,0.0481
4.0000,-0.1324,0.0440
4.0000,-0.1356,0.0392
4.0000,-0.1395,0.0333
4.0000,-0.1426,0.0282
4.0000,-0.1420,0.0264
4.0000,-0.1427,0.0232
4.0000,-0.1468,0.0164
4.0000,-0.1469,0.0133
4.0000,-0.1487,0.0083
4.0000,-0.1464,0.0072
4.0000,-0.1530,-0.0030
4.0000,-0.1500,-0.0038
4.0000,-0.1518,-0.0097
4.0000,-0.1513,-0.0134
4.0000,-0.1553,-0.0218
4.0000,-0.1540,-0.0252
4.0000,-0.1559,-0.0319
4.0000,-0.1507,-0.0317
4.0000,-0.1507,-0.0369
4.0000,-0.1512,-0.0429
4.0000,-0.1528,-0.0501
4.0000,-0.1513,-0.0544
4.0000,-0.1476,-0.0566
4.0000,-0.1469,-0.0621
4.0000,-0.1505,-0.0719
4.0000,-0.1453,-0.0732
4.0000,-0.1444,-0.0789
4.0000,-0.1440,-0.0853
4.0000,-0.1430,-0.0912
4.0000,-0.1422,-0.0974
4.0000,-0.1357,-0.0980
4.0000,-0.1353,-0.1050
4.0000,-0.1351,-0.1123
4.0000,-0.1319,-0.1165
4.0000,-0.1293,-0.1216
4.0000,-0.1229,-0.1229
4.0000,-0.1186,-0.1264
4.0000,-0.1193,-0.1351
4.0000,-0.1138,-0.1375
4.0000,-0.1072,-0.1389
4.0000,-0.1070,-0.1468
4.0000,-0.1017,-0.1497
4.0000,-0.0970,-0.1532
4.0000,-0.0958,-0.1601
4.0000,-0.0864,-0.1590
4.0000,-0.0822,-0.1631
4.0000,-0.0821,-0.1712
4.0000,-0.0724,-0.1697
4.0000,-0.0701,-0.1757
4.0000,-0.0617,-0.1755
4.0000,-0.0572,-0.1792
4.0000,-0.0505,-0.1807
4.0000,-0.0497,-0.1880
4.0000,-0.0432,-0.1894
4.0000,-0.0361,-0.1903
4.0000,-0.0289,-0.1910
4.0000,-0.0238,-0.1937
4.0000,-0.0176,-0.1952
4.0000,-0.0111,-0.1963
4.0000,-0.0088,-0.2015
4.0000,0.0003,-0.1997
4.0000,0.0051,-0.2021
4.0000,0.0156,-0.1987
4.0000,0.0204,-0.2008
4.0000,0.0267,-0.2012
4.0000,0.0295,-0.2051
4.0000,0.0356,-0.2054
4.0000,0.0431,-0.2041
4.0000,0.0531,-0.2001
4.0000,0.0561,-0.2029
4.0000,0.0677,-0.1969
4.0000,0.0685,-0.2015
4.0000,0.0773,-0.1978
4.0000,0.0844,-0.1957
4.0000,0.0907,-0.1941
4.0000,0.0972,-0.1919
4.0000,0.1012,-0.1921
4.0000,0.1099,-0.1873
4.0000,0.1177,-0.1832
4.0000,0.1211,-0.1831
4.0000,0.1302,-0.1771
4.0000,0.1329,-0.1772
4.0000,0.1429,-0.1697
4.0000,0.1482,-0.1665
4.0000,0.1519,-0.1647
4.0000,0.1569,-0.1613
4.0000,0.1673,-0.1522
4.0000,0.1672,-0.1532
4.0000,0.1750,-0.1460
4.0000,0.1788,-0.1425
4.0000,0.1879,-0.1333
4.0000,0.1911,-0.1298
4.0000,0.1941,-0.1261
4.0000,0.2003,-0.1188
4.0000,0.2070,-0.1108
4.0000,0.2068,-0.1093
4.0000,0.2136,-0.1004
4.0000,0.2194,-0.0923
4.0000,0.2236,-0.0853
4.0000,0.2268,-0.0790
4.0000,0.2258,-0.0766
4.0000,0.2345,-0.0642
4.0000,0.2360,-0.0586
4.0000,0.2371,-0.0531
4.0000,0.2373,-0.0481
4.0000,0.2426,-0.0377
4.0000,0.2442,-0.0307
4.0000,0.2466,-0.0225
4.0000,0.2463,-0.0168
4.0000,0.2514,-0.0053
4.0000,0.2486,-0.0014
4.0000,0.2505,0.0075
4.0000,0.2528,0.0171
4.0000,0.2493,0.0212
4.0000,0.2533,0.0331
4.0000,0.2545,0.0425
4.0000,0.2488,0.0454
4.0000,0.2496,0.0549
4.0000,0.2515,0.0658
4.0000,0.2472,0.0708
4.0000,0.2455,0.0786
4.0000,0.2482,0.0910
4.0000,0.2422,0.0950
4.0000,0.2413,0.1044
4.0000,0.2400,0.1135
4.0000,0.2381,0.1223
4.0000,0.2305,0.1255
4.0000,0.2297,0.1358
4.0000,0.2277,0.1450
4.0000,0.2217,0.1504
4.0000,0.2166,0.1568
4.0000,0.2119,0.1639
4.0000,0.2076,0.1714
4.0000,0.2063,0.1820
4.0000,0.2001,0.1880
4.0000,0.1946,0.1946
4.0000,0.1861,0.1983
4.0000,0.1808,0.2054
4.0000,0.1749,0.2119
4.0000,0.1687,0.2182
4.0000,0.1663,0.2283
4.0000,0.1608,0.2353
4.0000,0.1491,0.2361
4.0000,0.1420,0.2415
4.0000,0.1353,0.2473
4.0000,0.1280,0.2526
4.0000,0.1243,0.2613
4.0000,0.1133,0.2627
4.0000,0.1062,0.2679
4.0000,0.1003,0.2743
4.0000,0.0906,0.2768
4.0000,0.0826,0.2808
4.0000,0.0757,0.2859
4.0000,0.0613,0.2833
4.0000,0.0564,0.2901
4.0000,0.0481,0.2933
4.0000,0.0350,0.2915
4.0000,0.0253,0.2931
4.0000,0.0162,0.2949
4.0000,0.0120,0.3014
4.0000,-0.0010,0.2990
4.0000,-0.0118,0.2985
4.0000,-0.0175,0.3028
4.0000,-0.0256,0.3046
4.0000,-0.0377,0.3020
4.0000,-0.0462,0.3027
4.0000,-0.0583,0.2996
4.0000,-0.0663,0.3002
4.0000,-0.0738,0.3012
4.0000,-0.0863,0.2967
4.0000,-0.0950,0.2956
4.0000,-0.1059,0.2920
4.0000,-0.1126,0.2923
4.0000,-0.1224,0.2891
4.0000,-0.1329,0.2849
4.0000,-0.1411,0.2826
4.0000,-0.1503,0.2788
4.0000,-0.1590,0.2752
4.0000,-0.1711,0.2678
4.0000,-0.1802,0.2629
4.0000,-0.1901,0.2568
4.0000,-0.1998,0.2506
4.0000,-0.2077,0.2457
4.0000,-0.2151,0.2408
4.0000,-0.2244,0.2336
4.0000,-0.2316,0.2280
4.0000,-0.2362,0.2246
4.0000,-0.2481,0.2134
4.0000,-0.2500,0.2118
4.0000,-0.2596,0.2020
4.0000,-0.2696,0.1914
4.0000,-0.2741,0.1857
4.0000,-0.2812,0.1770
4.0000,-0.2847,0.1714
4.0000,-0.2955,0.1580
4.0000,-0.2970,0.1536
4.0000,-0.3069,0.1402
4.0000,-0.3092,0.1339
4.0000,-0.3167,0.1220
4.0000,-0.3196,0.1142
4.0000,-0.3260,0.1024
4.0000,-0.3282,0.0944
4.0000,-0.3305,0.0858
4.0000,-0.3333,0.0763
4.0000,-0.3387,0.0636
4.0000,-0.3378,0.0569
4.0000,-0.3424,0.0443
4.0000,-0.3466,0.0315
4.0000,-0.3445,0.0247
4.0000,-0.3492,0.0106
4.0000,-0.3495,0.0005
4.0000,-0.3534,-0.0136
4.0000,-0.3504,-0.0212
4.0000,-0.3499,-0.0317
4.0000,-0.3520,-0.0451
4.0000,-0.3475,-0.0524
4.0000,-0.3470,-0.0640
4.0000,-0.3477,-0.0772
4.0000,-0.3438,-0.0861
4.0000,-0.3421,-0.0975
4.0000,-0.3430,-0.1118
4.0000,-0.3369,-0.1196
4.0000,-0.3381,-0.1347
4.0000,-0.3316,-0.1427
4.0000,-0.3296,-0.1553
4.0000,-0.3275,-0.1680
4.0000,-0.3228,-0.1784
4.0000,-0.3184,-0.1893
4.0000,-0.3098,-0.1962
4.0000,-0.3064,-0.2086
4.0000,-0.2969,-0.2150
4.0000,-0.2963,-0.2305
4.0000,-0.2863,-0.2368
4.0000,-0.2769,-0.2438
4.0000,-0.2729,-0.2562
4.0000,-0.2620,-0.2620
4.0000,-0.2551,-0.2718
4.0000,-0.2476,-0.2811
4.0000,-0.2404,-0.2907
4.0000,-0.2299,-0.2971
4.0000,-0.2256,-0.3097
4.0000,-0.2132,-0.3141
4.0000,-0.2049,-0.3228
4.0000,-0.1947,-0.3294
4.0000,-0.1855,-0.3370
4.0000,-0.1718,-0.3400
4.0000,-0.1671,-0.3520
4.0000,-0.1511,-0.3526
4.0000,-0.1423,-0.3602
4.0000,-0.1315,-0.3657
4.0000,-0.1193,-0.3697
4.0000,-0.1118,-0.3782
4.0000,-0.1005,-0.3827
4.0000,-0.0877,-0.3855
4.0000,-0.0711,-0.3843
4.0000,-0.0587,-0.3870
4.0000,-0.0502,-0.3934
4.0000,-0.0346,-0.3925
4.0000,-0.0258,-0.3980
4.0000,-0.0145,-0.4008
4.0000,0.0007,-0.3993
4.0000,0.0148,-0.3986
4.0000,0.0277,-0.3988
4.0000,0.0409,-0.3983
4.0000,0.0505,-0.4009
4.0000,0.0622,-0.4011
4.0000,0.0751,-0.3998
4.0000,0.0860,-0.4000
4.0000,0.1020,-0.3947
4.0000,0.1151,-0.3917
4.0000,0.1256,-0.3910
4.0000,0.1408,-0.3851
4.0000,0.1525,-0.3822
4.0000,0.1641,-0.3789
4.0000,0.1767,-0.3742
4.0000,0.1858,-0.3723
4.0000,0.2020,-0.3630
4.0000,0.2140,-0.3572
4.0000,0.2224,-0.3545
4.0000,0.2367,-0.3454
4.0000,0.2452,-0.3414
4.0000,0.2551,-0.3356
4.0000,0.2701,-0.3240
4.0000,0.2825,-0.3145
4.0000,0.2876,-0.3117
4.0000,0.3010,-0.3000
4.0000,0.3118,-0.2904
4.0000,0.3231,-0.2796
4.0000,0.3295,-0.2731
4.0000,0.3366,-0.2653
4.0000,0.3507,-0.2499
4.0000,0.3584,-0.2404
4.0000,0.3673,-0.2289
4.0000,0.3733,-0.2198
4.0000,0.3777,-0.2117
4.0000,0.3903,-0.1948
4.0000,0.3931,-0.1870
4.0000,0.3995,-0.1751
4.0000,0.4058,-0.1626
4.0000,0.4108,-0.1509
4.0000,0.4164,-0.1381
4.0000,0.4238,-0.1227
4.0000,0.4275,-0.1105
4.0000,0.4320,-0.0970
4.0000,0.4369,-0.0824
4.0000,0.4385,-0.0707
4.0000,0.4432,-0.0552
4.0000,0.4456,-0.0415
4.0000,0.4501,-0.0252
4.0000,0.4482,-0.0147
4.0000,0.4506,0.0006
4.0000,0.4529,0.0163
4.0000,0.4535,0.0308
4.0000,0.4511,0.0427
4.0000,0.4483,0.0548
4.0000,0.4514,0.0732
4.0000,0.4456,0.0831
4.0000,0.4436,0.0973
4.0000,0.4428,0.1131
4.0000,0.4387,0.1259
4.0000,0.4356,0.1402
4.0000,0.4339,0.1563
4.0000,0.4295,0.1700
4.0000,0.4275,0.1865
4.0000,0.4184,0.1961
4.0000,0.4162,0.2130
4.0000,0.4101,0.2262
4.0000,0.4009,0.2366
4.0000,0.3970,0.2526
4.0000,0.3869,0.2626
4.0000,0.3778,0.2738
4.0000,0.3727,0.2892
4.0000,0.3655,0.3026
4.0000,0.3531,0.3111
4.0000,0.3449,0.3238
4.0000,0.3379,0.3379
4.0000,0.3238,0.3450
4.0000,0.3174,0.3597
4.0000,0.3019,0.3655
4.0000,0.2926,0.3775
4.0000,0.2820,0.3882
4.0000,0.2704,0.3979
4.0000,0.2579,0.4066
4.0000,0.2453,0.4151
4.0000,0.2359,0.4268
4.0000,0.2207,0.4326
4.0000,0.2068,0.4396
4.0000,0.1953,0.4489
4.0000,0.1775,0.4516
4.0000,0.1636,0.4580
4.0000,0.1532,0.4678
4.0000,0.1389,0.4734
4.0000,0.1224,0.4765
4.0000,0.1097,0.4833
4.0000,0.0894,0.4821
4.0000,0.0787,0.4902
4.0000,0.0635,0.4934
4.0000,0.0476,0.4957
4.0000,0.0289,0.4947
4.0000,0.0129,0.4959
4.0000,-0.0018,0.4982
4.0000,-0.0171,0.4993
4.0000,-0.0317,0.5008
4.0000,-0.0450,0.5031
4.0000,-0.0612,0.5020
4.0000,-0.0767,0.5011
4.0000,-0.0930,0.4988
4.0000,-0.1128,0.4925
4.0000,-0.1235,0.4948
4.0000,-0.1422,0.4886
4.0000,-0.1547,0.4879
4.0000,-0.1752,0.4786
4.0000,-0.1914,0.4731
4.0000,-0.2046,0.4700
4.0000,-0.2199,0.4640
4.0000,-0.2367,0.4559
4.0000,-0.2485,0.4523
4.0000,-0.2649,0.4433
4.0000,-0.2803,0.4346
4.0000,-0.2913,0.4297
4.0000,-0.3045,0.4219
4.0000,-0.3202,0.4108
4.0000,-0.3334,0.4016
4.0000,-0.3488,0.3893
4.0000,-0.3597,0.3810
4.0000,-0.3706,0.3719
4.0000,-0.3854,0.3581
4.0000,-0.3948,0.3490
4.0000,-0.4067,0.3367
4.0000,-0.4155,0.3267
4.0000,-0.4285,0.3118
4.0000,-0.4396,0.2981
4.0000,-0.4493,0.2849
4.0000,-0.4599,0.2702
4.0000,-0.4706,0.2546
4.0000,-0.4770,0.2426
4.0000,-0.4823,0.2309
4.0000,-0.4938,0.2123
4.0000,-0.5006,0.1977
4.0000,-0.5091,0.1806
4.0000,-0.5107,0.1697
4.0000,-0.5174,0.1530
4.0000,-0.5238,0.1360
4.0000,-0.5286,0.1198
4.0000,-0.5373,0.0990
4.0000,-0.5352,0.0883
4.0000,-0.5408,0.0694
4.0000,-0.5470,0.0490
4.0000,-0.5461,0.0352
4.0000,-0.5465,0.0195
4.0000,-0.5504,-0.0004
4.0000,-0.5531,-0.0197
4.0000,-0.5532,-0.0370
4.0000,-0.5505,-0.0520
4.0000,-0.5514,-0.0712
4.0000,-0.5513,-0.0899
4.0000,-0.5491,-0.1071
4.0000,-0.5452,-0.1231
4.0000,-0.5408,-0.1391
4.0000,-0.5348,-0.1539
4.0000,-0.5308,-0.1712
4.0000,-0.5283,-0.1905
4.0000,-0.5210,-0.2053
4.0000,-0.5148,-0.2217
4.0000,-0.5075,-0.2373
4.0000,-0.5057,-0.2588
4.0000,-0.4962,-0.2729
4.0000,-0.4890,-0.2895
4.0000,-0.4819,-0.3067
4.0000,-0.4692,-0.3184
4.0000,-0.4608,-0.3347
4.0000,-0.4497,-0.3485
4.0000,-0.4407,-0.3645
4.0000,-0.4305,-0.3797
4.0000,-0.4198,-0.3943
4.0000,-0.4082,-0.4082
4.0000,-0.3952,-0.4207
4.0000,-0.3840,-0.4353
4.0000,-0.3659,-0.4428
4.0000,-0.3544,-0.4571
4.0000,-0.3439,-0.4722
4.0000,-0.3290,-0.4830
4.0000,-0.3138,-0.4934
4.0000,-0.2981,-0.5031
4.0000,-0.2837,-0.5142
4.0000,-0.2636,-0.5192
4.0000,-0.2487,-0.5294
4.0000,-0.2309,-0.5365
4.0000,-0.2176,-0.5478
4.0000,-0.2002,-0.5549
4.0000,-0.1803,-0.5591
4.0000,-0.1640,-0.5666
4.0000,-0.1461,-0.5723
4.0000,-0.1289,-0.5782
4.0000,-0.1121,-0.5843
4.0000,-0.0917,-0.5863
4.0000,-0.0716,-0.5882
4.0000,-0.0589,-0.5971
4.0000,-0.0359,-0.5952
4.0000,-0.0208,-0.6007
4.0000,0.0003,-0.5997
4.0000,0.0159,-0.6037
4.0000,0.0394,-0.5992
4.0000,0.0589,-0.5982
4.0000,0.0766,-0.5984
4.0000,0.0929,-0.5993
4.0000,0.1132,-0.5956
4.0000,0.1336,-0.5911
4.0000,0.1514,-0.5887
4.0000,0.1687,-0.5860
4.0000,0.1869,-0.5818
4.0000,0.2082,-0.5737
4.0000,0.2283,-0.5660
4.0000,0.2456,-0.5605
4.0000,0.2597,-0.5572
4.0000,0.2822,-0.5450
4.0000,0.2947,-0.5419
4.0000,0.3112,-0.5340
4.0000,0.3339,-0.5190
4.0000,0.3463,-0.5136
4.0000,0.3642,-0.5018
4.0000,0.3826,-0.4887
4.0000,0.3994,-0.4764
4.0000,0.4098,-0.4695
4.0000,0.4282,-0.4539
4.0000,0.4417,-0.4422
4.0000,0.4564,-0.4285
4.0000,0.4730,-0.4120
4.0000,0.4811,-0.4031
4.0000,0.4983,-0.3842
4.0000,0.5083,-0.3716
4.0000,0.5247,-0.3518
4.0000,0.5355,-0.3367
4.0000,0.5465,-0.3206
4.0000,0.5579,-0.3031
4.0000,0.5661,-0.2879
4.0000,0.5745,-0.2717
4.0000,0.5833,-0.2543
4.0000,0.5916,-0.2365
4.0000,0.5982,-0.2195
4.0000,0.6055,-0.2010
4.0000,0.6137,-0.1807
4.0000,0.6247,-0.1568
4.0000,0.6245,-0.1433
4.0000,0.6297,-0.1236
4.0000,0.6366,-0.1014
4.0000,0.6405,-0.0813
4.0000,0.6435,-0.0616
4.0000,0.6459,-0.0415
4.0000,0.6465,-0.0226
4.0000,0.6504,0.0004
4.0000,0.6508,0.0206
4.0000,0.6528,0.0430
4.0000,0.6486,0.0600
4.0000,0.6513,0.0844
4.0000,0.6479,0.1034
4.0000,0.6448,0.1233
4.0000,0.6432,0.1454
4.0000,0.6359,0.1622
4.0000,0.6329,0.1839
4.0000,0.6290,0.2052
4.0000,0.6224,0.2244
4.0000,0.6153,0.2435
4.0000,0.6094,0.2643
4.0000,0.6004,0.2823
4.0000,0.5952,0.3045
4.0000,0.5843,0.3215
4.0000,0.5733,0.3387
4.0000,0.5643,0.3582
4.0000,0.5532,0.3759
4.0000,0.5398,0.3916
4.0000,0.5297,0.4108
4.0000,0.5150,0.4256
4.0000,0.5070,0.4473
4.0000,0.4912,0.4613
4.0000,0.4777,0.4777
4.0000,0.4618,0.4919
4.0000,0.4503,0.5104
4.0000,0.4316,0.5219
4.0000,0.4160,0.5364
4.0000,0.4027,0.5531
4.0000,0.3824,0.5629
4.0000,0.3660,0.5764
4.0000,0.3459,0.5861
4.0000,0.3326,0.6024
4.0000,0.3089,0.6082
4.0000,0.2931,0.6217
4.0000,0.2714,0.6291
4.0000,0.2527,0.6392
4.0000,0.2322,0.6471
4.0000,0.2114,0.6544
4.0000,0.1954,0.6662
4.0000,0.1701,0.6683
4.0000,0.1521,0.6772
4.0000,0.1316,0.6833
4.0000,0.1092,0.6869
4.0000,0.0842,0.6875
4.0000,0.0660,0.6943
4.0000,0.0463,0.6991
4.0000,0.0238,0.7005
4.0000,0.0000,0.7000
4.0000,-0.0200,0.7027
4.0000,-0.0416,0.7031
4.0000,-0.0676,0.6984
4.0000,-0.0877,0.6989
4.0000,-0.1127,0.6939
4.0000,-0.1351,0.6907
4.0000,-0.1543,0.6899
4.0000,-0.1753,0.6866
4.0000,-0.1973,0.6813
4.0000,-0.2171,0.6776
4.0000,-0.2377,0.6721
4.0000,-0.2605,0.6636
4.0000,-0.2842,0.6533
4.0000,-0.3028,0.6472
4.0000,-0.3241,0.6376
4.0000,-0.3439,0.6285
4.0000,-0.3654,0.6167
4.0000,-0.3816,0.6094
4.0000,-0.4057,0.5931
4.0000,-0.4218,0.5839
4.0000,-0.4420,0.5696
4.0000,-0.4614,0.5551
4.0000,-0.4753,0.5452
4.0000,-0.4972,0.5262
4.0000,-0.5097,0.5156
4.0000,-0.5267,0.4995
4.0000,-0.5482,0.4779
4.0000,-0.5609,0.4641
4.0000,-0.5760,0.4468
4.0000,-0.5880,0.4317
4.0000,-0.6049,0.4106
4.0000,-0.6201,0.3902
4.0000,-0.6337,0.3703
4.0000,-0.6424,0.3544
4.0000,-0.6538,0.3348
4.0000,-0.6631,0.3162
4.0000,-0.6753,0.2938
4.0000,-0.6840,0.2738
4.0000,-0.6940,0.2517
4.0000,-0.7037,0.2288
4.0000,-0.7126,0.2057
4.0000,-0.7184,0.1848
4.0000,-0.7254,0.1618
4.0000,-0.7325,0.1377
4.0000,-0.7361,0.1162
4.0000,-0.7378,0.0959
4.0000,-0.7421,0.0718
4.0000,-0.7460,0.0475
4.0000,-0.7513,0.0209
4.0000,-0.7530,-0.0030
4.0000,-0.7488,-0.0218
4.0000,-0.7497,-0.0464
4.0000,-0.7513,-0.0725
4.0000,-0.7449,-0.0914
4.0000,-0.7485,-0.1209
4.0000,-0.7407,-0.1397
4.0000,-0.7408,-0.1672
4.0000,-0.7311,-0.1854
4.0000,-0.7289,-0.2118
4.0000,-0.7255,-0.2376
4.0000,-0.7190,-0.2608
4.0000,-0.7093,-0.2814
4.0000,-0.6998,-0.3026
4.0000,-0.6896,-0.3236
4.0000,-0.6785,-0.3442
4.0000,-0.6717,-0.3695
4.0000,-0.6580,-0.3883
4.0000,-0.6507,-0.4137
4.0000,-0.6349,-0.4311
4.0000,-0.6253,-0.4549
4.0000,-0.6091,-0.4725
4.0000,-0.5936,-0.4908
4.0000,-0.5785,-0.5098
4.0000,-0.5630,-0.5286
4.0000,-0.5495,-0.5495
4.0000,-0.5302,-0.5647
4.0000,-0.5117,-0.5807
4.0000,-0.4958,-0.5993
4.0000,-0.4799,-0.6180
4.0000,-0.4566,-0.6292
4.0000,-0.4361,-0.6431
4.0000,-0.4166,-0.6579
4.0000,-0.3987,-0.6741
4.0000,-0.3766,-0.6859
4.0000,-0.3572,-0.7002
4.0000,-0.3372,-0.7137
4.0000,-0.3124,-0.7221
4.0000,-0.2874,-0.7300
4.0000,-0.2694,-0.7445
4.0000,-0.2435,-0.7507
4.0000,-0.2193,-0.7582
4.0000,-0.1987,-0.7688
4.0000,-0.1750,-0.7759
4.0000,-0.1464,-0.7775
4.0000,-0.1229,-0.7837
4.0000,-0.0968,-0.7867
4.0000,-0.0723,-0.7908
4.0000,-0.0476,-0.7939
4.0000,-0.0272,-0.8007
4.0000,-0.0024,-0.8024
4.0000,0.0260,-0.7997
4.0000,0.0492,-0.8016
4.0000,0.0745,-0.8005
4.0000,0.1004,-0.7981
4.0000,0.1266,-0.7944
4.0000,0.1537,-0.7890
4.0000,0.1776,-0.7860
4.0000,0.1999,-0.7837
4.0000,0.2245,-0.7781
4.0000,0.2472,-0.7735
4.0000,0.2739,-0.7639
4.0000,0.2997,-0.7542
4.0000,0.3243,-0.7447
4.0000,0.3460,-0.7371
4.0000,0.3683,-0.7279
4.0000,0.3956,-0.7125
4.0000,0.4134,-0.7057
4.0000,0.4395,-0.6894
4.0000,0.4600,-0.6777
4.0000,0.4812,-0.6642
4.0000,0.5017,-0.6502
4.0000,0.5266,-0.6307
4.0000,0.5466,-0.6150
4.0000,0.5661,-0.5987
4.0000,0.5834,-0.5834
4.0000,0.6044,-0.5632
4.0000,0.6232,-0.5440
4.0000,0.6379,-0.5278
4.0000,0.6567,-0.5065
4.0000,0.6697,-0.4896
4.0000,0.6856,-0.4688
4.0000,0.7046,-0.4437
4.0000,0.7190,-0.4220
4.0000,0.7306,-0.4020
4.0000,0.7445,-0.3785
4.0000,0.7537,-0.3587
4.0000,0.7661,-0.3345
4.0000,0.7773,-0.3103
4.0000,0.7885,-0.2851
4.0000,0.7960,-0.2624
4.0000,0.8094,-0.2328
4.0000,0.8133,-0.2116
4.0000,0.8199,-0.1867
4.0000,0.8291,-0.1581
4.0000,0.8335,-0.1333
4.0000,0.8383,-0.1070
4.0000,0.8439,-0.0791
4.0000,0.8448,-0.0547
4.0000,0.8506,-0.0247
4.0000,0.8531,0.0031
4.0000,0.8504,0.0265
4.0000,0.8484,0.0516
4.0000,0.8488,0.0798
4.0000,0.8447,0.1045
4.0000,0.8416,0.1309
4.0000,0.8418,0.1614
4.0000,0.8344,0.1849
4.0000,0.8291,0.2114
4.0000,0.8276,0.2424
4.0000,0.8177,0.2655
4.0000,0.8089,0.2904
4.0000,0.8038,0.3196
4.0000,0.7901,0.3408
4.0000,0.7794,0.3655
4.0000,0.7724,0.3944
4.0000,0.7574,0.4157
4.0000,0.7452,0.4403
4.0000,0.7336,0.4658
4.0000,0.7193,0.4890
4.0000,0.7037,0.5113
4.0000,0.6877,0.5333
4.0000,0.6750,0.5590
4.0000,0.6565,0.5789
4.0000,0.6379,0.5991
4.0000,0.6190,0.6190
4.0000,0.5972,0.6361
4.0000,0.5779,0.6558
4.0000,0.5571,0.6740
4.0000,0.5403,0.6961
4.0000,0.5188,0.7135
4.0000,0.4939,0.7274
4.0000,0.4719,0.7440
4.0000,0.4480,0.7585
4.0000,0.4249,0.7737
4.0000,0.4016,0.7884
4.0000,0.3762,0.8007
4.0000,0.3535,0.8153
4.0000,0.3281,0.8269
4.0000,0.3027,0.8380
4.0000,0.2779,0.8493
4.0000,0.2481,0.8552
4.0000,0.2242,0.8664
4.0000,0.1929,0.8696
4.0000,0.1694,0.8800
4.0000,0.1395,0.8834
4.0000,0.1102,0.8869
4.0000,0.0869,0.8955
4.0000,0.0565,0.8964
4.0000,0.0284,0.8987
4.0000,-0.0010,0.8990
4.0000,-0.0310,0.8979
4.0000,-0.0547,0.9021
4.0000,-0.0860,0.8980
4.0000,-0.1151,0.8951
4.0000,-0.1385,0.8969
4.0000,-0.1681,0.8917
4.0000,-0.1971,0.8859
4.0000,-0.2277,0.8775
4.0000,-0.2515,0.8750
4.0000,-0.2786,0.8681
4.0000,-0.3088,0.8569
4.0000,-0.3372,0.8465
4.0000,-0.3601,0.8404
4.0000,-0.3916,0.8245
4.0000,-0.4154,0.8153
4.0000,-0.4422,0.8018
4.0000,-0.4699,0.7862
4.0000,-0.4924,0.7746
4.0000,-0.5154,0.7613
4.0000,-0.5418,0.7433
4.0000,-0.5677,0.7246
4.0000,-0.5865,0.7116
4.0000,-0.6121,0.6906
4.0000,-0.6315,0.6746
4.0000,-0.6536,0.6546
4.0000,-0.6768,0.6321
4.0000,-0.6962,0.6122
4.0000,-0.7130,0.5936
4.0000,-0.7357,0.5677
4.0000,-0.7550,0.5440
4.0000,-0.7676,0.5257
4.0000,-0.7853,0.5010
4.0000,-0.8022,0.4758
4.0000,-0.8181,0.4504
4.0000,-0.8358,0.4218
4.0000,-0.8496,0.3958
4.0000,-0.8577,0.3744
4.0000,-0.8733,0.3441
4.0000,-0.8818,0.3198
4.0000,-0.8970,0.2875
4.0000,-0.9027,0.2634
4.0000,-0.9096,0.2371
4.0000,-0.9194,0.2066
4.0000,-0.9272,0.1770
4.0000,-0.9362,0.1450
4.0000,-0.9385,0.1186
4.0000,-0.9401,0.0918
4.0000,-0.9492,0.0564
4.0000,-0.9501,0.0282
4.0000,-0.9496,0.0004
4.0000,-0.9475,-0.0268
4.0000,-0.9478,-0.0575
4.0000,-0.9488,-0.0897
4.0000,-0.9438,-0.1169
4.0000,-0.9461,-0.1523
4.0000,-0.9410,-0.1811
4.0000,-0.9323,-0.2071
4.0000,-0.9263,-0.2367
4.0000,-0.9180,-0.2646
4.0000,-0.9108,-0.2944
4.0000,-0.9057,-0.3270
4.0000,-0.8952,-0.3549
4.0000,-0.8823,-0.3810
4.0000,-0.8744,-0.4126
4.0000,-0.8586,-0.4369
4.0000,-0.8445,-0.4634
4.0000,-0.8343,-0.4942
4.0000,-0.8199,-0.5212
4.0000,-0.8011,-0.5443
4.0000,-0.7872,-0.5726
4.0000,-0.7649,-0.5928
4.0000,-0.7510,-0.6217
4.0000,-0.7308,-0.6444
4.0000,-0.7070,-0.6637
4.0000,-0.6905,-0.6905
4.0000,-0.6653,-0.7087
4.0000,-0.6443,-0.7311
4.0000,-0.6227,-0.7529
4.0000,-0.5983,-0.7719
4.0000,-0.5783,-0.7951
4.0000,-0.5487,-0.8086
4.0000,-0.5236,-0.8266
4.0000,-0.5025,-0.8482
4.0000,-0.4752,-0.8635
4.0000,-0.4459,-0.8764
4.0000,-0.4227,-0.8950
4.0000,-0.3916,-0.9054
4.0000,-0.3651,-0.9200
4.0000,-0.3333,-0.9288
4.0000,-0.3046,-0.9402
4.0000,-0.2748,-0.9500
4.0000,-0.2483,-0.9624
4.0000,-0.2142,-0.9667
4.0000,-0.1832,-0.9733
4.0000,-0.1556,-0.9827
4.0000,-0.1248,-0.9881
4.0000,-0.0920,-0.9907
4.0000,-0.0605,-0.9938
4.0000,-0.0315,-0.9986
4.0000,-0.0003,-1.0003
