1.0000,0.0027,0.0018
1.0000,-0.0002,-0.0020
1.0000,0.0025,-0.0002
1.0000,0.0031,-0.0003
1.0000,0.0031,-0.0009
1.0000,0.0035,-0.0010
1.0000,0.0045,-0.0004
1.0000,0.0072,0.0020
1.0000,0.0091,0.0036
1.0000,0.0085,0.0029
1.0000,0.0125,0.0069
1.0000,0.0114,0.0059
1.0000,0.0090,0.0036
1.0000,0.0096,0.0045
1.0000,0.0113,0.0067
1.0000,0.0114,0.0073
1.0000,0.0144,0.0109
1.0000,0.0137,0.0110
1.0000,0.0167,0.0149
1.0000,0.0146,0.0137
1.0000,0.0171,0.0173
1.0000,0.0139,0.0153
1.0000,0.0126,0.0152
1.0000,0.0171,0.0211
1.0000,0.0127,0.0182
1.0000,0.0140,0.0211
1.0000,0.0128,0.0216
1.0000,0.0139,0.0245
1.0000,0.0143,0.0268
1.0000,0.0141,0.0285
1.0000,0.0132,0.0296
1.0000,0.0107,0.0292
1.0000,0.0112,0.0318
1.0000,0.0089,0.0318
1.0000,0.0071,0.0323
1.0000,0.0092,0.0368
1.0000,0.0053,0.0353
1.0000,0.0050,0.0374
1.0000,0.0052,0.0401
1.0000,0.0006,0.0380
1.0000,0.0028,0.0427
1.0000,-0.0006,0.0419
1.0000,-0.0029,0.0422
1.0000,-0.0028,0.0449
1.0000,-0.0031,0.0471
1.0000,-0.0061,0.0468
1.0000,-0.0093,0.0461
1.0000,-0.0136,0.0444
1.0000,-0.0158,0.0447
1.0000,-0.0158,0.0472
1.0000,-0.0152,0.0502
1.0000,-0.0193,0.0486
1.0000,-0.0239,0.0463
1.0000,-0.0217,0.0508
1.0000,-0.0249,0.0498
1.0000,-0.0287,0.0481
1.0000,-0.0332,0.0457
1.0000,-0.0328,0.0481
1.0000,-0.0351,0.0476
1.0000,-0.0381,0.0463
1.0000,-0.0394,0.0468
1.0000,-0.0412,0.0464
1.0000,-0.0429,0.0462
1.0000,-0.0490,0.0413
1.0000,-0.0522,0.0393
1.0000,-0.0542,0.0383
1.0000,-0.0548,0.0386
1.0000,-0.0582,0.0359
1.0000,-0.0603,0.0344
1.0000,-0.0600,0.0350
1.0000,-0.0648,0.0305
1.0000,-0.0671,0.0283
1.0000,-0.0693,0.0259
1.0000,-0.0692,0.0258
1.0000,-0.0693,0.0252
1.0000,-0.0734,0.0205
1.0000,-0.0731,0.0199
1.0000,-0.0771,0.0149
1.0000,-0.0766,0.0142
1.0000,-0.0811,0.0083
1.0000,-0.0826,0.0052
1.0000,-0.0835,0.0026
1.0000,-0.0853,-0.0013
1.0000,-0.0824,-0.0006
1.0000,-0.0872,-0.0077
1.0000,-0.0852,-0.0083
1.0000,-0.0855,-0.0113
1.0000,-0.0884,-0.0172
1.0000,-0.0866,-0.0185
1.0000,-0.0858,-0.0211
1.0000,-0.0894,-0.0281
1.0000,-0.0880,-0.0304
1.0000,-0.0889,-0.0351
1.0000,-0.0879,-0.0382
1.0000,-0.0853,-0.0398
1.0000,-0.0833,-0.0421
1.0000,-0.0860,-0.0494
1.0000,-0.0810,-0.0491
1.0000,-0.0832,-0.0561
1.0000,-0.0806,-0.0585
1.0000,-0.0791,-0.0621
1.0000,-0.0797,-0.0679
1.0000,-0.0744,-0.0680
1.0000,-0.0715,-0.0706
1.0000,-0.0739,-0.0786
1.0000,-0.0721,-0.0824
1.0000,-0.0650,-0.0812
1.0000,-0.0635,-0.0855
1.0000,-0.0598,-0.0877
1.0000,-0.0598,-0.0937
1.0000,-0.0563,-0.0963
1.0000,-0.0548,-0.1009
1.0000,-0.0473,-0.0996
1.0000,-0.0463,-0.1047
1.0000,-0.0411,-0.1057
1.0000,-0.0375,-0.1083
1.0000,-0.0358,-0.1128
1.0000,-0.0322,-0.1153
1.0000,-0.0281,-0.1174
1.0000,-0.0203,-0.1157
1.0000,-0.0187,-0.1201
1.0000,-0.0161,-0.1236
1.0000,-0.0098,-0.1232
1.0000,-0.0031,-0.1223
1.0000,-0.0003,-0.1253
1.0000,0.0038,-0.1268
1.0000,0.0094,-0.1268
1.0000,0.0120,-0.1296
1.0000,0.0169,-0.1300
1.0000,0.0262,-0.1258
1.0000,0.0276,-0.1294
1.0000,0.0370,-0.1249
1.0000,0.0412,-0.1253
1.0000,0.0465,-0.1244
1.0000,0.0497,-0.1256
1.0000,0.0560,-0.1233
1.0000,0.0612,-0.1219
1.0000,0.0667,-0.1200
1.0000,0.0693,-0.1208
1.0000,0.0740,-0.1192
1.0000,0.0815,-0.1146
1.0000,0.0823,-0.1164
1.0000,0.0916,-0.1094
1.0000,0.0969,-0.1062
1.0000,0.0975,-0.1075
1.0000,0.1032,-0.1033
1.0000,0.1065,-0.1012
1.0000,0.1141,-0.0945
1.0000,0.1164,-0.0928
1.0000,0.1188,-0.0907
1.0000,0.1252,-0.0843
1.0000,0.1278,-0.0814
1.0000,0.1312,-0.0773
1.0000,0.1379,-0.0696
1.0000,0.1417,-0.0646
1.0000,0.1431,-0.0615
1.0000,0.1448,-0.0578
1.0000,0.1499,-0.0505
1.0000,0.1522,-0.0455
1.0000,0.1538,-0.0410
1.0000,0.1572,-0.0342
1.0000,0.1607,-0.0272
1.0000,0.1612,-0.0228
1.0000,0.1651,-0.0145
1.0000,0.1643,-0.0107
1.0000,0.1648,-0.0054
1.0000,0.1660,0.0011
1.0000,0.1671,0.0078
1.0000,0.1673,0.0138
1.0000,0.1698,0.0225
1.0000,0.1672,0.0262
1.0000,0.1662,0.0320
1.0000,0.1707,0.0435
1.0000,0.1662,0.0463
1.0000,0.1661,0.0537
1.0000,0.1628,0.0583
1.0000,0.1634,0.0669
1.0000,0.1624,0.0742
1.0000,0.1581,0.0784
1.0000,0.1565,0.0855
1.0000,0.1528,0.0907
1.0000,0.1536,0.1006
1.0000,0.1510,0.1073
1.0000,0.1480,0.1138
1.0000,0.1430,0.1184
1.0000,0.1371,0.1223
1.0000,0.1336,0.1286
1.0000,0.1294,0.1344
1.0000,0.1256,0.1407
1.0000,0.1214,0.1467
1.0000,0.1168,0.1524
1.0000,0.1110,0.1568
1.0000,0.1081,0.1643
1.0000,0.0981,0.1647
1.0000,0.0945,0.1715
1.0000,0.0864,0.1737
1.0000,0.0794,0.1770
1.0000,0.0733,0.1812
1.0000,0.0661,0.1843
1.0000,0.0642,0.1926
1.0000,0.0536,0.1921
1.0000,0.0460,0.1945
1.0000,0.0393,0.1977
1.0000,0.0355,0.2036
1.0000,0.0256,0.2033
1.0000,0.0199,0.2070
1.0000,0.0117,0.2080
1.0000,0.0005,0.2059
1.0000,-0.0078,0.2064
1.0000,-0.0129,0.2099
1.0000,-0.0229,0.2082
1.0000,-0.0273,0.2119
1.0000,-0.0386,0.2084
1.0000,-0.0475,0.2070
1.0000,-0.0530,0.2087
1.0000,-0.0619,0.2068
1.0000,-0.0720,0.2031
1.0000,-0.0803,0.2010
1.0000,-0.0867,0.2005
1.0000,-0.0937,0.1990
1.0000,-0.1032,0.1947
1.0000,-0.1081,0.1944
1.0000,-0.1189,0.1880
1.0000,-0.1248,0.1860
1.0000,-0.1335,0.1808
1.0000,-0.1373,0.1800
1.0000,-0.1462,0.1738
1.0000,-0.1542,0.1680
1.0000,-0.1583,0.1656
1.0000,-0.1702,0.1549
1.0000,-0.1755,0.1504
1.0000,-0.1798,0.1465
1.0000,-0.1848,0.1413
1.0000,-0.1951,0.1303
1.0000,-0.1996,0.1247
1.0000,-0.2045,0.1182
1.0000,-0.2082,0.1124
1.0000,-0.2127,0.1053
1.0000,-0.2179,0.0972
1.0000,-0.2238,0.0876
1.0000,-0.2263,0.0812
1.0000,-0.2335,0.0695
1.0000,-0.2342,0.0638
1.0000,-0.2402,0.0523
1.0000,-0.2425,0.0441
1.0000,-0.2446,0.0356
1.0000,-0.2431,0.0302
1.0000,-0.2472,0.0188
1.0000,-0.2509,0.0073
1.0000,-0.2476,0.0024
1.0000,-0.2522,-0.0108
1.0000,-0.2497,-0.0173
1.0000,-0.2514,-0.0285
1.0000,-0.2528,-0.0399
1.0000,-0.2491,-0.0464
1.0000,-0.2495,-0.0575
1.0000,-0.2459,-0.0648
1.0000,-0.2455,-0.0758
1.0000,-0.2437,-0.0857
1.0000,-0.2434,-0.0973
1.0000,-0.2362,-0.1025
1.0000,-0.2350,-0.1139
1.0000,-0.2299,-0.1216
1.0000,-0.2304,-0.1352
1.0000,-0.2253,-0.1435
1.0000,-0.2164,-0.1482
1.0000,-0.2155,-0.1611
1.0000,-0.2086,-0.1682
1.0000,-0.2043,-0.1780
1.0000,-0.1968,-0.1848
1.0000,-0.1911,-0.1935
1.0000,-0.1830,-0.1999
1.0000,-0.1787,-0.2102
1.0000,-0.1677,-0.2139
1.0000,-0.1623,-0.2232
1.0000,-0.1563,-0.2319
1.0000,-0.1457,-0.2359
1.0000,-0.1380,-0.2429
1.0000,-0.1290,-0.2486
1.0000,-0.1181,-0.2522
1.0000,-0.1088,-0.2574
1.0000,-0.1021,-0.2651
1.0000,-0.0929,-0.2701
1.0000,-0.0828,-0.2741
1.0000,-0.0702,-0.2754
1.0000,-0.0620,-0.2809
1.0000,-0.0477,-0.2800
1.0000,-0.0386,-0.2842
1.0000,-0.0291,-0.2876
1.0000,-0.0176,-0.2888
1.0000,-0.0049,-0.2885
1.0000,0.0043,-0.2913
1.0000,0.0160,-0.2913
1.0000,0.0258,-0.2929
1.0000,0.0378,-0.2919
1.0000,0.0496,-0.2906
1.0000,0.0589,-0.2914
1.0000,0.0713,-0.2887
1.0000,0.0809,-0.2884
1.0000,0.0922,-0.2858
1.0000,0.1036,-0.2827
1.0000,0.1171,-0.2769
1.0000,0.1253,-0.2761
1.0000,0.1384,-0.2697
1.0000,0.1470,-0.2672
1.0000,0.1554,-0.2645
1.0000,0.1686,-0.2562
1.0000,0.1782,-0.2511
1.0000,0.1855,-0.2476
1.0000,0.1956,-0.2409
1.0000,0.2060,-0.2331
1.0000,0.2179,-0.2233
1.0000,0.2257,-0.2168
1.0000,0.2358,-0.2075
1.0000,0.2449,-0.1986
1.0000,0.2519,-0.1911
1.0000,0.2609,-0.1810
1.0000,0.2653,-0.1748
1.0000,0.2753,-0.1623
1.0000,0.2789,-0.1557
1.0000,0.2866,-0.1443
1.0000,0.2927,-0.1338
1.0000,0.2978,-0.1236
1.0000,0.3026,-0.1133
1.0000,0.3105,-0.0990
1.0000,0.3159,-0.0868
1.0000,0.3180,-0.0770
1.0000,0.3222,-0.0647
1.0000,0.3265,-0.0516
1.0000,0.3258,-0.0430
1.0000,0.3310,-0.0278
1.0000,0.3294,-0.0188
1.0000,0.3330,-0.0042
1.0000,0.3328,0.0073
1.0000,0.3336,0.0203
1.0000,0.3323,0.0318
1.0000,0.3314,0.0441
1.0000,0.3347,0.0610
1.0000,0.3309,0.0715
1.0000,0.3279,0.0831
1.0000,0.3265,0.0969
1.0000,0.3213,0.1071
1.0000,0.3185,0.1203
1.0000,0.3161,0.1342
1.0000,0.3135,0.1483
1.0000,0.3077,0.1594
1.0000,0.3022,0.1712
1.0000,0.2957,0.1823
1.0000,0.2906,0.1951
1.0000,0.2806,0.2032
1.0000,0.2780,0.2189
1.0000,0.2693,0.2286
1.0000,0.2595,0.2375
1.0000,0.2540,0.2508
1.0000,0.2413,0.2571
1.0000,0.2318,0.2666
1.0000,0.2256,0.2795
1.0000,0.2135,0.2864
1.0000,0.2035,0.2955
1.0000,0.1906,0.3017
1.0000,0.1802,0.3102
1.0000,0.1706,0.3196
1.0000,0.1583,0.3261
1.0000,0.1447,0.3312
1.0000,0.1322,0.3372
1.0000,0.1197,0.3430
1.0000,0.1109,0.3523
1.0000,0.0973,0.3565
1.0000,0.0833,0.3602
1.0000,0.0707,0.3648
1.0000,0.0557,0.3668
1.0000,0.0427,0.3703
1.0000,0.0259,0.3697
1.0000,0.0163,0.3759
1.0000,-0.0024,0.3726
1.0000,-0.0129,0.3770
1.0000,-0.0262,0.3781
1.0000,-0.0446,0.3736
1.0000,-0.0576,0.3741
1.0000,-0.0706,0.3739
1.0000,-0.0878,0.3690
1.0000,-0.1006,0.3678
1.0000,-0.1116,0.3678
1.0000,-0.1261,0.3638
1.0000,-0.1421,0.3576
1.0000,-0.1563,0.3525
1.0000,-0.1693,0.3479
1.0000,-0.1808,0.3442
1.0000,-0.1943,0.3377
1.0000,-0.2081,0.3302
1.0000,-0.2209,0.3229
1.0000,-0.2330,0.3156
1.0000,-0.2455,0.3071
1.0000,-0.2577,0.2981
1.0000,-0.2690,0.2894
1.0000,-0.2799,0.2801
1.0000,-0.2918,0.2691
1.0000,-0.3041,0.2569
1.0000,-0.3131,0.2471
1.0000,-0.3214,0.2374
1.0000,-0.3322,0.2241
1.0000,-0.3426,0.2107
1.0000,-0.3492,0.2001
1.0000,-0.3613,0.1832
1.0000,-0.3652,0.1737
1.0000,-0.3758,0.1567
1.0000,-0.3819,0.1434
1.0000,-0.3840,0.1334
1.0000,-0.3910,0.1176
1.0000,-0.3968,0.1023
1.0000,-0.3994,0.0894
1.0000,-0.4079,0.0699
1.0000,-0.4088,0.0571
1.0000,-0.4104,0.0430
1.0000,-0.4131,0.0272
1.0000,-0.4159,0.0105
1.0000,-0.4163,-0.0045
1.0000,-0.4160,-0.0195
1.0000,-0.4178,-0.0373
1.0000,-0.4166,-0.0525
1.0000,-0.4143,-0.0673
1.0000,-0.4109,-0.0817
1.0000,-0.4103,-0.0994
1.0000,-0.4062,-0.1140
1.0000,-0.4047,-0.1319
1.0000,-0.4003,-0.1472
1.0000,-0.3928,-0.1600
1.0000,-0.3897,-0.1775
1.0000,-0.3834,-0.1923
1.0000,-0.3751,-0.2055
1.0000,-0.3673,-0.2194
1.0000,-0.3597,-0.2339
1.0000,-0.3557,-0.2523
1.0000,-0.3449,-0.2642
1.0000,-0.3355,-0.2777
1.0000,-0.3262,-0.2913
1.0000,-0.3162,-0.3045
1.0000,-0.3028,-0.3145
1.0000,-0.2932,-0.3283
1.0000,-0.2823,-0.3408
1.0000,-0.2658,-0.3479
1.0000,-0.2547,-0.3603
1.0000,-0.2413,-0.3703
1.0000,-0.2279,-0.3802
1.0000,-0.2135,-0.3891
1.0000,-0.2004,-0.3991
1.0000,-0.1868,-0.4083
1.0000,-0.1686,-0.4129
1.0000,-0.1524,-0.4191
1.0000,-0.1403,-0.4293
1.0000,-0.1207,-0.4315
1.0000,-0.1057,-0.4380
1.0000,-0.0903,-0.4437
1.0000,-0.0733,-0.4474
1.0000,-0.0586,-0.4530
1.0000,-0.0377,-0.4519
1.0000,-0.0247,-0.4581
1.0000,-0.0061,-0.4583
1.0000,0.0121,-0.4583
1.0000,0.0313,-0.4567
1.0000,0.0442,-0.4607
1.0000,0.0612,-0.4600
1.0000,0.0787,-0.4582
1.0000,0.0969,-0.4550
1.0000,0.1178,-0.4483
1.0000,0.1306,-0.4489
1.0000,0.1499,-0.4423
1.0000,0.1668,-0.4372
1.0000,0.1858,-0.4293
1.0000,0.2011,-0.4243
1.0000,0.2183,-0.4164
1.0000,0.2301,-0.4132
1.0000,0.2486,-0.4024
1.0000,0.2651,-0.3925
1.0000,0.2815,-0.3820
1.0000,0.2954,-0.3729
1.0000,0.3088,-0.3635
1.0000,0.3213,-0.3541
1.0000,0.3383,-0.3391
1.0000,0.3516,-0.3269
1.0000,0.3623,-0.3163
1.0000,0.3758,-0.3020
1.0000,0.3853,-0.2907
1.0000,0.3978,-0.2754
1.0000,0.4113,-0.2581
1.0000,0.4218,-0.2428
1.0000,0.4299,-0.2290
1.0000,0.4405,-0.2118
1.0000,0.4481,-0.1964
1.0000,0.4566,-0.1794
1.0000,0.4645,-0.1619
1.0000,0.4701,-0.1458
1.0000,0.4749,-0.1296
1.0000,0.4795,-0.1127
1.0000,0.4863,-0.0927
1.0000,0.4928,-0.0721
1.0000,0.4931,-0.0568
1.0000,0.4986,-0.0355
1.0000,0.4982,-0.0193
1.0000,0.4994,-0.0006
1.0000,0.5020,0.0202
1.0000,0.5009,0.0382
1.0000,0.4996,0.0566
1.0000,0.5003,0.0778
1.0000,0.4975,0.0961
1.0000,0.4936,0.1140
1.0000,0.4890,0.1318
1.0000,0.4865,0.1524
1.0000,0.4804,0.1698
1.0000,0.4727,0.1862
1.0000,0.4691,0.2073
1.0000,0.4625,0.2258
1.0000,0.4548,0.2436
1.0000,0.4452,0.2600
1.0000,0.4350,0.2761
1.0000,0.4258,0.2936
1.0000,0.4130,0.3077
1.0000,0.4012,0.3231
1.0000,0.3900,0.3393
1.0000,0.3811,0.3580
1.0000,0.3666,0.3712
1.0000,0.3537,0.3862
1.0000,0.3377,0.3980
1.0000,0.3225,0.4107
1.0000,0.3068,0.4229
1.0000,0.2943,0.4383
1.0000,0.2791,0.4508
1.0000,0.2592,0.4585
1.0000,0.2441,0.4708
1.0000,0.2231,0.4770
1.0000,0.2095,0.4903
1.0000,0.1902,0.4976
1.0000,0.1702,0.5039
1.0000,0.1500,0.5097
1.0000,0.1332,0.5184
1.0000,0.1132,0.5233
1.0000,0.0942,0.5289
1.0000,0.0737,0.5324
1.0000,0.0545,0.5367
1.0000,0.0341,0.5392
1.0000,0.0149,0.5421
1.0000,-0.0074,0.5414
1.0000,-0.0277,0.5419
1.0000,-0.0477,0.5420
1.0000,-0.0682,0.5408
1.0000,-0.0896,0.5380
1.0000,-0.1088,0.5364
1.0000,-0.1301,0.5319
1.0000,-0.1518,0.5262
1.0000,-0.1678,0.5253
1.0000,-0.1875,0.5196
1.0000,-0.2098,0.5105
1.0000,-0.2269,0.5055
1.0000,-0.2490,0.4946
1.0000,-0.2665,0.4872
1.0000,-0.2847,0.4781
1.0000,-0.3058,0.4651
1.0000,-0.3238,0.4540
1.0000,-0.3401,0.4435
1.0000,-0.3553,0.4331
1.0000,-0.3746,0.4175
1.0000,-0.3918,0.4028
1.0000,-0.4039,0.3922
1.0000,-0.4206,0.3758
1.0000,-0.4337,0.3618
1.0000,-0.4504,0.3431
1.0000,-0.4651,0.3253
1.0000,-0.4735,0.3125
1.0000,-0.4896,0.2911
1.0000,-0.4994,0.2747
1.0000,-0.5081,0.2583
1.0000,-0.5192,0.2384
1.0000,-0.5288,0.2189
1.0000,-0.5372,0.1995
1.0000,-0.5490,0.1755
1.0000,-0.5565,0.1549
1.0000,-0.5627,0.1344
1.0000,-0.5684,0.1134
1.0000,-0.5694,0.0961
1.0000,-0.5768,0.0713
1.0000,-0.5798,0.0500
1.0000,-0.5791,0.0314
1.0000,-0.5811,0.0092
1.0000,-0.5826,-0.0135
1.0000,-0.5860,-0.0389
1.0000,-0.5854,-0.0612
1.0000,-0.5790,-0.0785
1.0000,-0.5775,-0.1015
1.0000,-0.5759,-0.1252
1.0000,-0.5711,-0.1464
1.0000,-0.5668,-0.1688
1.0000,-0.5606,-0.1899
1.0000,-0.5547,-0.2120
1.0000,-0.5445,-0.2303
1.0000,-0.5380,-0.2529
1.0000,-0.5291,-0.2737
1.0000,-0.5173,-0.2920
1.0000,-0.5093,-0.3144
1.0000,-0.4996,-0.3357
1.0000,-0.4830,-0.3502
1.0000,-0.4726,-0.3713
1.0000,-0.4595,-0.3900
1.0000,-0.4468,-0.4094
1.0000,-0.4324,-0.4270
1.0000,-0.4129,-0.4398
1.0000,-0.3970,-0.4561
1.0000,-0.3784,-0.4699
1.0000,-0.3626,-0.4864
1.0000,-0.3436,-0.4996
1.0000,-0.3243,-0.5125
1.0000,-0.3071,-0.5273
1.0000,-0.2859,-0.5378
1.0000,-0.2680,-0.5514
1.0000,-0.2475,-0.5621
1.0000,-0.2250,-0.5705
1.0000,-0.2045,-0.5804
1.0000,-0.1833,-0.5892
1.0000,-0.1608,-0.5962
1.0000,-0.1393,-0.6037
1.0000,-0.1138,-0.6067
1.0000,-0.0939,-0.6146
1.0000,-0.0718,-0.6196
1.0000,-0.0456,-0.6199
1.0000,-0.0244,-0.6244
1.0000,0.0023,-0.6227
1.0000,0.0258,-0.6233
1.0000,0.0490,-0.6234
1.0000,0.0731,-0.6217
1.0000,0.0939,-0.6225
1.0000,0.1172,-0.6197
1.0000,0.1396,-0.6168
1.0000,0.1654,-0.6096
1.0000,0.1885,-0.6040
1.0000,0.2104,-0.5985
1.0000,0.2362,-0.5880
1.0000,0.2543,-0.5840
1.0000,0.2793,-0.5721
1.0000,0.3000,-0.5633
1.0000,0.3244,-0.5495
1.0000,0.3417,-0.5416
1.0000,0.3633,-0.5282
1.0000,0.3830,-0.5154
1.0000,0.4027,-0.5014
1.0000,0.4206,-0.4880
1.0000,0.4395,-0.4722
1.0000,0.4594,-0.4542
1.0000,0.4763,-0.4378
1.0000,0.4939,-0.4195
1.0000,0.5100,-0.4013
1.0000,0.5254,-0.3825
1.0000,0.5418,-0.3614
1.0000,0.5542,-0.3431
1.0000,0.5658,-0.3242
1.0000,0.5820,-0.2994
1.0000,0.5910,-0.2806
1.0000,0.6029,-0.2575
1.0000,0.6120,-0.2360
1.0000,0.6233,-0.2110
1.0000,0.6312,-0.1883
1.0000,0.6407,-0.1627
1.0000,0.6440,-0.1421
1.0000,0.6535,-0.1142
1.0000,0.6552,-0.0929
1.0000,0.6597,-0.0676
1.0000,0.6641,-0.0414
1.0000,0.6675,-0.0150
1.0000,0.6690,0.0105
1.0000,0.6669,0.0334
1.0000,0.6674,0.0598
1.0000,0.6661,0.0853
1.0000,0.6628,0.1099
1.0000,0.6586,0.1344
1.0000,0.6555,0.1607
1.0000,0.6508,0.1863
1.0000,0.6440,0.2106
1.0000,0.6363,0.2347
1.0000,0.6278,0.2586
1.0000,0.6184,0.2823
1.0000,0.6051,0.3026
1.0000,0.5967,0.3284
1.0000,0.5831,0.3494
1.0000,0.5712,0.3726
1.0000,0.5580,0.3950
1.0000,0.5417,0.4144
1.0000,0.5259,0.4347
1.0000,0.5131,0.4583
1.0000,0.4926,0.4743
1.0000,0.4789,0.4972
1.0000,0.4580,0.5131
1.0000,0.4398,0.5316
1.0000,0.4175,0.5461
1.0000,0.4000,0.5652
1.0000,0.3774,0.5792
1.0000,0.3555,0.5936
1.0000,0.3346,0.6088
1.0000,0.3143,0.6243
1.0000,0.2886,0.6341
1.0000,0.2651,0.6457
1.0000,0.2419,0.6571
1.0000,0.2176,0.6670
1.0000,0.1927,0.6758
1.0000,0.1670,0.6830
1.0000,0.1408,0.6892
1.0000,0.1126,0.6927
1.0000,0.0873,0.6983
1.0000,0.0607,0.7020
1.0000,0.0345,0.7051
1.0000,0.0066,0.7056
1.0000,-0.0184,0.7081
1.0000,-0.0468,0.7064
1.0000,-0.0739,0.7048
1.0000,-0.1005,0.7028
1.0000,-0.1223,0.7045
1.0000,-0.1528,0.6963
1.0000,-0.1759,0.6945
1.0000,-0.2053,0.6851
1.0000,-0.2289,0.6803
1.0000,-0.2554,0.6713
1.0000,-0.2804,0.6627
1.0000,-0.3090,0.6490
1.0000,-0.3314,0.6403
1.0000,-0.3574,0.6266
1.0000,-0.3818,0.6132
1.0000,-0.4007,0.6038
1.0000,-0.4262,0.5865
1.0000,-0.4478,0.5716
1.0000,-0.4719,0.5528
1.0000,-0.4907,0.5378
1.0000,-0.5114,0.5196
1.0000,-0.5343,0.4976
1.0000,-0.5513,0.4800
1.0000,-0.5697,0.4596
1.0000,-0.5872,0.4386
1.0000,-0.6060,0.4149
1.0000,-0.6202,0.3942
1.0000,-0.6346,0.3719
1.0000,-0.6481,0.3490
1.0000,-0.6659,0.3205
1.0000,-0.6745,0.2997
1.0000,-0.6901,0.2704
1.0000,-0.6963,0.2491
1.0000,-0.7082,0.2208
1.0000,-0.7149,0.1962
1.0000,-0.7249,0.1670
1.0000,-0.7344,0.1370
1.0000,-0.7362,0.1134
1.0000,-0.7445,0.0820
1.0000,-0.7473,0.0549
1.0000,-0.7507,0.0260
1.0000,-0.7493,0.0007
1.0000,-0.7480,-0.0259
1.0000,-0.7511,-0.0578
1.0000,-0.7467,-0.0835
1.0000,-0.7479,-0.1157
1.0000,-0.7423,-0.1422
1.0000,-0.7364,-0.1692
1.0000,-0.7293,-0.1960
1.0000,-0.7221,-0.2235
1.0000,-0.7174,-0.2543
1.0000,-0.7089,-0.2820
1.0000,-0.6976,-0.3077
1.0000,-0.6840,-0.3317
1.0000,-0.6743,-0.3603
1.0000,-0.6581,-0.3828
1.0000,-0.6454,-0.4094
1.0000,-0.6303,-0.4340
1.0000,-0.6173,-0.4611
1.0000,-0.5993,-0.4835
1.0000,-0.5811,-0.5060
1.0000,-0.5633,-0.5291
1.0000,-0.5434,-0.5503
1.0000,-0.5210,-0.5690
1.0000,-0.5028,-0.5920
1.0000,-0.4756,-0.6060
1.0000,-0.4562,-0.6276
1.0000,-0.4309,-0.6433
1.0000,-0.4064,-0.6596
1.0000,-0.3834,-0.6770
1.0000,-0.3555,-0.6894
1.0000,-0.3326,-0.7062
1.0000,-0.3037,-0.7167
1.0000,-0.2771,-0.7291
1.0000,-0.2536,-0.7438
1.0000,-0.2242,-0.7523
1.0000,-0.1966,-0.7617
1.0000,-0.1683,-0.7698
1.0000,-0.1383,-0.7754
1.0000,-0.1094,-0.7813
1.0000,-0.0792,-0.7850
1.0000,-0.0484,-0.7873
1.0000,-0.0215,-0.7924
1.0000,0.0124,-0.7895
1.0000,0.0399,-0.7920
1.0000,0.0719,-0.7888
1.0000,0.1022,-0.7862
1.0000,0.1313,-0.7835
1.0000,0.1574,-0.7828
1.0000,0.1869,-0.7772
1.0000,0.2182,-0.7685
1.0000,0.2470,-0.7611
1.0000,0.2753,-0.7527
1.0000,0.3050,-0.7415
1.0000,0.3330,-0.7305
1.0000,0.3605,-0.7187
1.0000,0.3861,-0.7072
1.0000,0.4140,-0.6918
1.0000,0.4415,-0.6754
1.0000,0.4657,-0.6606
1.0000,0.4938,-0.6404
1.0000,0.5143,-0.6261
1.0000,0.5398,-0.6053
1.0000,0.5615,-0.5866
1.0000,0.5867,-0.5628
1.0000,0.6079,-0.5415
1.0000,0.6288,-0.5187
1.0000,0.6468,-0.4972
1.0000,0.6667,-0.4721
1.0000,0.6841,-0.4479
1.0000,0.7005,-0.4231
1.0000,0.7174,-0.3962
1.0000,0.7354,-0.3666
1.0000,0.7483,-0.3404
1.0000,0.7634,-0.3105
1.0000,0.7716,-0.2859
1.0000,0.7848,-0.2548
1.0000,0.7948,-0.2253
1.0000,0.8048,-0.1943
1.0000,0.8120,-0.1646
1.0000,0.8204,-0.1324
1.0000,0.8256,-0.1019
1.0000,0.8289,-0.0719
1.0000,0.8287,-0.0440
1.0000,0.8323,-0.0111
1.0000,0.8319,0.0191
1.0000,0.8357,0.0548
1.0000,0.8340,0.0862
1.0000,0.8295,0.1159
1.0000,0.8226,0.1442
1.0000,0.8181,0.1761
1.0000,0.8143,0.2096
1.0000,0.8061,0.2397
1.0000,0.7995,0.2723
1.0000,0.7891,0.3019
1.0000,0.7741,0.3278
1.0000,0.7645,0.3597
1.0000,0.7521,0.3895
1.0000,0.7350,0.4153
1.0000,0.7226,0.4463
1.0000,0.7035,0.4711
1.0000,0.6866,0.4985
1.0000,0.6702,0.5269
1.0000,0.6477,0.5494
1.0000,0.6265,0.5734
1.0000,0.6082,0.6006
1.0000,0.5838,0.6218
1.0000,0.5594,0.6430
1.0000,0.5356,0.6649
1.0000,0.5135,0.6882
1.0000,0.4897,0.7098
1.0000,0.4584,0.7237
1.0000,0.4336,0.7438
1.0000,0.4076,0.7624
1.0000,0.3758,0.7748
1.0000,0.3468,0.7895
1.0000,0.3166,0.8024
1.0000,0.2906,0.8190
1.0000,0.2597,0.8300
1.0000,0.2283,0.8398
1.0000,0.1933,0.8452
1.0000,0.1610,0.8525
1.0000,0.1313,0.8615
1.0000,0.0991,0.8671
1.0000,0.0664,0.8711
1.0000,0.0325,0.8730
1.0000,0.0002,0.8752
1.0000,-0.0320,0.8764
1.0000,-0.0670,0.8735
1.0000,-0.0967,0.8747
1.0000,-0.1298,0.8713
1.0000,-0.1637,0.8656
1.0000,-0.1976,0.8586
1.0000,-0.2279,0.8536
1.0000,-0.2618,0.8437
1.0000,-0.2934,0.8344
1.0000,-0.3236,0.8250
1.0000,-0.3588,0.8091
1.0000,-0.3868,0.7987
1.0000,-0.4168,0.7847
1.0000,-0.4490,0.7668
1.0000,-0.4773,0.7510
1.0000,-0.5043,0.7349
1.0000,-0.5344,0.7140
1.0000,-0.5600,0.6957
1.0000,-0.5861,0.6752
1.0000,-0.6114,0.6537
1.0000,-0.6374,0.6297
1.0000,-0.6639,0.6034
1.0000,-0.6855,0.5802
1.0000,-0.7087,0.5537
1.0000,-0.7256,0.5315
1.0000,-0.7476,0.5025
1.0000,-0.7658,0.4755
1.0000,-0.7841,0.4466
1.0000,-0.8032,0.4151
1.0000,-0.8196,0.3846
1.0000,-0.8349,0.3534
1.0000,-0.8464,0.3243
1.0000,-0.8605,0.2909
1.0000,-0.8711,0.2593
1.0000,-0.8819,0.2259
1.0000,-0.8907,0.1927
1.0000,-0.8978,0.1598
1.0000,-0.9041,0.1260
1.0000,-0.9111,0.0900
1.0000,-0.9154,0.0553
1.0000,-0.9145,0.0242
1.0000,-0.9158,-0.0104
1.0000,-0.9142,-0.0435
1.0000,-0.9163,-0.0816
1.0000,-0.9111,-0.1136
1.0000,-0.9098,-0.1508
1.0000,-0.9013,-0.1820
1.0000,-0.8945,-0.2159
1.0000,-0.8887,-0.2520
1.0000,-0.8776,-0.2837
1.0000,-0.8689,-0.3187
1.0000,-0.8557,-0.3502
1.0000,-0.8462,-0.3861
1.0000,-0.8283,-0.4145
1.0000,-0.8135,-0.4466
1.0000,-0.7992,-0.4798
1.0000,-0.7783,-0.5070
1.0000,-0.7638,-0.5410
1.0000,-0.7439,-0.5702
1.0000,-0.7193,-0.5948
1.0000,-0.6962,-0.6214
1.0000,-0.6775,-0.6525
1.0000,-0.6495,-0.6745
1.0000,-0.6277,-0.7028
1.0000,-0.5980,-0.7231
1.0000,-0.5733,-0.7484
1.0000,-0.5467,-0.7716
1.0000,-0.5138,-0.7884
1.0000,-0.4835,-0.8074
1.0000,-0.4539,-0.8268
1.0000,-0.4231,-0.8445
1.0000,-0.3907,-0.8602
1.0000,-0.3597,-0.8766
1.0000,-0.3256,-0.8894
1.0000,-0.2927,-0.9026
1.0000,-0.2580,-0.9133
1.0000,-0.2262,-0.9260
1.0000,-0.1895,-0.9330
1.0000,-0.1538,-0.9399
1.0000,-0.1178,-0.9456
1.0000,-0.0834,-0.9517
1.0000,-0.0462,-0.9539
1.0000,-0.0141,-0.9600
1.0000,0.0216,-0.9612
1.0000,0.0590,-0.9593
1.0000,0.0947,-0.9579
1.0000,0.1337,-0.9517
1.0000,0.1687,-0.9479
1.0000,0.2018,-0.9447
1.0000,0.2396,-0.9351
1.0000,0.2774,-0.9238
1.0000,0.3105,-0.9157
1.0000,0.3459,-0.9035
1.0000,0.3807,-0.8903
1.0000,0.4113,-0.8794
1.0000,0.4483,-0.8603
1.0000,0.4764,-0.8484
1.0000,0.5104,-0.8287
1.0000,0.5446,-0.8068
1.0000,0.5749,-0.7870
1.0000,0.6012,-0.7692
1.0000,0.6298,-0.7472
1.0000,0.6587,-0.7231
1.0000,0.6894,-0.6951
1.0000,0.7132,-0.6721
1.0000,0.7377,-0.6463
1.0000,0.7670,-0.6139
1.0000,0.7890,-0.5867
1.0000,0.8088,-0.5597
1.0000,0.8324,-0.5271
1.0000,0.8507,-0.4977
1.0000,0.8707,-0.4647
1.0000,0.8870,-0.4335
1.0000,0.9074,-0.3963
1.0000,0.9178,-0.3671
1.0000,0.9344,-0.3299
1.0000,0.9462,-0.2957
1.0000,0.9593,-0.2583
1.0000,0.9697,-0.2219
1.0000,0.9787,-0.1851
1.0000,0.9843,-0.1501
1.0000,0.9927,-0.1105
1.0000,0.9934,-0.0769
1.0000,1.0000,-0.0360
1.0000,0.9996,-0.0004
2.0000,-0.0018,-0.0008
2.0000,-0.0022,-0.0001
2.0000,0.0010,0.0044
2.0000,-0.0013,0.0032
2.0000,0.0007,0.0065
2.0000,-0.0015,0.0057
2.0000,-0.0027,0.0059
2.0000,-0.0044,0.0056
2.0000,-0.0049,0.0066
2.0000,-0.0021,0.0109
2.0000,-0.0025,0.0120
2.0000,-0.0047,0.0113
2.0000,-0.0050,0.0126
2.0000,-0.0097,0.0095
2.0000,-0.0057,0.0150
2.0000,-0.0078,0.0144
2.0000,-0.0112,0.0126
2.0000,-0.0128,0.0125
2.0000,-0.0106,0.0162
2.0000,-0.0152,0.0130
2.0000,-0.0138,0.0159
2.0000,-0.0171,0.0140
2.0000,-0.0183,0.0141
2.0000,-0.0191,0.0146
2.0000,-0.0224,0.0125
2.0000,-0.0228,0.0132
2.0000,-0.0240,0.0132
2.0000,-0.0258,0.0123
2.0000,-0.0267,0.0124
2.0000,-0.0289,0.0110
2.0000,-0.0295,0.0111
2.0000,-0.0311,0.0102
2.0000,-0.0306,0.0113
2.0000,-0.0340,0.0083
2.0000,-0.0360,0.0066
2.0000,-0.0359,0.0069
2.0000,-0.0372,0.0057
2.0000,-0.0368,0.0061
2.0000,-0.0362,0.0065
2.0000,-0.0415,0.0009
2.0000,-0.0428,-0.0007
2.0000,-0.0418,-0.0003
2.0000,-0.0423,-0.0015
2.0000,-0.0451,-0.0051
2.0000,-0.0447,-0.0057
2.0000,-0.0437,-0.0058
2.0000,-0.0440,-0.0073
2.0000,-0.0443,-0.0090
2.0000,-0.0496,-0.0158
2.0000,-0.0488,-0.0167
2.0000,-0.0483,-0.0180
2.0000,-0.0457,-0.0173
2.0000,-0.0489,-0.0227
2.0000,-0.0505,-0.0265
2.0000,-0.0491,-0.0274
2.0000,-0.0460,-0.0268
2.0000,-0.0470,-0.0304
2.0000,-0.0476,-0.0337
2.0000,-0.0471,-0.0361
2.0000,-0.0441,-0.0361
2.0000,-0.0448,-0.0400
2.0000,-0.0461,-0.0445
2.0000,-0.0457,-0.0474
2.0000,-0.0404,-0.0455
2.0000,-0.0421,-0.0507
2.0000,-0.0416,-0.0539
2.0000,-0.0361,-0.0521
2.0000,-0.0386,-0.0584
2.0000,-0.0369,-0.0605
2.0000,-0.0352,-0.0628
2.0000,-0.0317,-0.0634
2.0000,-0.0309,-0.0666
2.0000,-0.0269,-0.0667
2.0000,-0.0245,-0.0685
2.0000,-0.0235,-0.0716
2.0000,-0.0203,-0.0726
2.0000,-0.0164,-0.0730
2.0000,-0.0137,-0.0746
2.0000,-0.0145,-0.0796
2.0000,-0.0092,-0.0785
2.0000,-0.0085,-0.0821
2.0000,-0.0035,-0.0813
2.0000,-0.0027,-0.0847
2.0000,0.0028,-0.0833
2.0000,0.0049,-0.0853
2.0000,0.0073,-0.0869
2.0000,0.0109,-0.0873
2.0000,0.0129,-0.0891
2.0000,0.0205,-0.0853
2.0000,0.0209,-0.0887
2.0000,0.0258,-0.0874
2.0000,0.0292,-0.0875
2.0000,0.0311,-0.0889
2.0000,0.0356,-0.0877
2.0000,0.0402,-0.0862
2.0000,0.0458,-0.0836
2.0000,0.0480,-0.0842
2.0000,0.0522,-0.0827
2.0000,0.0542,-0.0831
2.0000,0.0583,-0.0814
2.0000,0.0642,-0.0777
2.0000,0.0672,-0.0766
2.0000,0.0690,-0.0765
2.0000,0.0731,-0.0740
2.0000,0.0771,-0.0713
2.0000,0.0776,-0.0719
2.0000,0.0853,-0.0652
2.0000,0.0882,-0.0629
2.0000,0.0912,-0.0604
2.0000,0.0935,-0.0583
2.0000,0.0947,-0.0571
2.0000,0.0978,-0.0538
2.0000,0.1014,-0.0496
2.0000,0.1049,-0.0454
2.0000,0.1072,-0.0421
2.0000,0.1083,-0.0397
2.0000,0.1096,-0.0369
2.0000,0.1160,-0.0287
2.0000,0.1134,-0.0293
2.0000,0.1189,-0.0215
2.0000,0.1181,-0.0197
2.0000,0.1234,-0.0116
2.0000,0.1243,-0.0076
2.0000,0.1226,-0.0060
2.0000,0.1242,-0.0008
2.0000,0.1252,0.0040
2.0000,0.1291,0.0120
2.0000,0.1295,0.0167
2.0000,0.1294,0.0212
2.0000,0.1279,0.0246
2.0000,0.1286,0.0303
2.0000,0.1295,0.0365
2.0000,0.1256,0.0382
2.0000,0.1270,0.0452
2.0000,0.1244,0.0486
2.0000,0.1228,0.0531
2.0000,0.1219,0.0586
2.0000,0.1197,0.0629
2.0000,0.1180,0.0680
2.0000,0.1195,0.0763
2.0000,0.1160,0.0799
2.0000,0.1133,0.0844
2.0000,0.1092,0.0876
2.0000,0.1088,0.0948
2.0000,0.1051,0.0987
2.0000,0.1031,0.1044
2.0000,0.0968,0.1059
2.0000,0.0962,0.1133
2.0000,0.0914,0.1165
2.0000,0.0877,0.1209
2.0000,0.0866,0.1279
2.0000,0.0811,0.1306
2.0000,0.0738,0.1316
2.0000,0.0684,0.1344
2.0000,0.0661,0.1404
2.0000,0.0598,0.1423
2.0000,0.0584,0.1492
2.0000,0.0532,0.1522
2.0000,0.0464,0.1535
2.0000,0.0406,0.1558
2.0000,0.0357,0.1589
2.0000,0.0298,0.1609
2.0000,0.0228,0.1618
2.0000,0.0187,0.1654
2.0000,0.0087,0.1630
2.0000,0.0024,0.1642
2.0000,-0.0028,0.1663
2.0000,-0.0097,0.1666
2.0000,-0.0129,0.1703
2.0000,-0.0228,0.1672
2.0000,-0.0271,0.1694
2.0000,-0.0332,0.1697
2.0000,-0.0413,0.1677
2.0000,-0.0488,0.1661
2.0000,-0.0536,0.1669
2.0000,-0.0601,0.1658
2.0000,-0.0686,0.1624
2.0000,-0.0746,0.1611
2.0000,-0.0825,0.1578
2.0000,-0.0890,0.1554
2.0000,-0.0916,0.1568
2.0000,-0.0998,0.1521
2.0000,-0.1075,0.1476
2.0000,-0.1110,0.1469
2.0000,-0.1203,0.1402
2.0000,-0.1232,0.1394
2.0000,-0.1313,0.1331
2.0000,-0.1362,0.1297
2.0000,-0.1420,0.1249
2.0000,-0.1471,0.1204
2.0000,-0.1499,0.1179
2.0000,-0.1574,0.1103
2.0000,-0.1610,0.1061
2.0000,-0.1637,0.1024
2.0000,-0.1712,0.0937
2.0000,-0.1739,0.0892
2.0000,-0.1817,0.0793
2.0000,-0.1820,0.0764
2.0000,-0.1860,0.0694
2.0000,-0.1889,0.0631
2.0000,-0.1953,0.0530
2.0000,-0.1965,0.0475
2.0000,-0.2011,0.0383
2.0000,-0.2023,0.0321
2.0000,-0.2058,0.0232
2.0000,-0.2065,0.0168
2.0000,-0.2089,0.0083
2.0000,-0.2066,0.0040
2.0000,-0.2089,-0.0052
2.0000,-0.2113,-0.0149
2.0000,-0.2082,-0.0194
2.0000,-0.2117,-0.0309
2.0000,-0.2088,-0.0364
2.0000,-0.2083,-0.0446
2.0000,-0.2088,-0.0540
2.0000,-0.2067,-0.0612
2.0000,-0.2032,-0.0673
2.0000,-0.2034,-0.0774
2.0000,-0.1996,-0.0838
2.0000,-0.2013,-0.0959
2.0000,-0.1938,-0.0991
2.0000,-0.1925,-0.1087
2.0000,-0.1881,-0.1155
2.0000,-0.1857,-0.1244
2.0000,-0.1845,-0.1348
2.0000,-0.1754,-0.1373
2.0000,-0.1724,-0.1462
2.0000,-0.1663,-0.1521
2.0000,-0.1643,-0.1623
2.0000,-0.1580,-0.1682
2.0000,-0.1519,-0.1744
2.0000,-0.1463,-0.1812
2.0000,-0.1367,-0.1842
2.0000,-0.1328,-0.1928
2.0000,-0.1236,-0.1961
2.0000,-0.1176,-0.2027
2.0000,-0.1142,-0.2117
2.0000,-0.1039,-0.2139
2.0000,-0.0973,-0.2197
2.0000,-0.0896,-0.2244
2.0000,-0.0778,-0.2249
2.0000,-0.0743,-0.2335
2.0000,-0.0617,-0.2329
2.0000,-0.0567,-0.2398
2.0000,-0.0472,-0.2420
2.0000,-0.0393,-0.2455
2.0000,-0.0281,-0.2456
2.0000,-0.0162,-0.2448
2.0000,-0.0096,-0.2490
2.0000,-0.0014,-0.2514
2.0000,0.0083,-0.2520
2.0000,0.0179,-0.2524
2.0000,0.0301,-0.2499
2.0000,0.0378,-0.2515
2.0000,0.0458,-0.2525
2.0000,0.0582,-0.2487
2.0000,0.0658,-0.2493
2.0000,0.0769,-0.2461
2.0000,0.0880,-0.2424
2.0000,0.0975,-0.2399
2.0000,0.1032,-0.2408
2.0000,0.1166,-0.2336
2.0000,0.1227,-0.2332
2.0000,0.1352,-0.2258
2.0000,0.1403,-0.2255
2.0000,0.1527,-0.2173
2.0000,0.1619,-0.2117
2.0000,0.1682,-0.2087
2.0000,0.1740,-0.2055
2.0000,0.1840,-0.1977
2.0000,0.1932,-0.1900
2.0000,0.1998,-0.1845
2.0000,0.2061,-0.1787
2.0000,0.2150,-0.1698
2.0000,0.2224,-0.1617
2.0000,0.2314,-0.1516
2.0000,0.2339,-0.1473
2.0000,0.2413,-0.1376
2.0000,0.2467,-0.1293
2.0000,0.2510,-0.1216
2.0000,0.2590,-0.1095
2.0000,0.2636,-0.1004
2.0000,0.2701,-0.0887
2.0000,0.2748,-0.0784
2.0000,0.2765,-0.0704
2.0000,0.2788,-0.0614
2.0000,0.2804,-0.0524
2.0000,0.2842,-0.0408
2.0000,0.2880,-0.0286
2.0000,0.2891,-0.0186
2.0000,0.2912,-0.0071
2.0000,0.2898,0.0015
2.0000,0.2918,0.0139
2.0000,0.2947,0.0276
2.0000,0.2934,0.0377
2.0000,0.2916,0.0477
2.0000,0.2898,0.0581
2.0000,0.2877,0.0686
2.0000,0.2894,0.0833
2.0000,0.2875,0.0949
2.0000,0.2829,0.1040
2.0000,0.2789,0.1142
2.0000,0.2763,0.1261
2.0000,0.2700,0.1346
2.0000,0.2691,0.1487
2.0000,0.2606,0.1557
2.0000,0.2596,0.1702
2.0000,0.2505,0.1769
2.0000,0.2465,0.1890
2.0000,0.2407,0.1994
2.0000,0.2327,0.2078
2.0000,0.2254,0.2171
2.0000,0.2163,0.2246
2.0000,0.2071,0.2322
2.0000,0.2020,0.2439
2.0000,0.1920,0.2508
2.0000,0.1844,0.2601
2.0000,0.1746,0.2672
2.0000,0.1667,0.2761
2.0000,0.1534,0.2797
2.0000,0.1460,0.2890
2.0000,0.1358,0.2954
2.0000,0.1208,0.2969
2.0000,0.1091,0.3016
2.0000,0.0983,0.3069
2.0000,0.0883,0.3129
2.0000,0.0766,0.3170
2.0000,0.0636,0.3195
2.0000,0.0526,0.3237
2.0000,0.0420,0.3280
2.0000,0.0273,0.3280
2.0000,0.0184,0.3333
2.0000,0.0035,0.3323
2.0000,-0.0094,0.3329
2.0000,-0.0233,0.3321
2.0000,-0.0355,0.3325
2.0000,-0.0483,0.3319
2.0000,-0.0579,0.3340
2.0000,-0.0715,0.3317
2.0000,-0.0858,0.3281
2.0000,-0.0992,0.3248
2.0000,-0.1085,0.3252
2.0000,-0.1197,0.3231
2.0000,-0.1337,0.3175
2.0000,-0.1475,0.3116
2.0000,-0.1592,0.3071
2.0000,-0.1736,0.2993
2.0000,-0.1837,0.2952
2.0000,-0.1925,0.2918
2.0000,-0.2070,0.2819
2.0000,-0.2166,0.2763
2.0000,-0.2258,0.2703
2.0000,-0.2384,0.2603
2.0000,-0.2504,0.2503
2.0000,-0.2566,0.2452
2.0000,-0.2707,0.2316
2.0000,-0.2784,0.2236
2.0000,-0.2894,0.2116
2.0000,-0.2950,0.2043
2.0000,-0.3036,0.1933
2.0000,-0.3103,0.1834
2.0000,-0.3214,0.1684
2.0000,-0.3277,0.1574
2.0000,-0.3322,0.1476
2.0000,-0.3387,0.1350
2.0000,-0.3435,0.1234
2.0000,-0.3483,0.1112
2.0000,-0.3563,0.0950
2.0000,-0.3581,0.0843
2.0000,-0.3639,0.0689
2.0000,-0.3682,0.0544
2.0000,-0.3690,0.0426
2.0000,-0.3695,0.0305
2.0000,-0.3716,0.0163
2.0000,-0.3735,0.0015
2.0000,-0.3738,-0.0122
2.0000,-0.3736,-0.0261
2.0000,-0.3781,-0.0452
2.0000,-0.3730,-0.0552
2.0000,-0.3747,-0.0727
2.0000,-0.3723,-0.0864
2.0000,-0.3714,-0.1023
2.0000,-0.3658,-0.1139
2.0000,-0.3626,-0.1283
2.0000,-0.3603,-0.1441
2.0000,-0.3522,-0.1544
2.0000,-0.3505,-0.1716
2.0000,-0.3443,-0.1846
2.0000,-0.3387,-0.1985
2.0000,-0.3279,-0.2076
2.0000,-0.3228,-0.2226
2.0000,-0.3132,-0.2334
2.0000,-0.3042,-0.2449
2.0000,-0.2994,-0.2610
2.0000,-0.2854,-0.2679
2.0000,-0.2805,-0.2840
2.0000,-0.2674,-0.2920
2.0000,-0.2567,-0.3026
2.0000,-0.2465,-0.3137
2.0000,-0.2376,-0.3261
2.0000,-0.2216,-0.3313
2.0000,-0.2133,-0.3443
2.0000,-0.1988,-0.3510
2.0000,-0.1878,-0.3610
2.0000,-0.1701,-0.3641
2.0000,-0.1564,-0.3711
2.0000,-0.1476,-0.3828
2.0000,-0.1286,-0.3841
2.0000,-0.1186,-0.3941
2.0000,-0.1008,-0.3959
2.0000,-0.0853,-0.3998
2.0000,-0.0721,-0.4056
2.0000,-0.0584,-0.4105
2.0000,-0.0437,-0.4140
2.0000,-0.0282,-0.4163
2.0000,-0.0082,-0.4136
2.0000,0.0050,-0.4172
2.0000,0.0203,-0.4182
2.0000,0.0368,-0.4174
2.0000,0.0543,-0.4150
2.0000,0.0660,-0.4178
2.0000,0.0835,-0.4143
2.0000,0.0980,-0.4131
2.0000,0.1166,-0.4070
2.0000,0.1299,-0.4056
2.0000,0.1463,-0.4004
2.0000,0.1596,-0.3975
2.0000,0.1787,-0.3882
2.0000,0.1908,-0.3851
2.0000,0.2088,-0.3751
2.0000,0.2214,-0.3699
2.0000,0.2340,-0.3639
2.0000,0.2506,-0.3529
2.0000,0.2615,-0.3470
2.0000,0.2762,-0.3362
2.0000,0.2888,-0.3268
2.0000,0.3015,-0.3164
2.0000,0.3135,-0.3058
2.0000,0.3276,-0.2923
2.0000,0.3372,-0.2823
2.0000,0.3485,-0.2697
2.0000,0.3602,-0.2559
2.0000,0.3684,-0.2446
2.0000,0.3819,-0.2273
2.0000,0.3902,-0.2141
2.0000,0.3962,-0.2025
2.0000,0.4050,-0.1871
2.0000,0.4157,-0.1689
2.0000,0.4232,-0.1531
2.0000,0.4294,-0.1377
2.0000,0.4364,-0.1205
2.0000,0.4374,-0.1087
2.0000,0.4428,-0.0916
2.0000,0.4496,-0.0722
2.0000,0.4523,-0.0562
2.0000,0.4539,-0.0403
2.0000,0.4550,-0.0244
2.0000,0.4605,-0.0032
2.0000,0.4611,0.0138
2.0000,0.4569,0.0267
2.0000,0.4591,0.0467
2.0000,0.4558,0.0619
2.0000,0.4533,0.0785
2.0000,0.4556,0.1005
2.0000,0.4486,0.1138
2.0000,0.4444,0.1305
2.0000,0.4440,0.1516
2.0000,0.4378,0.1674
2.0000,0.4306,0.1826
2.0000,0.4239,0.1988
2.0000,0.4170,0.2151
2.0000,0.4102,0.2320
2.0000,0.4008,0.2467
2.0000,0.3930,0.2632
2.0000,0.3858,0.2807
2.0000,0.3731,0.2929
2.0000,0.3649,0.3099
2.0000,0.3515,0.3217
2.0000,0.3419,0.3376
2.0000,0.3276,0.3489
2.0000,0.3157,0.3626
2.0000,0.3048,0.3775
2.0000,0.2886,0.3869
2.0000,0.2719,0.3960
2.0000,0.2611,0.4107
2.0000,0.2427,0.4178
2.0000,0.2303,0.4308
2.0000,0.2129,0.4385
2.0000,0.1985,0.4490
2.0000,0.1817,0.4569
2.0000,0.1633,0.4629
2.0000,0.1463,0.4700
2.0000,0.1266,0.4739
2.0000,0.1099,0.4805
2.0000,0.0932,0.4867
2.0000,0.0745,0.4903
2.0000,0.0539,0.4916
2.0000,0.0396,0.4986
2.0000,0.0164,0.4962
2.0000,0.0004,0.5004
2.0000,-0.0208,0.4987
2.0000,-0.0403,0.4981
2.0000,-0.0593,0.4973
2.0000,-0.0770,0.4970
2.0000,-0.0923,0.4984
2.0000,-0.1116,0.4950
2.0000,-0.1315,0.4902
2.0000,-0.1492,0.4867
2.0000,-0.1693,0.4801
2.0000,-0.1892,0.4727
2.0000,-0.2042,0.4694
2.0000,-0.2212,0.4631
2.0000,-0.2411,0.4530
2.0000,-0.2586,0.4443
2.0000,-0.2739,0.4369
2.0000,-0.2930,0.4247
2.0000,-0.3093,0.4142
2.0000,-0.3268,0.4016
2.0000,-0.3420,0.3903
2.0000,-0.3536,0.3814
2.0000,-0.3723,0.3645
2.0000,-0.3856,0.3519
2.0000,-0.3980,0.3392
2.0000,-0.4121,0.3237
2.0000,-0.4262,0.3071
2.0000,-0.4373,0.2925
2.0000,-0.4498,0.2754
2.0000,-0.4596,0.2600
2.0000,-0.4680,0.2450
2.0000,-0.4780,0.2272
2.0000,-0.4908,0.2057
2.0000,-0.4984,0.1882
2.0000,-0.5049,0.1710
2.0000,-0.5102,0.1538
2.0000,-0.5190,0.1322
2.0000,-0.5263,0.1112
2.0000,-0.5267,0.0960
2.0000,-0.5315,0.0755
2.0000,-0.5381,0.0523
2.0000,-0.5388,0.0340
2.0000,-0.5392,0.0153
2.0000,-0.5403,-0.0051
2.0000,-0.5411,-0.0260
2.0000,-0.5416,-0.0475
2.0000,-0.5406,-0.0682
2.0000,-0.5379,-0.0879
2.0000,-0.5362,-0.1094
2.0000,-0.5326,-0.1298
2.0000,-0.5290,-0.1507
2.0000,-0.5219,-0.1688
2.0000,-0.5198,-0.1924
2.0000,-0.5131,-0.2121
2.0000,-0.5048,-0.2306
2.0000,-0.4938,-0.2470
2.0000,-0.4872,-0.2682
2.0000,-0.4766,-0.2858
2.0000,-0.4669,-0.3047
2.0000,-0.4581,-0.3249
2.0000,-0.4435,-0.3395
2.0000,-0.4332,-0.3587
2.0000,-0.4193,-0.3744
2.0000,-0.4060,-0.3910
2.0000,-0.3930,-0.4080
2.0000,-0.3737,-0.4187
2.0000,-0.3611,-0.4363
2.0000,-0.3463,-0.4516
2.0000,-0.3250,-0.4604
2.0000,-0.3097,-0.4751
2.0000,-0.2946,-0.4899
2.0000,-0.2759,-0.5008
2.0000,-0.2545,-0.5089
2.0000,-0.2380,-0.5215
2.0000,-0.2191,-0.5316
2.0000,-0.1966,-0.5376
2.0000,-0.1788,-0.5479
2.0000,-0.1581,-0.5550
2.0000,-0.1351,-0.5593
2.0000,-0.1170,-0.5679
2.0000,-0.0917,-0.5689
2.0000,-0.0718,-0.5745
2.0000,-0.0498,-0.5775
2.0000,-0.0302,-0.5822
2.0000,-0.0063,-0.5819
2.0000,0.0138,-0.5847
2.0000,0.0363,-0.5842
2.0000,0.0610,-0.5808
2.0000,0.0800,-0.5822
2.0000,0.1019,-0.5799
2.0000,0.1275,-0.5730
2.0000,0.1468,-0.5714
2.0000,0.1659,-0.5691
2.0000,0.1894,-0.5613
2.0000,0.2122,-0.5532
2.0000,0.2342,-0.5449
2.0000,0.2560,-0.5357
2.0000,0.2716,-0.5317
2.0000,0.2950,-0.5187
2.0000,0.3161,-0.5069
2.0000,0.3348,-0.4963
2.0000,0.3534,-0.4847
2.0000,0.3687,-0.4752
2.0000,0.3891,-0.4594
2.0000,0.4060,-0.4460
2.0000,0.4232,-0.4310
2.0000,0.4398,-0.4154
2.0000,0.4570,-0.3980
2.0000,0.4707,-0.3828
2.0000,0.4872,-0.3636
2.0000,0.5011,-0.3459
2.0000,0.5135,-0.3284
2.0000,0.5260,-0.3095
2.0000,0.5382,-0.2898
2.0000,0.5505,-0.2688
2.0000,0.5645,-0.2449
2.0000,0.5742,-0.2241
2.0000,0.5790,-0.2069
2.0000,0.5897,-0.1827
2.0000,0.5979,-0.1599
2.0000,0.6012,-0.1409
2.0000,0.6082,-0.1170
2.0000,0.6137,-0.0936
2.0000,0.6159,-0.0723
2.0000,0.6195,-0.0486
2.0000,0.6233,-0.0238
2.0000,0.6236,-0.0014
2.0000,0.6268,0.0248
2.0000,0.6268,0.0488
2.0000,0.6262,0.0731
2.0000,0.6244,0.0971
2.0000,0.6195,0.1187
2.0000,0.6145,0.1411
2.0000,0.6113,0.1661
2.0000,0.6025,0.1861
2.0000,0.5984,0.2115
2.0000,0.5911,0.2345
2.0000,0.5841,0.2582
2.0000,0.5747,0.2803
2.0000,0.5613,0.2987
2.0000,0.5530,0.3227
2.0000,0.5378,0.3404
2.0000,0.5297,0.3655
2.0000,0.5158,0.3850
2.0000,0.4985,0.4015
2.0000,0.4851,0.4222
2.0000,0.4696,0.4409
2.0000,0.4522,0.4580
2.0000,0.4355,0.4757
2.0000,0.4205,0.4952
2.0000,0.4022,0.5115
2.0000,0.3834,0.5272
2.0000,0.3612,0.5394
2.0000,0.3420,0.5545
2.0000,0.3205,0.5670
2.0000,0.2996,0.5799
2.0000,0.2802,0.5939
2.0000,0.2581,0.6050
2.0000,0.2357,0.6154
2.0000,0.2127,0.6247
2.0000,0.1857,0.6295
2.0000,0.1630,0.6381
2.0000,0.1419,0.6477
2.0000,0.1184,0.6543
2.0000,0.0905,0.6558
2.0000,0.0640,0.6581
2.0000,0.0428,0.6647
2.0000,0.0149,0.6640
2.0000,-0.0067,0.6687
2.0000,-0.0325,0.6682
2.0000,-0.0590,0.6662
2.0000,-0.0840,0.6647
2.0000,-0.1084,0.6628
2.0000,-0.1317,0.6610
2.0000,-0.1608,0.6522
2.0000,-0.1818,0.6506
2.0000,-0.2103,0.6402
2.0000,-0.2355,0.6321
2.0000,-0.2561,0.6273
2.0000,-0.2790,0.6190
2.0000,-0.3037,0.6076
2.0000,-0.3261,0.5974
2.0000,-0.3512,0.5831
2.0000,-0.3722,0.5717
2.0000,-0.3952,0.5568
2.0000,-0.4154,0.5436
2.0000,-0.4376,0.5268
2.0000,-0.4571,0.5115
2.0000,-0.4752,0.4962
2.0000,-0.4964,0.4764
2.0000,-0.5120,0.4609
2.0000,-0.5304,0.4410
2.0000,-0.5482,0.4205
2.0000,-0.5651,0.3994
2.0000,-0.5813,0.3778
2.0000,-0.5928,0.3594
2.0000,-0.6072,0.3367
2.0000,-0.6205,0.3137
2.0000,-0.6328,0.2904
2.0000,-0.6437,0.2671
2.0000,-0.6561,0.2410
2.0000,-0.6675,0.2145
2.0000,-0.6763,0.1894
2.0000,-0.6799,0.1682
2.0000,-0.6903,0.1389
2.0000,-0.6964,0.1127
2.0000,-0.6997,0.0881
2.0000,-0.7050,0.0603
2.0000,-0.7054,0.0362
2.0000,-0.7094,0.0074
2.0000,-0.7095,-0.0185
2.0000,-0.7097,-0.0457
2.0000,-0.7048,-0.0688
2.0000,-0.7069,-0.0998
2.0000,-0.7026,-0.1254
2.0000,-0.6953,-0.1489
2.0000,-0.6946,-0.1799
2.0000,-0.6842,-0.2020
2.0000,-0.6801,-0.2312
2.0000,-0.6733,-0.2583
2.0000,-0.6595,-0.2792
2.0000,-0.6495,-0.3046
2.0000,-0.6389,-0.3299
2.0000,-0.6264,-0.3539
2.0000,-0.6163,-0.3807
2.0000,-0.6002,-0.4020
2.0000,-0.5872,-0.4268
2.0000,-0.5725,-0.4502
2.0000,-0.5556,-0.4717
2.0000,-0.5389,-0.4936
2.0000,-0.5174,-0.5109
2.0000,-0.5008,-0.5333
2.0000,-0.4792,-0.5506
2.0000,-0.4601,-0.5705
2.0000,-0.4358,-0.5851
2.0000,-0.4175,-0.6055
2.0000,-0.3944,-0.6211
2.0000,-0.3694,-0.6345
2.0000,-0.3445,-0.6478
2.0000,-0.3234,-0.6645
2.0000,-0.2958,-0.6745
2.0000,-0.2703,-0.6859
2.0000,-0.2447,-0.6968
2.0000,-0.2194,-0.7075
2.0000,-0.1943,-0.7178
2.0000,-0.1656,-0.7238
2.0000,-0.1397,-0.7319
2.0000,-0.1100,-0.7354
2.0000,-0.0855,-0.7434
2.0000,-0.0574,-0.7469
2.0000,-0.0293,-0.7495
2.0000,0.0013,-0.7487
2.0000,0.0278,-0.7510
2.0000,0.0585,-0.7480
2.0000,0.0862,-0.7470
2.0000,0.1153,-0.7434
2.0000,0.1410,-0.7421
2.0000,0.1687,-0.7376
2.0000,0.1949,-0.7334
2.0000,0.2276,-0.7213
2.0000,0.2544,-0.7139
2.0000,0.2819,-0.7045
2.0000,0.3079,-0.6952
2.0000,0.3348,-0.6837
2.0000,0.3595,-0.6729
2.0000,0.3840,-0.6608
2.0000,0.4120,-0.6438
2.0000,0.4348,-0.6306
2.0000,0.4609,-0.6124
2.0000,0.4836,-0.5964
2.0000,0.5070,-0.5780
2.0000,0.5263,-0.5621
2.0000,0.5498,-0.5406
2.0000,0.5672,-0.5235
2.0000,0.5894,-0.5001
2.0000,0.6066,-0.4802
2.0000,0.6288,-0.4538
2.0000,0.6451,-0.4315
2.0000,0.6604,-0.4089
2.0000,0.6769,-0.3834
2.0000,0.6937,-0.3562
2.0000,0.7034,-0.3345
2.0000,0.7197,-0.3046
2.0000,0.7283,-0.2810
2.0000,0.7390,-0.2539
2.0000,0.7516,-0.2233
2.0000,0.7594,-0.1961
2.0000,0.7660,-0.1687
2.0000,0.7726,-0.1400
2.0000,0.7819,-0.1072
2.0000,0.7872,-0.0770
2.0000,0.7876,-0.0505
2.0000,0.7887,-0.0219
2.0000,0.7915,0.0095
2.0000,0.7915,0.0393
2.0000,0.7921,0.0709
2.0000,0.7901,0.1010
2.0000,0.7852,0.1293
2.0000,0.7807,0.1590
2.0000,0.7747,0.1880
2.0000,0.7687,0.2182
2.0000,0.7585,0.2449
2.0000,0.7522,0.2763
2.0000,0.7429,0.3056
2.0000,0.7285,0.3305
2.0000,0.7174,0.3592
2.0000,0.7063,0.3887
2.0000,0.6926,0.4161
2.0000,0.6759,0.4410
2.0000,0.6613,0.4684
2.0000,0.6411,0.4906
2.0000,0.6264,0.5186
2.0000,0.6044,0.5396
2.0000,0.5851,0.5635
2.0000,0.5637,0.5854
2.0000,0.5410,0.6060
2.0000,0.5194,0.6278
2.0000,0.4984,0.6503
2.0000,0.4741,0.6691
2.0000,0.4444,0.6825
2.0000,0.4192,0.7001
2.0000,0.3966,0.7202
2.0000,0.3688,0.7345
2.0000,0.3387,0.7461
2.0000,0.3116,0.7604
2.0000,0.2847,0.7742
2.0000,0.2558,0.7855
2.0000,0.2235,0.7927
2.0000,0.1972,0.8051
2.0000,0.1665,0.8125
2.0000,0.1343,0.8175
2.0000,0.1054,0.8248
2.0000,0.0722,0.8270
2.0000,0.0420,0.8311
2.0000,0.0103,0.8327
2.0000,-0.0215,0.8332
2.0000,-0.0531,0.8327
2.0000,-0.0844,0.8313
2.0000,-0.1174,0.8269
2.0000,-0.1454,0.8263
2.0000,-0.1778,0.8200
2.0000,-0.2107,0.8118
2.0000,-0.2376,0.8083
2.0000,-0.2701,0.7976
2.0000,-0.2999,0.7881
2.0000,-0.3294,0.7776
2.0000,-0.3614,0.7629
2.0000,-0.3906,0.7495
2.0000,-0.4159,0.7385
2.0000,-0.4467,0.7203
2.0000,-0.4751,0.7028
2.0000,-0.4996,0.6877
2.0000,-0.5241,0.6708
2.0000,-0.5499,0.6510
2.0000,-0.5743,0.6308
2.0000,-0.6021,0.6056
2.0000,-0.6232,0.5853
2.0000,-0.6434,0.5643
2.0000,-0.6646,0.5405
2.0000,-0.6893,0.5114
2.0000,-0.7073,0.4874
2.0000,-0.7237,0.4632
2.0000,-0.7465,0.4310
2.0000,-0.7606,0.4057
2.0000,-0.7740,0.3794
2.0000,-0.7900,0.3489
2.0000,-0.8037,0.3189
2.0000,-0.8180,0.2868
2.0000,-0.8279,0.2575
2.0000,-0.8361,0.2283
2.0000,-0.8461,0.1956
2.0000,-0.8532,0.1644
2.0000,-0.8587,0.1332
2.0000,-0.8655,0.0994
2.0000,-0.8699,0.0664
2.0000,-0.8715,0.0348
2.0000,-0.8760,-0.0010
2.0000,-0.8736,-0.0312
2.0000,-0.8763,-0.0678
2.0000,-0.8747,-0.1014
2.0000,-0.8693,-0.1323
2.0000,-0.8634,-0.1638
2.0000,-0.8580,-0.1970
2.0000,-0.8493,-0.2279
2.0000,-0.8427,-0.2618
2.0000,-0.8362,-0.2968
2.0000,-0.8235,-0.3265
2.0000,-0.8095,-0.3556
2.0000,-0.7991,-0.3890
2.0000,-0.7829,-0.4175
2.0000,-0.7698,-0.4494
2.0000,-0.7491,-0.4746
2.0000,-0.7353,-0.5070
2.0000,-0.7147,-0.5330
2.0000,-0.6938,-0.5592
2.0000,-0.6763,-0.5890
2.0000,-0.6549,-0.6151
2.0000,-0.6307,-0.6386
2.0000,-0.6045,-0.6603
2.0000,-0.5829,-0.6865
2.0000,-0.5578,-0.7092
2.0000,-0.5314,-0.7305
2.0000,-0.5015,-0.7481
2.0000,-0.4762,-0.7700
2.0000,-0.4448,-0.7856
2.0000,-0.4160,-0.8035
2.0000,-0.3829,-0.8165
2.0000,-0.3553,-0.8344
2.0000,-0.3259,-0.8501
2.0000,-0.2925,-0.8610
2.0000,-0.2579,-0.8701
2.0000,-0.2280,-0.8831
2.0000,-0.1911,-0.8883
2.0000,-0.1588,-0.8971
2.0000,-0.1263,-0.9048
2.0000,-0.0940,-0.9117
2.0000,-0.0553,-0.9111
2.0000,-0.0229,-0.9156
2.0000,0.0138,-0.9146
2.0000,0.0485,-0.9145
2.0000,0.0784,-0.9177
2.0000,0.1128,-0.9152
2.0000,0.1494,-0.9091
2.0000,0.1848,-0.9028
2.0000,0.2204,-0.8947
2.0000,0.2509,-0.8902
2.0000,0.2852,-0.8804
2.0000,0.3174,-0.8710
2.0000,0.3541,-0.8555
2.0000,0.3820,-0.8472
2.0000,0.4185,-0.8284
2.0000,0.4458,-0.8172
2.0000,0.4792,-0.7981
2.0000,0.5085,-0.7813
2.0000,0.5397,-0.7609
2.0000,0.5685,-0.7409
2.0000,0.5956,-0.7209
2.0000,0.6219,-0.6997
2.0000,0.6504,-0.6745
2.0000,0.6775,-0.6488
2.0000,0.7022,-0.6236
2.0000,0.7251,-0.5984
2.0000,0.7485,-0.5707
2.0000,0.7688,-0.5442
2.0000,0.7906,-0.5145
2.0000,0.8105,-0.4846
2.0000,0.8294,-0.4540
2.0000,0.8464,-0.4233
2.0000,0.8632,-0.3911
2.0000,0.8791,-0.3579
2.0000,0.8894,-0.3285
2.0000,0.9026,-0.2944
2.0000,0.9162,-0.2583
2.0000,0.9225,-0.2277
2.0000,0.9349,-0.1893
2.0000,0.9432,-0.1532
2.0000,0.9467,-0.1204
2.0000,0.9547,-0.0816
2.0000,0.9552,-0.0487
2.0000,0.9576,-0.0124
2.0000,0.9561,0.0215
2.0000,0.9587,0.0609
2.0000,0.9552,0.0955
2.0000,0.9507,0.1304
2.0000,0.9461,0.1665
2.0000,0.9438,0.2061
2.0000,0.9338,0.2391
2.0000,0.9264,0.2758
2.0000,0.9140,0.3085
2.0000,0.9044,0.3449
2.0000,0.8904,0.3780
2.0000,0.8798,0.4151
2.0000,0.8635,0.4473
2.0000,0.8450,0.4781
2.0000,0.8261,0.5091
2.0000,0.8115,0.5448
2.0000,0.7880,0.5723
2.0000,0.7658,0.6014
2.0000,0.7423,0.6296
2.0000,0.7199,0.6591
2.0000,0.6984,0.6897
2.0000,0.6723,0.7158
2.0000,0.6456,0.7414
2.0000,0.6140,0.7620
2.0000,0.5855,0.7857
2.0000,0.5562,0.8084
2.0000,0.5258,0.8297
2.0000,0.4959,0.8512
2.0000,0.4656,0.8718
2.0000,0.4319,0.8887
2.0000,0.4005,0.9072
2.0000,0.3634,0.9194
2.0000,0.3285,0.9332
2.0000,0.2969,0.9494
2.0000,0.2598,0.9594
2.0000,0.2216,0.9673
2.0000,0.1879,0.9788
2.0000,0.1497,0.9848
2.0000,0.1108,0.9889
2.0000,0.0730,0.9930
2.0000,0.0392,0.9998
2.0000,-0.0015,0.9985
3.0000,-0.0017,-0.0007
3.0000,-0.0004,0.0015
3.0000,-0.0031,-0.0005
3.0000,-0.0051,-0.0018
3.0000,-0.0046,-0.0007
3.0000,-0.0039,0.0006
3.0000,-0.0067,-0.0018
3.0000,-0.0057,-0.0005
3.0000,-0.0091,-0.0036
3.0000,-0.0101,-0.0045
3.0000,-0.0110,-0.0054
3.0000,-0.0101,-0.0045
3.0000,-0.0124,-0.0071
3.0000,-0.0136,-0.0086
3.0000,-0.0125,-0.0078
3.0000,-0.0127,-0.0086
3.0000,-0.0112,-0.0078
3.0000,-0.0153,-0.0126
3.0000,-0.0144,-0.0126
3.0000,-0.0147,-0.0138
3.0000,-0.0124,-0.0126
3.0000,-0.0166,-0.0180
3.0000,-0.0138,-0.0165
3.0000,-0.0169,-0.0209
3.0000,-0.0144,-0.0200
3.0000,-0.0124,-0.0195
3.0000,-0.0126,-0.0214
3.0000,-0.0152,-0.0258
3.0000,-0.0141,-0.0265
3.0000,-0.0147,-0.0291
3.0000,-0.0116,-0.0280
3.0000,-0.0094,-0.0279
3.0000,-0.0105,-0.0311
3.0000,-0.0114,-0.0343
3.0000,-0.0107,-0.0359
3.0000,-0.0085,-0.0361
3.0000,-0.0067,-0.0367
3.0000,-0.0057,-0.0381
3.0000,-0.0064,-0.0413
3.0000,-0.0044,-0.0418
3.0000,-0.0024,-0.0424
3.0000,0.0004,-0.0421
3.0000,0.0026,-0.0426
3.0000,0.0043,-0.0434
3.0000,0.0032,-0.0471
3.0000,0.0087,-0.0441
3.0000,0.0098,-0.0457
3.0000,0.0130,-0.0450
3.0000,0.0116,-0.0489
3.0000,0.0168,-0.0462
3.0000,0.0162,-0.0492
3.0000,0.0201,-0.0478
3.0000,0.0199,-0.0503
3.0000,0.0256,-0.0469
3.0000,0.0282,-0.0465
3.0000,0.0263,-0.0506
3.0000,0.0293,-0.0496
3.0000,0.0313,-0.0495
3.0000,0.0359,-0.0468
3.0000,0.0393,-0.0452
3.0000,0.0418,-0.0443
3.0000,0.0408,-0.0469
3.0000,0.0434,-0.0457
3.0000,0.0479,-0.0424
3.0000,0.0514,-0.0401
3.0000,0.0540,-0.0385
3.0000,0.0538,-0.0396
3.0000,0.0546,-0.0395
3.0000,0.0582,-0.0365
3.0000,0.0603,-0.0347
3.0000,0.0613,-0.0340
3.0000,0.0639,-0.0315
3.0000,0.0672,-0.0281
3.0000,0.0682,-0.0268
3.0000,0.0720,-0.0225
3.0000,0.0728,-0.0211
3.0000,0.0757,-0.0173
3.0000,0.0749,-0.0171
3.0000,0.0763,-0.0145
3.0000,0.0789,-0.0105
3.0000,0.0832,-0.0046
3.0000,0.0829,-0.0031
3.0000,0.0807,-0.0033
3.0000,0.0834,0.0015
3.0000,0.0851,0.0056
3.0000,0.0874,0.0105
3.0000,0.0880,0.0138
3.0000,0.0880,0.0168
3.0000,0.0877,0.0196
3.0000,0.0898,0.0250
3.0000,0.0883,0.0270
3.0000,0.0884,0.0308
3.0000,0.0882,0.0345
3.0000,0.0872,0.0375
3.0000,0.0860,0.0405
3.0000,0.0841,0.0430
3.0000,0.0819,0.0453
3.0000,0.0855,0.0535
3.0000,0.0822,0.0551
3.0000,0.0803,0.0581
3.0000,0.0788,0.0617
3.0000,0.0774,0.0656
3.0000,0.0744,0.0679
3.0000,0.0729,0.0719
3.0000,0.0712,0.0758
3.0000,0.0673,0.0777
3.0000,0.0670,0.0831
3.0000,0.0641,0.0861
3.0000,0.0615,0.0894
3.0000,0.0591,0.0930
3.0000,0.0543,0.0943
3.0000,0.0506,0.0967
3.0000,0.0476,0.0999
3.0000,0.0451,0.1035
3.0000,0.0418,0.1064
3.0000,0.0401,0.1109
3.0000,0.0359,0.1129
3.0000,0.0304,0.1135
3.0000,0.0280,0.1172
3.0000,0.0247,0.1201
3.0000,0.0164,0.1179
3.0000,0.0140,0.1214
3.0000,0.0080,0.1213
3.0000,0.0049,0.1242
3.0000,0.0025,0.1275
3.0000,-0.0045,0.1261
3.0000,-0.0107,0.1255
3.0000,-0.0149,0.1267
3.0000,-0.0170,0.1299
3.0000,-0.0250,0.1271
3.0000,-0.0288,0.1282
3.0000,-0.0364,0.1255
3.0000,-0.0402,0.1263
3.0000,-0.0459,0.1251
3.0000,-0.0510,0.1242
3.0000,-0.0543,0.1250
3.0000,-0.0621,0.1210
3.0000,-0.0651,0.1216
3.0000,-0.0692,0.1208
3.0000,-0.0772,0.1160
3.0000,-0.0801,0.1160
3.0000,-0.0866,0.1121
3.0000,-0.0903,0.1108
3.0000,-0.0967,0.1065
3.0000,-0.1006,0.1043
3.0000,-0.1050,0.1014
3.0000,-0.1086,0.0991
3.0000,-0.1137,0.0949
3.0000,-0.1174,0.0918
3.0000,-0.1196,0.0900
3.0000,-0.1268,0.0827
3.0000,-0.1319,0.0772
3.0000,-0.1353,0.0732
3.0000,-0.1379,0.0696
3.0000,-0.1387,0.0676
3.0000,-0.1431,0.0615
3.0000,-0.1450,0.0576
3.0000,-0.1520,0.0483
3.0000,-0.1518,0.0459
3.0000,-0.1561,0.0386
3.0000,-0.1554,0.0361
3.0000,-0.1609,0.0270
3.0000,-0.1618,0.0221
3.0000,-0.1608,0.0188
3.0000,-0.1643,0.0107
3.0000,-0.1639,0.0062
3.0000,-0.1673,-0.0025
3.0000,-0.1689,-0.0096
3.0000,-0.1685,-0.0150
3.0000,-0.1712,-0.0238
3.0000,-0.1699,-0.0290
3.0000,-0.1662,-0.0320
3.0000,-0.1658,-0.0387
3.0000,-0.1667,-0.0468
3.0000,-0.1678,-0.0554
3.0000,-0.1644,-0.0599
3.0000,-0.1661,-0.0696
3.0000,-0.1604,-0.0722
3.0000,-0.1581,-0.0783
3.0000,-0.1582,-0.0872
3.0000,-0.1562,-0.0941
3.0000,-0.1504,-0.0974
3.0000,-0.1490,-0.1053
3.0000,-0.1462,-0.1119
3.0000,-0.1448,-0.1201
3.0000,-0.1399,-0.1250
3.0000,-0.1364,-0.1314
3.0000,-0.1320,-0.1370
3.0000,-0.1268,-0.1419
3.0000,-0.1199,-0.1452
3.0000,-0.1183,-0.1538
3.0000,-0.1092,-0.1551
3.0000,-0.1074,-0.1636
3.0000,-0.1003,-0.1668
3.0000,-0.0914,-0.1683
3.0000,-0.0878,-0.1751
3.0000,-0.0802,-0.1778
3.0000,-0.0753,-0.1833
3.0000,-0.0670,-0.1852
3.0000,-0.0601,-0.1885
3.0000,-0.0536,-0.1921
3.0000,-0.0461,-0.1946
3.0000,-0.0402,-0.1986
3.0000,-0.0320,-0.2001
3.0000,-0.0278,-0.2055
3.0000,-0.0200,-0.2071
3.0000,-0.0093,-0.2057
3.0000,-0.0018,-0.2072
3.0000,0.0072,-0.2070
3.0000,0.0121,-0.2107
3.0000,0.0192,-0.2119
3.0000,0.0317,-0.2075
3.0000,0.0394,-0.2076
3.0000,0.0452,-0.2093
3.0000,0.0535,-0.2082
3.0000,0.0597,-0.2090
3.0000,0.0686,-0.2066
3.0000,0.0780,-0.2034
3.0000,0.0859,-0.2014
3.0000,0.0918,-0.2009
3.0000,0.1026,-0.1952
3.0000,0.1097,-0.1928
3.0000,0.1193,-0.1875
3.0000,0.1237,-0.1871
3.0000,0.1299,-0.1844
3.0000,0.1386,-0.1787
3.0000,0.1460,-0.1739
3.0000,0.1553,-0.1668
3.0000,0.1629,-0.1609
3.0000,0.1663,-0.1588
3.0000,0.1723,-0.1536
3.0000,0.1823,-0.1439
3.0000,0.1881,-0.1380
3.0000,0.1927,-0.1328
3.0000,0.2004,-0.1240
3.0000,0.2050,-0.1178
3.0000,0.2099,-0.1108
3.0000,0.2145,-0.1036
3.0000,0.2197,-0.0953
3.0000,0.2253,-0.0862
3.0000,0.2257,-0.0818
3.0000,0.2330,-0.0699
3.0000,0.2337,-0.0643
3.0000,0.2360,-0.0565
3.0000,0.2395,-0.0471
3.0000,0.2413,-0.0389
3.0000,0.2454,-0.0279
3.0000,0.2461,-0.0198
3.0000,0.2476,-0.0106
3.0000,0.2475,-0.0025
3.0000,0.2519,0.0106
3.0000,0.2503,0.0180
3.0000,0.2525,0.0296
3.0000,0.2525,0.0395
3.0000,0.2495,0.0468
3.0000,0.2491,0.0571
3.0000,0.2498,0.0688
3.0000,0.2449,0.0752
3.0000,0.2420,0.0840
3.0000,0.2418,0.0958
3.0000,0.2409,0.1072
3.0000,0.2367,0.1156
3.0000,0.2330,0.1248
3.0000,0.2269,0.1317
3.0000,0.2219,0.1401
3.0000,0.2182,0.1500
3.0000,0.2160,0.1617
3.0000,0.2102,0.1698
3.0000,0.2036,0.1773
3.0000,0.1959,0.1839
3.0000,0.1926,0.1950
3.0000,0.1854,0.2023
3.0000,0.1765,0.2080
3.0000,0.1713,0.2174
3.0000,0.1628,0.2236
3.0000,0.1514,0.2269
3.0000,0.1450,0.2353
3.0000,0.1371,0.2421
3.0000,0.1275,0.2471
3.0000,0.1170,0.2512
3.0000,0.1105,0.2591
3.0000,0.1011,0.2640
3.0000,0.0898,0.2670
3.0000,0.0800,0.2713
3.0000,0.0731,0.2782
3.0000,0.0626,0.2815
3.0000,0.0507,0.2830
3.0000,0.0375,0.2831
3.0000,0.0285,0.2870
3.0000,0.0181,0.2893
3.0000,0.0069,0.2904
3.0000,-0.0050,0.2907
3.0000,-0.0139,0.2935
3.0000,-0.0283,0.2904
3.0000,-0.0360,0.2937
3.0000,-0.0480,0.2922
3.0000,-0.0588,0.2916
3.0000,-0.0719,0.2881
3.0000,-0.0833,0.2860
3.0000,-0.0921,0.2859
3.0000,-0.1055,0.2808
3.0000,-0.1150,0.2791
3.0000,-0.1253,0.2760
3.0000,-0.1381,0.2700
3.0000,-0.1450,0.2692
3.0000,-0.1590,0.2608
3.0000,-0.1673,0.2576
3.0000,-0.1762,0.2531
3.0000,-0.1883,0.2449
3.0000,-0.1962,0.2403
3.0000,-0.2094,0.2297
3.0000,-0.2160,0.2251
3.0000,-0.2263,0.2163
3.0000,-0.2323,0.2110
3.0000,-0.2413,0.2022
3.0000,-0.2526,0.1904
3.0000,-0.2571,0.1848
3.0000,-0.2644,0.1757
3.0000,-0.2736,0.1641
3.0000,-0.2789,0.1557
3.0000,-0.2848,0.1460
3.0000,-0.2945,0.1320
3.0000,-0.2978,0.1236
3.0000,-0.3044,0.1114
3.0000,-0.3094,0.1002
3.0000,-0.3158,0.0868
3.0000,-0.3176,0.0775
3.0000,-0.3230,0.0639
3.0000,-0.3267,0.0514
3.0000,-0.3265,0.0422
3.0000,-0.3317,0.0271
3.0000,-0.3307,0.0175
3.0000,-0.3310,0.0062
3.0000,-0.3343,-0.0088
3.0000,-0.3353,-0.0220
3.0000,-0.3338,-0.0332
3.0000,-0.3335,-0.0462
3.0000,-0.3319,-0.0583
3.0000,-0.3337,-0.0743
3.0000,-0.3302,-0.0854
3.0000,-0.3263,-0.0966
3.0000,-0.3232,-0.1090
3.0000,-0.3204,-0.1222
3.0000,-0.3157,-0.1338
3.0000,-0.3134,-0.1482
3.0000,-0.3048,-0.1566
3.0000,-0.3020,-0.1710
3.0000,-0.2955,-0.1822
3.0000,-0.2921,-0.1966
3.0000,-0.2840,-0.2065
3.0000,-0.2773,-0.2182
3.0000,-0.2668,-0.2262
3.0000,-0.2621,-0.2402
3.0000,-0.2534,-0.2503
3.0000,-0.2442,-0.2600
3.0000,-0.2325,-0.2672
3.0000,-0.2234,-0.2773
3.0000,-0.2135,-0.2864
3.0000,-0.2032,-0.2952
3.0000,-0.1949,-0.3059
3.0000,-0.1821,-0.3121
3.0000,-0.1708,-0.3198
3.0000,-0.1601,-0.3279
3.0000,-0.1458,-0.3323
3.0000,-0.1359,-0.3409
3.0000,-0.1235,-0.3468
3.0000,-0.1085,-0.3500
3.0000,-0.0936,-0.3529
3.0000,-0.0845,-0.3613
3.0000,-0.0692,-0.3633
3.0000,-0.0550,-0.3661
3.0000,-0.0441,-0.3717
3.0000,-0.0281,-0.3719
3.0000,-0.0159,-0.3756
3.0000,-0.0015,-0.3765
3.0000,0.0167,-0.3732
3.0000,0.0267,-0.3776
3.0000,0.0401,-0.3781
3.0000,0.0591,-0.3726
3.0000,0.0699,-0.3746
3.0000,0.0836,-0.3732
3.0000,0.0972,-0.3712
3.0000,0.1121,-0.3674
3.0000,0.1264,-0.3635
3.0000,0.1408,-0.3589
3.0000,0.1530,-0.3558
3.0000,0.1700,-0.3472
3.0000,0.1810,-0.3440
3.0000,0.1976,-0.3344
3.0000,0.2088,-0.3295
3.0000,0.2230,-0.3208
3.0000,0.2332,-0.3154
3.0000,0.2464,-0.3063
3.0000,0.2597,-0.2961
3.0000,0.2721,-0.2862
3.0000,0.2827,-0.2773
3.0000,0.2929,-0.2680
3.0000,0.3026,-0.2583
3.0000,0.3139,-0.2463
3.0000,0.3216,-0.2371
3.0000,0.3305,-0.2259
3.0000,0.3417,-0.2115
3.0000,0.3514,-0.1978
3.0000,0.3570,-0.1875
3.0000,0.3674,-0.1715
3.0000,0.3740,-0.1585
3.0000,0.3828,-0.1425
3.0000,0.3854,-0.1319
3.0000,0.3935,-0.1151
3.0000,0.3990,-0.1001
3.0000,0.4014,-0.0874
3.0000,0.4072,-0.0705
3.0000,0.4071,-0.0589
3.0000,0.4105,-0.0430
3.0000,0.4121,-0.0282
3.0000,0.4152,-0.0112
3.0000,0.4157,0.0040
3.0000,0.4168,0.0204
3.0000,0.4177,0.0371
3.0000,0.4146,0.0505
3.0000,0.4171,0.0702
3.0000,0.4156,0.0864
3.0000,0.4093,0.0983
3.0000,0.4100,0.1179
3.0000,0.4049,0.1320
3.0000,0.3983,0.1452
3.0000,0.3946,0.1618
3.0000,0.3918,0.1797
3.0000,0.3839,0.1928
3.0000,0.3793,0.2096
3.0000,0.3685,0.2206
3.0000,0.3629,0.2371
3.0000,0.3545,0.2512
3.0000,0.3444,0.2637
3.0000,0.3362,0.2783
3.0000,0.3273,0.2925
3.0000,0.3164,0.3047
3.0000,0.3014,0.3130
3.0000,0.2921,0.3272
3.0000,0.2806,0.3392
3.0000,0.2692,0.3513
3.0000,0.2548,0.3604
3.0000,0.2421,0.3710
3.0000,0.2280,0.3804
3.0000,0.2149,0.3905
3.0000,0.1995,0.3982
3.0000,0.1847,0.4063
3.0000,0.1700,0.4142
3.0000,0.1535,0.4203
3.0000,0.1405,0.4294
3.0000,0.1257,0.4364
3.0000,0.1055,0.4378
3.0000,0.0917,0.4451
3.0000,0.0716,0.4457
3.0000,0.0554,0.4498
3.0000,0.0377,0.4519
3.0000,0.0254,0.4589
3.0000,0.0081,0.4603
3.0000,-0.0090,0.4614
3.0000,-0.0263,0.4617
3.0000,-0.0466,0.4584
3.0000,-0.0631,0.4581
3.0000,-0.0820,0.4549
3.0000,-0.0959,0.4560
3.0000,-0.1180,0.4481
3.0000,-0.1341,0.4454
3.0000,-0.1515,0.4406
3.0000,-0.1663,0.4377
3.0000,-0.1833,0.4318
3.0000,-0.1984,0.4270
3.0000,-0.2146,0.4202
3.0000,-0.2307,0.4126
3.0000,-0.2459,0.4050
3.0000,-0.2638,0.3939
3.0000,-0.2805,0.3830
3.0000,-0.2958,0.3725
3.0000,-0.3100,0.3624
3.0000,-0.3221,0.3533
3.0000,-0.3349,0.3425
3.0000,-0.3482,0.3303
3.0000,-0.3616,0.3170
3.0000,-0.3764,0.3014
3.0000,-0.3850,0.2909
3.0000,-0.3999,0.2733
3.0000,-0.4086,0.2607
3.0000,-0.4223,0.2423
3.0000,-0.4313,0.2276
3.0000,-0.4405,0.2117
3.0000,-0.4500,0.1945
3.0000,-0.4560,0.1800
3.0000,-0.4610,0.1655
3.0000,-0.4675,0.1484
3.0000,-0.4779,0.1266
3.0000,-0.4788,0.1134
3.0000,-0.4844,0.0946
3.0000,-0.4893,0.0756
3.0000,-0.4918,0.0581
3.0000,-0.4982,0.0359
3.0000,-0.4991,0.0184
3.0000,-0.4981,0.0019
3.0000,-0.5001,-0.0183
3.0000,-0.5022,-0.0395
3.0000,-0.5019,-0.0589
3.0000,-0.4997,-0.0771
3.0000,-0.4943,-0.0928
3.0000,-0.4936,-0.1139
3.0000,-0.4889,-0.1316
3.0000,-0.4868,-0.1527
3.0000,-0.4809,-0.1703
3.0000,-0.4745,-0.1881
3.0000,-0.4695,-0.2077
3.0000,-0.4618,-0.2251
3.0000,-0.4520,-0.2409
3.0000,-0.4456,-0.2604
3.0000,-0.4359,-0.2770
3.0000,-0.4251,-0.2929
3.0000,-0.4139,-0.3086
3.0000,-0.4053,-0.3272
3.0000,-0.3938,-0.3431
3.0000,-0.3812,-0.3581
3.0000,-0.3681,-0.3727
3.0000,-0.3517,-0.3841
3.0000,-0.3380,-0.3984
3.0000,-0.3264,-0.4147
3.0000,-0.3070,-0.4231
3.0000,-0.2925,-0.4365
3.0000,-0.2751,-0.4468
3.0000,-0.2610,-0.4602
3.0000,-0.2414,-0.4681
3.0000,-0.2246,-0.4785
3.0000,-0.2075,-0.4883
3.0000,-0.1887,-0.4962
3.0000,-0.1689,-0.5027
3.0000,-0.1539,-0.5136
3.0000,-0.1353,-0.5204
3.0000,-0.1148,-0.5250
3.0000,-0.0919,-0.5267
3.0000,-0.0715,-0.5303
3.0000,-0.0548,-0.5370
3.0000,-0.0345,-0.5395
3.0000,-0.0127,-0.5399
3.0000,0.0093,-0.5395
3.0000,0.0296,-0.5400
3.0000,0.0456,-0.5441
3.0000,0.0689,-0.5401
3.0000,0.0867,-0.5408
3.0000,0.1072,-0.5381
3.0000,0.1292,-0.5328
3.0000,0.1506,-0.5274
3.0000,0.1705,-0.5225
3.0000,0.1877,-0.5194
3.0000,0.2100,-0.5102
3.0000,0.2271,-0.5053
3.0000,0.2472,-0.4964
3.0000,0.2660,-0.4877
3.0000,0.2873,-0.4755
3.0000,0.3056,-0.4652
3.0000,0.3226,-0.4552
3.0000,0.3373,-0.4464
3.0000,0.3592,-0.4293
3.0000,0.3723,-0.4198
3.0000,0.3919,-0.4027
3.0000,0.4071,-0.3889
3.0000,0.4208,-0.3755
3.0000,0.4378,-0.3577
3.0000,0.4506,-0.3428
3.0000,0.4639,-0.3264
3.0000,0.4752,-0.3108
3.0000,0.4893,-0.2914
3.0000,0.5005,-0.2736
3.0000,0.5124,-0.2540
3.0000,0.5210,-0.2366
3.0000,0.5316,-0.2161
3.0000,0.5368,-0.1998
3.0000,0.5478,-0.1767
3.0000,0.5567,-0.1546
3.0000,0.5603,-0.1368
3.0000,0.5687,-0.1131
3.0000,0.5721,-0.0934
3.0000,0.5745,-0.0736
3.0000,0.5812,-0.0486
3.0000,0.5815,-0.0290
3.0000,0.5839,-0.0064
3.0000,0.5820,0.0128
3.0000,0.5837,0.0366
3.0000,0.5833,0.0591
3.0000,0.5817,0.0812
3.0000,0.5785,0.1025
3.0000,0.5742,0.1234
3.0000,0.5717,0.1470
3.0000,0.5681,0.1701
3.0000,0.5601,0.1894
3.0000,0.5528,0.2101
3.0000,0.5472,0.2331
3.0000,0.5374,0.2524
3.0000,0.5295,0.2741
3.0000,0.5221,0.2967
3.0000,0.5091,0.3143
3.0000,0.4960,0.3320
3.0000,0.4848,0.3521
3.0000,0.4751,0.3739
3.0000,0.4571,0.3877
3.0000,0.4463,0.4088
3.0000,0.4306,0.4252
3.0000,0.4162,0.4430
3.0000,0.3955,0.4546
3.0000,0.3829,0.4744
3.0000,0.3648,0.4886
3.0000,0.3429,0.4990
3.0000,0.3266,0.5148
3.0000,0.3089,0.5290
3.0000,0.2906,0.5425
3.0000,0.2688,0.5522
3.0000,0.2488,0.5634
3.0000,0.2288,0.5743
3.0000,0.2040,0.5799
3.0000,0.1817,0.5876
3.0000,0.1632,0.5986
3.0000,0.1398,0.6042
3.0000,0.1175,0.6104
3.0000,0.0939,0.6146
3.0000,0.0701,0.6179
3.0000,0.0469,0.6212
3.0000,0.0219,0.6220
3.0000,0.0003,0.6253
3.0000,-0.0215,0.6276
3.0000,-0.0458,0.6267
3.0000,-0.0727,0.6221
3.0000,-0.0965,0.6199
3.0000,-0.1158,0.6210
3.0000,-0.1423,0.6141
3.0000,-0.1630,0.6120
3.0000,-0.1873,0.6051
3.0000,-0.2111,0.5978
3.0000,-0.2336,0.5906
3.0000,-0.2564,0.5820
3.0000,-0.2766,0.5748
3.0000,-0.3029,0.5603
3.0000,-0.3217,0.5521
3.0000,-0.3440,0.5393
3.0000,-0.3621,0.5294
3.0000,-0.3840,0.5145
3.0000,-0.4044,0.4997
3.0000,-0.4224,0.4861
3.0000,-0.4413,0.4704
3.0000,-0.4595,0.4541
3.0000,-0.4778,0.4363
3.0000,-0.4915,0.4218
3.0000,-0.5083,0.4030
3.0000,-0.5254,0.3825
3.0000,-0.5412,0.3620
3.0000,-0.5543,0.3430
3.0000,-0.5676,0.3224
3.0000,-0.5811,0.3003
3.0000,-0.5940,0.2775
3.0000,-0.6060,0.2544
3.0000,-0.6138,0.2342
3.0000,-0.6216,0.2128
3.0000,-0.6305,0.1890
3.0000,-0.6405,0.1629
3.0000,-0.6480,0.1381
3.0000,-0.6501,0.1176
3.0000,-0.6569,0.0911
3.0000,-0.6618,0.0655
3.0000,-0.6643,0.0411
3.0000,-0.6652,0.0173
3.0000,-0.6669,-0.0083
3.0000,-0.6691,-0.0355
3.0000,-0.6683,-0.0607
3.0000,-0.6635,-0.0828
3.0000,-0.6618,-0.1088
3.0000,-0.6600,-0.1358
3.0000,-0.6520,-0.1573
3.0000,-0.6473,-0.1828
3.0000,-0.6399,-0.2066
3.0000,-0.6325,-0.2309
3.0000,-0.6251,-0.2560
3.0000,-0.6183,-0.2822
3.0000,-0.6072,-0.3047
3.0000,-0.5946,-0.3263
3.0000,-0.5821,-0.3484
3.0000,-0.5705,-0.3719
3.0000,-0.5571,-0.3940
3.0000,-0.5429,-0.4157
3.0000,-0.5275,-0.4363
3.0000,-0.5135,-0.4586
3.0000,-0.4974,-0.4791
3.0000,-0.4795,-0.4979
3.0000,-0.4564,-0.5115
3.0000,-0.4382,-0.5300
3.0000,-0.4177,-0.5462
3.0000,-0.3993,-0.5645
3.0000,-0.3797,-0.5814
3.0000,-0.3558,-0.5939
3.0000,-0.3373,-0.6115
3.0000,-0.3136,-0.6237
3.0000,-0.2907,-0.6362
3.0000,-0.2654,-0.6460
3.0000,-0.2428,-0.6581
3.0000,-0.2167,-0.6662
3.0000,-0.1887,-0.6717
3.0000,-0.1651,-0.6812
3.0000,-0.1393,-0.6878
3.0000,-0.1166,-0.6967
3.0000,-0.0858,-0.6969
3.0000,-0.0595,-0.7007
3.0000,-0.0348,-0.7054
3.0000,-0.0068,-0.7059
3.0000,0.0155,-0.7111
3.0000,0.0470,-0.7062
3.0000,0.0717,-0.7071
3.0000,0.0971,-0.7062
3.0000,0.1270,-0.6998
3.0000,0.1506,-0.6985
3.0000,0.1759,-0.6945
3.0000,0.2060,-0.6843
3.0000,0.2308,-0.6784
3.0000,0.2568,-0.6700
3.0000,0.2839,-0.6591
3.0000,0.3089,-0.6491
3.0000,0.3325,-0.6392
3.0000,0.3581,-0.6259
3.0000,0.3776,-0.6173
3.0000,0.4045,-0.6000
3.0000,0.4262,-0.5864
3.0000,0.4474,-0.5720
3.0000,0.4709,-0.5538
3.0000,0.4909,-0.5377
3.0000,0.5149,-0.5161
3.0000,0.5303,-0.5016
3.0000,0.5507,-0.4806
3.0000,0.5673,-0.4620
3.0000,0.5851,-0.4407
3.0000,0.6030,-0.4178
3.0000,0.6223,-0.3921
3.0000,0.6345,-0.3720
3.0000,0.6526,-0.3445
3.0000,0.6649,-0.3214
3.0000,0.6767,-0.2974
3.0000,0.6892,-0.2713
3.0000,0.7000,-0.2454
3.0000,0.7087,-0.2203
3.0000,0.7193,-0.1918
3.0000,0.7233,-0.1686
3.0000,0.7296,-0.1418
3.0000,0.7363,-0.1133
3.0000,0.7413,-0.0852
3.0000,0.7476,-0.0546
3.0000,0.7475,-0.0292
3.0000,0.7478,-0.0022
3.0000,0.7486,0.0264
3.0000,0.7520,0.0587
3.0000,0.7463,0.0831
3.0000,0.7472,0.1151
3.0000,0.7438,0.1436
3.0000,0.7370,0.1698
3.0000,0.7328,0.1995
3.0000,0.7256,0.2269
3.0000,0.7177,0.2546
3.0000,0.7072,0.2804
3.0000,0.6940,0.3041
3.0000,0.6840,0.3317
3.0000,0.6734,0.3594
3.0000,0.6575,0.3822
3.0000,0.6435,0.4075
3.0000,0.6312,0.4349
3.0000,0.6168,0.4606
3.0000,0.5974,0.4816
3.0000,0.5823,0.5072
3.0000,0.5637,0.5295
3.0000,0.5435,0.5503
3.0000,0.5219,0.5699
3.0000,0.5021,0.5913
3.0000,0.4767,0.6071
3.0000,0.4558,0.6272
3.0000,0.4319,0.6443
3.0000,0.4082,0.6614
3.0000,0.3808,0.6745
3.0000,0.3573,0.6911
3.0000,0.3323,0.7059
3.0000,0.3032,0.7162
3.0000,0.2774,0.7294
3.0000,0.2525,0.7428
3.0000,0.2258,0.7538
3.0000,0.1941,0.7592
3.0000,0.1669,0.7684
3.0000,0.1397,0.7768
3.0000,0.1097,0.7816
3.0000,0.0775,0.7833
3.0000,0.0480,0.7868
3.0000,0.0188,0.7897
3.0000,-0.0094,0.7925
3.0000,-0.0399,0.7919
3.0000,-0.0687,0.7920
3.0000,-0.1011,0.7873
3.0000,-0.1276,0.7872
3.0000,-0.1608,0.7793
3.0000,-0.1879,0.7762
3.0000,-0.2169,0.7699
3.0000,-0.2463,0.7617
3.0000,-0.2767,0.7513
3.0000,-0.3032,0.7433
3.0000,-0.3307,0.7328
3.0000,-0.3595,0.7196
3.0000,-0.3901,0.7032
3.0000,-0.4142,0.6916
3.0000,-0.4408,0.6761
3.0000,-0.4660,0.6603
3.0000,-0.4913,0.6429
3.0000,-0.5138,0.6266
3.0000,-0.5397,0.6054
3.0000,-0.5631,0.5850
3.0000,-0.5855,0.5641
3.0000,-0.6058,0.5436
3.0000,-0.6267,0.5208
3.0000,-0.6497,0.4943
3.0000,-0.6679,0.4709
3.0000,-0.6855,0.4465
3.0000,-0.7009,0.4227
3.0000,-0.7182,0.3954
3.0000,-0.7329,0.3691
3.0000,-0.7502,0.3385
3.0000,-0.7623,0.3116
3.0000,-0.7710,0.2865
3.0000,-0.7828,0.2568
3.0000,-0.7934,0.2267
3.0000,-0.8041,0.1951
3.0000,-0.8118,0.1649
3.0000,-0.8190,0.1338
3.0000,-0.8223,0.1052
3.0000,-0.8252,0.0755
3.0000,-0.8319,0.0408
3.0000,-0.8337,0.0097
3.0000,-0.8328,-0.0200
3.0000,-0.8322,-0.0512
3.0000,-0.8328,-0.0849
3.0000,-0.8297,-0.1160
3.0000,-0.8257,-0.1473
3.0000,-0.8223,-0.1803
3.0000,-0.8152,-0.2105
3.0000,-0.8049,-0.2385
3.0000,-0.7956,-0.2684
3.0000,-0.7895,-0.3023
3.0000,-0.7743,-0.3279
3.0000,-0.7660,-0.3612
3.0000,-0.7526,-0.3901
3.0000,-0.7344,-0.4147
3.0000,-0.7203,-0.4440
3.0000,-0.7041,-0.4717
3.0000,-0.6873,-0.4992
3.0000,-0.6671,-0.5238
3.0000,-0.6471,-0.5488
3.0000,-0.6305,-0.5774
3.0000,-0.6060,-0.5984
3.0000,-0.5828,-0.6208
3.0000,-0.5617,-0.6453
3.0000,-0.5382,-0.6674
3.0000,-0.5123,-0.6871
3.0000,-0.4870,-0.7072
3.0000,-0.4596,-0.7249
3.0000,-0.4347,-0.7449
3.0000,-0.4066,-0.7614
3.0000,-0.3769,-0.7758
3.0000,-0.3498,-0.7925
3.0000,-0.3158,-0.8016
3.0000,-0.2903,-0.8187
3.0000,-0.2581,-0.8284
3.0000,-0.2270,-0.8385
3.0000,-0.1953,-0.8473
3.0000,-0.1638,-0.8554
3.0000,-0.1293,-0.8595
3.0000,-0.1001,-0.8681
3.0000,-0.0641,-0.8689
3.0000,-0.0354,-0.8758
3.0000,-0.0009,-0.8759
3.0000,0.0351,-0.8733
3.0000,0.0682,-0.8723
3.0000,0.0973,-0.8742
3.0000,0.1311,-0.8700
3.0000,0.1635,-0.8658
3.0000,0.2000,-0.8562
3.0000,0.2305,-0.8510
3.0000,0.2618,-0.8436
3.0000,0.2935,-0.8343
3.0000,0.3234,-0.8252
3.0000,0.3562,-0.8117
3.0000,0.3889,-0.7966
3.0000,0.4168,-0.7847
3.0000,0.4459,-0.7698
3.0000,0.4779,-0.7504
3.0000,0.5054,-0.7338
3.0000,0.5315,-0.7168
3.0000,0.5601,-0.6956
3.0000,0.5860,-0.6753
3.0000,0.6138,-0.6513
3.0000,0.6395,-0.6277
3.0000,0.6615,-0.6059
3.0000,0.6847,-0.5810
3.0000,0.7053,-0.5570
3.0000,0.7280,-0.5291
3.0000,0.7501,-0.5000
3.0000,0.7672,-0.4741
3.0000,0.7835,-0.4472
3.0000,0.8034,-0.4149
3.0000,0.8170,-0.3872
3.0000,0.8329,-0.3554
3.0000,0.8465,-0.3242
3.0000,0.8620,-0.2894
3.0000,0.8700,-0.2604
3.0000,0.8836,-0.2241
3.0000,0.8878,-0.1957
3.0000,0.9003,-0.1573
3.0000,0.9021,-0.1280
3.0000,0.9074,-0.0937
3.0000,0.9147,-0.0559
3.0000,0.9148,-0.0239
3.0000,0.9149,0.0095
3.0000,0.9153,0.0446
3.0000,0.9140,0.0792
3.0000,0.9116,0.1142
3.0000,0.9067,0.1477
3.0000,0.9042,0.1849
3.0000,0.8964,0.2179
3.0000,0.8884,0.2517
3.0000,0.8799,0.2860
3.0000,0.8697,0.3196
3.0000,0.8588,0.3533
3.0000,0.8434,0.3833
3.0000,0.8314,0.4175
3.0000,0.8172,0.4503
3.0000,0.7965,0.4771
3.0000,0.7810,0.5097
3.0000,0.7627,0.5400
3.0000,0.7402,0.5664
3.0000,0.7213,0.5968
3.0000,0.6971,0.6223
3.0000,0.6757,0.6507
3.0000,0.6497,0.6747
3.0000,0.6251,0.7002
3.0000,0.6018,0.7269
3.0000,0.5719,0.7470
3.0000,0.5465,0.7714
3.0000,0.5147,0.7892
3.0000,0.4859,0.8097
3.0000,0.4553,0.8282
3.0000,0.4246,0.8460
3.0000,0.3914,0.8608
3.0000,0.3612,0.8781
3.0000,0.3272,0.8910
3.0000,0.2913,0.9012
3.0000,0.2606,0.9159
3.0000,0.2226,0.9224
3.0000,0.1917,0.9352
3.0000,0.1570,0.9431
3.0000,0.1205,0.9483
3.0000,0.0833,0.9516
3.0000,0.0502,0.9579
3.0000,0.0145,0.9604
3.0000,-0.0226,0.9602
3.0000,-0.0607,0.9577
3.0000,-0.0965,0.9561
3.0000,-0.1313,0.9540
3.0000,-0.1680,0.9487
3.0000,-0.2037,0.9428
3.0000,-0.2407,0.9339
3.0000,-0.2776,0.9236
3.0000,-0.3091,0.9171
3.0000,-0.3460,0.9035
3.0000,-0.3809,0.8900
3.0000,-0.4147,0.8760
3.0000,-0.4461,0.8625
3.0000,-0.4806,0.8442
3.0000,-0.5089,0.8301
3.0000,-0.5432,0.8082
3.0000,-0.5729,0.7890
3.0000,-0.6032,0.7672
3.0000,-0.6345,0.7425
3.0000,-0.6616,0.7202
3.0000,-0.6873,0.6972
3.0000,-0.7131,0.6722
3.0000,-0.7412,0.6428
3.0000,-0.7650,0.6158
3.0000,-0.7905,0.5852
3.0000,-0.8091,0.5594
3.0000,-0.8303,0.5292
3.0000,-0.8544,0.4940
3.0000,-0.8694,0.4660
3.0000,-0.8870,0.4335
3.0000,-0.9069,0.3967
3.0000,-0.9221,0.3628
3.0000,-0.9367,0.3276
3.0000,-0.9459,0.2960
3.0000,-0.9609,0.2568
3.0000,-0.9666,0.2250
3.0000,-0.9785,0.1853
3.0000,-0.9853,0.1491
3.0000,-0.9895,0.1137
3.0000,-0.9973,0.0730
3.0000,-0.9973,0.0386
3.0000,-0.9997,0.0003
4.0000,-0.0017,-0.0027
4.0000,-0.0022,-0.0044
4.0000,-0.0000,-0.0033
4.0000,-0.0018,-0.0063
4.0000,-0.0005,-0.0064
4.0000,0.0011,-0.0061
4.0000,0.0033,-0.0053
4.0000,0.0046,-0.0054
4.0000,0.0054,-0.0061
4.0000,0.0063,-0.0066
4.0000,0.0053,-0.0092
4.0000,0.0027,-0.0134
4.0000,0.0047,-0.0129
4.0000,0.0075,-0.0117
4.0000,0.0056,-0.0151
4.0000,0.0096,-0.0126
4.0000,0.0094,-0.0144
4.0000,0.0118,-0.0135
4.0000,0.0147,-0.0121
4.0000,0.0111,-0.0171
4.0000,0.0127,-0.0170
4.0000,0.0182,-0.0129
4.0000,0.0153,-0.0171
4.0000,0.0197,-0.0140
4.0000,0.0190,-0.0159
4.0000,0.0196,-0.0165
4.0000,0.0223,-0.0148
4.0000,0.0221,-0.0160
4.0000,0.0252,-0.0139
4.0000,0.0283,-0.0116
4.0000,0.0274,-0.0133
4.0000,0.0304,-0.0109
4.0000,0.0335,-0.0084
4.0000,0.0308,-0.0115
4.0000,0.0359,-0.0068
4.0000,0.0372,-0.0056
4.0000,0.0377,-0.0052
4.0000,0.0365,-0.0064
4.0000,0.0378,-0.0050
4.0000,0.0377,-0.0047
4.0000,0.0423,0.0003
4.0000,0.0408,-0.0007
4.0000,0.0446,0.0038
4.0000,0.0443,0.0043
4.0000,0.0471,0.0081
4.0000,0.0472,0.0093
4.0000,0.0453,0.0087
4.0000,0.0490,0.0137
4.0000,0.0489,0.0151
4.0000,0.0451,0.0130
4.0000,0.0485,0.0182
4.0000,0.0461,0.0177
4.0000,0.0475,0.0212
4.0000,0.0501,0.0260
4.0000,0.0493,0.0276
4.0000,0.0492,0.0300
4.0000,0.0479,0.0313
4.0000,0.0465,0.0326
4.0000,0.0459,0.0350
4.0000,0.0456,0.0376
4.0000,0.0432,0.0383
4.0000,0.0427,0.0411
4.0000,0.0436,0.0452
4.0000,0.0435,0.0486
4.0000,0.0400,0.0487
4.0000,0.0387,0.0510
4.0000,0.0385,0.0545
4.0000,0.0385,0.0583
4.0000,0.0341,0.0578
4.0000,0.0363,0.0640
4.0000,0.0327,0.0644
4.0000,0.0306,0.0663
4.0000,0.0253,0.0651
4.0000,0.0264,0.0704
4.0000,0.0219,0.0701
4.0000,0.0209,0.0732
4.0000,0.0197,0.0763
4.0000,0.0171,0.0780
4.0000,0.0120,0.0771
4.0000,0.0080,0.0774
4.0000,0.0077,0.0813
4.0000,0.0050,0.0828
4.0000,0.0026,0.0845
4.0000,-0.0034,0.0827
4.0000,-0.0072,0.0830
4.0000,-0.0104,0.0838
4.0000,-0.0122,0.0859
4.0000,-0.0168,0.0852
4.0000,-0.0172,0.0887
4.0000,-0.0232,0.0863
4.0000,-0.0266,0.0866
4.0000,-0.0290,0.0876
4.0000,-0.0318,0.0883
4.0000,-0.0347,0.0885
4.0000,-0.0399,0.0866
4.0000,-0.0466,0.0828
4.0000,-0.0502,0.0820
4.0000,-0.0530,0.0818
4.0000,-0.0565,0.0809
4.0000,-0.0589,0.0808
4.0000,-0.0633,0.0786
4.0000,-0.0651,0.0787
4.0000,-0.0712,0.0743
4.0000,-0.0724,0.0747
4.0000,-0.0763,0.0722
4.0000,-0.0809,0.0687
4.0000,-0.0819,0.0686
4.0000,-0.0884,0.0627
4.0000,-0.0900,0.0616
4.0000,-0.0925,0.0593
4.0000,-0.0972,0.0546
4.0000,-0.0973,0.0543
4.0000,-0.1033,0.0477
4.0000,-0.1056,0.0447
4.0000,-0.1090,0.0402
4.0000,-0.1117,0.0363
4.0000,-0.1110,0.0355
4.0000,-0.1151,0.0296
4.0000,-0.1159,0.0267
4.0000,-0.1169,0.0235
4.0000,-0.1208,0.0170
4.0000,-0.1226,0.0124
4.0000,-0.1224,0.0095
4.0000,-0.1245,0.0041
4.0000,-0.1252,-0.0002
4.0000,-0.1235,-0.0023
4.0000,-0.1244,-0.0074
4.0000,-0.1292,-0.0165
4.0000,-0.1279,-0.0198
4.0000,-0.1292,-0.0259
4.0000,-0.1292,-0.0309
4.0000,-0.1271,-0.0341
4.0000,-0.1271,-0.0396
4.0000,-0.1287,-0.0469
4.0000,-0.1251,-0.0493
4.0000,-0.1234,-0.0538
4.0000,-0.1215,-0.0582
4.0000,-0.1220,-0.0652
4.0000,-0.1224,-0.0723
4.0000,-0.1173,-0.0741
4.0000,-0.1164,-0.0803
4.0000,-0.1143,-0.0854
4.0000,-0.1124,-0.0908
4.0000,-0.1062,-0.0921
4.0000,-0.1057,-0.0992
4.0000,-0.1048,-0.1061
4.0000,-0.1008,-0.1100
4.0000,-0.0969,-0.1140
4.0000,-0.0941,-0.1192
4.0000,-0.0898,-0.1230
4.0000,-0.0835,-0.1248
4.0000,-0.0822,-0.1317
4.0000,-0.0770,-0.1347
4.0000,-0.0726,-0.1386
4.0000,-0.0657,-0.1400
4.0000,-0.0587,-0.1412
4.0000,-0.0541,-0.1448
4.0000,-0.0498,-0.1488
4.0000,-0.0437,-0.1508
4.0000,-0.0420,-0.1571
4.0000,-0.0334,-0.1566
4.0000,-0.0264,-0.1576
4.0000,-0.0231,-0.1621
4.0000,-0.0141,-0.1608
4.0000,-0.0092,-0.1635
4.0000,-0.0044,-0.1662
4.0000,0.0026,-0.1665
4.0000,0.0090,-0.1672
4.0000,0.0154,-0.1678
4.0000,0.0212,-0.1688
4.0000,0.0266,-0.1700
4.0000,0.0336,-0.1693
4.0000,0.0415,-0.1675
4.0000,0.0469,-0.1680
4.0000,0.0521,-0.1684
4.0000,0.0629,-0.1630
4.0000,0.0674,-0.1636
4.0000,0.0739,-0.1618
4.0000,0.0802,-0.1600
4.0000,0.0873,-0.1571
4.0000,0.0909,-0.1574
4.0000,0.0983,-0.1536
4.0000,0.1034,-0.1517
4.0000,0.1110,-0.1469
4.0000,0.1174,-0.1431
4.0000,0.1217,-0.1410
4.0000,0.1286,-0.1359
4.0000,0.1357,-0.1301
4.0000,0.1436,-0.1232
4.0000,0.1466,-0.1209
4.0000,0.1512,-0.1166
4.0000,0.1573,-0.1103
4.0000,0.1631,-0.1040
4.0000,0.1682,-0.0980
4.0000,0.1711,-0.0937
4.0000,0.1745,-0.0885
4.0000,0.1819,-0.0790
4.0000,0.1816,-0.0768
4.0000,0.1847,-0.0707
4.0000,0.1880,-0.0640
4.0000,0.1954,-0.0529
4.0000,0.1940,-0.0501
4.0000,0.1965,-0.0430
4.0000,0.2039,-0.0306
4.0000,0.2052,-0.0239
4.0000,0.2057,-0.0176
4.0000,0.2061,-0.0110
4.0000,0.2094,-0.0012
4.0000,0.2084,0.0047
4.0000,0.2082,0.0118
4.0000,0.2101,0.0213
4.0000,0.2076,0.0269
4.0000,0.2119,0.0395
4.0000,0.2106,0.0469
4.0000,0.2107,0.0559
4.0000,0.2094,0.0639
4.0000,0.2060,0.0702
4.0000,0.2062,0.0802
4.0000,0.2026,0.0868
4.0000,0.1994,0.0940
4.0000,0.1972,0.1025
4.0000,0.1942,0.1104
4.0000,0.1891,0.1164
4.0000,0.1864,0.1251
4.0000,0.1813,0.1315
4.0000,0.1795,0.1414
4.0000,0.1738,0.1476
4.0000,0.1703,0.1561
4.0000,0.1643,0.1622
4.0000,0.1576,0.1678
4.0000,0.1518,0.1743
4.0000,0.1464,0.1814
4.0000,0.1399,0.1873
4.0000,0.1319,0.1919
4.0000,0.1241,0.1966
4.0000,0.1196,0.2047
4.0000,0.1110,0.2085
4.0000,0.1028,0.2129
4.0000,0.0978,0.2202
4.0000,0.0894,0.2241
4.0000,0.0810,0.2280
4.0000,0.0699,0.2291
4.0000,0.0651,0.2363
4.0000,0.0568,0.2398
4.0000,0.0447,0.2394
4.0000,0.0371,0.2433
4.0000,0.0273,0.2448
4.0000,0.0182,0.2468
4.0000,0.0095,0.2489
4.0000,0.0023,0.2523
4.0000,-0.0116,0.2487
4.0000,-0.0168,0.2535
4.0000,-0.0262,0.2538
4.0000,-0.0403,0.2490
4.0000,-0.0478,0.2505
4.0000,-0.0581,0.2488
4.0000,-0.0681,0.2470
4.0000,-0.0765,0.2465
4.0000,-0.0841,0.2463
4.0000,-0.0949,0.2425
4.0000,-0.1069,0.2371
4.0000,-0.1125,0.2376
4.0000,-0.1244,0.2315
4.0000,-0.1351,0.2259
4.0000,-0.1414,0.2244
4.0000,-0.1498,0.2202
4.0000,-0.1579,0.2157
4.0000,-0.1690,0.2078
4.0000,-0.1768,0.2027
4.0000,-0.1843,0.1974
4.0000,-0.1940,0.1892
4.0000,-0.2024,0.1819
4.0000,-0.2064,0.1784
4.0000,-0.2164,0.1684
4.0000,-0.2250,0.1591
4.0000,-0.2298,0.1532
4.0000,-0.2357,0.1455
4.0000,-0.2420,0.1369
4.0000,-0.2490,0.1270
4.0000,-0.2530,0.1196
4.0000,-0.2576,0.1109
4.0000,-0.2637,0.1003
4.0000,-0.2687,0.0902
4.0000,-0.2740,0.0791
4.0000,-0.2784,0.0685
4.0000,-0.2781,0.0620
4.0000,-0.2814,0.0514
4.0000,-0.2873,0.0376
4.0000,-0.2877,0.0289
4.0000,-0.2914,0.0162
4.0000,-0.2932,0.0050
4.0000,-0.2925,-0.0042
4.0000,-0.2945,-0.0166
4.0000,-0.2929,-0.0259
4.0000,-0.2922,-0.0365
4.0000,-0.2913,-0.0474
4.0000,-0.2894,-0.0577
4.0000,-0.2886,-0.0696
4.0000,-0.2892,-0.0831
4.0000,-0.2871,-0.0945
4.0000,-0.2842,-0.1054
4.0000,-0.2813,-0.1166
4.0000,-0.2753,-0.1251
4.0000,-0.2695,-0.1341
4.0000,-0.2652,-0.1449
4.0000,-0.2646,-0.1597
4.0000,-0.2549,-0.1655
4.0000,-0.2521,-0.1786
4.0000,-0.2466,-0.1891
4.0000,-0.2374,-0.1962
4.0000,-0.2332,-0.2084
4.0000,-0.2269,-0.2186
4.0000,-0.2157,-0.2241
4.0000,-0.2092,-0.2343
4.0000,-0.2018,-0.2438
4.0000,-0.1915,-0.2503
4.0000,-0.1816,-0.2573
4.0000,-0.1743,-0.2669
4.0000,-0.1623,-0.2718
4.0000,-0.1530,-0.2793
4.0000,-0.1452,-0.2881
4.0000,-0.1329,-0.2925
4.0000,-0.1207,-0.2968
4.0000,-0.1121,-0.3046
4.0000,-0.0997,-0.3084
4.0000,-0.0867,-0.3113
4.0000,-0.0768,-0.3172
4.0000,-0.0654,-0.3213
4.0000,-0.0550,-0.3261
4.0000,-0.0399,-0.3260
4.0000,-0.0289,-0.3295
4.0000,-0.0191,-0.3340
4.0000,-0.0056,-0.3344
4.0000,0.0070,-0.3353
4.0000,0.0196,-0.3358
4.0000,0.0333,-0.3347
4.0000,0.0453,-0.3349
4.0000,0.0587,-0.3333
4.0000,0.0738,-0.3293
4.0000,0.0826,-0.3313
4.0000,0.0950,-0.3291
4.0000,0.1096,-0.3240
4.0000,0.1238,-0.3189
4.0000,0.1344,-0.3168
4.0000,0.1475,-0.3116
4.0000,0.1595,-0.3068
4.0000,0.1696,-0.3034
4.0000,0.1822,-0.2967
4.0000,0.1963,-0.2880
4.0000,0.2074,-0.2815
4.0000,0.2163,-0.2765
4.0000,0.2273,-0.2688
4.0000,0.2371,-0.2616
4.0000,0.2498,-0.2508
4.0000,0.2612,-0.2406
4.0000,0.2688,-0.2335
4.0000,0.2763,-0.2257
4.0000,0.2853,-0.2157
4.0000,0.2952,-0.2041
4.0000,0.3062,-0.1906
4.0000,0.3143,-0.1793
4.0000,0.3178,-0.1720
4.0000,0.3268,-0.1584
4.0000,0.3347,-0.1451
4.0000,0.3392,-0.1346
4.0000,0.3469,-0.1201
4.0000,0.3517,-0.1077
4.0000,0.3572,-0.0940
4.0000,0.3616,-0.0808
4.0000,0.3636,-0.0691
4.0000,0.3685,-0.0540
4.0000,0.3703,-0.0413
4.0000,0.3696,-0.0305
4.0000,0.3723,-0.0155
4.0000,0.3738,-0.0012
4.0000,0.3760,0.0144
4.0000,0.3733,0.0258
4.0000,0.3734,0.0404
4.0000,0.3736,0.0559
4.0000,0.3728,0.0708
4.0000,0.3697,0.0839
4.0000,0.3692,0.1001
4.0000,0.3652,0.1133
4.0000,0.3631,0.1288
4.0000,0.3595,0.1432
4.0000,0.3545,0.1568
4.0000,0.3475,0.1686
4.0000,0.3401,0.1804
4.0000,0.3354,0.1952
4.0000,0.3278,0.2075
4.0000,0.3206,0.2204
4.0000,0.3119,0.2321
4.0000,0.3059,0.2466
4.0000,0.2969,0.2584
4.0000,0.2889,0.2713
4.0000,0.2771,0.2806
4.0000,0.2704,0.2951
4.0000,0.2552,0.3011
4.0000,0.2443,0.3115
4.0000,0.2363,0.3248
4.0000,0.2253,0.3351
4.0000,0.2113,0.3423
4.0000,0.1974,0.3495
4.0000,0.1861,0.3592
4.0000,0.1736,0.3677
4.0000,0.1566,0.3713
4.0000,0.1434,0.3786
4.0000,0.1313,0.3868
4.0000,0.1159,0.3914
4.0000,0.1033,0.3985
4.0000,0.0890,0.4035
4.0000,0.0720,0.4055
4.0000,0.0586,0.4107
4.0000,0.0405,0.4108
4.0000,0.0287,0.4168
4.0000,0.0106,0.4160
4.0000,-0.0045,0.4177
4.0000,-0.0231,0.4154
4.0000,-0.0365,0.4176
4.0000,-0.0508,0.4186
4.0000,-0.0698,0.4141
4.0000,-0.0865,0.4112
4.0000,-0.1017,0.4093
4.0000,-0.1159,0.4077
4.0000,-0.1302,0.4053
4.0000,-0.1480,0.3987
4.0000,-0.1642,0.3930
4.0000,-0.1752,0.3916
4.0000,-0.1908,0.3850
4.0000,-0.2092,0.3747
4.0000,-0.2228,0.3685
4.0000,-0.2352,0.3627
4.0000,-0.2520,0.3516
4.0000,-0.2629,0.3455
4.0000,-0.2768,0.3357
4.0000,-0.2901,0.3255
4.0000,-0.3027,0.3152
4.0000,-0.3164,0.3029
4.0000,-0.3280,0.2918
4.0000,-0.3395,0.2800
4.0000,-0.3498,0.2684
4.0000,-0.3588,0.2573
4.0000,-0.3696,0.2434
4.0000,-0.3831,0.2260
4.0000,-0.3915,0.2128
4.0000,-0.4011,0.1976
4.0000,-0.4076,0.1844
4.0000,-0.4153,0.1693
4.0000,-0.4223,0.1539
4.0000,-0.4264,0.1406
4.0000,-0.4340,0.1230
4.0000,-0.4371,0.1089
4.0000,-0.4413,0.0930
4.0000,-0.4461,0.0757
4.0000,-0.4489,0.0595
4.0000,-0.4537,0.0405
4.0000,-0.4545,0.0248
4.0000,-0.4589,0.0048
4.0000,-0.4594,-0.0121
4.0000,-0.4577,-0.0274
4.0000,-0.4579,-0.0455
4.0000,-0.4589,-0.0650
4.0000,-0.4537,-0.0789
4.0000,-0.4547,-0.0996
4.0000,-0.4494,-0.1146
4.0000,-0.4453,-0.1314
4.0000,-0.4425,-0.1501
4.0000,-0.4382,-0.1678
4.0000,-0.4325,-0.1844
4.0000,-0.4259,-0.2008
4.0000,-0.4196,-0.2177
4.0000,-0.4117,-0.2335
4.0000,-0.4031,-0.2490
4.0000,-0.3931,-0.2634
4.0000,-0.3851,-0.2800
4.0000,-0.3723,-0.2922
4.0000,-0.3614,-0.3064
4.0000,-0.3541,-0.3244
4.0000,-0.3409,-0.3367
4.0000,-0.3302,-0.3516
4.0000,-0.3171,-0.3641
4.0000,-0.3040,-0.3766
4.0000,-0.2885,-0.3868
4.0000,-0.2756,-0.3996
4.0000,-0.2606,-0.4103
4.0000,-0.2429,-0.4180
4.0000,-0.2307,-0.4312
4.0000,-0.2151,-0.4407
4.0000,-0.1976,-0.4481
4.0000,-0.1804,-0.4556
4.0000,-0.1653,-0.4649
4.0000,-0.1468,-0.4705
4.0000,-0.1267,-0.4740
4.0000,-0.1084,-0.4791
4.0000,-0.0935,-0.4870
4.0000,-0.0739,-0.4898
4.0000,-0.0557,-0.4935
4.0000,-0.0393,-0.4984
4.0000,-0.0173,-0.4971
4.0000,-0.0008,-0.5008
4.0000,0.0189,-0.5006
4.0000,0.0376,-0.5007
4.0000,0.0572,-0.4994
4.0000,0.0746,-0.4994
4.0000,0.0971,-0.4936
4.0000,0.1153,-0.4913
4.0000,0.1342,-0.4875
4.0000,0.1486,-0.4873
4.0000,0.1668,-0.4826
4.0000,0.1890,-0.4730
4.0000,0.2073,-0.4663
4.0000,0.2239,-0.4604
4.0000,0.2413,-0.4528
4.0000,0.2565,-0.4464
4.0000,0.2741,-0.4367
4.0000,0.2947,-0.4230
4.0000,0.3096,-0.4139
4.0000,0.3253,-0.4031
4.0000,0.3411,-0.3911
4.0000,0.3545,-0.3805
4.0000,0.3724,-0.3644
4.0000,0.3863,-0.3512
4.0000,0.3978,-0.3393
4.0000,0.4134,-0.3224
4.0000,0.4252,-0.3081
4.0000,0.4344,-0.2954
4.0000,0.4495,-0.2758
4.0000,0.4595,-0.2601
4.0000,0.4720,-0.2410
4.0000,0.4772,-0.2281
4.0000,0.4896,-0.2069
4.0000,0.4984,-0.1883
4.0000,0.5061,-0.1698
4.0000,0.5107,-0.1534
4.0000,0.5159,-0.1353
4.0000,0.5233,-0.1141
4.0000,0.5309,-0.0918
4.0000,0.5325,-0.0745
4.0000,0.5379,-0.0524
4.0000,0.5373,-0.0356
4.0000,0.5417,-0.0128
4.0000,0.5432,0.0080
4.0000,0.5421,0.0270
4.0000,0.5433,0.0492
4.0000,0.5427,0.0703
4.0000,0.5388,0.0889
4.0000,0.5365,0.1097
4.0000,0.5340,0.1311
4.0000,0.5262,0.1479
4.0000,0.5252,0.1720
4.0000,0.5163,0.1889
4.0000,0.5105,0.2095
4.0000,0.5021,0.2279
4.0000,0.4964,0.2496
4.0000,0.4845,0.2655
4.0000,0.4785,0.2878
4.0000,0.4645,0.3023
4.0000,0.4553,0.3220
4.0000,0.4431,0.3391
4.0000,0.4320,0.3575
4.0000,0.4197,0.3748
4.0000,0.4041,0.3891
4.0000,0.3886,0.4036
4.0000,0.3777,0.4228
4.0000,0.3619,0.4371
4.0000,0.3440,0.4493
4.0000,0.3293,0.4647
4.0000,0.3117,0.4770
4.0000,0.2912,0.4865
4.0000,0.2756,0.5005
4.0000,0.2537,0.5081
4.0000,0.2380,0.5216
4.0000,0.2180,0.5305
4.0000,0.1986,0.5396
4.0000,0.1779,0.5470
4.0000,0.1579,0.5548
4.0000,0.1383,0.5625
4.0000,0.1158,0.5668
4.0000,0.0927,0.5698
4.0000,0.0733,0.5760
4.0000,0.0509,0.5786
4.0000,0.0276,0.5796
4.0000,0.0075,0.5831
4.0000,-0.0156,0.5829
4.0000,-0.0392,0.5813
4.0000,-0.0595,0.5823
4.0000,-0.0783,0.5840
4.0000,-0.1019,0.5800
4.0000,-0.1242,0.5763
4.0000,-0.1450,0.5732
4.0000,-0.1668,0.5681
4.0000,-0.1882,0.5625
4.0000,-0.2106,0.5549
4.0000,-0.2329,0.5462
4.0000,-0.2553,0.5365
4.0000,-0.2743,0.5289
4.0000,-0.2959,0.5178
4.0000,-0.3118,0.5111
4.0000,-0.3342,0.4969
4.0000,-0.3525,0.4856
4.0000,-0.3724,0.4715
4.0000,-0.3873,0.4612
4.0000,-0.4084,0.4435
4.0000,-0.4250,0.4291
4.0000,-0.4409,0.4143
4.0000,-0.4588,0.3961
4.0000,-0.4744,0.3791
4.0000,-0.4880,0.3629
4.0000,-0.4999,0.3471
4.0000,-0.5171,0.3248
4.0000,-0.5301,0.3055
4.0000,-0.5376,0.2904
4.0000,-0.5509,0.2684
4.0000,-0.5617,0.2476
4.0000,-0.5694,0.2288
4.0000,-0.5834,0.2025
4.0000,-0.5909,0.1816
4.0000,-0.5952,0.1626
4.0000,-0.6010,0.1410
4.0000,-0.6102,0.1150
4.0000,-0.6115,0.0958
4.0000,-0.6175,0.0707
4.0000,-0.6234,0.0448
4.0000,-0.6220,0.0251
4.0000,-0.6243,0.0007
4.0000,-0.6256,-0.0237
4.0000,-0.6260,-0.0480
4.0000,-0.6258,-0.0727
4.0000,-0.6235,-0.0961
4.0000,-0.6211,-0.1203
4.0000,-0.6125,-0.1391
4.0000,-0.6098,-0.1645
4.0000,-0.6019,-0.1855
4.0000,-0.5958,-0.2089
4.0000,-0.5920,-0.2354
4.0000,-0.5833,-0.2575
4.0000,-0.5739,-0.2794
4.0000,-0.5612,-0.2986
4.0000,-0.5516,-0.3214
4.0000,-0.5413,-0.3438
4.0000,-0.5261,-0.3619
4.0000,-0.5156,-0.3849
4.0000,-0.5012,-0.4042
4.0000,-0.4869,-0.4240
4.0000,-0.4693,-0.4407
4.0000,-0.4561,-0.4618
4.0000,-0.4390,-0.4792
4.0000,-0.4209,-0.4956
4.0000,-0.4022,-0.5115
4.0000,-0.3813,-0.5251
4.0000,-0.3609,-0.5391
4.0000,-0.3424,-0.5548
4.0000,-0.3224,-0.5689
4.0000,-0.2995,-0.5798
4.0000,-0.2771,-0.5908
4.0000,-0.2592,-0.6061
4.0000,-0.2327,-0.6123
4.0000,-0.2095,-0.6215
4.0000,-0.1897,-0.6335
4.0000,-0.1656,-0.6407
4.0000,-0.1383,-0.6441
4.0000,-0.1133,-0.6493
4.0000,-0.0893,-0.6546
4.0000,-0.0647,-0.6587
4.0000,-0.0400,-0.6619
4.0000,-0.0187,-0.6677
4.0000,0.0101,-0.6653
4.0000,0.0313,-0.6694
4.0000,0.0579,-0.6673
4.0000,0.0852,-0.6635
4.0000,0.1101,-0.6611
4.0000,0.1360,-0.6567
4.0000,0.1614,-0.6516
4.0000,0.1840,-0.6484
4.0000,0.2066,-0.6440
4.0000,0.2338,-0.6337
4.0000,0.2552,-0.6282
4.0000,0.2786,-0.6194
4.0000,0.3063,-0.6050
4.0000,0.3251,-0.5984
4.0000,0.3516,-0.5827
4.0000,0.3721,-0.5718
4.0000,0.3954,-0.5567
4.0000,0.4165,-0.5424
4.0000,0.4351,-0.5293
4.0000,0.4568,-0.5118
4.0000,0.4780,-0.4934
4.0000,0.4951,-0.4777
4.0000,0.5123,-0.4605
4.0000,0.5313,-0.4401
4.0000,0.5501,-0.4186
4.0000,0.5662,-0.3983
4.0000,0.5785,-0.3805
4.0000,0.5946,-0.3576
4.0000,0.6078,-0.3360
4.0000,0.6226,-0.3116
4.0000,0.6349,-0.2883
4.0000,0.6471,-0.2637
4.0000,0.6572,-0.2399
4.0000,0.6646,-0.2174
4.0000,0.6768,-0.1890
4.0000,0.6800,-0.1681
4.0000,0.6897,-0.1395
4.0000,0.6961,-0.1131
4.0000,0.6998,-0.0880
4.0000,0.7056,-0.0597
4.0000,0.7053,-0.0363
4.0000,0.7062,-0.0106
4.0000,0.7095,0.0186
4.0000,0.7090,0.0450
4.0000,0.7069,0.0708
4.0000,0.7029,0.0958
4.0000,0.7040,0.1268
4.0000,0.6996,0.1532
4.0000,0.6903,0.1755
4.0000,0.6871,0.2049
4.0000,0.6794,0.2305
4.0000,0.6687,0.2538
4.0000,0.6619,0.2816
4.0000,0.6537,0.3087
4.0000,0.6419,0.3329
4.0000,0.6258,0.3533
4.0000,0.6145,0.3790
4.0000,0.6004,0.4023
4.0000,0.5841,0.4237
4.0000,0.5700,0.4478
4.0000,0.5552,0.4713
4.0000,0.5358,0.4905
4.0000,0.5196,0.5131
4.0000,0.4972,0.5296
4.0000,0.4775,0.5489
4.0000,0.4610,0.5713
4.0000,0.4389,0.5881
4.0000,0.4145,0.6026
4.0000,0.3952,0.6219
4.0000,0.3696,0.6348
4.0000,0.3486,0.6520
4.0000,0.3247,0.6658
4.0000,0.2955,0.6741
4.0000,0.2734,0.6890
4.0000,0.2445,0.6966
4.0000,0.2195,0.7076
4.0000,0.1934,0.7169
4.0000,0.1650,0.7232
4.0000,0.1418,0.7340
4.0000,0.1142,0.7397
4.0000,0.0844,0.7423
4.0000,0.0545,0.7441
4.0000,0.0280,0.7482
4.0000,-0.0021,0.7479
4.0000,-0.0306,0.7482
4.0000,-0.0584,0.7481
4.0000,-0.0827,0.7505
4.0000,-0.1147,0.7440
4.0000,-0.1409,0.7422
4.0000,-0.1700,0.7363
4.0000,-0.1997,0.7285
4.0000,-0.2262,0.7228
4.0000,-0.2501,0.7183
4.0000,-0.2791,0.7073
4.0000,-0.3059,0.6972
4.0000,-0.3326,0.6858
4.0000,-0.3575,0.6748
4.0000,-0.3849,0.6599
4.0000,-0.4076,0.6482
4.0000,-0.4337,0.6317
4.0000,-0.4612,0.6122
4.0000,-0.4846,0.5953
4.0000,-0.5051,0.5798
4.0000,-0.5271,0.5613
4.0000,-0.5486,0.5417
4.0000,-0.5720,0.5187
4.0000,-0.5885,0.5011
4.0000,-0.6106,0.4762
4.0000,-0.6245,0.4580
4.0000,-0.6420,0.4347
4.0000,-0.6613,0.4080
4.0000,-0.6745,0.3858
4.0000,-0.6937,0.3562
4.0000,-0.7071,0.3308
4.0000,-0.7177,0.3067
4.0000,-0.7311,0.2782
4.0000,-0.7397,0.2531
4.0000,-0.7517,0.2232
4.0000,-0.7577,0.1978
4.0000,-0.7662,0.1685
4.0000,-0.7743,0.1383
4.0000,-0.7819,0.1072
4.0000,-0.7842,0.0800
4.0000,-0.7877,0.0503
4.0000,-0.7883,0.0223
4.0000,-0.7943,-0.0123
4.0000,-0.7894,-0.0372
4.0000,-0.7916,-0.0704
4.0000,-0.7886,-0.0995
4.0000,-0.7872,-0.1313
4.0000,-0.7802,-0.1584
4.0000,-0.7753,-0.1886
4.0000,-0.7675,-0.2169
4.0000,-0.7635,-0.2498
4.0000,-0.7541,-0.2782
4.0000,-0.7423,-0.3050
4.0000,-0.7296,-0.3316
4.0000,-0.7169,-0.3587
4.0000,-0.7052,-0.3875
4.0000,-0.6906,-0.4140
4.0000,-0.6747,-0.4398
4.0000,-0.6582,-0.4653
4.0000,-0.6434,-0.4928
4.0000,-0.6229,-0.5151
4.0000,-0.6053,-0.5404
4.0000,-0.5863,-0.5647
4.0000,-0.5660,-0.5876
4.0000,-0.5441,-0.6092
4.0000,-0.5189,-0.6274
4.0000,-0.4967,-0.6485
4.0000,-0.4745,-0.6696
4.0000,-0.4451,-0.6832
4.0000,-0.4235,-0.7045
4.0000,-0.3972,-0.7208
4.0000,-0.3659,-0.7316
4.0000,-0.3407,-0.7482
4.0000,-0.3104,-0.7592
4.0000,-0.2861,-0.7756
4.0000,-0.2546,-0.7843
4.0000,-0.2261,-0.7953
4.0000,-0.1976,-0.8056
4.0000,-0.1631,-0.8090
4.0000,-0.1340,-0.8171
4.0000,-0.1061,-0.8255
4.0000,-0.0711,-0.8259
4.0000,-0.0413,-0.8304
4.0000,-0.0100,-0.8325
4.0000,0.0205,-0.8342
4.0000,0.0508,-0.8350
4.0000,0.0837,-0.8320
4.0000,0.1129,-0.8315
4.0000,0.1482,-0.8235
4.0000,0.1794,-0.8185
4.0000,0.2109,-0.8116
4.0000,0.2386,-0.8072
4.0000,0.2689,-0.7988
4.0000,0.3024,-0.7857
4.0000,0.3302,-0.7768
4.0000,0.3621,-0.7623
4.0000,0.3902,-0.7499
4.0000,0.4191,-0.7353
4.0000,0.4438,-0.7232
4.0000,0.4706,-0.7074
4.0000,0.4999,-0.6874
4.0000,0.5268,-0.6681
4.0000,0.5523,-0.6486
4.0000,0.5782,-0.6269
4.0000,0.5982,-0.6095
4.0000,0.6225,-0.5861
4.0000,0.6449,-0.5628
4.0000,0.6683,-0.5368
4.0000,0.6867,-0.5141
4.0000,0.7085,-0.4862
4.0000,0.7249,-0.4621
4.0000,0.7456,-0.4319
4.0000,0.7602,-0.4061
4.0000,0.7737,-0.3797
4.0000,0.7919,-0.3470
4.0000,0.8047,-0.3179
4.0000,0.8156,-0.2892
4.0000,0.8275,-0.2579
4.0000,0.8405,-0.2238
4.0000,0.8449,-0.1969
4.0000,0.8522,-0.1654
4.0000,0.8620,-0.1300
4.0000,0.8655,-0.0994
4.0000,0.8683,-0.0680
4.0000,0.8735,-0.0328
4.0000,0.8774,0.0024
4.0000,0.8733,0.0309
4.0000,0.8723,0.0638
4.0000,0.8722,0.0989
4.0000,0.8675,0.1305
4.0000,0.8654,0.1659
4.0000,0.8573,0.1963
4.0000,0.8538,0.2324
4.0000,0.8419,0.2611
4.0000,0.8352,0.2958
4.0000,0.8251,0.3281
4.0000,0.8086,0.3546
4.0000,0.7994,0.3894
4.0000,0.7839,0.4184
4.0000,0.7657,0.4454
4.0000,0.7503,0.4758
4.0000,0.7324,0.5041
4.0000,0.7139,0.5323
4.0000,0.6927,0.5581
4.0000,0.6730,0.5857
4.0000,0.6504,0.6107
4.0000,0.6271,0.6350
4.0000,0.6043,0.6601
4.0000,0.5798,0.6835
4.0000,0.5574,0.7088
4.0000,0.5266,0.7258
4.0000,0.5020,0.7486
4.0000,0.4721,0.7660
4.0000,0.4438,0.7846
4.0000,0.4177,0.8051
4.0000,0.3843,0.8178
4.0000,0.3567,0.8358
4.0000,0.3258,0.8499
4.0000,0.2893,0.8579
4.0000,0.2584,0.8706
4.0000,0.2250,0.8801
4.0000,0.1906,0.8877
4.0000,0.1603,0.8986
4.0000,0.1236,0.9021
4.0000,0.0944,0.9120
4.0000,0.0563,0.9121
4.0000,0.0234,0.9161
4.0000,-0.0130,0.9154
4.0000,-0.0484,0.9145
4.0000,-0.0832,0.9129
4.0000,-0.1164,0.9116
4.0000,-0.1512,0.9074
4.0000,-0.1831,0.9045
4.0000,-0.2177,0.8974
4.0000,-0.2516,0.8895
4.0000,-0.2836,0.8819
4.0000,-0.3172,0.8712
4.0000,-0.3505,0.8591
4.0000,-0.3820,0.8471
4.0000,-0.4165,0.8304
4.0000,-0.4497,0.8133
4.0000,-0.4768,0.8005
4.0000,-0.5101,0.7797
4.0000,-0.5373,0.7632
4.0000,-0.5703,0.7391
4.0000,-0.5972,0.7192
4.0000,-0.6221,0.6995
4.0000,-0.6519,0.6729
4.0000,-0.6763,0.6500
4.0000,-0.6980,0.6279
4.0000,-0.7239,0.5996
4.0000,-0.7477,0.5715
4.0000,-0.7703,0.5428
4.0000,-0.7888,0.5163
4.0000,-0.8108,0.4844
4.0000,-0.8304,0.4530
4.0000,-0.8453,0.4245
4.0000,-0.8642,0.3901
4.0000,-0.8770,0.3600
4.0000,-0.8931,0.3248
4.0000,-0.9025,0.2945
4.0000,-0.9170,0.2574
4.0000,-0.9226,0.2276
4.0000,-0.9314,0.1927
4.0000,-0.9412,0.1553
4.0000,-0.9489,0.1182
4.0000,-0.9548,0.0815
4.0000,-0.9582,0.0457
4.0000,-0.9603,0.0096
4.0000,-0.9596,-0.0250
4.0000,-0.9565,-0.0587
4.0000,-0.9556,-0.0959
4.0000,-0.9548,-0.1345
4.0000,-0.9483,-0.1687
4.0000,-0.9418,-0.2041
4.0000,-0.9356,-0.2409
4.0000,-0.9276,-0.2770
4.0000,-0.9160,-0.3105
4.0000,-0.9070,-0.3475
4.0000,-0.8901,-0.3776
4.0000,-0.8761,-0.4114
4.0000,-0.8621,-0.4460
4.0000,-0.8437,-0.4768
4.0000,-0.8258,-0.5088
4.0000,-0.8080,-0.5414
4.0000,-0.7875,-0.5718
4.0000,-0.7676,-0.6032
4.0000,-0.7452,-0.6325
4.0000,-0.7235,-0.6627
4.0000,-0.6952,-0.6865
4.0000,-0.6722,-0.7157
4.0000,-0.6457,-0.7415
4.0000,-0.6155,-0.7636
4.0000,-0.5879,-0.7881
4.0000,-0.5575,-0.8097
4.0000,-0.5291,-0.8330
4.0000,-0.4944,-0.8496
4.0000,-0.4661,-0.8724
4.0000,-0.4328,-0.8895
4.0000,-0.4011,-0.9078
4.0000,-0.3618,-0.9179
4.0000,-0.3318,-0.9364
4.0000,-0.2973,-0.9499
4.0000,-0.2590,-0.9586
4.0000,-0.2214,-0.9672
4.0000,-0.1841,-0.9751
4.0000,-0.1501,-0.9852
4.0000,-0.1142,-0.9923
4.0000,-0.0764,-0.9964
4.0000,-0.0388,-0.9994
4.0000,0.0021,-0.9979
