1.0000,0.0015,0.0005
1.0000,0.0012,-0.0006
1.0000,-0.0005,-0.0032
1.0000,0.0001,-0.0033
1.0000,-0.0004,-0.0044
1.0000,0.0092,0.0047
1.0000,0.0111,0.0062
1.0000,0.0070,0.0017
1.0000,0.0079,0.0024
1.0000,0.0099,0.0043
1.0000,0.0143,0.0087
1.0000,0.0106,0.0051
1.0000,0.0073,0.0019
1.0000,0.0111,0.0061
1.0000,0.0111,0.0064
1.0000,0.0144,0.0103
1.0000,0.0086,0.0052
1.0000,0.0135,0.0108
1.0000,0.0175,0.0156
1.0000,0.0164,0.0155
1.0000,0.0153,0.0155
1.0000,0.0177,0.0191
1.0000,0.0202,0.0228
1.0000,0.0121,0.0162
1.0000,0.0117,0.0173
1.0000,0.0156,0.0227
1.0000,0.0096,0.0184
1.0000,0.0115,0.0220
1.0000,0.0110,0.0235
1.0000,0.0075,0.0219
1.0000,0.0134,0.0298
1.0000,0.0138,0.0323
1.0000,0.0093,0.0300
1.0000,0.0127,0.0356
1.0000,0.0082,0.0334
1.0000,0.0109,0.0385
1.0000,0.0061,0.0361
1.0000,0.0095,0.0419
1.0000,0.0009,0.0358
1.0000,0.0068,0.0442
1.0000,0.0060,0.0460
1.0000,0.0039,0.0464
1.0000,-0.0044,0.0407
1.0000,-0.0010,0.0466
1.0000,-0.0082,0.0421
1.0000,-0.0098,0.0431
1.0000,-0.0104,0.0451
1.0000,-0.0143,0.0437
1.0000,-0.0117,0.0488
1.0000,-0.0203,0.0427
1.0000,-0.0164,0.0490
1.0000,-0.0175,0.0504
1.0000,-0.0247,0.0455
1.0000,-0.0242,0.0483
1.0000,-0.0276,0.0471
1.0000,-0.0293,0.0475
1.0000,-0.0302,0.0487
1.0000,-0.0310,0.0498
1.0000,-0.0364,0.0463
1.0000,-0.0339,0.0506
1.0000,-0.0449,0.0413
1.0000,-0.0469,0.0407
1.0000,-0.0429,0.0462
1.0000,-0.0463,0.0441
1.0000,-0.0546,0.0370
1.0000,-0.0553,0.0373
1.0000,-0.0546,0.0388
1.0000,-0.0557,0.0384
1.0000,-0.0548,0.0398
1.0000,-0.0619,0.0331
1.0000,-0.0621,0.0332
1.0000,-0.0617,0.0336
1.0000,-0.0699,0.0253
1.0000,-0.0666,0.0284
1.0000,-0.0681,0.0264
1.0000,-0.0728,0.0210
1.0000,-0.0698,0.0233
1.0000,-0.0815,0.0105
1.0000,-0.0750,0.0158
1.0000,-0.0747,0.0147
1.0000,-0.0831,0.0047
1.0000,-0.0780,0.0080
1.0000,-0.0848,-0.0008
1.0000,-0.0851,-0.0032
1.0000,-0.0804,-0.0009
1.0000,-0.0815,-0.0045
1.0000,-0.0876,-0.0134
1.0000,-0.0885,-0.0172
1.0000,-0.0922,-0.0241
1.0000,-0.0860,-0.0212
1.0000,-0.0888,-0.0275
1.0000,-0.0885,-0.0309
1.0000,-0.0893,-0.0355
1.0000,-0.0906,-0.0409
1.0000,-0.0891,-0.0436
1.0000,-0.0884,-0.0472
1.0000,-0.0815,-0.0448
1.0000,-0.0884,-0.0564
1.0000,-0.0817,-0.0546
1.0000,-0.0799,-0.0577
1.0000,-0.0838,-0.0668
1.0000,-0.0820,-0.0702
1.0000,-0.0733,-0.0669
1.0000,-0.0744,-0.0735
1.0000,-0.0763,-0.0809
1.0000,-0.0714,-0.0817
1.0000,-0.0676,-0.0837
1.0000,-0.0679,-0.0899
1.0000,-0.0566,-0.0845
1.0000,-0.0595,-0.0934
1.0000,-0.0545,-0.0945
1.0000,-0.0548,-0.1009
1.0000,-0.0507,-0.1029
1.0000,-0.0503,-0.1088
1.0000,-0.0439,-0.1085
1.0000,-0.0340,-0.1048
1.0000,-0.0351,-0.1121
1.0000,-0.0327,-0.1158
1.0000,-0.0245,-0.1137
1.0000,-0.0226,-0.1180
1.0000,-0.0206,-0.1221
1.0000,-0.0157,-0.1231
1.0000,-0.0064,-0.1197
1.0000,-0.0095,-0.1287
1.0000,0.0006,-0.1244
1.0000,0.0093,-0.1214
1.0000,0.0116,-0.1247
1.0000,0.0142,-0.1274
1.0000,0.0232,-0.1237
1.0000,0.0285,-0.1235
1.0000,0.0247,-0.1323
1.0000,0.0299,-0.1320
1.0000,0.0350,-0.1315
1.0000,0.0481,-0.1228
1.0000,0.0528,-0.1225
1.0000,0.0580,-0.1213
1.0000,0.0647,-0.1184
1.0000,0.0646,-0.1221
1.0000,0.0708,-0.1193
1.0000,0.0716,-0.1216
1.0000,0.0835,-0.1126
1.0000,0.0816,-0.1171
1.0000,0.0876,-0.1135
1.0000,0.0939,-0.1093
1.0000,0.1017,-0.1033
1.0000,0.1043,-0.1022
1.0000,0.1042,-0.1035
1.0000,0.1143,-0.0943
1.0000,0.1170,-0.0922
1.0000,0.1188,-0.0907
1.0000,0.1245,-0.0850
1.0000,0.1283,-0.0809
1.0000,0.1303,-0.0782
1.0000,0.1369,-0.0707
1.0000,0.1453,-0.0610
1.0000,0.1440,-0.0606
1.0000,0.1429,-0.0598
1.0000,0.1548,-0.0455
1.0000,0.1547,-0.0430
1.0000,0.1521,-0.0427
1.0000,0.1615,-0.0300
1.0000,0.1609,-0.0270
1.0000,0.1666,-0.0173
1.0000,0.1655,-0.0141
1.0000,0.1678,-0.0072
1.0000,0.1703,0.0002
1.0000,0.1636,-0.0013
1.0000,0.1710,0.0116
1.0000,0.1668,0.0133
1.0000,0.1635,0.0162
1.0000,0.1711,0.0302
1.0000,0.1684,0.0342
1.0000,0.1635,0.0364
1.0000,0.1722,0.0523
1.0000,0.1670,0.0546
1.0000,0.1638,0.0593
1.0000,0.1662,0.0697
1.0000,0.1601,0.0719
1.0000,0.1557,0.0759
1.0000,0.1525,0.0815
1.0000,0.1514,0.0893
1.0000,0.1558,0.1028
1.0000,0.1461,0.1024
1.0000,0.1479,0.1137
1.0000,0.1432,0.1186
1.0000,0.1335,0.1187
1.0000,0.1357,0.1307
1.0000,0.1321,0.1371
1.0000,0.1227,0.1378
1.0000,0.1205,0.1458
1.0000,0.1151,0.1506
1.0000,0.1087,0.1545
1.0000,0.1030,0.1592
1.0000,0.0959,0.1624
1.0000,0.0946,0.1715
1.0000,0.0841,0.1714
1.0000,0.0809,0.1785
1.0000,0.0783,0.1863
1.0000,0.0676,0.1858
1.0000,0.0668,0.1952
1.0000,0.0508,0.1893
1.0000,0.0483,0.1968
1.0000,0.0450,0.2033
1.0000,0.0353,0.2034
1.0000,0.0273,0.2050
1.0000,0.0182,0.2054
1.0000,0.0055,0.2018
1.0000,0.0066,0.2119
1.0000,-0.0073,0.2069
1.0000,-0.0137,0.2091
1.0000,-0.0238,0.2073
1.0000,-0.0304,0.2088
1.0000,-0.0384,0.2086
1.0000,-0.0402,0.2143
1.0000,-0.0580,0.2037
1.0000,-0.0658,0.2028
1.0000,-0.0701,0.2051
1.0000,-0.0740,0.2074
1.0000,-0.0872,0.2000
1.0000,-0.0904,0.2024
1.0000,-0.1028,0.1950
1.0000,-0.1144,0.1882
1.0000,-0.1189,0.1880
1.0000,-0.1198,0.1910
1.0000,-0.1315,0.1828
1.0000,-0.1397,0.1777
1.0000,-0.1511,0.1689
1.0000,-0.1522,0.1699
1.0000,-0.1652,0.1587
1.0000,-0.1695,0.1556
1.0000,-0.1779,0.1480
1.0000,-0.1823,0.1439
1.0000,-0.1879,0.1382
1.0000,-0.1943,0.1311
1.0000,-0.2030,0.1214
1.0000,-0.2053,0.1175
1.0000,-0.2104,0.1102
1.0000,-0.2120,0.1061
1.0000,-0.2136,0.1014
1.0000,-0.2257,0.0858
1.0000,-0.2253,0.0822
1.0000,-0.2335,0.0694
1.0000,-0.2376,0.0603
1.0000,-0.2356,0.0569
1.0000,-0.2437,0.0429
1.0000,-0.2447,0.0355
1.0000,-0.2451,0.0282
1.0000,-0.2525,0.0134
1.0000,-0.2436,0.0146
1.0000,-0.2537,-0.0037
1.0000,-0.2464,-0.0051
1.0000,-0.2462,-0.0139
1.0000,-0.2559,-0.0330
1.0000,-0.2496,-0.0366
1.0000,-0.2468,-0.0441
1.0000,-0.2474,-0.0553
1.0000,-0.2487,-0.0676
1.0000,-0.2498,-0.0800
1.0000,-0.2405,-0.0824
1.0000,-0.2440,-0.0980
1.0000,-0.2357,-0.1020
1.0000,-0.2345,-0.1134
1.0000,-0.2345,-0.1262
1.0000,-0.2265,-0.1314
1.0000,-0.2194,-0.1377
1.0000,-0.2141,-0.1459
1.0000,-0.2175,-0.1632
1.0000,-0.2131,-0.1727
1.0000,-0.2020,-0.1758
1.0000,-0.1989,-0.1869
1.0000,-0.1956,-0.1980
1.0000,-0.1864,-0.2033
1.0000,-0.1738,-0.2053
1.0000,-0.1719,-0.2181
1.0000,-0.1625,-0.2233
1.0000,-0.1517,-0.2272
1.0000,-0.1415,-0.2317
1.0000,-0.1362,-0.2411
1.0000,-0.1281,-0.2476
1.0000,-0.1155,-0.2496
1.0000,-0.1103,-0.2589
1.0000,-0.1010,-0.2640
1.0000,-0.0873,-0.2645
1.0000,-0.0779,-0.2692
1.0000,-0.0701,-0.2752
1.0000,-0.0650,-0.2838
1.0000,-0.0538,-0.2861
1.0000,-0.0379,-0.2835
1.0000,-0.0246,-0.2831
1.0000,-0.0180,-0.2892
1.0000,-0.0054,-0.2890
1.0000,0.0076,-0.2880
1.0000,0.0199,-0.2874
1.0000,0.0224,-0.2963
1.0000,0.0359,-0.2938
1.0000,0.0484,-0.2918
1.0000,0.0545,-0.2958
1.0000,0.0729,-0.2871
1.0000,0.0802,-0.2890
1.0000,0.0968,-0.2812
1.0000,0.1088,-0.2775
1.0000,0.1103,-0.2838
1.0000,0.1216,-0.2797
1.0000,0.1406,-0.2674
1.0000,0.1463,-0.2679
1.0000,0.1620,-0.2578
1.0000,0.1628,-0.2620
1.0000,0.1727,-0.2566
1.0000,0.1923,-0.2409
1.0000,0.2000,-0.2365
1.0000,0.2066,-0.2325
1.0000,0.2116,-0.2296
1.0000,0.2297,-0.2129
1.0000,0.2362,-0.2071
1.0000,0.2472,-0.1963
1.0000,0.2467,-0.1963
1.0000,0.2638,-0.1780
1.0000,0.2674,-0.1727
1.0000,0.2755,-0.1621
1.0000,0.2757,-0.1589
1.0000,0.2824,-0.1485
1.0000,0.2927,-0.1338
1.0000,0.3003,-0.1212
1.0000,0.3081,-0.1077
1.0000,0.3109,-0.0986
1.0000,0.3154,-0.0872
1.0000,0.3160,-0.0791
1.0000,0.3164,-0.0705
1.0000,0.3206,-0.0575
1.0000,0.3274,-0.0413
1.0000,0.3279,-0.0309
1.0000,0.3284,-0.0199
1.0000,0.3380,0.0008
1.0000,0.3291,0.0036
1.0000,0.3326,0.0193
1.0000,0.3319,0.0313
1.0000,0.3389,0.0515
1.0000,0.3354,0.0618
1.0000,0.3314,0.0720
1.0000,0.3315,0.0867
1.0000,0.3262,0.0965
1.0000,0.3281,0.1139
1.0000,0.3251,0.1269
1.0000,0.3211,0.1391
1.0000,0.3165,0.1513
1.0000,0.3029,0.1547
1.0000,0.3012,0.1702
1.0000,0.2954,0.1821
1.0000,0.2893,0.1937
1.0000,0.2801,0.2026
1.0000,0.2725,0.2134
1.0000,0.2668,0.2262
1.0000,0.2564,0.2344
1.0000,0.2546,0.2514
1.0000,0.2457,0.2614
1.0000,0.2363,0.2711
1.0000,0.2223,0.2761
1.0000,0.2190,0.2919
1.0000,0.2027,0.2947
1.0000,0.1905,0.3015
1.0000,0.1808,0.3109
1.0000,0.1750,0.3240
1.0000,0.1598,0.3276
1.0000,0.1493,0.3358
1.0000,0.1393,0.3443
1.0000,0.1185,0.3418
1.0000,0.1106,0.3520
1.0000,0.0983,0.3576
1.0000,0.0871,0.3640
1.0000,0.0733,0.3674
1.0000,0.0539,0.3650
1.0000,0.0404,0.3680
1.0000,0.0298,0.3736
1.0000,0.0171,0.3768
1.0000,-0.0006,0.3744
1.0000,-0.0170,0.3729
1.0000,-0.0270,0.3774
1.0000,-0.0464,0.3719
1.0000,-0.0620,0.3696
1.0000,-0.0750,0.3695
1.0000,-0.0802,0.3766
1.0000,-0.0946,0.3739
1.0000,-0.1173,0.3621
1.0000,-0.1258,0.3641
1.0000,-0.1436,0.3561
1.0000,-0.1569,0.3519
1.0000,-0.1742,0.3431
1.0000,-0.1862,0.3387
1.0000,-0.1995,0.3325
1.0000,-0.2129,0.3254
1.0000,-0.2252,0.3186
1.0000,-0.2377,0.3109
1.0000,-0.2438,0.3088
1.0000,-0.2619,0.2940
1.0000,-0.2659,0.2925
1.0000,-0.2766,0.2834
1.0000,-0.2908,0.2701
1.0000,-0.3077,0.2532
1.0000,-0.3156,0.2446
1.0000,-0.3278,0.2309
1.0000,-0.3314,0.2249
1.0000,-0.3383,0.2149
1.0000,-0.3466,0.2026
1.0000,-0.3600,0.1845
1.0000,-0.3656,0.1733
1.0000,-0.3755,0.1570
1.0000,-0.3758,0.1496
1.0000,-0.3817,0.1357
1.0000,-0.3874,0.1212
1.0000,-0.3981,0.1010
1.0000,-0.3975,0.0913
1.0000,-0.4047,0.0731
1.0000,-0.4084,0.0576
1.0000,-0.4114,0.0421
1.0000,-0.4181,0.0221
1.0000,-0.4154,0.0109
1.0000,-0.4191,-0.0074
1.0000,-0.4181,-0.0216
1.0000,-0.4218,-0.0412
1.0000,-0.4127,-0.0486
1.0000,-0.4166,-0.0697
1.0000,-0.4102,-0.0810
1.0000,-0.4100,-0.0990
1.0000,-0.4111,-0.1190
1.0000,-0.4058,-0.1329
1.0000,-0.3955,-0.1424
1.0000,-0.3973,-0.1645
1.0000,-0.3878,-0.1756
1.0000,-0.3821,-0.1910
1.0000,-0.3786,-0.2089
1.0000,-0.3706,-0.2227
1.0000,-0.3638,-0.2381
1.0000,-0.3527,-0.2493
1.0000,-0.3421,-0.2613
1.0000,-0.3375,-0.2797
1.0000,-0.3228,-0.2879
1.0000,-0.3145,-0.3029
1.0000,-0.3022,-0.3139
1.0000,-0.2929,-0.3280
1.0000,-0.2816,-0.3401
1.0000,-0.2688,-0.3509
1.0000,-0.2565,-0.3621
1.0000,-0.2433,-0.3723
1.0000,-0.2322,-0.3845
1.0000,-0.2138,-0.3893
1.0000,-0.2048,-0.4034
1.0000,-0.1865,-0.4081
1.0000,-0.1686,-0.4129
1.0000,-0.1546,-0.4213
1.0000,-0.1408,-0.4298
1.0000,-0.1251,-0.4359
1.0000,-0.1105,-0.4428
1.0000,-0.0942,-0.4476
1.0000,-0.0721,-0.4462
1.0000,-0.0607,-0.4550
1.0000,-0.0433,-0.4575
1.0000,-0.0179,-0.4514
1.0000,-0.0044,-0.4566
1.0000,0.0088,-0.4616
1.0000,0.0241,-0.4639
1.0000,0.0478,-0.4572
1.0000,0.0593,-0.4619
1.0000,0.0765,-0.4603
1.0000,0.0977,-0.4541
1.0000,0.1141,-0.4519
1.0000,0.1363,-0.4432
1.0000,0.1532,-0.4390
1.0000,0.1687,-0.4354
1.0000,0.1880,-0.4272
1.0000,0.1959,-0.4294
1.0000,0.2169,-0.4179
1.0000,0.2340,-0.4092
1.0000,0.2433,-0.4076
1.0000,0.2675,-0.3902
1.0000,0.2839,-0.3796
1.0000,0.2919,-0.3765
1.0000,0.3039,-0.3684
1.0000,0.3214,-0.3539
1.0000,0.3418,-0.3356
1.0000,0.3494,-0.3291
1.0000,0.3649,-0.3137
1.0000,0.3783,-0.2995
1.0000,0.3881,-0.2878
1.0000,0.3949,-0.2782
1.0000,0.4067,-0.2627
1.0000,0.4146,-0.2501
1.0000,0.4277,-0.2312
1.0000,0.4440,-0.2082
1.0000,0.4515,-0.1931
1.0000,0.4600,-0.1759
1.0000,0.4633,-0.1631
1.0000,0.4712,-0.1448
1.0000,0.4805,-0.1240
1.0000,0.4809,-0.1113
1.0000,0.4811,-0.0978
1.0000,0.4873,-0.0776
1.0000,0.4892,-0.0607
1.0000,0.5014,-0.0327
1.0000,0.4939,-0.0236
1.0000,0.4993,-0.0007
1.0000,0.4987,0.0169
1.0000,0.4981,0.0354
1.0000,0.4954,0.0524
1.0000,0.5010,0.0784
1.0000,0.5013,0.0998
1.0000,0.4949,0.1153
1.0000,0.4926,0.1354
1.0000,0.4903,0.1561
1.0000,0.4748,0.1642
1.0000,0.4750,0.1885
1.0000,0.4644,0.2026
1.0000,0.4556,0.2189
1.0000,0.4519,0.2407
1.0000,0.4452,0.2600
1.0000,0.4399,0.2811
1.0000,0.4278,0.2956
1.0000,0.4124,0.3071
1.0000,0.3987,0.3206
1.0000,0.3923,0.3417
1.0000,0.3799,0.3568
1.0000,0.3618,0.3664
1.0000,0.3505,0.3830
1.0000,0.3366,0.3969
1.0000,0.3270,0.4153
1.0000,0.3106,0.4267
1.0000,0.2963,0.4402
1.0000,0.2734,0.4451
1.0000,0.2605,0.4598
1.0000,0.2434,0.4701
1.0000,0.2231,0.4770
1.0000,0.2074,0.4882
1.0000,0.1904,0.4979
1.0000,0.1679,0.5016
1.0000,0.1566,0.5162
1.0000,0.1383,0.5235
1.0000,0.1159,0.5261
1.0000,0.0927,0.5275
1.0000,0.0757,0.5345
1.0000,0.0491,0.5313
1.0000,0.0357,0.5407
1.0000,0.0136,0.5409
1.0000,-0.0018,0.5470
1.0000,-0.0239,0.5457
1.0000,-0.0485,0.5412
1.0000,-0.0712,0.5378
1.0000,-0.0919,0.5356
1.0000,-0.1077,0.5375
1.0000,-0.1303,0.5318
1.0000,-0.1449,0.5331
1.0000,-0.1740,0.5190
1.0000,-0.1862,0.5209
1.0000,-0.2078,0.5125
1.0000,-0.2307,0.5017
1.0000,-0.2459,0.4976
1.0000,-0.2721,0.4816
1.0000,-0.2877,0.4752
1.0000,-0.3095,0.4613
1.0000,-0.3272,0.4506
1.0000,-0.3438,0.4398
1.0000,-0.3578,0.4307
1.0000,-0.3739,0.4182
1.0000,-0.3855,0.4092
1.0000,-0.4083,0.3878
1.0000,-0.4233,0.3730
1.0000,-0.4332,0.3622
1.0000,-0.4541,0.3394
1.0000,-0.4665,0.3239
1.0000,-0.4706,0.3155
1.0000,-0.4924,0.2882
1.0000,-0.4956,0.2785
1.0000,-0.5128,0.2536
1.0000,-0.5181,0.2395
1.0000,-0.5337,0.2140
1.0000,-0.5427,0.1940
1.0000,-0.5440,0.1805
1.0000,-0.5542,0.1572
1.0000,-0.5633,0.1338
1.0000,-0.5684,0.1134
1.0000,-0.5708,0.0946
1.0000,-0.5801,0.0680
1.0000,-0.5772,0.0526
1.0000,-0.5838,0.0267
1.0000,-0.5873,0.0030
1.0000,-0.5863,-0.0171
1.0000,-0.5840,-0.0368
1.0000,-0.5825,-0.0583
1.0000,-0.5855,-0.0850
1.0000,-0.5754,-0.0994
1.0000,-0.5728,-0.1220
1.0000,-0.5677,-0.1430
1.0000,-0.5614,-0.1633
1.0000,-0.5600,-0.1893
1.0000,-0.5505,-0.2078
1.0000,-0.5457,-0.2316
1.0000,-0.5429,-0.2578
1.0000,-0.5268,-0.2713
1.0000,-0.5181,-0.2928
1.0000,-0.5070,-0.3122
1.0000,-0.4997,-0.3358
1.0000,-0.4814,-0.3487
1.0000,-0.4719,-0.3707
1.0000,-0.4630,-0.3935
1.0000,-0.4449,-0.4074
1.0000,-0.4254,-0.4200
1.0000,-0.4125,-0.4393
1.0000,-0.3957,-0.4549
1.0000,-0.3829,-0.4744
1.0000,-0.3658,-0.4896
1.0000,-0.3434,-0.4995
1.0000,-0.3319,-0.5200
1.0000,-0.3028,-0.5229
1.0000,-0.2913,-0.5432
1.0000,-0.2675,-0.5509
1.0000,-0.2488,-0.5634
1.0000,-0.2230,-0.5684
1.0000,-0.2002,-0.5760
1.0000,-0.1884,-0.5943
1.0000,-0.1616,-0.5970
1.0000,-0.1390,-0.6034
1.0000,-0.1213,-0.6141
1.0000,-0.0917,-0.6123
1.0000,-0.0693,-0.6171
1.0000,-0.0441,-0.6184
1.0000,-0.0239,-0.6239
1.0000,-0.0025,-0.6275
1.0000,0.0211,-0.6280
1.0000,0.0462,-0.6263
1.0000,0.0739,-0.6210
1.0000,0.0946,-0.6218
1.0000,0.1213,-0.6156
1.0000,0.1459,-0.6105
1.0000,0.1678,-0.6072
1.0000,0.1837,-0.6087
1.0000,0.2140,-0.5948
1.0000,0.2354,-0.5888
1.0000,0.2569,-0.5815
1.0000,0.2807,-0.5707
1.0000,0.2986,-0.5646
1.0000,0.3247,-0.5491
1.0000,0.3418,-0.5415
1.0000,0.3634,-0.5281
1.0000,0.3820,-0.5164
1.0000,0.4087,-0.4955
1.0000,0.4232,-0.4854
1.0000,0.4407,-0.4710
1.0000,0.4546,-0.4589
1.0000,0.4815,-0.4326
1.0000,0.4962,-0.4172
1.0000,0.5117,-0.3996
1.0000,0.5289,-0.3790
1.0000,0.5362,-0.3671
1.0000,0.5534,-0.3439
1.0000,0.5643,-0.3257
1.0000,0.5792,-0.3023
1.0000,0.5923,-0.2793
1.0000,0.6040,-0.2565
1.0000,0.6114,-0.2366
1.0000,0.6180,-0.2164
1.0000,0.6350,-0.1845
1.0000,0.6407,-0.1627
1.0000,0.6501,-0.1360
1.0000,0.6548,-0.1128
1.0000,0.6615,-0.0865
1.0000,0.6558,-0.0715
1.0000,0.6619,-0.0436
1.0000,0.6711,-0.0115
1.0000,0.6625,0.0039
1.0000,0.6711,0.0375
1.0000,0.6614,0.0538
1.0000,0.6629,0.0822
1.0000,0.6594,0.1064
1.0000,0.6577,0.1334
1.0000,0.6494,0.1546
1.0000,0.6471,0.1827
1.0000,0.6376,0.2042
1.0000,0.6349,0.2333
1.0000,0.6288,0.2596
1.0000,0.6159,0.2798
1.0000,0.6044,0.3019
1.0000,0.5977,0.3294
1.0000,0.5862,0.3526
1.0000,0.5684,0.3698
1.0000,0.5606,0.3975
1.0000,0.5411,0.4138
1.0000,0.5314,0.4402
1.0000,0.5150,0.4602
1.0000,0.4966,0.4783
1.0000,0.4816,0.4999
1.0000,0.4549,0.5100
1.0000,0.4399,0.5317
1.0000,0.4246,0.5532
1.0000,0.4035,0.5687
1.0000,0.3812,0.5830
1.0000,0.3580,0.5961
1.0000,0.3363,0.6106
1.0000,0.3147,0.6247
1.0000,0.2857,0.6312
1.0000,0.2659,0.6465
1.0000,0.2373,0.6526
1.0000,0.2143,0.6637
1.0000,0.1926,0.6757
1.0000,0.1710,0.6870
1.0000,0.1424,0.6908
1.0000,0.1188,0.6990
1.0000,0.0865,0.6976
1.0000,0.0584,0.6996
1.0000,0.0370,0.7076
1.0000,0.0086,0.7076
1.0000,-0.0201,0.7065
1.0000,-0.0496,0.7036
1.0000,-0.0758,0.7029
1.0000,-0.0954,0.7079
1.0000,-0.1239,0.7029
1.0000,-0.1510,0.6981
1.0000,-0.1800,0.6903
1.0000,-0.2070,0.6834
1.0000,-0.2325,0.6767
1.0000,-0.2587,0.6680
1.0000,-0.2856,0.6574
1.0000,-0.3039,0.6542
1.0000,-0.3345,0.6372
1.0000,-0.3583,0.6257
1.0000,-0.3837,0.6113
1.0000,-0.3987,0.6058
1.0000,-0.4216,0.5911
1.0000,-0.4522,0.5672
1.0000,-0.4754,0.5493
1.0000,-0.4936,0.5349
1.0000,-0.5103,0.5207
1.0000,-0.5308,0.5011
1.0000,-0.5535,0.4779
1.0000,-0.5677,0.4616
1.0000,-0.5884,0.4374
1.0000,-0.5996,0.4213
1.0000,-0.6165,0.3979
1.0000,-0.6336,0.3729
1.0000,-0.6482,0.3489
1.0000,-0.6601,0.3262
1.0000,-0.6789,0.2952
1.0000,-0.6929,0.2675
1.0000,-0.7002,0.2452
1.0000,-0.7099,0.2190
1.0000,-0.7176,0.1935
1.0000,-0.7272,0.1647
1.0000,-0.7360,0.1354
1.0000,-0.7414,0.1082
1.0000,-0.7379,0.0886
1.0000,-0.7479,0.0543
1.0000,-0.7538,0.0229
1.0000,-0.7483,0.0017
1.0000,-0.7542,-0.0321
1.0000,-0.7550,-0.0618
1.0000,-0.7448,-0.0816
1.0000,-0.7484,-0.1162
1.0000,-0.7400,-0.1399
1.0000,-0.7379,-0.1707
1.0000,-0.7350,-0.2017
1.0000,-0.7194,-0.2207
1.0000,-0.7137,-0.2506
1.0000,-0.7025,-0.2756
1.0000,-0.6954,-0.3055
1.0000,-0.6904,-0.3381
1.0000,-0.6713,-0.3572
1.0000,-0.6614,-0.3862
1.0000,-0.6491,-0.4131
1.0000,-0.6325,-0.4362
1.0000,-0.6135,-0.4573
1.0000,-0.5995,-0.4837
1.0000,-0.5776,-0.5025
1.0000,-0.5613,-0.5271
1.0000,-0.5404,-0.5472
1.0000,-0.5256,-0.5736
1.0000,-0.5053,-0.5945
1.0000,-0.4738,-0.6042
1.0000,-0.4605,-0.6320
1.0000,-0.4297,-0.6421
1.0000,-0.4030,-0.6561
1.0000,-0.3811,-0.6747
1.0000,-0.3548,-0.6886
1.0000,-0.3336,-0.7073
1.0000,-0.3058,-0.7189
1.0000,-0.2758,-0.7277
1.0000,-0.2506,-0.7409
1.0000,-0.2268,-0.7548
1.0000,-0.1949,-0.7600
1.0000,-0.1628,-0.7643
1.0000,-0.1392,-0.7763
1.0000,-0.1034,-0.7753
1.0000,-0.0788,-0.7846
1.0000,-0.0505,-0.7894
1.0000,-0.0197,-0.7906
1.0000,0.0064,-0.7955
1.0000,0.0365,-0.7953
1.0000,0.0647,-0.7960
1.0000,0.1000,-0.7883
1.0000,0.1300,-0.7848
1.0000,0.1607,-0.7794
1.0000,0.1889,-0.7752
1.0000,0.2181,-0.7687
1.0000,0.2441,-0.7639
1.0000,0.2802,-0.7477
1.0000,0.3057,-0.7408
1.0000,0.3380,-0.7256
1.0000,0.3638,-0.7154
1.0000,0.3882,-0.7051
1.0000,0.4149,-0.6909
1.0000,0.4409,-0.6760
1.0000,0.4652,-0.6611
1.0000,0.4889,-0.6452
1.0000,0.5128,-0.6276
1.0000,0.5410,-0.6041
1.0000,0.5596,-0.5885
1.0000,0.5876,-0.5620
1.0000,0.6090,-0.5404
1.0000,0.6294,-0.5180
1.0000,0.6508,-0.4932
1.0000,0.6665,-0.4723
1.0000,0.6846,-0.4475
1.0000,0.6986,-0.4251
1.0000,0.7135,-0.4001
1.0000,0.7376,-0.3644
1.0000,0.7468,-0.3420
1.0000,0.7649,-0.3090
1.0000,0.7765,-0.2810
1.0000,0.7843,-0.2552
1.0000,0.7894,-0.2307
1.0000,0.8048,-0.1943
1.0000,0.8153,-0.1614
1.0000,0.8158,-0.1370
1.0000,0.8264,-0.1011
1.0000,0.8317,-0.0691
1.0000,0.8333,-0.0395
1.0000,0.8382,-0.0052
1.0000,0.8315,0.0187
1.0000,0.8293,0.0484
1.0000,0.8361,0.0883
1.0000,0.8280,0.1143
1.0000,0.8251,0.1467
1.0000,0.8152,0.1732
1.0000,0.8115,0.2068
1.0000,0.8038,0.2373
1.0000,0.7940,0.2668
1.0000,0.7837,0.2965
1.0000,0.7764,0.3300
1.0000,0.7686,0.3638
1.0000,0.7522,0.3896
1.0000,0.7328,0.4131
1.0000,0.7182,0.4419
1.0000,0.7057,0.4733
1.0000,0.6914,0.5034
1.0000,0.6725,0.5292
1.0000,0.6541,0.5558
1.0000,0.6258,0.5728
1.0000,0.6110,0.6035
1.0000,0.5813,0.6193
1.0000,0.5633,0.6469
1.0000,0.5372,0.6665
1.0000,0.5108,0.6855
1.0000,0.4900,0.7101
1.0000,0.4605,0.7258
1.0000,0.4369,0.7471
1.0000,0.4085,0.7632
1.0000,0.3768,0.7758
1.0000,0.3502,0.7929
1.0000,0.3225,0.8083
1.0000,0.2870,0.8154
1.0000,0.2621,0.8325
1.0000,0.2309,0.8424
1.0000,0.1921,0.8441
1.0000,0.1602,0.8518
1.0000,0.1355,0.8658
1.0000,0.1034,0.8714
1.0000,0.0627,0.8674
1.0000,0.0352,0.8757
1.0000,0.0013,0.8763
1.0000,-0.0358,0.8726
1.0000,-0.0672,0.8734
1.0000,-0.1017,0.8698
1.0000,-0.1317,0.8693
1.0000,-0.1686,0.8607
1.0000,-0.2025,0.8537
1.0000,-0.2345,0.8470
1.0000,-0.2646,0.8408
1.0000,-0.2937,0.8341
1.0000,-0.3262,0.8224
1.0000,-0.3545,0.8134
1.0000,-0.3876,0.7978
1.0000,-0.4224,0.7790
1.0000,-0.4453,0.7704
1.0000,-0.4813,0.7471
1.0000,-0.5093,0.7299
1.0000,-0.5310,0.7173
1.0000,-0.5573,0.6983
1.0000,-0.5864,0.6749
1.0000,-0.6123,0.6528
1.0000,-0.6397,0.6274
1.0000,-0.6621,0.6052
1.0000,-0.6895,0.5762
1.0000,-0.7023,0.5600
1.0000,-0.7253,0.5318
1.0000,-0.7519,0.4983
1.0000,-0.7674,0.4739
1.0000,-0.7806,0.4501
1.0000,-0.8076,0.4108
1.0000,-0.8169,0.3872
1.0000,-0.8379,0.3504
1.0000,-0.8452,0.3255
1.0000,-0.8568,0.2945
1.0000,-0.8672,0.2632
1.0000,-0.8766,0.2311
1.0000,-0.8873,0.1962
1.0000,-0.9022,0.1553
1.0000,-0.9034,0.1267
1.0000,-0.9105,0.0906
1.0000,-0.9177,0.0529
1.0000,-0.9113,0.0274
1.0000,-0.9118,-0.0064
1.0000,-0.9217,-0.0510
1.0000,-0.9117,-0.0770
1.0000,-0.9142,-0.1168
1.0000,-0.9037,-0.1448
1.0000,-0.9057,-0.1864
1.0000,-0.8972,-0.2187
1.0000,-0.8922,-0.2555
1.0000,-0.8849,-0.2910
1.0000,-0.8712,-0.3211
1.0000,-0.8573,-0.3518
1.0000,-0.8468,-0.3868
1.0000,-0.8336,-0.4198
1.0000,-0.8121,-0.4452
1.0000,-0.7947,-0.4753
1.0000,-0.7808,-0.5094
1.0000,-0.7605,-0.5377
1.0000,-0.7416,-0.5678
1.0000,-0.7221,-0.5976
1.0000,-0.6992,-0.6244
1.0000,-0.6765,-0.6516
1.0000,-0.6526,-0.6776
1.0000,-0.6208,-0.6958
1.0000,-0.6010,-0.7261
1.0000,-0.5744,-0.7494
1.0000,-0.5486,-0.7736
1.0000,-0.5144,-0.7889
1.0000,-0.4867,-0.8105
1.0000,-0.4533,-0.8262
1.0000,-0.4236,-0.8450
1.0000,-0.3910,-0.8604
1.0000,-0.3583,-0.8753
1.0000,-0.3301,-0.8939
1.0000,-0.2943,-0.9043
1.0000,-0.2608,-0.9161
1.0000,-0.2285,-0.9283
1.0000,-0.1945,-0.9380
1.0000,-0.1550,-0.9411
1.0000,-0.1198,-0.9476
1.0000,-0.0841,-0.9524
1.0000,-0.0518,-0.9595
1.0000,-0.0134,-0.9593
1.0000,0.0229,-0.9599
1.0000,0.0654,-0.9530
1.0000,0.0917,-0.9609
1.0000,0.1288,-0.9566
1.0000,0.1726,-0.9440
1.0000,0.2001,-0.9464
1.0000,0.2405,-0.9341
1.0000,0.2765,-0.9248
1.0000,0.3085,-0.9177
1.0000,0.3471,-0.9023
1.0000,0.3779,-0.8930
1.0000,0.4081,-0.8826
1.0000,0.4419,-0.8667
1.0000,0.4748,-0.8499
1.0000,0.5079,-0.8311
1.0000,0.5371,-0.8143
1.0000,0.5780,-0.7839
1.0000,0.6017,-0.7687
1.0000,0.6301,-0.7469
1.0000,0.6577,-0.7241
1.0000,0.6861,-0.6984
1.0000,0.7169,-0.6684
1.0000,0.7418,-0.6422
1.0000,0.7633,-0.6175
1.0000,0.7833,-0.5924
1.0000,0.8139,-0.5546
1.0000,0.8295,-0.5299
1.0000,0.8486,-0.4998
1.0000,0.8757,-0.4597
1.0000,0.8919,-0.4286
1.0000,0.9069,-0.3968
1.0000,0.9161,-0.3688
1.0000,0.9294,-0.3349
1.0000,0.9432,-0.2987
1.0000,0.9552,-0.2624
1.0000,0.9714,-0.2202
1.0000,0.9782,-0.1856
1.0000,0.9795,-0.1548
1.0000,0.9922,-0.1109
1.0000,0.9955,-0.0748
1.0000,0.9976,-0.0383
1.0000,1.0025,0.0025
2.0000,-0.0023,-0.0013
2.0000,-0.0022,-0.0001
2.0000,-0.0054,-0.0021
2.0000,-0.0035,0.0011
2.0000,0.0005,0.0064
2.0000,0.0008,0.0080
2.0000,-0.0002,0.0083
2.0000,-0.0048,0.0052
2.0000,-0.0022,0.0093
2.0000,-0.0027,0.0103
2.0000,-0.0022,0.0123
2.0000,-0.0084,0.0077
2.0000,-0.0099,0.0076
2.0000,-0.0107,0.0085
2.0000,-0.0103,0.0104
2.0000,-0.0091,0.0131
2.0000,-0.0069,0.0169
2.0000,-0.0061,0.0192
2.0000,-0.0110,0.0158
2.0000,-0.0175,0.0108
2.0000,-0.0174,0.0123
2.0000,-0.0142,0.0169
2.0000,-0.0160,0.0164
2.0000,-0.0146,0.0191
2.0000,-0.0228,0.0122
2.0000,-0.0220,0.0141
2.0000,-0.0243,0.0129
2.0000,-0.0247,0.0135
2.0000,-0.0260,0.0131
2.0000,-0.0310,0.0089
2.0000,-0.0273,0.0133
2.0000,-0.0296,0.0118
2.0000,-0.0363,0.0056
2.0000,-0.0278,0.0145
2.0000,-0.0353,0.0074
2.0000,-0.0306,0.0122
2.0000,-0.0337,0.0092
2.0000,-0.0397,0.0031
2.0000,-0.0411,0.0016
2.0000,-0.0352,0.0072
2.0000,-0.0438,-0.0018
2.0000,-0.0402,0.0013
2.0000,-0.0471,-0.0063
2.0000,-0.0448,-0.0049
2.0000,-0.0397,-0.0007
2.0000,-0.0419,-0.0040
2.0000,-0.0430,-0.0063
2.0000,-0.0426,-0.0073
2.0000,-0.0443,-0.0105
2.0000,-0.0442,-0.0121
2.0000,-0.0454,-0.0151
2.0000,-0.0430,-0.0146
2.0000,-0.0478,-0.0215
2.0000,-0.0508,-0.0267
2.0000,-0.0463,-0.0246
2.0000,-0.0428,-0.0236
2.0000,-0.0495,-0.0329
2.0000,-0.0458,-0.0319
2.0000,-0.0417,-0.0307
2.0000,-0.0433,-0.0353
2.0000,-0.0495,-0.0446
2.0000,-0.0415,-0.0399
2.0000,-0.0394,-0.0411
2.0000,-0.0377,-0.0428
2.0000,-0.0370,-0.0457
2.0000,-0.0435,-0.0557
2.0000,-0.0432,-0.0592
2.0000,-0.0333,-0.0530
2.0000,-0.0341,-0.0577
2.0000,-0.0326,-0.0603
2.0000,-0.0349,-0.0666
2.0000,-0.0248,-0.0605
2.0000,-0.0254,-0.0652
2.0000,-0.0226,-0.0666
2.0000,-0.0282,-0.0763
2.0000,-0.0212,-0.0735
2.0000,-0.0158,-0.0724
2.0000,-0.0151,-0.0759
2.0000,-0.0174,-0.0825
2.0000,-0.0088,-0.0782
2.0000,-0.0049,-0.0785
2.0000,-0.0015,-0.0792
2.0000,-0.0009,-0.0829
2.0000,0.0024,-0.0837
2.0000,0.0037,-0.0864
2.0000,0.0063,-0.0879
2.0000,0.0140,-0.0841
2.0000,0.0205,-0.0815
2.0000,0.0241,-0.0817
2.0000,0.0192,-0.0904
2.0000,0.0311,-0.0820
2.0000,0.0277,-0.0889
2.0000,0.0355,-0.0845
2.0000,0.0379,-0.0854
2.0000,0.0393,-0.0871
2.0000,0.0471,-0.0823
2.0000,0.0448,-0.0874
2.0000,0.0562,-0.0787
2.0000,0.0518,-0.0856
2.0000,0.0573,-0.0824
2.0000,0.0663,-0.0756
2.0000,0.0621,-0.0817
2.0000,0.0705,-0.0751
2.0000,0.0715,-0.0756
2.0000,0.0764,-0.0720
2.0000,0.0804,-0.0692
2.0000,0.0808,-0.0697
2.0000,0.0872,-0.0640
2.0000,0.0899,-0.0617
2.0000,0.0905,-0.0613
2.0000,0.0911,-0.0607
2.0000,0.0961,-0.0554
2.0000,0.1038,-0.0472
2.0000,0.0996,-0.0507
2.0000,0.1032,-0.0460
2.0000,0.1043,-0.0437
2.0000,0.1133,-0.0332
2.0000,0.1169,-0.0278
2.0000,0.1167,-0.0259
2.0000,0.1135,-0.0268
2.0000,0.1181,-0.0197
2.0000,0.1191,-0.0159
2.0000,0.1253,-0.0066
2.0000,0.1239,-0.0047
2.0000,0.1287,0.0037
2.0000,0.1249,0.0038
2.0000,0.1263,0.0092
2.0000,0.1260,0.0133
2.0000,0.1272,0.0190
2.0000,0.1278,0.0245
2.0000,0.1245,0.0262
2.0000,0.1250,0.0320
2.0000,0.1286,0.0411
2.0000,0.1299,0.0481
2.0000,0.1284,0.0526
2.0000,0.1270,0.0573
2.0000,0.1197,0.0563
2.0000,0.1256,0.0688
2.0000,0.1202,0.0701
2.0000,0.1211,0.0779
2.0000,0.1122,0.0761
2.0000,0.1113,0.0824
2.0000,0.1117,0.0902
2.0000,0.1068,0.0927
2.0000,0.1097,0.1033
2.0000,0.1069,0.1082
2.0000,0.0968,0.1060
2.0000,0.0985,0.1156
2.0000,0.0924,0.1175
2.0000,0.0865,0.1196
2.0000,0.0794,0.1207
2.0000,0.0851,0.1346
2.0000,0.0804,0.1382
2.0000,0.0676,0.1336
2.0000,0.0676,0.1419
2.0000,0.0620,0.1445
2.0000,0.0568,0.1476
2.0000,0.0489,0.1479
2.0000,0.0440,0.1510
2.0000,0.0390,0.1542
2.0000,0.0366,0.1598
2.0000,0.0331,0.1642
2.0000,0.0274,0.1664
2.0000,0.0175,0.1642
2.0000,0.0127,0.1670
2.0000,0.0077,0.1695
2.0000,0.0018,0.1709
2.0000,-0.0129,0.1634
2.0000,-0.0115,0.1717
2.0000,-0.0198,0.1701
2.0000,-0.0322,0.1643
2.0000,-0.0373,0.1656
2.0000,-0.0391,0.1699
2.0000,-0.0515,0.1634
2.0000,-0.0510,0.1695
2.0000,-0.0564,0.1695
2.0000,-0.0699,0.1610
2.0000,-0.0784,0.1573
2.0000,-0.0796,0.1607
2.0000,-0.0819,0.1625
2.0000,-0.0944,0.1539
2.0000,-0.1037,0.1482
2.0000,-0.1034,0.1517
2.0000,-0.1148,0.1432
2.0000,-0.1208,0.1397
2.0000,-0.1231,0.1395
2.0000,-0.1341,0.1303
2.0000,-0.1402,0.1257
2.0000,-0.1421,0.1248
2.0000,-0.1465,0.1210
2.0000,-0.1563,0.1115
2.0000,-0.1614,0.1062
2.0000,-0.1590,0.1081
2.0000,-0.1710,0.0951
2.0000,-0.1662,0.0986
2.0000,-0.1727,0.0904
2.0000,-0.1818,0.0791
2.0000,-0.1785,0.0799
2.0000,-0.1858,0.0695
2.0000,-0.1887,0.0633
2.0000,-0.1943,0.0539
2.0000,-0.1979,0.0462
2.0000,-0.1968,0.0427
2.0000,-0.2059,0.0285
2.0000,-0.2050,0.0240
2.0000,-0.2095,0.0138
2.0000,-0.2103,0.0068
2.0000,-0.2109,-0.0003
2.0000,-0.2123,-0.0086
2.0000,-0.2058,-0.0094
2.0000,-0.2099,-0.0211
2.0000,-0.2057,-0.0249
2.0000,-0.2079,-0.0355
2.0000,-0.2136,-0.0498
2.0000,-0.2070,-0.0523
2.0000,-0.2051,-0.0596
2.0000,-0.2081,-0.0723
2.0000,-0.2025,-0.0765
2.0000,-0.2025,-0.0867
2.0000,-0.2000,-0.0946
2.0000,-0.1922,-0.0975
2.0000,-0.1952,-0.1114
2.0000,-0.1851,-0.1125
2.0000,-0.1862,-0.1249
2.0000,-0.1830,-0.1332
2.0000,-0.1806,-0.1425
2.0000,-0.1783,-0.1521
2.0000,-0.1631,-0.1489
2.0000,-0.1629,-0.1608
2.0000,-0.1528,-0.1630
2.0000,-0.1534,-0.1760
2.0000,-0.1483,-0.1833
2.0000,-0.1342,-0.1817
2.0000,-0.1300,-0.1899
2.0000,-0.1259,-0.1984
2.0000,-0.1239,-0.2090
2.0000,-0.1126,-0.2101
2.0000,-0.1058,-0.2158
2.0000,-0.0923,-0.2147
2.0000,-0.0881,-0.2229
2.0000,-0.0837,-0.2307
2.0000,-0.0730,-0.2322
2.0000,-0.0668,-0.2380
2.0000,-0.0543,-0.2374
2.0000,-0.0505,-0.2453
2.0000,-0.0348,-0.2411
2.0000,-0.0256,-0.2431
2.0000,-0.0229,-0.2515
2.0000,-0.0126,-0.2521
2.0000,0.0035,-0.2465
2.0000,0.0091,-0.2511
2.0000,0.0215,-0.2488
2.0000,0.0253,-0.2547
2.0000,0.0366,-0.2527
2.0000,0.0528,-0.2455
2.0000,0.0602,-0.2467
2.0000,0.0631,-0.2520
2.0000,0.0783,-0.2446
2.0000,0.0826,-0.2478
2.0000,0.0933,-0.2441
2.0000,0.1043,-0.2397
2.0000,0.1166,-0.2336
2.0000,0.1270,-0.2288
2.0000,0.1329,-0.2281
2.0000,0.1389,-0.2268
2.0000,0.1463,-0.2237
2.0000,0.1638,-0.2098
2.0000,0.1637,-0.2131
2.0000,0.1764,-0.2031
2.0000,0.1849,-0.1968
2.0000,0.1979,-0.1853
2.0000,0.1976,-0.1867
2.0000,0.2059,-0.1789
2.0000,0.2143,-0.1704
2.0000,0.2277,-0.1565
2.0000,0.2323,-0.1506
2.0000,0.2367,-0.1445
2.0000,0.2415,-0.1374
2.0000,0.2480,-0.1280
2.0000,0.2482,-0.1243
2.0000,0.2563,-0.1122
2.0000,0.2642,-0.0998
2.0000,0.2686,-0.0903
2.0000,0.2714,-0.0818
2.0000,0.2718,-0.0751
2.0000,0.2767,-0.0634
2.0000,0.2846,-0.0482
2.0000,0.2830,-0.0419
2.0000,0.2896,-0.0269
2.0000,0.2864,-0.0212
2.0000,0.2886,-0.0096
2.0000,0.2881,-0.0002
2.0000,0.2916,0.0137
2.0000,0.2964,0.0294
2.0000,0.2901,0.0344
2.0000,0.2955,0.0515
2.0000,0.2924,0.0607
2.0000,0.2898,0.0707
2.0000,0.2858,0.0798
2.0000,0.2834,0.0908
2.0000,0.2820,0.1031
2.0000,0.2768,0.1121
2.0000,0.2771,0.1269
2.0000,0.2699,0.1345
2.0000,0.2700,0.1497
2.0000,0.2636,0.1586
2.0000,0.2568,0.1675
2.0000,0.2513,0.1778
2.0000,0.2406,0.1832
2.0000,0.2376,0.1963
2.0000,0.2275,0.2027
2.0000,0.2246,0.2163
2.0000,0.2135,0.2218
2.0000,0.2140,0.2391
2.0000,0.1978,0.2397
2.0000,0.1881,0.2469
2.0000,0.1801,0.2557
2.0000,0.1695,0.2621
2.0000,0.1659,0.2754
2.0000,0.1490,0.2752
2.0000,0.1416,0.2846
2.0000,0.1315,0.2911
2.0000,0.1186,0.2947
2.0000,0.1138,0.3063
2.0000,0.0951,0.3038
2.0000,0.0897,0.3144
2.0000,0.0765,0.3169
2.0000,0.0635,0.3194
2.0000,0.0519,0.3230
2.0000,0.0397,0.3257
2.0000,0.0325,0.3331
2.0000,0.0178,0.3327
2.0000,0.0074,0.3362
2.0000,-0.0047,0.3376
2.0000,-0.0190,0.3364
2.0000,-0.0344,0.3337
2.0000,-0.0509,0.3293
2.0000,-0.0578,0.3341
2.0000,-0.0761,0.3271
2.0000,-0.0843,0.3295
2.0000,-0.0921,0.3320
2.0000,-0.1114,0.3222
2.0000,-0.1272,0.3155
2.0000,-0.1354,0.3158
2.0000,-0.1446,0.3145
2.0000,-0.1553,0.3110
2.0000,-0.1664,0.3065
2.0000,-0.1801,0.2988
2.0000,-0.1989,0.2853
2.0000,-0.2028,0.2861
2.0000,-0.2144,0.2785
2.0000,-0.2236,0.2726
2.0000,-0.2340,0.2647
2.0000,-0.2528,0.2478
2.0000,-0.2622,0.2396
2.0000,-0.2707,0.2315
2.0000,-0.2789,0.2231
2.0000,-0.2880,0.2130
2.0000,-0.2968,0.2025
2.0000,-0.3045,0.1924
2.0000,-0.3168,0.1769
2.0000,-0.3219,0.1679
2.0000,-0.3299,0.1552
2.0000,-0.3314,0.1484
2.0000,-0.3382,0.1355
2.0000,-0.3482,0.1187
2.0000,-0.3510,0.1084
2.0000,-0.3531,0.0981
2.0000,-0.3569,0.0855
2.0000,-0.3582,0.0746
2.0000,-0.3713,0.0512
2.0000,-0.3667,0.0449
2.0000,-0.3755,0.0245
2.0000,-0.3741,0.0138
2.0000,-0.3765,-0.0015
2.0000,-0.3808,-0.0192
2.0000,-0.3723,-0.0247
2.0000,-0.3773,-0.0444
2.0000,-0.3737,-0.0559
2.0000,-0.3696,-0.0676
2.0000,-0.3739,-0.0881
2.0000,-0.3729,-0.1038
2.0000,-0.3657,-0.1138
2.0000,-0.3568,-0.1225
2.0000,-0.3613,-0.1450
2.0000,-0.3527,-0.1549
2.0000,-0.3528,-0.1739
2.0000,-0.3472,-0.1875
2.0000,-0.3328,-0.1926
2.0000,-0.3327,-0.2123
2.0000,-0.3253,-0.2251
2.0000,-0.3172,-0.2374
2.0000,-0.3030,-0.2437
2.0000,-0.2956,-0.2571
2.0000,-0.2927,-0.2752
2.0000,-0.2739,-0.2774
2.0000,-0.2706,-0.2952
2.0000,-0.2611,-0.3070
2.0000,-0.2481,-0.3153
2.0000,-0.2308,-0.3193
2.0000,-0.2192,-0.3290
2.0000,-0.2145,-0.3455
2.0000,-0.1948,-0.3470
2.0000,-0.1870,-0.3602
2.0000,-0.1747,-0.3687
2.0000,-0.1562,-0.3709
2.0000,-0.1463,-0.3815
2.0000,-0.1268,-0.3823
2.0000,-0.1196,-0.3951
2.0000,-0.1067,-0.4018
2.0000,-0.0918,-0.4063
2.0000,-0.0726,-0.4062
2.0000,-0.0523,-0.4045
2.0000,-0.0398,-0.4102
2.0000,-0.0275,-0.4156
2.0000,-0.0101,-0.4155
2.0000,0.0035,-0.4187
2.0000,0.0217,-0.4168
2.0000,0.0376,-0.4166
2.0000,0.0477,-0.4216
2.0000,0.0668,-0.4171
2.0000,0.0802,-0.4176
2.0000,0.1011,-0.4099
2.0000,0.1115,-0.4122
2.0000,0.1340,-0.4016
2.0000,0.1439,-0.4029
2.0000,0.1613,-0.3958
2.0000,0.1823,-0.3846
2.0000,0.1891,-0.3867
2.0000,0.2113,-0.3727
2.0000,0.2261,-0.3653
2.0000,0.2366,-0.3613
2.0000,0.2461,-0.3575
2.0000,0.2685,-0.3400
2.0000,0.2816,-0.3309
2.0000,0.2948,-0.3208
2.0000,0.3055,-0.3124
2.0000,0.3168,-0.3025
2.0000,0.3248,-0.2951
2.0000,0.3355,-0.2840
2.0000,0.3542,-0.2640
2.0000,0.3560,-0.2601
2.0000,0.3731,-0.2400
2.0000,0.3764,-0.2327
2.0000,0.3863,-0.2180
2.0000,0.4032,-0.1954
2.0000,0.4036,-0.1884
2.0000,0.4122,-0.1724
2.0000,0.4194,-0.1568
2.0000,0.4229,-0.1441
2.0000,0.4292,-0.1278
2.0000,0.4409,-0.1051
2.0000,0.4453,-0.0891
2.0000,0.4431,-0.0787
2.0000,0.4514,-0.0571
2.0000,0.4495,-0.0448
2.0000,0.4565,-0.0229
2.0000,0.4537,-0.0100
2.0000,0.4563,0.0090
2.0000,0.4585,0.0283
2.0000,0.4584,0.0460
2.0000,0.4538,0.0598
2.0000,0.4516,0.0768
2.0000,0.4544,0.0994
2.0000,0.4500,0.1152
2.0000,0.4515,0.1376
2.0000,0.4415,0.1491
2.0000,0.4350,0.1645
2.0000,0.4298,0.1817
2.0000,0.4242,0.1991
2.0000,0.4212,0.2193
2.0000,0.4114,0.2332
2.0000,0.4006,0.2465
2.0000,0.3936,0.2639
2.0000,0.3850,0.2800
2.0000,0.3736,0.2935
2.0000,0.3670,0.3119
2.0000,0.3496,0.3198
2.0000,0.3414,0.3371
2.0000,0.3307,0.3520
2.0000,0.3137,0.3607
2.0000,0.3071,0.3798
2.0000,0.2917,0.3901
2.0000,0.2725,0.3966
2.0000,0.2597,0.4093
2.0000,0.2469,0.4220
2.0000,0.2304,0.4308
2.0000,0.2132,0.4388
2.0000,0.1977,0.4482
2.0000,0.1835,0.4587
2.0000,0.1598,0.4594
2.0000,0.1501,0.4737
2.0000,0.1242,0.4716
2.0000,0.1064,0.4770
2.0000,0.0954,0.4889
2.0000,0.0728,0.4887
2.0000,0.0519,0.4896
2.0000,0.0379,0.4970
2.0000,0.0159,0.4957
2.0000,0.0022,0.5022
2.0000,-0.0194,0.5001
2.0000,-0.0431,0.4953
2.0000,-0.0526,0.5039
2.0000,-0.0729,0.5011
2.0000,-0.0931,0.4976
2.0000,-0.1090,0.4976
2.0000,-0.1291,0.4925
2.0000,-0.1513,0.4846
2.0000,-0.1727,0.4767
2.0000,-0.1928,0.4691
2.0000,-0.2106,0.4630
2.0000,-0.2185,0.4658
2.0000,-0.2448,0.4493
2.0000,-0.2617,0.4413
2.0000,-0.2747,0.4361
2.0000,-0.2892,0.4285
2.0000,-0.3077,0.4158
2.0000,-0.3219,0.4065
2.0000,-0.3384,0.3939
2.0000,-0.3565,0.3786
2.0000,-0.3663,0.3705
2.0000,-0.3854,0.3521
2.0000,-0.3953,0.3419
2.0000,-0.4133,0.3224
2.0000,-0.4199,0.3134
2.0000,-0.4374,0.2924
2.0000,-0.4509,0.2743
2.0000,-0.4583,0.2613
2.0000,-0.4744,0.2385
2.0000,-0.4770,0.2282
2.0000,-0.4854,0.2111
2.0000,-0.4941,0.1926
2.0000,-0.5088,0.1671
2.0000,-0.5080,0.1561
2.0000,-0.5221,0.1292
2.0000,-0.5209,0.1166
2.0000,-0.5264,0.0963
2.0000,-0.5311,0.0759
2.0000,-0.5373,0.0530
2.0000,-0.5365,0.0364
2.0000,-0.5444,0.0100
2.0000,-0.5371,-0.0020
2.0000,-0.5437,-0.0286
2.0000,-0.5441,-0.0500
2.0000,-0.5382,-0.0658
2.0000,-0.5363,-0.0864
2.0000,-0.5331,-0.1063
2.0000,-0.5310,-0.1281
2.0000,-0.5334,-0.1551
2.0000,-0.5199,-0.1668
2.0000,-0.5224,-0.1950
2.0000,-0.5113,-0.2103
2.0000,-0.5065,-0.2324
2.0000,-0.4907,-0.2439
2.0000,-0.4821,-0.2631
2.0000,-0.4756,-0.2849
2.0000,-0.4645,-0.3024
2.0000,-0.4549,-0.3217
2.0000,-0.4482,-0.3442
2.0000,-0.4361,-0.3615
2.0000,-0.4216,-0.3768
2.0000,-0.4096,-0.3947
2.0000,-0.3876,-0.4026
2.0000,-0.3752,-0.4202
2.0000,-0.3599,-0.4351
2.0000,-0.3489,-0.4542
2.0000,-0.3236,-0.4590
2.0000,-0.3111,-0.4764
2.0000,-0.2957,-0.4909
2.0000,-0.2702,-0.4951
2.0000,-0.2565,-0.5109
2.0000,-0.2412,-0.5248
2.0000,-0.2136,-0.5261
2.0000,-0.2005,-0.5415
2.0000,-0.1817,-0.5509
2.0000,-0.1624,-0.5593
2.0000,-0.1399,-0.5641
2.0000,-0.1114,-0.5623
2.0000,-0.0926,-0.5697
2.0000,-0.0728,-0.5756
2.0000,-0.0504,-0.5781
2.0000,-0.0247,-0.5767
2.0000,-0.0074,-0.5830
2.0000,0.0187,-0.5798
2.0000,0.0368,-0.5838
2.0000,0.0640,-0.5779
2.0000,0.0802,-0.5821
2.0000,0.1079,-0.5739
2.0000,0.1250,-0.5755
2.0000,0.1456,-0.5726
2.0000,0.1717,-0.5632
2.0000,0.1906,-0.5601
2.0000,0.2143,-0.5511
2.0000,0.2351,-0.5440
2.0000,0.2560,-0.5357
2.0000,0.2790,-0.5243
2.0000,0.2965,-0.5172
2.0000,0.3156,-0.5073
2.0000,0.3298,-0.5013
2.0000,0.3512,-0.4869
2.0000,0.3739,-0.4700
2.0000,0.3894,-0.4591
2.0000,0.4039,-0.4480
2.0000,0.4195,-0.4346
2.0000,0.4415,-0.4137
2.0000,0.4531,-0.4018
2.0000,0.4724,-0.3811
2.0000,0.4832,-0.3677
2.0000,0.5039,-0.3431
2.0000,0.5110,-0.3309
2.0000,0.5229,-0.3127
2.0000,0.5415,-0.2865
2.0000,0.5496,-0.2697
2.0000,0.5600,-0.2493
2.0000,0.5732,-0.2250
2.0000,0.5775,-0.2084
2.0000,0.5900,-0.1825
2.0000,0.5965,-0.1613
2.0000,0.6006,-0.1414
2.0000,0.6113,-0.1139
2.0000,0.6157,-0.0916
2.0000,0.6170,-0.0712
2.0000,0.6190,-0.0492
2.0000,0.6252,-0.0219
2.0000,0.6207,-0.0043
2.0000,0.6291,0.0272
2.0000,0.6291,0.0512
2.0000,0.6273,0.0742
2.0000,0.6262,0.0989
2.0000,0.6206,0.1198
2.0000,0.6110,0.1375
2.0000,0.6097,0.1644
2.0000,0.6082,0.1918
2.0000,0.5942,0.2073
2.0000,0.5884,0.2318
2.0000,0.5867,0.2609
2.0000,0.5702,0.2758
2.0000,0.5589,0.2963
2.0000,0.5525,0.3223
2.0000,0.5396,0.3422
2.0000,0.5315,0.3673
2.0000,0.5114,0.3807
2.0000,0.5002,0.4032
2.0000,0.4820,0.4191
2.0000,0.4705,0.4418
2.0000,0.4490,0.4547
2.0000,0.4366,0.4769
2.0000,0.4225,0.4973
2.0000,0.3964,0.5058
2.0000,0.3861,0.5299
2.0000,0.3627,0.5409
2.0000,0.3429,0.5553
2.0000,0.3258,0.5722
2.0000,0.2955,0.5758
2.0000,0.2830,0.5968
2.0000,0.2614,0.6083
2.0000,0.2379,0.6176
2.0000,0.2124,0.6244
2.0000,0.1850,0.6289
2.0000,0.1656,0.6408
2.0000,0.1445,0.6503
2.0000,0.1200,0.6559
2.0000,0.0916,0.6570
2.0000,0.0625,0.6565
2.0000,0.0416,0.6635
2.0000,0.0178,0.6669
2.0000,-0.0050,0.6703
2.0000,-0.0290,0.6718
2.0000,-0.0581,0.6670
2.0000,-0.0878,0.6609
2.0000,-0.1114,0.6598
2.0000,-0.1341,0.6585
2.0000,-0.1586,0.6545
2.0000,-0.1878,0.6445
2.0000,-0.2120,0.6386
2.0000,-0.2346,0.6330
2.0000,-0.2521,0.6313
2.0000,-0.2793,0.6187
2.0000,-0.3000,0.6113
2.0000,-0.3294,0.5941
2.0000,-0.3509,0.5835
2.0000,-0.3778,0.5661
2.0000,-0.3923,0.5597
2.0000,-0.4123,0.5466
2.0000,-0.4378,0.5267
2.0000,-0.4583,0.5103
2.0000,-0.4744,0.4970
2.0000,-0.4976,0.4752
2.0000,-0.5149,0.4579
2.0000,-0.5328,0.4386
2.0000,-0.5529,0.4158
2.0000,-0.5666,0.3980
2.0000,-0.5791,0.3800
2.0000,-0.6001,0.3521
2.0000,-0.6070,0.3368
2.0000,-0.6183,0.3159
2.0000,-0.6354,0.2878
2.0000,-0.6427,0.2681
2.0000,-0.6538,0.2433
2.0000,-0.6697,0.2124
2.0000,-0.6792,0.1865
2.0000,-0.6798,0.1684
2.0000,-0.6852,0.1440
2.0000,-0.6950,0.1141
2.0000,-0.6979,0.0899
2.0000,-0.6986,0.0667
2.0000,-0.7106,0.0310
2.0000,-0.7039,0.0129
2.0000,-0.7089,-0.0180
2.0000,-0.7064,-0.0424
2.0000,-0.7099,-0.0739
2.0000,-0.7008,-0.0937
2.0000,-0.7033,-0.1260
2.0000,-0.6982,-0.1518
2.0000,-0.6929,-0.1782
2.0000,-0.6881,-0.2058
2.0000,-0.6751,-0.2262
2.0000,-0.6716,-0.2567
2.0000,-0.6643,-0.2841
2.0000,-0.6554,-0.3105
2.0000,-0.6370,-0.3280
2.0000,-0.6323,-0.3597
2.0000,-0.6127,-0.3772
2.0000,-0.6051,-0.4069
2.0000,-0.5887,-0.4283
2.0000,-0.5748,-0.4526
2.0000,-0.5520,-0.4681
2.0000,-0.5358,-0.4905
2.0000,-0.5199,-0.5134
2.0000,-0.4999,-0.5323
2.0000,-0.4801,-0.5515
2.0000,-0.4566,-0.5670
2.0000,-0.4371,-0.5864
2.0000,-0.4137,-0.6017
2.0000,-0.3957,-0.6224
2.0000,-0.3671,-0.6323
2.0000,-0.3491,-0.6524
2.0000,-0.3199,-0.6611
2.0000,-0.3009,-0.6795
2.0000,-0.2689,-0.6845
2.0000,-0.2463,-0.6984
2.0000,-0.2191,-0.7072
2.0000,-0.1985,-0.7220
2.0000,-0.1683,-0.7265
2.0000,-0.1401,-0.7323
2.0000,-0.1130,-0.7384
2.0000,-0.0851,-0.7431
2.0000,-0.0530,-0.7426
2.0000,-0.0253,-0.7456
2.0000,0.0008,-0.7492
2.0000,0.0263,-0.7525
2.0000,0.0523,-0.7542
2.0000,0.0824,-0.7508
2.0000,0.1109,-0.7478
2.0000,0.1389,-0.7442
2.0000,0.1646,-0.7417
2.0000,0.1932,-0.7350
2.0000,0.2293,-0.7197
2.0000,0.2554,-0.7129
2.0000,0.2768,-0.7096
2.0000,0.3117,-0.6914
2.0000,0.3352,-0.6832
2.0000,0.3622,-0.6702
2.0000,0.3798,-0.6651
2.0000,0.4138,-0.6420
2.0000,0.4386,-0.6267
2.0000,0.4564,-0.6170
2.0000,0.4828,-0.5972
2.0000,0.5040,-0.5810
2.0000,0.5221,-0.5663
2.0000,0.5507,-0.5396
2.0000,0.5701,-0.5206
2.0000,0.5852,-0.5044
2.0000,0.6045,-0.4824
2.0000,0.6314,-0.4511
2.0000,0.6465,-0.4302
2.0000,0.6625,-0.4068
2.0000,0.6807,-0.3796
2.0000,0.6876,-0.3623
2.0000,0.7068,-0.3311
2.0000,0.7152,-0.3092
2.0000,0.7309,-0.2785
2.0000,0.7453,-0.2475
2.0000,0.7561,-0.2188
2.0000,0.7652,-0.1904
2.0000,0.7693,-0.1655
2.0000,0.7768,-0.1358
2.0000,0.7784,-0.1106
2.0000,0.7886,-0.0756
2.0000,0.7832,-0.0548
2.0000,0.7945,-0.0161
2.0000,0.7960,0.0140
2.0000,0.7970,0.0449
2.0000,0.7858,0.0646
2.0000,0.7932,0.1041
2.0000,0.7824,0.1265
2.0000,0.7774,0.1556
2.0000,0.7764,0.1898
2.0000,0.7670,0.2164
2.0000,0.7641,0.2505
2.0000,0.7483,0.2724
2.0000,0.7371,0.2998
2.0000,0.7345,0.3364
2.0000,0.7230,0.3648
2.0000,0.7035,0.3859
2.0000,0.6887,0.4121
2.0000,0.6809,0.4460
2.0000,0.6556,0.4627
2.0000,0.6422,0.4917
2.0000,0.6206,0.5128
2.0000,0.5998,0.5350
2.0000,0.5816,0.5600
2.0000,0.5623,0.5840
2.0000,0.5407,0.6058
2.0000,0.5227,0.6312
2.0000,0.4958,0.6476
2.0000,0.4723,0.6674
2.0000,0.4472,0.6853
2.0000,0.4240,0.7050
2.0000,0.3979,0.7215
2.0000,0.3705,0.7362
2.0000,0.3411,0.7486
2.0000,0.3131,0.7619
2.0000,0.2794,0.7689
2.0000,0.2566,0.7863
2.0000,0.2288,0.7980
2.0000,0.1926,0.8006
2.0000,0.1662,0.8122
2.0000,0.1302,0.8133
2.0000,0.1079,0.8273
2.0000,0.0742,0.8290
2.0000,0.0461,0.8352
2.0000,0.0156,0.8380
2.0000,-0.0238,0.8309
2.0000,-0.0574,0.8283
2.0000,-0.0793,0.8364
2.0000,-0.1132,0.8311
2.0000,-0.1423,0.8294
2.0000,-0.1772,0.8206
2.0000,-0.2135,0.8090
2.0000,-0.2447,0.8011
2.0000,-0.2686,0.7990
2.0000,-0.2960,0.7921
2.0000,-0.3331,0.7739
2.0000,-0.3551,0.7693
2.0000,-0.3865,0.7537
2.0000,-0.4203,0.7340
2.0000,-0.4452,0.7218
2.0000,-0.4687,0.7092
2.0000,-0.5025,0.6848
2.0000,-0.5288,0.6661
2.0000,-0.5496,0.6513
2.0000,-0.5741,0.6310
2.0000,-0.6041,0.6036
2.0000,-0.6212,0.5874
2.0000,-0.6466,0.5611
2.0000,-0.6633,0.5417
2.0000,-0.6905,0.5103
2.0000,-0.7056,0.4891
2.0000,-0.7301,0.4569
2.0000,-0.7441,0.4334
2.0000,-0.7585,0.4078
2.0000,-0.7786,0.3748
2.0000,-0.7924,0.3465
2.0000,-0.8035,0.3191
2.0000,-0.8132,0.2917
2.0000,-0.8236,0.2618
2.0000,-0.8432,0.2212
2.0000,-0.8471,0.1947
2.0000,-0.8540,0.1636
2.0000,-0.8632,0.1288
2.0000,-0.8613,0.1036
2.0000,-0.8676,0.0687
2.0000,-0.8710,0.0353
2.0000,-0.8752,-0.0002
2.0000,-0.8763,-0.0339
2.0000,-0.8725,-0.0641
2.0000,-0.8705,-0.0972
2.0000,-0.8695,-0.1325
2.0000,-0.8696,-0.1701
2.0000,-0.8589,-0.1980
2.0000,-0.8489,-0.2275
2.0000,-0.8478,-0.2670
2.0000,-0.8306,-0.2912
2.0000,-0.8190,-0.3220
2.0000,-0.8109,-0.3570
2.0000,-0.7929,-0.3828
2.0000,-0.7844,-0.4189
2.0000,-0.7712,-0.4509
2.0000,-0.7464,-0.4719
2.0000,-0.7339,-0.5056
2.0000,-0.7155,-0.5338
2.0000,-0.6957,-0.5611
2.0000,-0.6744,-0.5871
2.0000,-0.6475,-0.6077
2.0000,-0.6289,-0.6369
2.0000,-0.6007,-0.6565
2.0000,-0.5834,-0.6870
2.0000,-0.5596,-0.7110
2.0000,-0.5239,-0.7230
2.0000,-0.5061,-0.7527
2.0000,-0.4784,-0.7723
2.0000,-0.4486,-0.7895
2.0000,-0.4152,-0.8027
2.0000,-0.3823,-0.8159
2.0000,-0.3591,-0.8382
2.0000,-0.3256,-0.8498
2.0000,-0.2904,-0.8590
2.0000,-0.2550,-0.8672
2.0000,-0.2258,-0.8809
2.0000,-0.1882,-0.8853
2.0000,-0.1625,-0.9008
2.0000,-0.1239,-0.9024
2.0000,-0.0952,-0.9128
2.0000,-0.0604,-0.9162
2.0000,-0.0222,-0.9149
2.0000,0.0089,-0.9196
2.0000,0.0465,-0.9165
2.0000,0.0765,-0.9197
2.0000,0.1137,-0.9143
2.0000,0.1467,-0.9119
2.0000,0.1857,-0.9018
2.0000,0.2181,-0.8970
2.0000,0.2562,-0.8849
2.0000,0.2908,-0.8748
2.0000,0.3160,-0.8724
2.0000,0.3540,-0.8556
2.0000,0.3794,-0.8497
2.0000,0.4150,-0.8319
2.0000,0.4513,-0.8117
2.0000,0.4745,-0.8028
2.0000,0.5130,-0.7768
2.0000,0.5417,-0.7589
2.0000,0.5678,-0.7415
2.0000,0.5986,-0.7178
2.0000,0.6257,-0.6959
2.0000,0.6475,-0.6774
2.0000,0.6724,-0.6539
2.0000,0.7036,-0.6222
2.0000,0.7224,-0.6011
2.0000,0.7481,-0.5712
2.0000,0.7694,-0.5437
2.0000,0.7940,-0.5111
2.0000,0.8052,-0.4900
2.0000,0.8232,-0.4601
2.0000,0.8448,-0.4250
2.0000,0.8582,-0.3961
2.0000,0.8784,-0.3586
2.0000,0.8905,-0.3274
2.0000,0.8994,-0.2977
2.0000,0.9197,-0.2548
2.0000,0.9257,-0.2244
2.0000,0.9338,-0.1903
2.0000,0.9406,-0.1559
2.0000,0.9471,-0.1201
2.0000,0.9563,-0.0800
2.0000,0.9595,-0.0443
2.0000,0.9623,-0.0076
2.0000,0.9618,0.0272
2.0000,0.9530,0.0551
2.0000,0.9585,0.0988
2.0000,0.9478,0.1275
2.0000,0.9522,0.1727
2.0000,0.9473,0.2096
2.0000,0.9378,0.2431
2.0000,0.9223,0.2717
2.0000,0.9133,0.3078
2.0000,0.8992,0.3398
2.0000,0.8957,0.3833
2.0000,0.8779,0.4133
2.0000,0.8676,0.4515
2.0000,0.8497,0.4828
2.0000,0.8262,0.5092
2.0000,0.8079,0.5413
2.0000,0.7843,0.5686
2.0000,0.7673,0.6029
2.0000,0.7421,0.6294
2.0000,0.7168,0.6560
2.0000,0.6955,0.6868
2.0000,0.6705,0.7141
2.0000,0.6431,0.7389
2.0000,0.6149,0.7629
2.0000,0.5856,0.7858
2.0000,0.5621,0.8143
2.0000,0.5258,0.8297
2.0000,0.4914,0.8467
2.0000,0.4603,0.8665
2.0000,0.4286,0.8854
2.0000,0.3938,0.9005
2.0000,0.3605,0.9166
2.0000,0.3253,0.9300
2.0000,0.2913,0.9439
2.0000,0.2626,0.9622
2.0000,0.2244,0.9701
2.0000,0.1826,0.9735
2.0000,0.1484,0.9834
2.0000,0.1152,0.9933
2.0000,0.0756,0.9956
2.0000,0.0411,1.0018
2.0000,0.0015,1.0015
3.0000,0.0038,0.0047
3.0000,-0.0042,-0.0023
3.0000,-0.0025,0.0001
3.0000,-0.0044,-0.0011
3.0000,0.0000,0.0040
3.0000,-0.0034,0.0011
3.0000,-0.0096,-0.0047
3.0000,-0.0104,-0.0051
3.0000,-0.0094,-0.0039
3.0000,-0.0041,0.0015
3.0000,-0.0091,-0.0035
3.0000,-0.0080,-0.0025
3.0000,-0.0131,-0.0078
3.0000,-0.0097,-0.0047
3.0000,-0.0121,-0.0075
3.0000,-0.0093,-0.0052
3.0000,-0.0086,-0.0052
3.0000,-0.0092,-0.0064
3.0000,-0.0121,-0.0103
3.0000,-0.0145,-0.0136
3.0000,-0.0115,-0.0117
3.0000,-0.0125,-0.0138
3.0000,-0.0147,-0.0174
3.0000,-0.0096,-0.0136
3.0000,-0.0167,-0.0223
3.0000,-0.0099,-0.0170
3.0000,-0.0122,-0.0210
3.0000,-0.0153,-0.0258
3.0000,-0.0157,-0.0281
3.0000,-0.0134,-0.0278
3.0000,-0.0110,-0.0274
3.0000,-0.0071,-0.0256
3.0000,-0.0152,-0.0358
3.0000,-0.0089,-0.0318
3.0000,-0.0063,-0.0315
3.0000,-0.0101,-0.0376
3.0000,-0.0093,-0.0393
3.0000,-0.0065,-0.0389
3.0000,-0.0005,-0.0354
3.0000,0.0019,-0.0355
3.0000,-0.0041,-0.0440
3.0000,-0.0014,-0.0439
3.0000,0.0048,-0.0403
3.0000,0.0068,-0.0409
3.0000,0.0018,-0.0485
3.0000,0.0107,-0.0422
3.0000,0.0110,-0.0444
3.0000,0.0117,-0.0463
3.0000,0.0160,-0.0445
3.0000,0.0105,-0.0525
3.0000,0.0209,-0.0446
3.0000,0.0194,-0.0485
3.0000,0.0257,-0.0445
3.0000,0.0193,-0.0531
3.0000,0.0236,-0.0511
3.0000,0.0239,-0.0530
3.0000,0.0264,-0.0524
3.0000,0.0322,-0.0486
3.0000,0.0401,-0.0426
3.0000,0.0332,-0.0513
3.0000,0.0403,-0.0458
3.0000,0.0420,-0.0456
3.0000,0.0469,-0.0422
3.0000,0.0466,-0.0437
3.0000,0.0518,-0.0397
3.0000,0.0526,-0.0399
3.0000,0.0498,-0.0436
3.0000,0.0603,-0.0338
3.0000,0.0600,-0.0347
3.0000,0.0605,-0.0345
3.0000,0.0582,-0.0371
3.0000,0.0671,-0.0282
3.0000,0.0697,-0.0255
3.0000,0.0695,-0.0255
3.0000,0.0690,-0.0255
3.0000,0.0756,-0.0183
3.0000,0.0709,-0.0221
3.0000,0.0748,-0.0172
3.0000,0.0758,-0.0150
3.0000,0.0749,-0.0145
3.0000,0.0858,-0.0020
3.0000,0.0823,-0.0037
3.0000,0.0862,0.0022
3.0000,0.0811,-0.0008
3.0000,0.0892,0.0097
3.0000,0.0889,0.0120
3.0000,0.0873,0.0131
3.0000,0.0833,0.0120
3.0000,0.0876,0.0195
3.0000,0.0849,0.0201
3.0000,0.0888,0.0275
3.0000,0.0845,0.0269
3.0000,0.0894,0.0357
3.0000,0.0814,0.0317
3.0000,0.0897,0.0442
3.0000,0.0880,0.0468
3.0000,0.0812,0.0446
3.0000,0.0857,0.0538
3.0000,0.0851,0.0580
3.0000,0.0819,0.0598
3.0000,0.0761,0.0591
3.0000,0.0728,0.0610
3.0000,0.0714,0.0650
3.0000,0.0714,0.0705
3.0000,0.0734,0.0781
3.0000,0.0687,0.0790
3.0000,0.0631,0.0792
3.0000,0.0692,0.0912
3.0000,0.0651,0.0930
3.0000,0.0579,0.0918
3.0000,0.0523,0.0923
3.0000,0.0534,0.0995
3.0000,0.0520,0.1043
3.0000,0.0463,0.1048
3.0000,0.0471,0.1117
3.0000,0.0345,0.1053
3.0000,0.0307,0.1077
3.0000,0.0295,0.1127
3.0000,0.0273,0.1166
3.0000,0.0256,0.1210
3.0000,0.0192,0.1207
3.0000,0.0131,0.1205
3.0000,0.0140,0.1274
3.0000,0.0054,0.1246
3.0000,0.0001,0.1251
3.0000,-0.0053,0.1253
3.0000,-0.0050,0.1312
3.0000,-0.0175,0.1241
3.0000,-0.0211,0.1258
3.0000,-0.0255,0.1265
3.0000,-0.0288,0.1282
3.0000,-0.0294,0.1324
3.0000,-0.0390,0.1275
3.0000,-0.0426,0.1283
3.0000,-0.0517,0.1236
3.0000,-0.0550,0.1242
3.0000,-0.0619,0.1212
3.0000,-0.0700,0.1168
3.0000,-0.0651,0.1250
3.0000,-0.0803,0.1129
3.0000,-0.0802,0.1159
3.0000,-0.0899,0.1088
3.0000,-0.0848,0.1163
3.0000,-0.0995,0.1036
3.0000,-0.0977,0.1073
3.0000,-0.1041,0.1024
3.0000,-0.1070,0.1007
3.0000,-0.1124,0.0962
3.0000,-0.1129,0.0963
3.0000,-0.1212,0.0883
3.0000,-0.1232,0.0863
3.0000,-0.1259,0.0833
3.0000,-0.1370,0.0715
3.0000,-0.1402,0.0674
3.0000,-0.1428,0.0634
3.0000,-0.1438,0.0609
3.0000,-0.1417,0.0610
3.0000,-0.1546,0.0458
3.0000,-0.1511,0.0467
3.0000,-0.1571,0.0376
3.0000,-0.1607,0.0307
3.0000,-0.1565,0.0314
3.0000,-0.1620,0.0219
3.0000,-0.1680,0.0117
3.0000,-0.1671,0.0079
3.0000,-0.1691,0.0010
3.0000,-0.1653,-0.0004
3.0000,-0.1686,-0.0092
3.0000,-0.1654,-0.0119
3.0000,-0.1664,-0.0190
3.0000,-0.1719,-0.0310
3.0000,-0.1716,-0.0374
3.0000,-0.1674,-0.0403
3.0000,-0.1637,-0.0438
3.0000,-0.1673,-0.0549
3.0000,-0.1609,-0.0563
3.0000,-0.1666,-0.0701
3.0000,-0.1580,-0.0698
3.0000,-0.1584,-0.0787
3.0000,-0.1595,-0.0885
3.0000,-0.1505,-0.0884
3.0000,-0.1504,-0.0974
3.0000,-0.1521,-0.1084
3.0000,-0.1508,-0.1165
3.0000,-0.1458,-0.1211
3.0000,-0.1367,-0.1218
3.0000,-0.1371,-0.1321
3.0000,-0.1275,-0.1325
3.0000,-0.1256,-0.1407
3.0000,-0.1204,-0.1457
3.0000,-0.1196,-0.1551
3.0000,-0.1059,-0.1517
3.0000,-0.1010,-0.1572
3.0000,-0.1005,-0.1670
3.0000,-0.0921,-0.1690
3.0000,-0.0830,-0.1703
3.0000,-0.0816,-0.1793
3.0000,-0.0749,-0.1829
3.0000,-0.0692,-0.1874
3.0000,-0.0618,-0.1902
3.0000,-0.0511,-0.1896
3.0000,-0.0523,-0.2008
3.0000,-0.0422,-0.2005
3.0000,-0.0333,-0.2014
3.0000,-0.0297,-0.2073
3.0000,-0.0189,-0.2060
3.0000,-0.0148,-0.2111
3.0000,-0.0045,-0.2099
3.0000,0.0029,-0.2113
3.0000,0.0162,-0.2066
3.0000,0.0181,-0.2130
3.0000,0.0278,-0.2114
3.0000,0.0333,-0.2137
3.0000,0.0423,-0.2122
3.0000,0.0534,-0.2083
3.0000,0.0646,-0.2040
3.0000,0.0721,-0.2031
3.0000,0.0773,-0.2041
3.0000,0.0888,-0.1984
3.0000,0.0890,-0.2038
3.0000,0.1029,-0.1949
3.0000,0.1078,-0.1948
3.0000,0.1157,-0.1912
3.0000,0.1276,-0.1832
3.0000,0.1311,-0.1831
3.0000,0.1351,-0.1822
3.0000,0.1500,-0.1700
3.0000,0.1576,-0.1646
3.0000,0.1604,-0.1634
3.0000,0.1722,-0.1529
3.0000,0.1717,-0.1542
3.0000,0.1786,-0.1476
3.0000,0.1919,-0.1342
3.0000,0.1883,-0.1371
3.0000,0.2021,-0.1222
3.0000,0.2038,-0.1190
3.0000,0.2131,-0.1075
3.0000,0.2090,-0.1091
3.0000,0.2171,-0.0980
3.0000,0.2230,-0.0885
3.0000,0.2315,-0.0760
3.0000,0.2291,-0.0739
3.0000,0.2308,-0.0672
3.0000,0.2358,-0.0567
3.0000,0.2377,-0.0488
3.0000,0.2438,-0.0364
3.0000,0.2437,-0.0296
3.0000,0.2434,-0.0225
3.0000,0.2473,-0.0109
3.0000,0.2517,0.0017
3.0000,0.2497,0.0083
3.0000,0.2533,0.0210
3.0000,0.2559,0.0331
3.0000,0.2458,0.0329
3.0000,0.2550,0.0523
3.0000,0.2503,0.0582
3.0000,0.2515,0.0704
3.0000,0.2468,0.0771
3.0000,0.2434,0.0854
3.0000,0.2371,0.0911
3.0000,0.2393,0.1056
3.0000,0.2329,0.1118
3.0000,0.2344,0.1262
3.0000,0.2251,0.1300
3.0000,0.2186,0.1368
3.0000,0.2146,0.1464
3.0000,0.2155,0.1611
3.0000,0.2113,0.1709
3.0000,0.2011,0.1749
3.0000,0.1920,0.1800
3.0000,0.1932,0.1956
3.0000,0.1858,0.2027
3.0000,0.1746,0.2061
3.0000,0.1646,0.2108
3.0000,0.1609,0.2217
3.0000,0.1523,0.2278
3.0000,0.1467,0.2370
3.0000,0.1383,0.2432
3.0000,0.1252,0.2448
3.0000,0.1182,0.2523
3.0000,0.1100,0.2586
3.0000,0.1009,0.2639
3.0000,0.0937,0.2709
3.0000,0.0822,0.2735
3.0000,0.0733,0.2785
3.0000,0.0592,0.2781
3.0000,0.0492,0.2815
3.0000,0.0450,0.2905
3.0000,0.0276,0.2862
3.0000,0.0235,0.2947
3.0000,0.0124,0.2960
3.0000,-0.0037,0.2919
3.0000,-0.0117,0.2957
3.0000,-0.0266,0.2921
3.0000,-0.0362,0.2934
3.0000,-0.0516,0.2886
3.0000,-0.0629,0.2874
3.0000,-0.0702,0.2898
3.0000,-0.0831,0.2861
3.0000,-0.0923,0.2857
3.0000,-0.1001,0.2862
3.0000,-0.1104,0.2837
3.0000,-0.1206,0.2808
3.0000,-0.1352,0.2728
3.0000,-0.1500,0.2642
3.0000,-0.1543,0.2656
3.0000,-0.1625,0.2623
3.0000,-0.1807,0.2486
3.0000,-0.1863,0.2468
3.0000,-0.1962,0.2402
3.0000,-0.2029,0.2362
3.0000,-0.2152,0.2259
3.0000,-0.2237,0.2189
3.0000,-0.2377,0.2057
3.0000,-0.2467,0.1968
3.0000,-0.2475,0.1955
3.0000,-0.2567,0.1852
3.0000,-0.2623,0.1778
3.0000,-0.2725,0.1651
3.0000,-0.2850,0.1496
3.0000,-0.2888,0.1421
3.0000,-0.2897,0.1368
3.0000,-0.2943,0.1271
3.0000,-0.3026,0.1132
3.0000,-0.3041,0.1054
3.0000,-0.3093,0.0933
3.0000,-0.3143,0.0808
3.0000,-0.3263,0.0606
3.0000,-0.3239,0.0542
3.0000,-0.3304,0.0383
3.0000,-0.3328,0.0260
3.0000,-0.3274,0.0209
3.0000,-0.3287,0.0085
3.0000,-0.3341,-0.0086
3.0000,-0.3297,-0.0164
3.0000,-0.3303,-0.0297
3.0000,-0.3368,-0.0495
3.0000,-0.3342,-0.0605
3.0000,-0.3294,-0.0700
3.0000,-0.3345,-0.0897
3.0000,-0.3299,-0.1003
3.0000,-0.3259,-0.1118
3.0000,-0.3246,-0.1263
3.0000,-0.3130,-0.1311
3.0000,-0.3084,-0.1431
3.0000,-0.3111,-0.1628
3.0000,-0.2998,-0.1688
3.0000,-0.2914,-0.1780
3.0000,-0.2923,-0.1968
3.0000,-0.2823,-0.2048
3.0000,-0.2753,-0.2162
3.0000,-0.2660,-0.2253
3.0000,-0.2611,-0.2391
3.0000,-0.2474,-0.2443
3.0000,-0.2452,-0.2610
3.0000,-0.2285,-0.2633
3.0000,-0.2250,-0.2788
3.0000,-0.2180,-0.2909
3.0000,-0.2022,-0.2942
3.0000,-0.1914,-0.3025
3.0000,-0.1857,-0.3158
3.0000,-0.1699,-0.3189
3.0000,-0.1540,-0.3218
3.0000,-0.1434,-0.3299
3.0000,-0.1330,-0.3380
3.0000,-0.1260,-0.3493
3.0000,-0.1101,-0.3516
3.0000,-0.0913,-0.3506
3.0000,-0.0817,-0.3585
3.0000,-0.0716,-0.3657
3.0000,-0.0588,-0.3699
3.0000,-0.0405,-0.3681
3.0000,-0.0232,-0.3671
3.0000,-0.0089,-0.3685
3.0000,-0.0007,-0.3757
3.0000,0.0113,-0.3786
3.0000,0.0257,-0.3786
3.0000,0.0383,-0.3800
3.0000,0.0621,-0.3695
3.0000,0.0707,-0.3737
3.0000,0.0813,-0.3754
3.0000,0.0949,-0.3735
3.0000,0.1183,-0.3612
3.0000,0.1236,-0.3663
3.0000,0.1385,-0.3612
3.0000,0.1530,-0.3558
3.0000,0.1729,-0.3443
3.0000,0.1843,-0.3407
3.0000,0.1962,-0.3358
3.0000,0.2093,-0.3289
3.0000,0.2189,-0.3249
3.0000,0.2360,-0.3126
3.0000,0.2445,-0.3081
3.0000,0.2543,-0.3016
3.0000,0.2661,-0.2922
3.0000,0.2836,-0.2764
3.0000,0.2932,-0.2677
3.0000,0.3084,-0.2526
3.0000,0.3089,-0.2513
3.0000,0.3194,-0.2393
3.0000,0.3336,-0.2227
3.0000,0.3415,-0.2117
3.0000,0.3532,-0.1961
3.0000,0.3581,-0.1864
3.0000,0.3642,-0.1747
3.0000,0.3762,-0.1563
3.0000,0.3799,-0.1455
3.0000,0.3910,-0.1264
3.0000,0.3965,-0.1121
3.0000,0.4000,-0.0991
3.0000,0.3979,-0.0909
3.0000,0.4036,-0.0741
3.0000,0.4118,-0.0541
3.0000,0.4129,-0.0406
3.0000,0.4153,-0.0250
3.0000,0.4122,-0.0142
3.0000,0.4143,0.0026
3.0000,0.4183,0.0218
3.0000,0.4127,0.0322
3.0000,0.4198,0.0558
3.0000,0.4201,0.0732
3.0000,0.4114,0.0822
3.0000,0.4059,0.0949
3.0000,0.4108,0.1186
3.0000,0.4035,0.1307
3.0000,0.4020,0.1489
3.0000,0.3996,0.1668
3.0000,0.3874,0.1752
3.0000,0.3825,0.1914
3.0000,0.3719,0.2023
3.0000,0.3669,0.2190
3.0000,0.3641,0.2383
3.0000,0.3530,0.2496
3.0000,0.3424,0.2617
3.0000,0.3320,0.2741
3.0000,0.3250,0.2901
3.0000,0.3176,0.3059
3.0000,0.2987,0.3104
3.0000,0.2942,0.3293
3.0000,0.2821,0.3406
3.0000,0.2719,0.3540
3.0000,0.2581,0.3636
3.0000,0.2382,0.3672
3.0000,0.2241,0.3764
3.0000,0.2152,0.3908
3.0000,0.2032,0.4019
3.0000,0.1829,0.4045
3.0000,0.1667,0.4109
3.0000,0.1497,0.4165
3.0000,0.1382,0.4271
3.0000,0.1255,0.4363
3.0000,0.1072,0.4395
3.0000,0.0905,0.4439
3.0000,0.0703,0.4444
3.0000,0.0521,0.4465
3.0000,0.0361,0.4503
3.0000,0.0205,0.4540
3.0000,0.0007,0.4529
3.0000,-0.0126,0.4578
3.0000,-0.0279,0.4601
3.0000,-0.0506,0.4544
3.0000,-0.0658,0.4554
3.0000,-0.0827,0.4541
3.0000,-0.1004,0.4514
3.0000,-0.1163,0.4497
3.0000,-0.1362,0.4433
3.0000,-0.1447,0.4475
3.0000,-0.1621,0.4420
3.0000,-0.1793,0.4359
3.0000,-0.1980,0.4274
3.0000,-0.2143,0.4205
3.0000,-0.2347,0.4086
3.0000,-0.2448,0.4061
3.0000,-0.2596,0.3980
3.0000,-0.2794,0.3840
3.0000,-0.2949,0.3735
3.0000,-0.3102,0.3622
3.0000,-0.3247,0.3507
3.0000,-0.3372,0.3402
3.0000,-0.3543,0.3242
3.0000,-0.3676,0.3110
3.0000,-0.3799,0.2979
3.0000,-0.3837,0.2922
3.0000,-0.3979,0.2753
3.0000,-0.4103,0.2591
3.0000,-0.4171,0.2475
3.0000,-0.4327,0.2262
3.0000,-0.4396,0.2126
3.0000,-0.4498,0.1948
3.0000,-0.4531,0.1829
3.0000,-0.4652,0.1612
3.0000,-0.4698,0.1461
3.0000,-0.4754,0.1291
3.0000,-0.4856,0.1066
3.0000,-0.4826,0.0964
3.0000,-0.4880,0.0768
3.0000,-0.4979,0.0520
3.0000,-0.4937,0.0404
3.0000,-0.4991,0.0184
3.0000,-0.5047,-0.0047
3.0000,-0.4995,-0.0177
3.0000,-0.4980,-0.0353
3.0000,-0.5035,-0.0605
3.0000,-0.5032,-0.0806
3.0000,-0.4986,-0.0972
3.0000,-0.4920,-0.1123
3.0000,-0.4844,-0.1272
3.0000,-0.4838,-0.1496
3.0000,-0.4801,-0.1695
3.0000,-0.4745,-0.1880
3.0000,-0.4644,-0.2026
3.0000,-0.4608,-0.2241
3.0000,-0.4488,-0.2377
3.0000,-0.4482,-0.2630
3.0000,-0.4361,-0.2772
3.0000,-0.4197,-0.2875
3.0000,-0.4187,-0.3134
3.0000,-0.4003,-0.3222
3.0000,-0.3939,-0.3432
3.0000,-0.3759,-0.3528
3.0000,-0.3685,-0.3731
3.0000,-0.3489,-0.3814
3.0000,-0.3399,-0.4002
3.0000,-0.3212,-0.4094
3.0000,-0.3098,-0.4260
3.0000,-0.2964,-0.4403
3.0000,-0.2743,-0.4460
3.0000,-0.2583,-0.4576
3.0000,-0.2379,-0.4646
3.0000,-0.2251,-0.4789
3.0000,-0.2095,-0.4903
3.0000,-0.1865,-0.4940
3.0000,-0.1760,-0.5098
3.0000,-0.1566,-0.5163
3.0000,-0.1287,-0.5139
3.0000,-0.1109,-0.5211
3.0000,-0.0928,-0.5275
3.0000,-0.0785,-0.5372
3.0000,-0.0572,-0.5394
3.0000,-0.0385,-0.5435
3.0000,-0.0112,-0.5384
3.0000,0.0114,-0.5373
3.0000,0.0304,-0.5392
3.0000,0.0494,-0.5403
3.0000,0.0682,-0.5408
3.0000,0.0890,-0.5386
3.0000,0.1105,-0.5347
3.0000,0.1339,-0.5281
3.0000,0.1513,-0.5267
3.0000,0.1706,-0.5224
3.0000,0.1949,-0.5122
3.0000,0.2144,-0.5059
3.0000,0.2280,-0.5044
3.0000,0.2462,-0.4974
3.0000,0.2661,-0.4876
3.0000,0.2813,-0.4815
3.0000,0.3026,-0.4683
3.0000,0.3205,-0.4573
3.0000,0.3349,-0.4488
3.0000,0.3583,-0.4302
3.0000,0.3745,-0.4176
3.0000,0.3859,-0.4087
3.0000,0.4029,-0.3932
3.0000,0.4194,-0.3770
3.0000,0.4310,-0.3645
3.0000,0.4444,-0.3491
3.0000,0.4670,-0.3233
3.0000,0.4733,-0.3128
3.0000,0.4899,-0.2907
3.0000,0.4993,-0.2748
3.0000,0.5138,-0.2526
3.0000,0.5184,-0.2392
3.0000,0.5341,-0.2136
3.0000,0.5367,-0.2000
3.0000,0.5509,-0.1736
3.0000,0.5583,-0.1531
3.0000,0.5640,-0.1331
3.0000,0.5686,-0.1132
3.0000,0.5663,-0.0992
3.0000,0.5707,-0.0774
3.0000,0.5760,-0.0538
3.0000,0.5805,-0.0300
3.0000,0.5880,-0.0022
3.0000,0.5878,0.0187
3.0000,0.5854,0.0383
3.0000,0.5836,0.0594
3.0000,0.5804,0.0799
3.0000,0.5801,0.1041
3.0000,0.5724,0.1217
3.0000,0.5723,0.1475
3.0000,0.5613,0.1632
3.0000,0.5564,0.1857
3.0000,0.5545,0.2118
3.0000,0.5458,0.2316
3.0000,0.5361,0.2511
3.0000,0.5319,0.2765
3.0000,0.5157,0.2904
3.0000,0.5134,0.3186
3.0000,0.4954,0.3314
3.0000,0.4804,0.3476
3.0000,0.4771,0.3758
3.0000,0.4577,0.3883
3.0000,0.4443,0.4068
3.0000,0.4319,0.4266
3.0000,0.4134,0.4402
3.0000,0.4031,0.4622
3.0000,0.3797,0.4712
3.0000,0.3604,0.4842
3.0000,0.3417,0.4977
3.0000,0.3321,0.5203
3.0000,0.3085,0.5286
3.0000,0.2892,0.5411
3.0000,0.2712,0.5545
3.0000,0.2515,0.5661
3.0000,0.2224,0.5678
3.0000,0.2042,0.5800
3.0000,0.1885,0.5944
3.0000,0.1650,0.6004
3.0000,0.1437,0.6081
3.0000,0.1172,0.6101
3.0000,0.0935,0.6142
3.0000,0.0692,0.6170
3.0000,0.0437,0.6180
3.0000,0.0200,0.6201
3.0000,-0.0043,0.6207
3.0000,-0.0252,0.6240
3.0000,-0.0477,0.6247
3.0000,-0.0699,0.6250
3.0000,-0.0911,0.6252
3.0000,-0.1171,0.6198
3.0000,-0.1456,0.6109
3.0000,-0.1683,0.6067
3.0000,-0.1929,0.5996
3.0000,-0.2154,0.5934
3.0000,-0.2319,0.5922
3.0000,-0.2563,0.5820
3.0000,-0.2779,0.5735
3.0000,-0.3016,0.5616
3.0000,-0.3254,0.5485
3.0000,-0.3446,0.5387
3.0000,-0.3655,0.5260
3.0000,-0.3873,0.5112
3.0000,-0.4085,0.4956
3.0000,-0.4246,0.4840
3.0000,-0.4466,0.4651
3.0000,-0.4559,0.4577
3.0000,-0.4808,0.4333
3.0000,-0.4903,0.4231
3.0000,-0.5120,0.3993
3.0000,-0.5222,0.3857
3.0000,-0.5454,0.3578
3.0000,-0.5555,0.3418
3.0000,-0.5689,0.3211
3.0000,-0.5813,0.3001
3.0000,-0.5883,0.2833
3.0000,-0.6075,0.2529
3.0000,-0.6160,0.2320
3.0000,-0.6200,0.2143
3.0000,-0.6279,0.1916
3.0000,-0.6374,0.1660
3.0000,-0.6417,0.1445
3.0000,-0.6516,0.1160
3.0000,-0.6571,0.0910
3.0000,-0.6573,0.0700
3.0000,-0.6673,0.0382
3.0000,-0.6694,0.0132
3.0000,-0.6620,-0.0034
3.0000,-0.6709,-0.0373
3.0000,-0.6709,-0.0632
3.0000,-0.6700,-0.0892
3.0000,-0.6594,-0.1064
3.0000,-0.6549,-0.1307
3.0000,-0.6541,-0.1594
3.0000,-0.6485,-0.1841
3.0000,-0.6451,-0.2117
3.0000,-0.6363,-0.2347
3.0000,-0.6272,-0.2580
3.0000,-0.6122,-0.2761
3.0000,-0.6027,-0.3002
3.0000,-0.5942,-0.3259
3.0000,-0.5823,-0.3487
3.0000,-0.5740,-0.3755
3.0000,-0.5612,-0.3981
3.0000,-0.5425,-0.4153
3.0000,-0.5249,-0.4337
3.0000,-0.5098,-0.4550
3.0000,-0.4897,-0.4714
3.0000,-0.4727,-0.4911
3.0000,-0.4608,-0.5159
3.0000,-0.4413,-0.5332
3.0000,-0.4161,-0.5446
3.0000,-0.3987,-0.5640
3.0000,-0.3824,-0.5842
3.0000,-0.3564,-0.5945
3.0000,-0.3340,-0.6082
3.0000,-0.3125,-0.6226
3.0000,-0.2910,-0.6365
3.0000,-0.2604,-0.6411
3.0000,-0.2450,-0.6603
3.0000,-0.2161,-0.6655
3.0000,-0.1915,-0.6746
3.0000,-0.1659,-0.6820
3.0000,-0.1419,-0.6903
3.0000,-0.1123,-0.6924
3.0000,-0.0886,-0.6997
3.0000,-0.0579,-0.6992
3.0000,-0.0319,-0.7025
3.0000,-0.0129,-0.7119
3.0000,0.0223,-0.7043
3.0000,0.0470,-0.7061
3.0000,0.0706,-0.7081
3.0000,0.1029,-0.7004
3.0000,0.1294,-0.6974
3.0000,0.1541,-0.6950
3.0000,0.1777,-0.6927
3.0000,0.2027,-0.6876
3.0000,0.2326,-0.6766
3.0000,0.2565,-0.6703
3.0000,0.2793,-0.6638
3.0000,0.3026,-0.6555
3.0000,0.3345,-0.6372
3.0000,0.3589,-0.6251
3.0000,0.3769,-0.6181
3.0000,0.3980,-0.6065
3.0000,0.4211,-0.5915
3.0000,0.4480,-0.5714
3.0000,0.4682,-0.5565
3.0000,0.4880,-0.5405
3.0000,0.5103,-0.5207
3.0000,0.5353,-0.4966
3.0000,0.5564,-0.4749
3.0000,0.5667,-0.4626
3.0000,0.5900,-0.4358
3.0000,0.6023,-0.4186
3.0000,0.6234,-0.3910
3.0000,0.6385,-0.3680
3.0000,0.6544,-0.3428
3.0000,0.6596,-0.3267
3.0000,0.6814,-0.2927
3.0000,0.6833,-0.2772
3.0000,0.6943,-0.2511
3.0000,0.7067,-0.2222
3.0000,0.7172,-0.1939
3.0000,0.7286,-0.1633
3.0000,0.7370,-0.1344
3.0000,0.7397,-0.1099
3.0000,0.7373,-0.0893
3.0000,0.7454,-0.0568
3.0000,0.7435,-0.0332
3.0000,0.7497,-0.0003
3.0000,0.7540,0.0319
3.0000,0.7523,0.0591
3.0000,0.7495,0.0863
3.0000,0.7412,0.1090
3.0000,0.7407,0.1406
3.0000,0.7376,0.1705
3.0000,0.7310,0.1977
3.0000,0.7270,0.2283
3.0000,0.7184,0.2552
3.0000,0.7110,0.2841
3.0000,0.7000,0.3101
3.0000,0.6871,0.3348
3.0000,0.6739,0.3598
3.0000,0.6615,0.3862
3.0000,0.6497,0.4137
3.0000,0.6339,0.4376
3.0000,0.6192,0.4630
3.0000,0.5988,0.4831
3.0000,0.5790,0.5039
3.0000,0.5571,0.5229
3.0000,0.5451,0.5520
3.0000,0.5164,0.5644
3.0000,0.4980,0.5872
3.0000,0.4833,0.6137
3.0000,0.4510,0.6225
3.0000,0.4357,0.6481
3.0000,0.4125,0.6657
3.0000,0.3872,0.6808
3.0000,0.3616,0.6954
3.0000,0.3359,0.7095
3.0000,0.3065,0.7196
3.0000,0.2758,0.7277
3.0000,0.2475,0.7378
3.0000,0.2276,0.7556
3.0000,0.1998,0.7650
3.0000,0.1679,0.7694
3.0000,0.1402,0.7773
3.0000,0.1081,0.7800
3.0000,0.0843,0.7901
3.0000,0.0517,0.7905
3.0000,0.0217,0.7926
3.0000,-0.0129,0.7890
3.0000,-0.0421,0.7897
3.0000,-0.0685,0.7922
3.0000,-0.0964,0.7920
3.0000,-0.1336,0.7812
3.0000,-0.1543,0.7858
3.0000,-0.1877,0.7764
3.0000,-0.2145,0.7723
3.0000,-0.2430,0.7651
3.0000,-0.2778,0.7502
3.0000,-0.3079,0.7386
3.0000,-0.3282,0.7354
3.0000,-0.3638,0.7153
3.0000,-0.3833,0.7099
3.0000,-0.4164,0.6894
3.0000,-0.4362,0.6806
3.0000,-0.4680,0.6583
3.0000,-0.4912,0.6430
3.0000,-0.5144,0.6260
3.0000,-0.5399,0.6052
3.0000,-0.5611,0.5871
3.0000,-0.5818,0.5677
3.0000,-0.6038,0.5455
3.0000,-0.6274,0.5201
3.0000,-0.6457,0.4983
3.0000,-0.6683,0.4706
3.0000,-0.6864,0.4457
3.0000,-0.7016,0.4220
3.0000,-0.7198,0.3938
3.0000,-0.7365,0.3655
3.0000,-0.7457,0.3430
3.0000,-0.7656,0.3083
3.0000,-0.7776,0.2799
3.0000,-0.7871,0.2524
3.0000,-0.7937,0.2264
3.0000,-0.7991,0.2001
3.0000,-0.8111,0.1656
3.0000,-0.8197,0.1330
3.0000,-0.8221,0.1053
3.0000,-0.8286,0.0722
3.0000,-0.8362,0.0366
3.0000,-0.8279,0.0155
3.0000,-0.8380,-0.0253
3.0000,-0.8303,-0.0494
3.0000,-0.8280,-0.0801
3.0000,-0.8334,-0.1197
3.0000,-0.8202,-0.1418
3.0000,-0.8251,-0.1830
3.0000,-0.8102,-0.2055
3.0000,-0.8034,-0.2370
3.0000,-0.7971,-0.2699
3.0000,-0.7902,-0.3031
3.0000,-0.7798,-0.3334
3.0000,-0.7619,-0.3571
3.0000,-0.7549,-0.3923
3.0000,-0.7346,-0.4149
3.0000,-0.7180,-0.4417
3.0000,-0.7050,-0.4727
3.0000,-0.6838,-0.4958
3.0000,-0.6692,-0.5258
3.0000,-0.6458,-0.5475
3.0000,-0.6245,-0.5714
3.0000,-0.6029,-0.5953
3.0000,-0.5814,-0.6194
3.0000,-0.5655,-0.6491
3.0000,-0.5364,-0.6656
3.0000,-0.5078,-0.6826
3.0000,-0.4892,-0.7093
3.0000,-0.4582,-0.7235
3.0000,-0.4366,-0.7468
3.0000,-0.4097,-0.7645
3.0000,-0.3785,-0.7774
3.0000,-0.3445,-0.7871
3.0000,-0.3229,-0.8087
3.0000,-0.2835,-0.8119
3.0000,-0.2554,-0.8258
3.0000,-0.2306,-0.8422
3.0000,-0.1992,-0.8512
3.0000,-0.1579,-0.8495
3.0000,-0.1291,-0.8594
3.0000,-0.1029,-0.8709
3.0000,-0.0652,-0.8700
3.0000,-0.0338,-0.8743
3.0000,-0.0030,-0.8780
3.0000,0.0306,-0.8778
3.0000,0.0653,-0.8753
3.0000,0.0951,-0.8764
3.0000,0.1355,-0.8656
3.0000,0.1659,-0.8635
3.0000,0.2021,-0.8541
3.0000,0.2338,-0.8477
3.0000,0.2625,-0.8429
3.0000,0.2897,-0.8381
3.0000,0.3307,-0.8179
3.0000,0.3581,-0.8098
3.0000,0.3861,-0.7994
3.0000,0.4179,-0.7836
3.0000,0.4485,-0.7673
3.0000,0.4778,-0.7505
3.0000,0.5021,-0.7371
3.0000,0.5320,-0.7164
3.0000,0.5639,-0.6918
3.0000,0.5870,-0.6743
3.0000,0.6151,-0.6500
3.0000,0.6409,-0.6263
3.0000,0.6634,-0.6040
3.0000,0.6844,-0.5813
3.0000,0.7098,-0.5525
3.0000,0.7288,-0.5283
3.0000,0.7484,-0.5017
3.0000,0.7667,-0.4747
3.0000,0.7873,-0.4434
3.0000,0.8059,-0.4125
3.0000,0.8153,-0.3889
3.0000,0.8357,-0.3526
3.0000,0.8486,-0.3222
3.0000,0.8618,-0.2896
3.0000,0.8671,-0.2633
3.0000,0.8813,-0.2264
3.0000,0.8921,-0.1913
3.0000,0.8966,-0.1609
3.0000,0.9086,-0.1215
3.0000,0.9135,-0.0876
3.0000,0.9082,-0.0624
3.0000,0.9172,-0.0216
3.0000,0.9167,0.0113
3.0000,0.9120,0.0413
3.0000,0.9167,0.0820
3.0000,0.9088,0.1114
3.0000,0.9094,0.1504
3.0000,0.8992,0.1799
3.0000,0.9021,0.2235
3.0000,0.8857,0.2490
3.0000,0.8826,0.2887
3.0000,0.8733,0.3232
3.0000,0.8525,0.3470
3.0000,0.8421,0.3821
3.0000,0.8305,0.4166
3.0000,0.8167,0.4497
3.0000,0.8025,0.4830
3.0000,0.7848,0.5134
3.0000,0.7565,0.5337
3.0000,0.7450,0.5713
3.0000,0.7234,0.5989
3.0000,0.6973,0.6225
3.0000,0.6719,0.6469
3.0000,0.6468,0.6718
3.0000,0.6293,0.7044
3.0000,0.6045,0.7296
3.0000,0.5689,0.7440
3.0000,0.5488,0.7737
3.0000,0.5115,0.7860
3.0000,0.4903,0.8142
3.0000,0.4583,0.8312
3.0000,0.4248,0.8462
3.0000,0.3905,0.8599
3.0000,0.3643,0.8812
3.0000,0.3224,0.8862
3.0000,0.2971,0.9071
3.0000,0.2579,0.9132
3.0000,0.2244,0.9242
3.0000,0.1935,0.9370
3.0000,0.1579,0.9440
3.0000,0.1158,0.9436
3.0000,0.0871,0.9554
3.0000,0.0509,0.9586
3.0000,0.0079,0.9538
3.0000,-0.0294,0.9534
3.0000,-0.0605,0.9579
3.0000,-0.0973,0.9553
3.0000,-0.1317,0.9537
3.0000,-0.1702,0.9465
3.0000,-0.2056,0.9409
3.0000,-0.2447,0.9300
3.0000,-0.2717,0.9296
3.0000,-0.3059,0.9203
3.0000,-0.3490,0.9004
3.0000,-0.3759,0.8950
3.0000,-0.4142,0.8765
3.0000,-0.4440,0.8646
3.0000,-0.4806,0.8441
3.0000,-0.5134,0.8256
3.0000,-0.5439,0.8075
3.0000,-0.5725,0.7894
3.0000,-0.6073,0.7632
3.0000,-0.6361,0.7410
3.0000,-0.6607,0.7211
3.0000,-0.6857,0.6988
3.0000,-0.7103,0.6749
3.0000,-0.7388,0.6453
3.0000,-0.7674,0.6134
3.0000,-0.7912,0.5844
3.0000,-0.8070,0.5616
3.0000,-0.8280,0.5314
3.0000,-0.8481,0.5003
3.0000,-0.8671,0.4683
3.0000,-0.8834,0.4371
3.0000,-0.9036,0.4001
3.0000,-0.9178,0.3672
3.0000,-0.9333,0.3310
3.0000,-0.9451,0.2968
3.0000,-0.9624,0.2552
3.0000,-0.9718,0.2198
3.0000,-0.9790,0.1848
3.0000,-0.9868,0.1476
3.0000,-0.9931,0.1100
3.0000,-0.9965,0.0738
3.0000,-1.0008,0.0352
3.0000,-0.9949,0.0051
4.0000,-0.0048,-0.0058
4.0000,0.0028,0.0006
4.0000,-0.0025,-0.0058
4.0000,-0.0006,-0.0052
4.0000,0.0048,-0.0010
4.0000,0.0064,-0.0008
4.0000,-0.0023,-0.0109
4.0000,0.0040,-0.0060
4.0000,0.0075,-0.0039
4.0000,-0.0015,-0.0145
4.0000,0.0092,-0.0053
4.0000,0.0033,-0.0127
4.0000,0.0010,-0.0166
4.0000,0.0066,-0.0126
4.0000,0.0068,-0.0139
4.0000,0.0052,-0.0171
4.0000,0.0144,-0.0094
4.0000,0.0085,-0.0168
4.0000,0.0163,-0.0105
4.0000,0.0101,-0.0181
4.0000,0.0114,-0.0183
4.0000,0.0192,-0.0118
4.0000,0.0157,-0.0167
4.0000,0.0220,-0.0117
4.0000,0.0194,-0.0155
4.0000,0.0225,-0.0136
4.0000,0.0213,-0.0158
4.0000,0.0215,-0.0166
4.0000,0.0239,-0.0152
4.0000,0.0223,-0.0176
4.0000,0.0309,-0.0098
4.0000,0.0336,-0.0077
4.0000,0.0267,-0.0152
4.0000,0.0339,-0.0084
4.0000,0.0295,-0.0132
4.0000,0.0327,-0.0101
4.0000,0.0326,-0.0103
4.0000,0.0375,-0.0054
4.0000,0.0405,-0.0022
4.0000,0.0433,0.0009
4.0000,0.0400,-0.0020
4.0000,0.0393,-0.0021
4.0000,0.0446,0.0038
4.0000,0.0389,-0.0011
4.0000,0.0466,0.0076
4.0000,0.0501,0.0122
4.0000,0.0471,0.0104
4.0000,0.0497,0.0144
4.0000,0.0515,0.0177
4.0000,0.0510,0.0189
4.0000,0.0484,0.0181
4.0000,0.0428,0.0145
4.0000,0.0515,0.0252
4.0000,0.0506,0.0266
4.0000,0.0479,0.0262
4.0000,0.0457,0.0264
4.0000,0.0498,0.0332
4.0000,0.0434,0.0295
4.0000,0.0435,0.0326
4.0000,0.0472,0.0392
4.0000,0.0415,0.0367
4.0000,0.0478,0.0462
4.0000,0.0449,0.0466
4.0000,0.0446,0.0498
4.0000,0.0386,0.0472
4.0000,0.0423,0.0546
4.0000,0.0357,0.0517
4.0000,0.0410,0.0608
4.0000,0.0399,0.0635
4.0000,0.0304,0.0580
4.0000,0.0347,0.0663
4.0000,0.0285,0.0642
4.0000,0.0265,0.0663
4.0000,0.0243,0.0683
4.0000,0.0203,0.0685
4.0000,0.0224,0.0748
4.0000,0.0134,0.0700
4.0000,0.0169,0.0778
4.0000,0.0139,0.0790
4.0000,0.0153,0.0847
4.0000,0.0120,0.0856
4.0000,0.0001,0.0779
4.0000,0.0057,0.0876
4.0000,-0.0066,0.0795
4.0000,-0.0079,0.0823
4.0000,-0.0110,0.0832
4.0000,-0.0114,0.0868
4.0000,-0.0148,0.0873
4.0000,-0.0155,0.0904
4.0000,-0.0180,0.0916
4.0000,-0.0210,0.0922
4.0000,-0.0256,0.0911
4.0000,-0.0373,0.0828
4.0000,-0.0412,0.0821
4.0000,-0.0443,0.0822
4.0000,-0.0468,0.0825
4.0000,-0.0506,0.0816
4.0000,-0.0491,0.0857
4.0000,-0.0563,0.0811
4.0000,-0.0554,0.0842
4.0000,-0.0639,0.0779
4.0000,-0.0700,0.0738
4.0000,-0.0666,0.0789
4.0000,-0.0763,0.0707
4.0000,-0.0779,0.0706
4.0000,-0.0837,0.0658
4.0000,-0.0834,0.0671
4.0000,-0.0820,0.0691
4.0000,-0.0906,0.0610
4.0000,-0.0896,0.0622
4.0000,-0.0927,0.0591
4.0000,-0.0948,0.0567
4.0000,-0.0980,0.0530
4.0000,-0.1085,0.0418
4.0000,-0.1034,0.0458
4.0000,-0.1145,0.0335
4.0000,-0.1150,0.0315
4.0000,-0.1180,0.0267
4.0000,-0.1151,0.0276
4.0000,-0.1194,0.0210
4.0000,-0.1207,0.0171
4.0000,-0.1201,0.0149
4.0000,-0.1276,0.0043
4.0000,-0.1189,0.0097
4.0000,-0.1229,0.0021
4.0000,-0.1301,-0.0090
4.0000,-0.1309,-0.0138
4.0000,-0.1219,-0.0092
4.0000,-0.1255,-0.0173
4.0000,-0.1320,-0.0287
4.0000,-0.1293,-0.0310
4.0000,-0.1250,-0.0320
4.0000,-0.1300,-0.0425
4.0000,-0.1241,-0.0423
4.0000,-0.1228,-0.0469
4.0000,-0.1230,-0.0533
4.0000,-0.1260,-0.0627
4.0000,-0.1239,-0.0671
4.0000,-0.1232,-0.0731
4.0000,-0.1207,-0.0775
4.0000,-0.1203,-0.0842
4.0000,-0.1135,-0.0846
4.0000,-0.1156,-0.0941
4.0000,-0.1063,-0.0922
4.0000,-0.1100,-0.1036
4.0000,-0.1014,-0.1027
4.0000,-0.0947,-0.1038
4.0000,-0.0967,-0.1138
4.0000,-0.0876,-0.1127
4.0000,-0.0846,-0.1178
4.0000,-0.0861,-0.1274
4.0000,-0.0830,-0.1325
4.0000,-0.0712,-0.1290
4.0000,-0.0703,-0.1363
4.0000,-0.0691,-0.1434
4.0000,-0.0576,-0.1401
4.0000,-0.0598,-0.1505
4.0000,-0.0544,-0.1534
4.0000,-0.0487,-0.1558
4.0000,-0.0368,-0.1520
4.0000,-0.0368,-0.1600
4.0000,-0.0286,-0.1598
4.0000,-0.0194,-0.1584
4.0000,-0.0122,-0.1589
4.0000,-0.0058,-0.1601
4.0000,-0.0062,-0.1680
4.0000,0.0068,-0.1623
4.0000,0.0128,-0.1634
4.0000,0.0129,-0.1703
4.0000,0.0207,-0.1693
4.0000,0.0322,-0.1643
4.0000,0.0327,-0.1702
4.0000,0.0410,-0.1680
4.0000,0.0514,-0.1635
4.0000,0.0504,-0.1701
4.0000,0.0584,-0.1675
4.0000,0.0721,-0.1589
4.0000,0.0752,-0.1605
4.0000,0.0781,-0.1621
4.0000,0.0827,-0.1617
4.0000,0.0902,-0.1582
4.0000,0.0952,-0.1567
4.0000,0.1102,-0.1449
4.0000,0.1104,-0.1475
4.0000,0.1224,-0.1381
4.0000,0.1282,-0.1345
4.0000,0.1334,-0.1310
4.0000,0.1377,-0.1281
4.0000,0.1453,-0.1216
4.0000,0.1490,-0.1185
4.0000,0.1471,-0.1206
4.0000,0.1598,-0.1079
4.0000,0.1608,-0.1063
4.0000,0.1700,-0.0962
4.0000,0.1743,-0.0906
4.0000,0.1778,-0.0853
4.0000,0.1747,-0.0863
4.0000,0.1863,-0.0720
4.0000,0.1849,-0.0704
4.0000,0.1952,-0.0568
4.0000,0.1947,-0.0536
4.0000,0.1918,-0.0523
4.0000,0.1957,-0.0437
4.0000,0.2032,-0.0313
4.0000,0.1996,-0.0295
4.0000,0.2102,-0.0131
4.0000,0.2073,-0.0098
4.0000,0.2063,-0.0043
4.0000,0.2133,0.0096
4.0000,0.2049,0.0085
4.0000,0.2139,0.0251
4.0000,0.2068,0.0260
4.0000,0.2118,0.0393
4.0000,0.2038,0.0401
4.0000,0.2071,0.0523
4.0000,0.2120,0.0666
4.0000,0.2075,0.0717
4.0000,0.1986,0.0726
4.0000,0.2039,0.0881
4.0000,0.1976,0.0922
4.0000,0.1972,0.1024
4.0000,0.1936,0.1098
4.0000,0.1928,0.1202
4.0000,0.1905,0.1292
4.0000,0.1847,0.1350
4.0000,0.1798,0.1418
4.0000,0.1752,0.1490
4.0000,0.1674,0.1532
4.0000,0.1631,0.1611
4.0000,0.1569,0.1672
4.0000,0.1509,0.1735
4.0000,0.1464,0.1814
4.0000,0.1428,0.1903
4.0000,0.1362,0.1962
4.0000,0.1284,0.2009
4.0000,0.1185,0.2035
4.0000,0.1121,0.2096
4.0000,0.1090,0.2190
4.0000,0.0961,0.2185
4.0000,0.0846,0.2194
4.0000,0.0854,0.2325
4.0000,0.0715,0.2307
4.0000,0.0630,0.2342
4.0000,0.0598,0.2429
4.0000,0.0408,0.2355
4.0000,0.0337,0.2399
4.0000,0.0331,0.2506
4.0000,0.0150,0.2436
4.0000,0.0088,0.2482
4.0000,-0.0029,0.2471
4.0000,-0.0135,0.2468
4.0000,-0.0229,0.2474
4.0000,-0.0324,0.2475
4.0000,-0.0384,0.2509
4.0000,-0.0446,0.2536
4.0000,-0.0601,0.2468
4.0000,-0.0663,0.2489
4.0000,-0.0730,0.2500
4.0000,-0.0869,0.2436
4.0000,-0.1005,0.2370
4.0000,-0.1074,0.2366
4.0000,-0.1110,0.2392
4.0000,-0.1291,0.2268
4.0000,-0.1349,0.2261
4.0000,-0.1379,0.2278
4.0000,-0.1527,0.2173
4.0000,-0.1636,0.2100
4.0000,-0.1631,0.2137
4.0000,-0.1745,0.2051
4.0000,-0.1819,0.1997
4.0000,-0.1959,0.1873
4.0000,-0.1987,0.1856
4.0000,-0.2048,0.1800
4.0000,-0.2135,0.1713
4.0000,-0.2260,0.1581
4.0000,-0.2315,0.1514
4.0000,-0.2310,0.1502
4.0000,-0.2397,0.1392
4.0000,-0.2528,0.1232
4.0000,-0.2547,0.1179
4.0000,-0.2544,0.1141
4.0000,-0.2667,0.0973
4.0000,-0.2711,0.0877
4.0000,-0.2682,0.0849
4.0000,-0.2812,0.0657
4.0000,-0.2747,0.0655
4.0000,-0.2820,0.0508
4.0000,-0.2886,0.0363
4.0000,-0.2903,0.0263
4.0000,-0.2853,0.0223
4.0000,-0.2935,0.0047
4.0000,-0.2963,-0.0080
4.0000,-0.2964,-0.0185
4.0000,-0.2966,-0.0296
4.0000,-0.2921,-0.0364
4.0000,-0.2875,-0.0436
4.0000,-0.2948,-0.0631
4.0000,-0.2931,-0.0740
4.0000,-0.2925,-0.0864
4.0000,-0.2878,-0.0951
4.0000,-0.2878,-0.1090
4.0000,-0.2820,-0.1173
4.0000,-0.2705,-0.1203
4.0000,-0.2678,-0.1324
4.0000,-0.2684,-0.1481
4.0000,-0.2620,-0.1570
4.0000,-0.2545,-0.1651
4.0000,-0.2545,-0.1809
4.0000,-0.2451,-0.1877
4.0000,-0.2414,-0.2001
4.0000,-0.2285,-0.2036
4.0000,-0.2237,-0.2154
4.0000,-0.2209,-0.2292
4.0000,-0.2095,-0.2346
4.0000,-0.1999,-0.2418
4.0000,-0.1953,-0.2541
4.0000,-0.1816,-0.2573
4.0000,-0.1713,-0.2638
4.0000,-0.1597,-0.2691
4.0000,-0.1491,-0.2754
4.0000,-0.1459,-0.2889
4.0000,-0.1288,-0.2884
4.0000,-0.1174,-0.2935
4.0000,-0.1112,-0.3037
4.0000,-0.0972,-0.3059
4.0000,-0.0839,-0.3086
4.0000,-0.0755,-0.3159
4.0000,-0.0676,-0.3235
4.0000,-0.0559,-0.3270
4.0000,-0.0395,-0.3255
4.0000,-0.0249,-0.3255
4.0000,-0.0119,-0.3268
4.0000,0.0009,-0.3279
4.0000,0.0118,-0.3305
4.0000,0.0221,-0.3333
4.0000,0.0351,-0.3329
4.0000,0.0467,-0.3335
4.0000,0.0622,-0.3298
4.0000,0.0714,-0.3318
4.0000,0.0885,-0.3253
4.0000,0.1014,-0.3227
4.0000,0.1067,-0.3269
4.0000,0.1237,-0.3190
4.0000,0.1389,-0.3122
4.0000,0.1512,-0.3079
4.0000,0.1587,-0.3077
4.0000,0.1718,-0.3011
4.0000,0.1844,-0.2945
4.0000,0.1932,-0.2910
4.0000,0.2074,-0.2815
4.0000,0.2176,-0.2752
4.0000,0.2247,-0.2715
4.0000,0.2404,-0.2584
4.0000,0.2447,-0.2559
4.0000,0.2638,-0.2380
4.0000,0.2697,-0.2325
4.0000,0.2733,-0.2287
4.0000,0.2854,-0.2156
4.0000,0.2910,-0.2083
4.0000,0.3050,-0.1919
4.0000,0.3070,-0.1867
4.0000,0.3188,-0.1710
4.0000,0.3229,-0.1623
4.0000,0.3317,-0.1481
4.0000,0.3422,-0.1316
4.0000,0.3471,-0.1199
4.0000,0.3509,-0.1085
4.0000,0.3514,-0.0998
4.0000,0.3562,-0.0861
4.0000,0.3651,-0.0677
4.0000,0.3625,-0.0601
4.0000,0.3673,-0.0443
4.0000,0.3698,-0.0303
4.0000,0.3689,-0.0190
4.0000,0.3798,0.0048
4.0000,0.3745,0.0129
4.0000,0.3756,0.0280
4.0000,0.3716,0.0387
4.0000,0.3711,0.0533
4.0000,0.3697,0.0676
4.0000,0.3716,0.0858
4.0000,0.3638,0.0947
4.0000,0.3620,0.1100
4.0000,0.3579,0.1236
4.0000,0.3572,0.1409
4.0000,0.3506,0.1529
4.0000,0.3431,0.1642
4.0000,0.3471,0.1874
4.0000,0.3321,0.1919
4.0000,0.3267,0.2064
4.0000,0.3244,0.2242
4.0000,0.3147,0.2348
4.0000,0.3109,0.2516
4.0000,0.2923,0.2538
4.0000,0.2833,0.2657
4.0000,0.2787,0.2822
4.0000,0.2660,0.2907
4.0000,0.2627,0.3086
4.0000,0.2435,0.3107
4.0000,0.2306,0.3191
4.0000,0.2210,0.3308
4.0000,0.2067,0.3377
4.0000,0.1956,0.3477
4.0000,0.1807,0.3538
4.0000,0.1777,0.3717
4.0000,0.1544,0.3691
4.0000,0.1467,0.3819
4.0000,0.1305,0.3859
4.0000,0.1160,0.3915
4.0000,0.1044,0.3995
4.0000,0.0878,0.4023
4.0000,0.0719,0.4054
4.0000,0.0580,0.4101
4.0000,0.0455,0.4158
4.0000,0.0228,0.4109
4.0000,0.0139,0.4194
4.0000,-0.0071,0.4151
4.0000,-0.0171,0.4214
4.0000,-0.0321,0.4221
4.0000,-0.0514,0.4179
4.0000,-0.0728,0.4111
4.0000,-0.0837,0.4141
4.0000,-0.0973,0.4137
4.0000,-0.1206,0.4030
4.0000,-0.1345,0.4011
4.0000,-0.1442,0.4026
4.0000,-0.1658,0.3913
4.0000,-0.1809,0.3859
4.0000,-0.1964,0.3794
4.0000,-0.2078,0.3761
4.0000,-0.2183,0.3730
4.0000,-0.2341,0.3637
4.0000,-0.2508,0.3528
4.0000,-0.2633,0.3451
4.0000,-0.2728,0.3396
4.0000,-0.2930,0.3226
4.0000,-0.3066,0.3113
4.0000,-0.3194,0.2999
4.0000,-0.3272,0.2926
4.0000,-0.3439,0.2756
4.0000,-0.3498,0.2685
4.0000,-0.3557,0.2604
4.0000,-0.3732,0.2398
4.0000,-0.3808,0.2283
4.0000,-0.3941,0.2102
4.0000,-0.3953,0.2033
4.0000,-0.4105,0.1816
4.0000,-0.4103,0.1743
4.0000,-0.4174,0.1589
4.0000,-0.4308,0.1362
4.0000,-0.4320,0.1250
4.0000,-0.4437,0.1024
4.0000,-0.4472,0.0872
4.0000,-0.4453,0.0764
4.0000,-0.4510,0.0575
4.0000,-0.4517,0.0426
4.0000,-0.4588,0.0206
4.0000,-0.4618,0.0019
4.0000,-0.4633,-0.0160
4.0000,-0.4582,-0.0280
4.0000,-0.4623,-0.0498
4.0000,-0.4572,-0.0633
4.0000,-0.4585,-0.0837
4.0000,-0.4518,-0.0968
4.0000,-0.4474,-0.1126
4.0000,-0.4510,-0.1372
4.0000,-0.4475,-0.1551
4.0000,-0.4367,-0.1662
4.0000,-0.4349,-0.1868
4.0000,-0.4289,-0.2038
4.0000,-0.4195,-0.2176
4.0000,-0.4102,-0.2320
4.0000,-0.4063,-0.2522
4.0000,-0.3886,-0.2589
4.0000,-0.3856,-0.2805
4.0000,-0.3704,-0.2902
4.0000,-0.3586,-0.3036
4.0000,-0.3543,-0.3245
4.0000,-0.3395,-0.3352
4.0000,-0.3337,-0.3550
4.0000,-0.3168,-0.3638
4.0000,-0.3019,-0.3746
4.0000,-0.2868,-0.3852
4.0000,-0.2746,-0.3986
4.0000,-0.2647,-0.4143
4.0000,-0.2475,-0.4226
4.0000,-0.2312,-0.4317
4.0000,-0.2174,-0.4430
4.0000,-0.1943,-0.4449
4.0000,-0.1786,-0.4538
4.0000,-0.1623,-0.4619
4.0000,-0.1475,-0.4711
4.0000,-0.1335,-0.4808
4.0000,-0.1149,-0.4855
4.0000,-0.0918,-0.4853
4.0000,-0.0719,-0.4877
4.0000,-0.0548,-0.4926
4.0000,-0.0400,-0.4991
4.0000,-0.0193,-0.4992
4.0000,-0.0011,-0.5011
4.0000,0.0180,-0.5015
4.0000,0.0343,-0.5041
4.0000,0.0610,-0.4955
4.0000,0.0722,-0.5017
4.0000,0.0971,-0.4935
4.0000,0.1121,-0.4945
4.0000,0.1298,-0.4919
4.0000,0.1557,-0.4803
4.0000,0.1719,-0.4775
4.0000,0.1853,-0.4766
4.0000,0.2107,-0.4629
4.0000,0.2206,-0.4637
4.0000,0.2386,-0.4555
4.0000,0.2575,-0.4454
4.0000,0.2727,-0.4380
4.0000,0.2917,-0.4260
4.0000,0.3062,-0.4173
4.0000,0.3257,-0.4026
4.0000,0.3396,-0.3927
4.0000,0.3511,-0.3840
4.0000,0.3668,-0.3700
4.0000,0.3804,-0.3571
4.0000,0.3960,-0.3412
4.0000,0.4076,-0.3282
4.0000,0.4260,-0.3073
4.0000,0.4369,-0.2929
4.0000,0.4445,-0.2808
4.0000,0.4560,-0.2637
4.0000,0.4719,-0.2410
4.0000,0.4840,-0.2212
4.0000,0.4921,-0.2044
4.0000,0.4934,-0.1932
4.0000,0.5019,-0.1740
4.0000,0.5126,-0.1514
4.0000,0.5197,-0.1315
4.0000,0.5220,-0.1154
4.0000,0.5238,-0.0989
4.0000,0.5289,-0.0781
4.0000,0.5345,-0.0559
4.0000,0.5416,-0.0313
4.0000,0.5452,-0.0093
4.0000,0.5446,0.0094
4.0000,0.5390,0.0240
4.0000,0.5402,0.0461
4.0000,0.5368,0.0644
4.0000,0.5364,0.0865
4.0000,0.5347,0.1079
4.0000,0.5305,0.1276
4.0000,0.5307,0.1524
4.0000,0.5207,0.1676
4.0000,0.5131,0.1857
4.0000,0.5155,0.2145
4.0000,0.5034,0.2292
4.0000,0.4931,0.2463
4.0000,0.4900,0.2710
4.0000,0.4720,0.2812
4.0000,0.4639,0.3017
4.0000,0.4582,0.3250
4.0000,0.4454,0.3414
4.0000,0.4335,0.3590
4.0000,0.4148,0.3700
4.0000,0.4093,0.3943
4.0000,0.3929,0.4079
4.0000,0.3767,0.4217
4.0000,0.3559,0.4311
4.0000,0.3425,0.4478
4.0000,0.3258,0.4612
4.0000,0.3141,0.4794
4.0000,0.2877,0.4829
4.0000,0.2742,0.4991
4.0000,0.2512,0.5055
4.0000,0.2359,0.5194
4.0000,0.2177,0.5301
4.0000,0.1982,0.5392
4.0000,0.1765,0.5457
4.0000,0.1594,0.5563
4.0000,0.1329,0.5571
4.0000,0.1105,0.5615
4.0000,0.0912,0.5683
4.0000,0.0723,0.5751
4.0000,0.0463,0.5740
4.0000,0.0303,0.5823
4.0000,0.0092,0.5849
4.0000,-0.0186,0.5798
4.0000,-0.0354,0.5852
4.0000,-0.0538,0.5881
4.0000,-0.0771,0.5852
4.0000,-0.1001,0.5817
4.0000,-0.1271,0.5734
4.0000,-0.1508,0.5673
4.0000,-0.1695,0.5655
4.0000,-0.1880,0.5626
4.0000,-0.2132,0.5522
4.0000,-0.2324,0.5467
4.0000,-0.2573,0.5344
4.0000,-0.2690,0.5342
4.0000,-0.2928,0.5209
4.0000,-0.3103,0.5126
4.0000,-0.3366,0.4944
4.0000,-0.3538,0.4843
4.0000,-0.3675,0.4763
4.0000,-0.3880,0.4606
4.0000,-0.4057,0.4462
4.0000,-0.4276,0.4266
4.0000,-0.4391,0.4161
4.0000,-0.4545,0.4004
4.0000,-0.4691,0.3845
4.0000,-0.4828,0.3680
4.0000,-0.4997,0.3473
4.0000,-0.5109,0.3310
4.0000,-0.5316,0.3040
4.0000,-0.5358,0.2923
4.0000,-0.5520,0.2672
4.0000,-0.5595,0.2498
4.0000,-0.5702,0.2280
4.0000,-0.5832,0.2027
4.0000,-0.5926,0.1799
4.0000,-0.5940,0.1639
4.0000,-0.6058,0.1363
4.0000,-0.6089,0.1163
4.0000,-0.6093,0.0980
4.0000,-0.6188,0.0694
4.0000,-0.6252,0.0430
4.0000,-0.6244,0.0227
4.0000,-0.6233,0.0017
4.0000,-0.6271,-0.0251
4.0000,-0.6246,-0.0466
4.0000,-0.6283,-0.0752
4.0000,-0.6265,-0.0991
4.0000,-0.6172,-0.1164
4.0000,-0.6154,-0.1420
4.0000,-0.6076,-0.1623
4.0000,-0.6028,-0.1864
4.0000,-0.5980,-0.2111
4.0000,-0.5885,-0.2319
4.0000,-0.5826,-0.2567
4.0000,-0.5739,-0.2794
4.0000,-0.5653,-0.3027
4.0000,-0.5533,-0.3231
4.0000,-0.5391,-0.3416
4.0000,-0.5236,-0.3593
4.0000,-0.5110,-0.3802
4.0000,-0.5004,-0.4035
4.0000,-0.4816,-0.4187
4.0000,-0.4754,-0.4467
4.0000,-0.4534,-0.4591
4.0000,-0.4385,-0.4787
4.0000,-0.4219,-0.4966
4.0000,-0.3971,-0.5064
4.0000,-0.3807,-0.5245
4.0000,-0.3670,-0.5452
4.0000,-0.3410,-0.5534
4.0000,-0.3197,-0.5662
4.0000,-0.3012,-0.5815
4.0000,-0.2779,-0.5916
4.0000,-0.2582,-0.6051
4.0000,-0.2301,-0.6098
4.0000,-0.2112,-0.6232
4.0000,-0.1866,-0.6304
4.0000,-0.1610,-0.6361
4.0000,-0.1373,-0.6431
4.0000,-0.1122,-0.6481
4.0000,-0.0921,-0.6574
4.0000,-0.0694,-0.6634
4.0000,-0.0376,-0.6595
4.0000,-0.0210,-0.6700
4.0000,0.0034,-0.6719
4.0000,0.0314,-0.6693
4.0000,0.0542,-0.6710
4.0000,0.0832,-0.6655
4.0000,0.1059,-0.6653
4.0000,0.1328,-0.6598
4.0000,0.1554,-0.6577
4.0000,0.1789,-0.6535
4.0000,0.2128,-0.6377
4.0000,0.2299,-0.6376
4.0000,0.2565,-0.6269
4.0000,0.2821,-0.6159
4.0000,0.3069,-0.6045
4.0000,0.3322,-0.5912
4.0000,0.3513,-0.5830
4.0000,0.3715,-0.5724
4.0000,0.3893,-0.5628
4.0000,0.4188,-0.5401
4.0000,0.4323,-0.5321
4.0000,0.4615,-0.5071
4.0000,0.4769,-0.4945
4.0000,0.5000,-0.4728
4.0000,0.5119,-0.4609
4.0000,0.5268,-0.4447
4.0000,0.5507,-0.4180
4.0000,0.5664,-0.3982
4.0000,0.5799,-0.3791
4.0000,0.5951,-0.3571
4.0000,0.6064,-0.3375
4.0000,0.6208,-0.3134
4.0000,0.6346,-0.2886
4.0000,0.6432,-0.2676
4.0000,0.6601,-0.2370
4.0000,0.6701,-0.2119
4.0000,0.6732,-0.1925
4.0000,0.6872,-0.1609
4.0000,0.6893,-0.1399
4.0000,0.6921,-0.1170
4.0000,0.6984,-0.0894
4.0000,0.7048,-0.0605
4.0000,0.7068,-0.0349
4.0000,0.7126,-0.0043
4.0000,0.7135,0.0225
4.0000,0.7043,0.0403
4.0000,0.7118,0.0757
4.0000,0.7046,0.0975
4.0000,0.6980,0.1208
4.0000,0.6987,0.1523
4.0000,0.6922,0.1775
4.0000,0.6896,0.2074
4.0000,0.6806,0.2317
4.0000,0.6733,0.2584
4.0000,0.6617,0.2815
4.0000,0.6527,0.3077
4.0000,0.6411,0.3321
4.0000,0.6232,0.3507
4.0000,0.6131,0.3775
4.0000,0.6044,0.4062
4.0000,0.5876,0.4272
4.0000,0.5752,0.4529
4.0000,0.5574,0.4735
4.0000,0.5393,0.4940
4.0000,0.5238,0.5173
4.0000,0.5043,0.5367
4.0000,0.4828,0.5542
4.0000,0.4645,0.5749
4.0000,0.4393,0.5886
4.0000,0.4125,0.6006
4.0000,0.3908,0.6175
4.0000,0.3698,0.6350
4.0000,0.3417,0.6450
4.0000,0.3190,0.6601
4.0000,0.2974,0.6761
4.0000,0.2686,0.6842
4.0000,0.2519,0.7040
4.0000,0.2160,0.7041
4.0000,0.1900,0.7134
4.0000,0.1707,0.7289
4.0000,0.1394,0.7316
4.0000,0.1075,0.7330
4.0000,0.0864,0.7443
4.0000,0.0574,0.7470
4.0000,0.0266,0.7468
4.0000,-0.0009,0.7491
4.0000,-0.0307,0.7481
4.0000,-0.0524,0.7541
4.0000,-0.0812,0.7520
4.0000,-0.1140,0.7447
4.0000,-0.1369,0.7462
4.0000,-0.1658,0.7405
4.0000,-0.1929,0.7354
4.0000,-0.2274,0.7216
4.0000,-0.2546,0.7137
4.0000,-0.2842,0.7022
4.0000,-0.3094,0.6937
4.0000,-0.3325,0.6860
4.0000,-0.3609,0.6715
4.0000,-0.3837,0.6611
4.0000,-0.4130,0.6428
4.0000,-0.4397,0.6256
4.0000,-0.4564,0.6170
4.0000,-0.4834,0.5966
4.0000,-0.5091,0.5759
4.0000,-0.5295,0.5589
4.0000,-0.5478,0.5426
4.0000,-0.5664,0.5244
4.0000,-0.5850,0.5046
4.0000,-0.6118,0.4750
4.0000,-0.6290,0.4536
4.0000,-0.6429,0.4338
4.0000,-0.6665,0.4028
4.0000,-0.6802,0.3801
4.0000,-0.6915,0.3584
4.0000,-0.7068,0.3310
4.0000,-0.7176,0.3068
4.0000,-0.7329,0.2765
4.0000,-0.7419,0.2509
4.0000,-0.7483,0.2267
4.0000,-0.7617,0.1939
4.0000,-0.7731,0.1617
4.0000,-0.7704,0.1422
4.0000,-0.7768,0.1122
4.0000,-0.7805,0.0837
4.0000,-0.7894,0.0486
4.0000,-0.7942,0.0164
4.0000,-0.7957,-0.0137
4.0000,-0.7940,-0.0418
4.0000,-0.7924,-0.0713
4.0000,-0.7919,-0.1028
4.0000,-0.7852,-0.1293
4.0000,-0.7831,-0.1613
4.0000,-0.7764,-0.1897
4.0000,-0.7670,-0.2164
4.0000,-0.7644,-0.2507
4.0000,-0.7500,-0.2742
4.0000,-0.7433,-0.3060
4.0000,-0.7323,-0.3342
4.0000,-0.7197,-0.3615
4.0000,-0.7026,-0.3850
4.0000,-0.6929,-0.4164
4.0000,-0.6766,-0.4417
4.0000,-0.6574,-0.4645
4.0000,-0.6474,-0.4969
4.0000,-0.6276,-0.5198
4.0000,-0.6040,-0.5391
4.0000,-0.5899,-0.5682
4.0000,-0.5684,-0.5901
4.0000,-0.5434,-0.6084
4.0000,-0.5144,-0.6229
4.0000,-0.4927,-0.6445
4.0000,-0.4717,-0.6667
4.0000,-0.4519,-0.6900
4.0000,-0.4214,-0.7024
4.0000,-0.3941,-0.7176
4.0000,-0.3667,-0.7324
4.0000,-0.3458,-0.7532
4.0000,-0.3157,-0.7645
4.0000,-0.2796,-0.7692
4.0000,-0.2577,-0.7874
4.0000,-0.2286,-0.7978
4.0000,-0.1987,-0.8067
4.0000,-0.1647,-0.8107
4.0000,-0.1390,-0.8222
4.0000,-0.1078,-0.8272
4.0000,-0.0688,-0.8236
4.0000,-0.0427,-0.8319
4.0000,-0.0110,-0.8335
4.0000,0.0222,-0.8324
4.0000,0.0542,-0.8316
4.0000,0.0886,-0.8270
4.0000,0.1198,-0.8245
4.0000,0.1480,-0.8238
4.0000,0.1758,-0.8220
4.0000,0.2142,-0.8083
4.0000,0.2413,-0.8045
4.0000,0.2701,-0.7976
4.0000,0.2984,-0.7897
4.0000,0.3270,-0.7800
4.0000,0.3646,-0.7598
4.0000,0.3840,-0.7561
4.0000,0.4149,-0.7395
4.0000,0.4457,-0.7213
4.0000,0.4706,-0.7073
4.0000,0.4956,-0.6917
4.0000,0.5267,-0.6682
4.0000,0.5499,-0.6510
4.0000,0.5795,-0.6257
4.0000,0.5958,-0.6119
4.0000,0.6240,-0.5845
4.0000,0.6482,-0.5595
4.0000,0.6628,-0.5423
4.0000,0.6872,-0.5136
4.0000,0.7051,-0.4896
4.0000,0.7301,-0.4568
4.0000,0.7410,-0.4365
4.0000,0.7552,-0.4110
4.0000,0.7729,-0.3806
4.0000,0.7909,-0.3480
4.0000,0.8043,-0.3184
4.0000,0.8207,-0.2841
4.0000,0.8279,-0.2575
4.0000,0.8430,-0.2214
4.0000,0.8509,-0.1909
4.0000,0.8539,-0.1637
4.0000,0.8644,-0.1276
4.0000,0.8623,-0.1026
4.0000,0.8727,-0.0636
4.0000,0.8754,-0.0309
4.0000,0.8714,-0.0036
4.0000,0.8804,0.0381
4.0000,0.8704,0.0620
4.0000,0.8775,0.1042
4.0000,0.8728,0.1359
4.0000,0.8612,0.1617
4.0000,0.8585,0.1975
4.0000,0.8506,0.2292
4.0000,0.8449,0.2640
4.0000,0.8375,0.2981
4.0000,0.8210,0.3240
4.0000,0.8092,0.3553
4.0000,0.8012,0.3912
4.0000,0.7805,0.4150
4.0000,0.7675,0.4472
4.0000,0.7541,0.4795
4.0000,0.7382,0.5099
4.0000,0.7196,0.5380
4.0000,0.6926,0.5579
4.0000,0.6709,0.5836
4.0000,0.6486,0.6089
4.0000,0.6251,0.6331
4.0000,0.6032,0.6590
4.0000,0.5819,0.6855
4.0000,0.5529,0.7043
4.0000,0.5312,0.7303
4.0000,0.4971,0.7438
4.0000,0.4770,0.7709
4.0000,0.4466,0.7875
4.0000,0.4140,0.8014
4.0000,0.3802,0.8137
4.0000,0.3503,0.8294
4.0000,0.3191,0.8433
4.0000,0.2956,0.8641
4.0000,0.2580,0.8703
4.0000,0.2309,0.8860
4.0000,0.1945,0.8917
4.0000,0.1639,0.9022
4.0000,0.1261,0.9046
4.0000,0.0877,0.9054
4.0000,0.0545,0.9102
4.0000,0.0254,0.9181
4.0000,-0.0144,0.9141
4.0000,-0.0409,0.9221
4.0000,-0.0811,0.9150
4.0000,-0.1118,0.9163
4.0000,-0.1504,0.9081
4.0000,-0.1885,0.8991
4.0000,-0.2188,0.8963
4.0000,-0.2558,0.8853
4.0000,-0.2864,0.8792
4.0000,-0.3222,0.8662
4.0000,-0.3542,0.8554
4.0000,-0.3865,0.8426
4.0000,-0.4117,0.8352
4.0000,-0.4457,0.8173
4.0000,-0.4768,0.8005
4.0000,-0.5125,0.7773
4.0000,-0.5363,0.7642
4.0000,-0.5678,0.7416
4.0000,-0.5919,0.7245
4.0000,-0.6220,0.6996
4.0000,-0.6519,0.6730
4.0000,-0.6728,0.6535
4.0000,-0.7046,0.6212
4.0000,-0.7213,0.6022
4.0000,-0.7466,0.5726
4.0000,-0.7736,0.5395
4.0000,-0.7871,0.5179
4.0000,-0.8070,0.4881
4.0000,-0.8233,0.4601
4.0000,-0.8457,0.4240
4.0000,-0.8597,0.3946
4.0000,-0.8749,0.3621
4.0000,-0.8939,0.3240
4.0000,-0.8986,0.2985
4.0000,-0.9154,0.2591
4.0000,-0.9276,0.2226
4.0000,-0.9294,0.1947
4.0000,-0.9409,0.1556
4.0000,-0.9464,0.1208
4.0000,-0.9485,0.0878
4.0000,-0.9514,0.0524
4.0000,-0.9619,0.0080
4.0000,-0.9627,-0.0281
4.0000,-0.9559,-0.0581
4.0000,-0.9588,-0.0991
4.0000,-0.9547,-0.1344
4.0000,-0.9434,-0.1638
4.0000,-0.9393,-0.2016
4.0000,-0.9307,-0.2360
4.0000,-0.9305,-0.2799
4.0000,-0.9148,-0.3093
4.0000,-0.8999,-0.3405
4.0000,-0.8889,-0.3765
4.0000,-0.8796,-0.4149
4.0000,-0.8608,-0.4447
4.0000,-0.8462,-0.4793
4.0000,-0.8278,-0.5107
4.0000,-0.8069,-0.5403
4.0000,-0.7900,-0.5743
4.0000,-0.7672,-0.6029
4.0000,-0.7396,-0.6269
4.0000,-0.7175,-0.6567
4.0000,-0.6925,-0.6838
4.0000,-0.6744,-0.7180
4.0000,-0.6450,-0.7408
4.0000,-0.6214,-0.7695
4.0000,-0.5879,-0.7881
4.0000,-0.5579,-0.8100
4.0000,-0.5240,-0.8278
4.0000,-0.4965,-0.8518
4.0000,-0.4630,-0.8692
4.0000,-0.4312,-0.8880
4.0000,-0.3969,-0.9036
4.0000,-0.3683,-0.9243
4.0000,-0.3320,-0.9366
4.0000,-0.2962,-0.9487
4.0000,-0.2563,-0.9559
4.0000,-0.2193,-0.9650
4.0000,-0.1873,-0.9782
4.0000,-0.1464,-0.9815
4.0000,-0.1073,-0.9854
4.0000,-0.0744,-0.9944
4.0000,-0.0408,-1.0015
4.0000,0.0011,-0.9989
