1.0000,0.0033,0.0024
1.0000,-0.0034,-0.0053
1.0000,0.0033,0.0006
1.0000,-0.0016,-0.0051
1.0000,0.0028,-0.0014
1.0000,0.0033,-0.0015
1.0000,0.0053,0.0000
1.0000,0.0122,0.0064
1.0000,0.0045,-0.0016
1.0000,0.0044,-0.0020
1.0000,0.0080,0.0013
1.0000,0.0085,0.0018
1.0000,0.0062,-0.0006
1.0000,0.0180,0.0113
1.0000,0.0164,0.0098
1.0000,0.0187,0.0124
1.0000,0.0117,0.0057
1.0000,0.0156,0.0100
1.0000,0.0217,0.0167
1.0000,0.0213,0.0169
1.0000,0.0222,0.0185
1.0000,0.0228,0.0199
1.0000,0.0226,0.0205
1.0000,0.0149,0.0138
1.0000,0.0196,0.0196
1.0000,0.0183,0.0195
1.0000,0.0163,0.0187
1.0000,0.0188,0.0226
1.0000,0.0179,0.0231
1.0000,0.0230,0.0296
1.0000,0.0171,0.0254
1.0000,0.0211,0.0310
1.0000,0.0132,0.0248
1.0000,0.0101,0.0236
1.0000,0.0101,0.0254
1.0000,0.0143,0.0315
1.0000,0.0146,0.0339
1.0000,0.0126,0.0340
1.0000,0.0078,0.0313
1.0000,0.0180,0.0437
1.0000,0.0140,0.0420
1.0000,0.0094,0.0396
1.0000,0.0124,0.0449
1.0000,0.0057,0.0407
1.0000,0.0021,0.0395
1.0000,0.0069,0.0467
1.0000,0.0107,0.0530
1.0000,-0.0000,0.0449
1.0000,-0.0043,0.0431
1.0000,-0.0061,0.0439
1.0000,0.0014,0.0540
1.0000,-0.0066,0.0486
1.0000,-0.0000,0.0577
1.0000,-0.0063,0.0540
1.0000,-0.0146,0.0483
1.0000,-0.0042,0.0613
1.0000,-0.0070,0.0611
1.0000,-0.0205,0.0501
1.0000,-0.0177,0.0555
1.0000,-0.0220,0.0536
1.0000,-0.0269,0.0511
1.0000,-0.0249,0.0556
1.0000,-0.0205,0.0623
1.0000,-0.0327,0.0524
1.0000,-0.0263,0.0611
1.0000,-0.0269,0.0627
1.0000,-0.0347,0.0571
1.0000,-0.0422,0.0517
1.0000,-0.0439,0.0519
1.0000,-0.0374,0.0603
1.0000,-0.0423,0.0573
1.0000,-0.0479,0.0535
1.0000,-0.0475,0.0556
1.0000,-0.0545,0.0501
1.0000,-0.0580,0.0481
1.0000,-0.0605,0.0470
1.0000,-0.0551,0.0536
1.0000,-0.0604,0.0494
1.0000,-0.0583,0.0526
1.0000,-0.0598,0.0520
1.0000,-0.0627,0.0498
1.0000,-0.0751,0.0380
1.0000,-0.0731,0.0406
1.0000,-0.0742,0.0399
1.0000,-0.0766,0.0377
1.0000,-0.0759,0.0385
1.0000,-0.0851,0.0293
1.0000,-0.0831,0.0311
1.0000,-0.0793,0.0346
1.0000,-0.0808,0.0326
1.0000,-0.0936,0.0192
1.0000,-0.0902,0.0218
1.0000,-0.0853,0.0258
1.0000,-0.0936,0.0163
1.0000,-0.0904,0.0183
1.0000,-0.0891,0.0182
1.0000,-0.1000,0.0057
1.0000,-0.0915,0.0124
1.0000,-0.1019,0.0001
1.0000,-0.1058,-0.0058
1.0000,-0.1017,-0.0040
1.0000,-0.0992,-0.0039
1.0000,-0.1063,-0.0134
1.0000,-0.1025,-0.0123
1.0000,-0.0997,-0.0124
1.0000,-0.1017,-0.0175
1.0000,-0.1065,-0.0254
1.0000,-0.1075,-0.0297
1.0000,-0.1006,-0.0263
1.0000,-0.1078,-0.0372
1.0000,-0.1008,-0.0339
1.0000,-0.0983,-0.0354
1.0000,-0.0992,-0.0404
1.0000,-0.1055,-0.0509
1.0000,-0.1001,-0.0499
1.0000,-0.0979,-0.0522
1.0000,-0.1008,-0.0596
1.0000,-0.0947,-0.0583
1.0000,-0.0926,-0.0611
1.0000,-0.0966,-0.0700
1.0000,-0.0965,-0.0751
1.0000,-0.0878,-0.0716
1.0000,-0.0865,-0.0756
1.0000,-0.0850,-0.0795
1.0000,-0.0878,-0.0878
1.0000,-0.0870,-0.0926
1.0000,-0.0815,-0.0928
1.0000,-0.0796,-0.0966
1.0000,-0.0734,-0.0963
1.0000,-0.0723,-0.1011
1.0000,-0.0723,-0.1070
1.0000,-0.0768,-0.1175
1.0000,-0.0624,-0.1091
1.0000,-0.0657,-0.1185
1.0000,-0.0591,-0.1181
1.0000,-0.0550,-0.1202
1.0000,-0.0504,-0.1217
1.0000,-0.0556,-0.1331
1.0000,-0.0513,-0.1350
1.0000,-0.0446,-0.1345
1.0000,-0.0434,-0.1395
1.0000,-0.0309,-0.1331
1.0000,-0.0368,-0.1452
1.0000,-0.0313,-0.1458
1.0000,-0.0260,-0.1466
1.0000,-0.0194,-0.1459
1.0000,-0.0109,-0.1434
1.0000,-0.0081,-0.1466
1.0000,-0.0015,-0.1458
1.0000,0.0015,-0.1485
1.0000,0.0034,-0.1522
1.0000,0.0121,-0.1491
1.0000,0.0162,-0.1506
1.0000,0.0210,-0.1510
1.0000,0.0264,-0.1509
1.0000,0.0352,-0.1473
1.0000,0.0365,-0.1510
1.0000,0.0353,-0.1570
1.0000,0.0458,-0.1512
1.0000,0.0535,-0.1481
1.0000,0.0540,-0.1521
1.0000,0.0614,-0.1488
1.0000,0.0681,-0.1462
1.0000,0.0691,-0.1491
1.0000,0.0696,-0.1524
1.0000,0.0743,-0.1511
1.0000,0.0893,-0.1394
1.0000,0.0909,-0.1410
1.0000,0.0887,-0.1461
1.0000,0.0968,-0.1406
1.0000,0.1095,-0.1304
1.0000,0.1036,-0.1386
1.0000,0.1175,-0.1267
1.0000,0.1244,-0.1215
1.0000,0.1211,-0.1264
1.0000,0.1277,-0.1211
1.0000,0.1282,-0.1216
1.0000,0.1393,-0.1113
1.0000,0.1475,-0.1036
1.0000,0.1498,-0.1016
1.0000,0.1514,-0.1001
1.0000,0.1596,-0.0916
1.0000,0.1523,-0.0983
1.0000,0.1615,-0.0884
1.0000,0.1621,-0.0867
1.0000,0.1666,-0.0809
1.0000,0.1726,-0.0733
1.0000,0.1718,-0.0722
1.0000,0.1738,-0.0680
1.0000,0.1758,-0.0636
1.0000,0.1877,-0.0490
1.0000,0.1878,-0.0459
1.0000,0.1943,-0.0361
1.0000,0.1847,-0.0422
1.0000,0.1899,-0.0332
1.0000,0.1984,-0.0206
1.0000,0.2011,-0.0136
1.0000,0.2039,-0.0062
1.0000,0.1980,-0.0071
1.0000,0.1993,-0.0007
1.0000,0.2057,0.0111
1.0000,0.1992,0.0103
1.0000,0.2079,0.0249
1.0000,0.2014,0.0246
1.0000,0.1965,0.0261
1.0000,0.2077,0.0439
1.0000,0.2019,0.0450
1.0000,0.2027,0.0530
1.0000,0.1951,0.0527
1.0000,0.2047,0.0699
1.0000,0.1941,0.0670
1.0000,0.2009,0.0819
1.0000,0.1997,0.0889
1.0000,0.1979,0.0954
1.0000,0.1873,0.0934
1.0000,0.1911,0.1059
1.0000,0.1844,0.1081
1.0000,0.1895,0.1223
1.0000,0.1817,0.1236
1.0000,0.1838,0.1351
1.0000,0.1753,0.1361
1.0000,0.1651,0.1356
1.0000,0.1708,0.1510
1.0000,0.1638,0.1538
1.0000,0.1558,0.1558
1.0000,0.1599,0.1699
1.0000,0.1515,0.1716
1.0000,0.1452,0.1756
1.0000,0.1431,0.1837
1.0000,0.1323,0.1832
1.0000,0.1243,0.1855
1.0000,0.1235,0.1950
1.0000,0.1143,0.1962
1.0000,0.1187,0.2111
1.0000,0.1017,0.2044
1.0000,0.0992,0.2122
1.0000,0.0987,0.2221
1.0000,0.0828,0.2164
1.0000,0.0786,0.2225
1.0000,0.0765,0.2306
1.0000,0.0640,0.2282
1.0000,0.0600,0.2342
1.0000,0.0511,0.2352
1.0000,0.0453,0.2393
1.0000,0.0360,0.2396
1.0000,0.0261,0.2393
1.0000,0.0272,0.2498
1.0000,0.0104,0.2423
1.0000,0.0084,0.2495
1.0000,-0.0036,0.2464
1.0000,-0.0061,0.2526
1.0000,-0.0207,0.2466
1.0000,-0.0206,0.2551
1.0000,-0.0342,0.2496
1.0000,-0.0454,0.2463
1.0000,-0.0513,0.2482
1.0000,-0.0505,0.2564
1.0000,-0.0596,0.2545
1.0000,-0.0740,0.2469
1.0000,-0.0831,0.2446
1.0000,-0.0886,0.2454
1.0000,-0.0995,0.2406
1.0000,-0.1057,0.2401
1.0000,-0.1116,0.2397
1.0000,-0.1251,0.2313
1.0000,-0.1331,0.2281
1.0000,-0.1317,0.2340
1.0000,-0.1484,0.2215
1.0000,-0.1535,0.2202
1.0000,-0.1623,0.2149
1.0000,-0.1672,0.2130
1.0000,-0.1747,0.2083
1.0000,-0.1779,0.2074
1.0000,-0.1813,0.2060
1.0000,-0.1964,0.1925
1.0000,-0.2030,0.1871
1.0000,-0.2119,0.1791
1.0000,-0.2102,0.1812
1.0000,-0.2258,0.1656
1.0000,-0.2293,0.1618
1.0000,-0.2381,0.1523
1.0000,-0.2405,0.1487
1.0000,-0.2440,0.1436
1.0000,-0.2477,0.1380
1.0000,-0.2528,0.1305
1.0000,-0.2564,0.1241
1.0000,-0.2617,0.1156
1.0000,-0.2710,0.1028
1.0000,-0.2711,0.0987
1.0000,-0.2818,0.0836
1.0000,-0.2775,0.0832
1.0000,-0.2832,0.0722
1.0000,-0.2809,0.0690
1.0000,-0.2838,0.0601
1.0000,-0.2939,0.0436
1.0000,-0.2904,0.0404
1.0000,-0.2947,0.0289
1.0000,-0.2962,0.0199
1.0000,-0.2932,0.0151
1.0000,-0.3008,-0.0008
1.0000,-0.3035,-0.0121
1.0000,-0.2981,-0.0156
1.0000,-0.2999,-0.0267
1.0000,-0.3075,-0.0440
1.0000,-0.2953,-0.0418
1.0000,-0.3007,-0.0575
1.0000,-0.3007,-0.0681
1.0000,-0.3024,-0.0807
1.0000,-0.3001,-0.0896
1.0000,-0.3005,-0.1014
1.0000,-0.2970,-0.1097
1.0000,-0.2878,-0.1126
1.0000,-0.2874,-0.1245
1.0000,-0.2842,-0.1338
1.0000,-0.2748,-0.1372
1.0000,-0.2797,-0.1550
1.0000,-0.2766,-0.1651
1.0000,-0.2697,-0.1716
1.0000,-0.2608,-0.1762
1.0000,-0.2651,-0.1943
1.0000,-0.2562,-0.1993
1.0000,-0.2524,-0.2096
1.0000,-0.2399,-0.2112
1.0000,-0.2406,-0.2262
1.0000,-0.2244,-0.2244
1.0000,-0.2236,-0.2381
1.0000,-0.2102,-0.2392
1.0000,-0.2145,-0.2582
1.0000,-0.1964,-0.2547
1.0000,-0.1995,-0.2725
1.0000,-0.1814,-0.2691
1.0000,-0.1783,-0.2808
1.0000,-0.1644,-0.2815
1.0000,-0.1575,-0.2892
1.0000,-0.1480,-0.2944
1.0000,-0.1474,-0.3084
1.0000,-0.1351,-0.3105
1.0000,-0.1223,-0.3121
1.0000,-0.1157,-0.3198
1.0000,-0.1009,-0.3192
1.0000,-0.0891,-0.3214
1.0000,-0.0859,-0.3321
1.0000,-0.0728,-0.3327
1.0000,-0.0633,-0.3367
1.0000,-0.0481,-0.3349
1.0000,-0.0457,-0.3456
1.0000,-0.0365,-0.3493
1.0000,-0.0269,-0.3523
1.0000,-0.0123,-0.3501
1.0000,0.0017,-0.3483
1.0000,0.0106,-0.3513
1.0000,0.0211,-0.3523
1.0000,0.0379,-0.3467
1.0000,0.0420,-0.3536
1.0000,0.0615,-0.3447
1.0000,0.0678,-0.3486
1.0000,0.0726,-0.3537
1.0000,0.0895,-0.3463
1.0000,0.1039,-0.3410
1.0000,0.1078,-0.3458
1.0000,0.1260,-0.3360
1.0000,0.1296,-0.3403
1.0000,0.1436,-0.3337
1.0000,0.1565,-0.3278
1.0000,0.1698,-0.3211
1.0000,0.1700,-0.3270
1.0000,0.1805,-0.3222
1.0000,0.1961,-0.3118
1.0000,0.2060,-0.3066
1.0000,0.2219,-0.2949
1.0000,0.2235,-0.2971
1.0000,0.2318,-0.2919
1.0000,0.2437,-0.2828
1.0000,0.2528,-0.2759
1.0000,0.2622,-0.2682
1.0000,0.2727,-0.2588
1.0000,0.2820,-0.2502
1.0000,0.2937,-0.2385
1.0000,0.3012,-0.2305
1.0000,0.3047,-0.2260
1.0000,0.3161,-0.2132
1.0000,0.3243,-0.2029
1.0000,0.3278,-0.1968
1.0000,0.3312,-0.1903
1.0000,0.3398,-0.1780
1.0000,0.3473,-0.1663
1.0000,0.3494,-0.1594
1.0000,0.3670,-0.1366
1.0000,0.3646,-0.1332
1.0000,0.3744,-0.1170
1.0000,0.3702,-0.1143
1.0000,0.3831,-0.0941
1.0000,0.3798,-0.0895
1.0000,0.3817,-0.0792
1.0000,0.3854,-0.0665
1.0000,0.3932,-0.0493
1.0000,0.3937,-0.0389
1.0000,0.3972,-0.0250
1.0000,0.4047,-0.0066
1.0000,0.4021,0.0021
1.0000,0.3968,0.0086
1.0000,0.4048,0.0288
1.0000,0.4055,0.0422
1.0000,0.3963,0.0461
1.0000,0.3995,0.0628
1.0000,0.3987,0.0759
1.0000,0.3950,0.0866
1.0000,0.3970,0.1032
1.0000,0.3927,0.1141
1.0000,0.3960,0.1328
1.0000,0.3805,0.1330
1.0000,0.3850,0.1536
1.0000,0.3784,0.1634
1.0000,0.3745,0.1762
1.0000,0.3671,0.1857
1.0000,0.3639,0.1998
1.0000,0.3583,0.2117
1.0000,0.3507,0.2217
1.0000,0.3510,0.2400
1.0000,0.3455,0.2525
1.0000,0.3355,0.2608
1.0000,0.3275,0.2714
1.0000,0.3205,0.2830
1.0000,0.3118,0.2930
1.0000,0.3067,0.3067
1.0000,0.2977,0.3166
1.0000,0.2847,0.3226
1.0000,0.2773,0.3343
1.0000,0.2625,0.3385
1.0000,0.2573,0.3525
1.0000,0.2376,0.3518
1.0000,0.2266,0.3598
1.0000,0.2185,0.3708
1.0000,0.2110,0.3823
1.0000,0.2029,0.3930
1.0000,0.1863,0.3952
1.0000,0.1708,0.3983
1.0000,0.1577,0.4037
1.0000,0.1524,0.4168
1.0000,0.1393,0.4218
1.0000,0.1272,0.4277
1.0000,0.1046,0.4228
1.0000,0.0980,0.4337
1.0000,0.0877,0.4407
1.0000,0.0713,0.4412
1.0000,0.0538,0.4403
1.0000,0.0379,0.4409
1.0000,0.0342,0.4532
1.0000,0.0131,0.4478
1.0000,0.0023,0.4523
1.0000,-0.0087,0.4562
1.0000,-0.0308,0.4487
1.0000,-0.0380,0.4556
1.0000,-0.0581,0.4492
1.0000,-0.0661,0.4544
1.0000,-0.0869,0.4465
1.0000,-0.0973,0.4484
1.0000,-0.1166,0.4409
1.0000,-0.1234,0.4455
1.0000,-0.1413,0.4384
1.0000,-0.1557,0.4342
1.0000,-0.1754,0.4242
1.0000,-0.1845,0.4243
1.0000,-0.2016,0.4158
1.0000,-0.2096,0.4158
1.0000,-0.2182,0.4147
1.0000,-0.2379,0.4018
1.0000,-0.2526,0.3933
1.0000,-0.2644,0.3872
1.0000,-0.2811,0.3754
1.0000,-0.2893,0.3716
1.0000,-0.3022,0.3624
1.0000,-0.3163,0.3513
1.0000,-0.3198,0.3502
1.0000,-0.3338,0.3379
1.0000,-0.3455,0.3273
1.0000,-0.3591,0.3142
1.0000,-0.3709,0.3021
1.0000,-0.3831,0.2889
1.0000,-0.3821,0.2883
1.0000,-0.4039,0.2643
1.0000,-0.4061,0.2591
1.0000,-0.4117,0.2499
1.0000,-0.4246,0.2327
1.0000,-0.4361,0.2162
1.0000,-0.4434,0.2032
1.0000,-0.4499,0.1904
1.0000,-0.4585,0.1749
1.0000,-0.4629,0.1628
1.0000,-0.4663,0.1511
1.0000,-0.4673,0.1412
1.0000,-0.4803,0.1186
1.0000,-0.4830,0.1057
1.0000,-0.4789,0.0989
1.0000,-0.4904,0.0759
1.0000,-0.4887,0.0655
1.0000,-0.4987,0.0428
1.0000,-0.4913,0.0370
1.0000,-0.4959,0.0186
1.0000,-0.4985,0.0015
1.0000,-0.5017,-0.0167
1.0000,-0.4982,-0.0288
1.0000,-0.4947,-0.0412
1.0000,-0.4988,-0.0619
1.0000,-0.5003,-0.0806
1.0000,-0.5018,-0.0996
1.0000,-0.4933,-0.1091
1.0000,-0.4918,-0.1261
1.0000,-0.4930,-0.1463
1.0000,-0.4814,-0.1540
1.0000,-0.4797,-0.1721
1.0000,-0.4810,-0.1934
1.0000,-0.4738,-0.2067
1.0000,-0.4644,-0.2182
1.0000,-0.4529,-0.2279
1.0000,-0.4470,-0.2434
1.0000,-0.4484,-0.2666
1.0000,-0.4310,-0.2712
1.0000,-0.4344,-0.2968
1.0000,-0.4181,-0.3031
1.0000,-0.4099,-0.3175
1.0000,-0.4021,-0.3326
1.0000,-0.3983,-0.3518
1.0000,-0.3883,-0.3651
1.0000,-0.3684,-0.3684
1.0000,-0.3590,-0.3824
1.0000,-0.3531,-0.3999
1.0000,-0.3355,-0.4058
1.0000,-0.3188,-0.4126
1.0000,-0.3148,-0.4320
1.0000,-0.2954,-0.4361
1.0000,-0.2879,-0.4520
1.0000,-0.2739,-0.4614
1.0000,-0.2622,-0.4729
1.0000,-0.2419,-0.4757
1.0000,-0.2257,-0.4825
1.0000,-0.2080,-0.4876
1.0000,-0.1923,-0.4945
1.0000,-0.1858,-0.5104
1.0000,-0.1679,-0.5146
1.0000,-0.1466,-0.5152
1.0000,-0.1287,-0.5189
1.0000,-0.1191,-0.5306
1.0000,-0.1003,-0.5327
1.0000,-0.0872,-0.5402
1.0000,-0.0623,-0.5356
1.0000,-0.0523,-0.5454
1.0000,-0.0342,-0.5467
1.0000,-0.0187,-0.5502
1.0000,-0.0018,-0.5518
1.0000,0.0185,-0.5496
1.0000,0.0407,-0.5449
1.0000,0.0556,-0.5470
1.0000,0.0667,-0.5523
1.0000,0.0813,-0.5537
1.0000,0.1044,-0.5459
1.0000,0.1198,-0.5453
1.0000,0.1383,-0.5409
1.0000,0.1560,-0.5368
1.0000,0.1695,-0.5362
1.0000,0.1904,-0.5275
1.0000,0.2086,-0.5208
1.0000,0.2205,-0.5198
1.0000,0.2382,-0.5123
1.0000,0.2571,-0.5028
1.0000,0.2694,-0.4992
1.0000,0.2824,-0.4942
1.0000,0.3072,-0.4768
1.0000,0.3183,-0.4721
1.0000,0.3348,-0.4614
1.0000,0.3542,-0.4469
1.0000,0.3651,-0.4402
1.0000,0.3812,-0.4275
1.0000,0.3964,-0.4150
1.0000,0.4015,-0.4117
1.0000,0.4169,-0.3973
1.0000,0.4315,-0.3829
1.0000,0.4497,-0.3641
1.0000,0.4615,-0.3509
1.0000,0.4709,-0.3392
1.0000,0.4764,-0.3307
1.0000,0.4883,-0.3149
1.0000,0.5051,-0.2935
1.0000,0.5096,-0.2835
1.0000,0.5195,-0.2673
1.0000,0.5334,-0.2463
1.0000,0.5383,-0.2335
1.0000,0.5413,-0.2218
1.0000,0.5528,-0.2009
1.0000,0.5552,-0.1883
1.0000,0.5659,-0.1665
1.0000,0.5769,-0.1437
1.0000,0.5847,-0.1234
1.0000,0.5799,-0.1149
1.0000,0.5888,-0.0920
1.0000,0.5850,-0.0810
1.0000,0.5955,-0.0551
1.0000,0.5921,-0.0423
1.0000,0.6049,-0.0126
1.0000,0.5957,-0.0043
1.0000,0.5951,0.0133
1.0000,0.5952,0.0322
1.0000,0.5975,0.0540
1.0000,0.6043,0.0808
1.0000,0.6019,0.0990
1.0000,0.5933,0.1116
1.0000,0.5926,0.1326
1.0000,0.5847,0.1471
1.0000,0.5833,0.1684
1.0000,0.5815,0.1899
1.0000,0.5804,0.2124
1.0000,0.5677,0.2240
1.0000,0.5583,0.2391
1.0000,0.5617,0.2676
1.0000,0.5434,0.2746
1.0000,0.5423,0.2992
1.0000,0.5275,0.3105
1.0000,0.5186,0.3279
1.0000,0.5143,0.3503
1.0000,0.5001,0.3629
1.0000,0.4862,0.3761
1.0000,0.4769,0.3941
1.0000,0.4625,0.4072
1.0000,0.4602,0.4324
1.0000,0.4405,0.4405
1.0000,0.4294,0.4572
1.0000,0.4143,0.4700
1.0000,0.4006,0.4842
1.0000,0.3852,0.4967
1.0000,0.3669,0.5063
1.0000,0.3567,0.5239
1.0000,0.3411,0.5361
1.0000,0.3188,0.5414
1.0000,0.3020,0.5522
1.0000,0.2935,0.5710
1.0000,0.2657,0.5704
1.0000,0.2500,0.5816
1.0000,0.2345,0.5928
1.0000,0.2183,0.6031
1.0000,0.1952,0.6061
1.0000,0.1727,0.6094
1.0000,0.1555,0.6177
1.0000,0.1439,0.6311
1.0000,0.1209,0.6329
1.0000,0.1072,0.6434
1.0000,0.0767,0.6366
1.0000,0.0576,0.6408
1.0000,0.0375,0.6436
1.0000,0.0182,0.6465
1.0000,-0.0057,0.6443
1.0000,-0.0186,0.6525
1.0000,-0.0471,0.6445
1.0000,-0.0632,0.6483
1.0000,-0.0779,0.6529
1.0000,-0.1075,0.6419
1.0000,-0.1236,0.6437
1.0000,-0.1413,0.6432
1.0000,-0.1660,0.6350
1.0000,-0.1881,0.6286
1.0000,-0.2074,0.6243
1.0000,-0.2213,0.6245
1.0000,-0.2403,0.6189
1.0000,-0.2638,0.6080
1.0000,-0.2887,0.5948
1.0000,-0.2981,0.5963
1.0000,-0.3238,0.5807
1.0000,-0.3452,0.5684
1.0000,-0.3543,0.5676
1.0000,-0.3726,0.5568
1.0000,-0.3896,0.5463
1.0000,-0.4129,0.5286
1.0000,-0.4346,0.5115
1.0000,-0.4470,0.5029
1.0000,-0.4652,0.4875
1.0000,-0.4747,0.4798
1.0000,-0.4879,0.4676
1.0000,-0.5082,0.4473
1.0000,-0.5197,0.4349
1.0000,-0.5395,0.4131
1.0000,-0.5545,0.3953
1.0000,-0.5597,0.3863
1.0000,-0.5733,0.3680
1.0000,-0.5900,0.3456
1.0000,-0.5941,0.3348
1.0000,-0.6153,0.3060
1.0000,-0.6212,0.2916
1.0000,-0.6273,0.2761
1.0000,-0.6380,0.2549
1.0000,-0.6455,0.2362
1.0000,-0.6586,0.2108
1.0000,-0.6655,0.1908
1.0000,-0.6715,0.1708
1.0000,-0.6743,0.1532
1.0000,-0.6813,0.1305
1.0000,-0.6845,0.1107
1.0000,-0.6965,0.0812
1.0000,-0.6893,0.0702
1.0000,-0.6983,0.0421
1.0000,-0.6996,0.0210
1.0000,-0.6992,0.0008
1.0000,-0.7040,-0.0254
1.0000,-0.7012,-0.0447
1.0000,-0.7021,-0.0684
1.0000,-0.6934,-0.0832
1.0000,-0.6922,-0.1062
1.0000,-0.6879,-0.1267
1.0000,-0.6859,-0.1501
1.0000,-0.6883,-0.1786
1.0000,-0.6755,-0.1925
1.0000,-0.6785,-0.2226
1.0000,-0.6630,-0.2349
1.0000,-0.6558,-0.2559
1.0000,-0.6582,-0.2870
1.0000,-0.6456,-0.3036
1.0000,-0.6380,-0.3255
1.0000,-0.6289,-0.3464
1.0000,-0.6196,-0.3674
1.0000,-0.6089,-0.3874
1.0000,-0.5940,-0.4035
1.0000,-0.5809,-0.4216
1.0000,-0.5758,-0.4480
1.0000,-0.5615,-0.4654
1.0000,-0.5446,-0.4804
1.0000,-0.5273,-0.4951
1.0000,-0.5184,-0.5184
1.0000,-0.4986,-0.5309
1.0000,-0.4843,-0.5488
1.0000,-0.4601,-0.5570
1.0000,-0.4425,-0.5717
1.0000,-0.4321,-0.5936
1.0000,-0.4069,-0.6007
1.0000,-0.3861,-0.6120
1.0000,-0.3703,-0.6281
1.0000,-0.3497,-0.6393
1.0000,-0.3309,-0.6521
1.0000,-0.3187,-0.6713
1.0000,-0.2950,-0.6786
1.0000,-0.2766,-0.6911
1.0000,-0.2546,-0.6996
1.0000,-0.2343,-0.7094
1.0000,-0.2119,-0.7167
1.0000,-0.1807,-0.7149
1.0000,-0.1613,-0.7243
1.0000,-0.1394,-0.7308
1.0000,-0.1166,-0.7359
1.0000,-0.0907,-0.7373
1.0000,-0.0733,-0.7467
1.0000,-0.0468,-0.7464
1.0000,-0.0199,-0.7450
1.0000,0.0058,-0.7442
1.0000,0.0186,-0.7556
1.0000,0.0482,-0.7495
1.0000,0.0697,-0.7508
1.0000,0.0903,-0.7523
1.0000,0.1154,-0.7484
1.0000,0.1380,-0.7463
1.0000,0.1666,-0.7373
1.0000,0.1874,-0.7353
1.0000,0.2109,-0.7297
1.0000,0.2357,-0.7220
1.0000,0.2627,-0.7111
1.0000,0.2848,-0.7042
1.0000,0.3002,-0.7031
1.0000,0.3274,-0.6891
1.0000,0.3446,-0.6843
1.0000,0.3651,-0.6752
1.0000,0.3957,-0.6549
1.0000,0.4111,-0.6489
1.0000,0.4291,-0.6391
1.0000,0.4520,-0.6235
1.0000,0.4770,-0.6048
1.0000,0.4945,-0.5924
1.0000,0.5092,-0.5818
1.0000,0.5318,-0.5623
1.0000,0.5525,-0.5435
1.0000,0.5660,-0.5309
1.0000,0.5879,-0.5088
1.0000,0.6002,-0.4952
1.0000,0.6137,-0.4793
1.0000,0.6353,-0.4542
1.0000,0.6488,-0.4361
1.0000,0.6620,-0.4173
1.0000,0.6753,-0.3972
1.0000,0.6828,-0.3819
1.0000,0.6989,-0.3569
1.0000,0.7112,-0.3346
1.0000,0.7237,-0.3111
1.0000,0.7337,-0.2890
1.0000,0.7381,-0.2715
1.0000,0.7570,-0.2384
1.0000,0.7605,-0.2198
1.0000,0.7611,-0.2030
1.0000,0.7757,-0.1712
1.0000,0.7817,-0.1470
1.0000,0.7871,-0.1224
1.0000,0.7853,-0.1042
1.0000,0.7897,-0.0788
1.0000,0.8004,-0.0462
1.0000,0.8016,-0.0221
1.0000,0.8008,0.0008
1.0000,0.8011,0.0257
1.0000,0.7998,0.0498
1.0000,0.8050,0.0811
1.0000,0.7918,0.0950
1.0000,0.7907,0.1216
1.0000,0.7910,0.1503
1.0000,0.7848,0.1733
1.0000,0.7767,0.1951
1.0000,0.7787,0.2275
1.0000,0.7731,0.2531
1.0000,0.7571,0.2688
1.0000,0.7513,0.2952
1.0000,0.7430,0.3197
1.0000,0.7387,0.3487
1.0000,0.7256,0.3694
1.0000,0.7194,0.3974
1.0000,0.7065,0.4191
1.0000,0.6968,0.4445
1.0000,0.6822,0.4652
1.0000,0.6668,0.4854
1.0000,0.6515,0.5060
1.0000,0.6304,0.5210
1.0000,0.6233,0.5502
1.0000,0.6067,0.5701
1.0000,0.5781,0.5781
1.0000,0.5621,0.5988
1.0000,0.5487,0.6221
1.0000,0.5317,0.6419
1.0000,0.5064,0.6534
1.0000,0.4930,0.6767
1.0000,0.4723,0.6925
1.0000,0.4440,0.7007
1.0000,0.4268,0.7197
1.0000,0.4035,0.7326
1.0000,0.3755,0.7404
1.0000,0.3588,0.7592
1.0000,0.3261,0.7618
1.0000,0.3099,0.7806
1.0000,0.2901,0.7953
1.0000,0.2577,0.7970
1.0000,0.2396,0.8125
1.0000,0.2104,0.8166
1.0000,0.1811,0.8199
1.0000,0.1637,0.8346
1.0000,0.1310,0.8334
1.0000,0.1056,0.8389
1.0000,0.0828,0.8464
1.0000,0.0524,0.8455
1.0000,0.0250,0.8469
1.0000,-0.0012,0.8488
1.0000,-0.0249,0.8525
1.0000,-0.0562,0.8476
1.0000,-0.0745,0.8550
1.0000,-0.1105,0.8438
1.0000,-0.1341,0.8441
1.0000,-0.1648,0.8365
1.0000,-0.1816,0.8418
1.0000,-0.2136,0.8308
1.0000,-0.2344,0.8301
1.0000,-0.2596,0.8240
1.0000,-0.2934,0.8083
1.0000,-0.3179,0.8009
1.0000,-0.3470,0.7878
1.0000,-0.3716,0.7780
1.0000,-0.3917,0.7718
1.0000,-0.4198,0.7563
1.0000,-0.4444,0.7433
1.0000,-0.4588,0.7392
1.0000,-0.4855,0.7217
1.0000,-0.5116,0.7036
1.0000,-0.5310,0.6910
1.0000,-0.5595,0.6682
1.0000,-0.5817,0.6504
1.0000,-0.5944,0.6410
1.0000,-0.6136,0.6239
1.0000,-0.6353,0.6029
1.0000,-0.6630,0.5748
1.0000,-0.6796,0.5566
1.0000,-0.6968,0.5365
1.0000,-0.7090,0.5202
1.0000,-0.7281,0.4958
1.0000,-0.7386,0.4787
1.0000,-0.7606,0.4489
1.0000,-0.7708,0.4297
1.0000,-0.7924,0.3979
1.0000,-0.8070,0.3719
1.0000,-0.8201,0.3462
1.0000,-0.8291,0.3234
1.0000,-0.8312,0.3064
1.0000,-0.8466,0.2749
1.0000,-0.8501,0.2541
1.0000,-0.8663,0.2195
1.0000,-0.8698,0.1965
1.0000,-0.8805,0.1652
1.0000,-0.8853,0.1386
1.0000,-0.8934,0.1078
1.0000,-0.8952,0.0822
1.0000,-0.8918,0.0608
1.0000,-0.8987,0.0281
1.0000,-0.9027,-0.0027
1.0000,-0.9060,-0.0338
1.0000,-0.8977,-0.0541
1.0000,-0.8981,-0.0840
1.0000,-0.9026,-0.1191
1.0000,-0.8933,-0.1411
1.0000,-0.8873,-0.1671
1.0000,-0.8829,-0.1956
1.0000,-0.8767,-0.2231
1.0000,-0.8717,-0.2524
1.0000,-0.8716,-0.2874
1.0000,-0.8510,-0.3025
1.0000,-0.8465,-0.3343
1.0000,-0.8392,-0.3639
1.0000,-0.8240,-0.3862
1.0000,-0.8095,-0.4096
1.0000,-0.8083,-0.4469
1.0000,-0.7917,-0.4692
1.0000,-0.7719,-0.4887
1.0000,-0.7574,-0.5139
1.0000,-0.7465,-0.5430
1.0000,-0.7291,-0.5659
1.0000,-0.7152,-0.5925
1.0000,-0.6957,-0.6137
1.0000,-0.6766,-0.6355
1.0000,-0.6597,-0.6597
1.0000,-0.6318,-0.6729
1.0000,-0.6073,-0.6896
1.0000,-0.5873,-0.7108
1.0000,-0.5732,-0.7378
1.0000,-0.5467,-0.7524
1.0000,-0.5259,-0.7726
1.0000,-0.4936,-0.7811
1.0000,-0.4688,-0.7970
1.0000,-0.4544,-0.8229
1.0000,-0.4228,-0.8314
1.0000,-0.4019,-0.8503
1.0000,-0.3778,-0.8656
1.0000,-0.3469,-0.8737
1.0000,-0.3232,-0.8886
1.0000,-0.2889,-0.8925
1.0000,-0.2655,-0.9066
1.0000,-0.2405,-0.9187
1.0000,-0.2034,-0.9179
1.0000,-0.1718,-0.9222
1.0000,-0.1491,-0.9346
1.0000,-0.1235,-0.9435
1.0000,-0.0948,-0.9485
1.0000,-0.0584,-0.9450
1.0000,-0.0337,-0.9525
1.0000,0.0021,-0.9479
1.0000,0.0307,-0.9497
1.0000,0.0635,-0.9464
1.0000,0.0943,-0.9441
1.0000,0.1198,-0.9462
1.0000,0.1444,-0.9482
1.0000,0.1734,-0.9448
1.0000,0.2127,-0.9301
1.0000,0.2442,-0.9220
1.0000,0.2703,-0.9182
1.0000,0.2942,-0.9155
1.0000,0.3225,-0.9072
1.0000,0.3564,-0.8922
1.0000,0.3775,-0.8888
1.0000,0.4147,-0.8680
1.0000,0.4413,-0.8566
1.0000,0.4629,-0.8489
1.0000,0.4872,-0.8374
1.0000,0.5213,-0.8147
1.0000,0.5478,-0.7983
1.0000,0.5715,-0.7834
1.0000,0.5900,-0.7723
1.0000,0.6177,-0.7508
1.0000,0.6463,-0.7270
1.0000,0.6722,-0.7046
1.0000,0.6883,-0.6906
1.0000,0.7057,-0.6739
1.0000,0.7288,-0.6502
1.0000,0.7518,-0.6252
1.0000,0.7748,-0.5988
1.0000,0.7896,-0.5793
1.0000,0.8060,-0.5568
1.0000,0.8310,-0.5243
1.0000,0.8486,-0.4979
1.0000,0.8593,-0.4770
1.0000,0.8717,-0.4532
1.0000,0.8859,-0.4260
1.0000,0.9047,-0.3931
1.0000,0.9181,-0.3642
1.0000,0.9343,-0.3312
1.0000,0.9376,-0.3099
1.0000,0.9532,-0.2749
1.0000,0.9599,-0.2476
1.0000,0.9715,-0.2142
1.0000,0.9710,-0.1916
1.0000,0.9776,-0.1608
1.0000,0.9909,-0.1221
1.0000,0.9894,-0.0970
1.0000,0.9926,-0.0661
1.0000,0.9942,-0.0356
1.0000,0.9995,-0.0005
2.0000,0.0019,0.0030
2.0000,0.0041,0.0062
2.0000,-0.0028,0.0004
2.0000,0.0050,0.0094
2.0000,-0.0071,-0.0013
2.0000,0.0048,0.0118
2.0000,0.0010,0.0093
2.0000,-0.0037,0.0061
2.0000,0.0025,0.0137
2.0000,-0.0001,0.0125
2.0000,0.0021,0.0162
2.0000,-0.0034,0.0122
2.0000,-0.0076,0.0095
2.0000,-0.0015,0.0171
2.0000,-0.0077,0.0124
2.0000,-0.0113,0.0104
2.0000,-0.0053,0.0180
2.0000,-0.0049,0.0199
2.0000,-0.0098,0.0166
2.0000,-0.0176,0.0103
2.0000,-0.0094,0.0201
2.0000,-0.0147,0.0163
2.0000,-0.0171,0.0154
2.0000,-0.0166,0.0173
2.0000,-0.0232,0.0121
2.0000,-0.0154,0.0213
2.0000,-0.0219,0.0162
2.0000,-0.0188,0.0206
2.0000,-0.0178,0.0229
2.0000,-0.0214,0.0205
2.0000,-0.0309,0.0121
2.0000,-0.0234,0.0207
2.0000,-0.0311,0.0141
2.0000,-0.0317,0.0145
2.0000,-0.0353,0.0117
2.0000,-0.0288,0.0191
2.0000,-0.0297,0.0190
2.0000,-0.0361,0.0132
2.0000,-0.0322,0.0177
2.0000,-0.0365,0.0139
2.0000,-0.0382,0.0126
2.0000,-0.0443,0.0068
2.0000,-0.0458,0.0055
2.0000,-0.0439,0.0075
2.0000,-0.0429,0.0086
2.0000,-0.0431,0.0083
2.0000,-0.0501,0.0011
2.0000,-0.0423,0.0086
2.0000,-0.0450,0.0055
2.0000,-0.0469,0.0031
2.0000,-0.0483,0.0010
2.0000,-0.0534,-0.0047
2.0000,-0.0478,-0.0000
2.0000,-0.0500,-0.0032
2.0000,-0.0536,-0.0079
2.0000,-0.0540,-0.0095
2.0000,-0.0563,-0.0131
2.0000,-0.0583,-0.0165
2.0000,-0.0569,-0.0167
2.0000,-0.0613,-0.0228
2.0000,-0.0581,-0.0214
2.0000,-0.0581,-0.0233
2.0000,-0.0606,-0.0278
2.0000,-0.0569,-0.0262
2.0000,-0.0534,-0.0250
2.0000,-0.0526,-0.0265
2.0000,-0.0589,-0.0354
2.0000,-0.0545,-0.0335
2.0000,-0.0614,-0.0431
2.0000,-0.0580,-0.0426
2.0000,-0.0520,-0.0394
2.0000,-0.0551,-0.0455
2.0000,-0.0533,-0.0468
2.0000,-0.0557,-0.0525
2.0000,-0.0565,-0.0565
2.0000,-0.0546,-0.0580
2.0000,-0.0499,-0.0568
2.0000,-0.0468,-0.0571
2.0000,-0.0430,-0.0570
2.0000,-0.0440,-0.0617
2.0000,-0.0447,-0.0662
2.0000,-0.0397,-0.0650
2.0000,-0.0387,-0.0679
2.0000,-0.0364,-0.0696
2.0000,-0.0359,-0.0730
2.0000,-0.0395,-0.0807
2.0000,-0.0386,-0.0839
2.0000,-0.0370,-0.0865
2.0000,-0.0328,-0.0864
2.0000,-0.0295,-0.0873
2.0000,-0.0211,-0.0831
2.0000,-0.0284,-0.0947
2.0000,-0.0196,-0.0901
2.0000,-0.0165,-0.0913
2.0000,-0.0105,-0.0895
2.0000,-0.0183,-0.1015
2.0000,-0.0030,-0.0905
2.0000,-0.0049,-0.0965
2.0000,-0.0091,-0.1049
2.0000,0.0044,-0.0956
2.0000,-0.0011,-0.1053
2.0000,0.0107,-0.0976
2.0000,0.0082,-0.1041
2.0000,0.0159,-0.1003
2.0000,0.0148,-0.1053
2.0000,0.0250,-0.0990
2.0000,0.0176,-0.1102
2.0000,0.0260,-0.1054
2.0000,0.0300,-0.1051
2.0000,0.0319,-0.1067
2.0000,0.0437,-0.0983
2.0000,0.0448,-0.1006
2.0000,0.0512,-0.0974
2.0000,0.0437,-0.1080
2.0000,0.0479,-0.1068
2.0000,0.0549,-0.1027
2.0000,0.0614,-0.0989
2.0000,0.0667,-0.0962
2.0000,0.0646,-0.1007
2.0000,0.0670,-0.1006
2.0000,0.0786,-0.0911
2.0000,0.0745,-0.0973
2.0000,0.0854,-0.0882
2.0000,0.0902,-0.0851
2.0000,0.0851,-0.0917
2.0000,0.0866,-0.0915
2.0000,0.0912,-0.0881
2.0000,0.1041,-0.0761
2.0000,0.1016,-0.0794
2.0000,0.1008,-0.0808
2.0000,0.1084,-0.0736
2.0000,0.1136,-0.0686
2.0000,0.1108,-0.0714
2.0000,0.1176,-0.0644
2.0000,0.1224,-0.0592
2.0000,0.1269,-0.0540
2.0000,0.1308,-0.0493
2.0000,0.1297,-0.0494
2.0000,0.1305,-0.0473
2.0000,0.1290,-0.0474
2.0000,0.1316,-0.0432
2.0000,0.1328,-0.0400
2.0000,0.1408,-0.0300
2.0000,0.1417,-0.0267
2.0000,0.1449,-0.0210
2.0000,0.1392,-0.0240
2.0000,0.1513,-0.0089
2.0000,0.1463,-0.0107
2.0000,0.1549,0.0013
2.0000,0.1488,-0.0012
2.0000,0.1556,0.0094
2.0000,0.1565,0.0144
2.0000,0.1549,0.0170
2.0000,0.1555,0.0220
2.0000,0.1565,0.0277
2.0000,0.1515,0.0275
2.0000,0.1592,0.0402
2.0000,0.1580,0.0442
2.0000,0.1500,0.0417
2.0000,0.1514,0.0487
2.0000,0.1490,0.0521
2.0000,0.1534,0.0624
2.0000,0.1481,0.0632
2.0000,0.1473,0.0687
2.0000,0.1487,0.0765
2.0000,0.1425,0.0770
2.0000,0.1415,0.0828
2.0000,0.1403,0.0885
2.0000,0.1428,0.0980
2.0000,0.1360,0.0984
2.0000,0.1373,0.1070
2.0000,0.1385,0.1156
2.0000,0.1333,0.1179
2.0000,0.1306,0.1228
2.0000,0.1280,0.1280
2.0000,0.1151,0.1229
2.0000,0.1158,0.1315
2.0000,0.1158,0.1395
2.0000,0.1116,0.1434
2.0000,0.1086,0.1484
2.0000,0.1050,0.1530
2.0000,0.0938,0.1500
2.0000,0.0929,0.1573
2.0000,0.0915,0.1641
2.0000,0.0892,0.1700
2.0000,0.0812,0.1703
2.0000,0.0737,0.1711
2.0000,0.0751,0.1807
2.0000,0.0641,0.1779
2.0000,0.0636,0.1856
2.0000,0.0555,0.1856
2.0000,0.0466,0.1848
2.0000,0.0456,0.1918
2.0000,0.0304,0.1846
2.0000,0.0255,0.1876
2.0000,0.0283,0.1982
2.0000,0.0188,0.1964
2.0000,0.0143,0.1995
2.0000,0.0039,0.1966
2.0000,-0.0029,0.1971
2.0000,-0.0094,0.1978
2.0000,-0.0154,0.1988
2.0000,-0.0252,0.1960
2.0000,-0.0226,0.2053
2.0000,-0.0284,0.2061
2.0000,-0.0447,0.1963
2.0000,-0.0513,0.1959
2.0000,-0.0565,0.1967
2.0000,-0.0570,0.2020
2.0000,-0.0659,0.1987
2.0000,-0.0691,0.2009
2.0000,-0.0784,0.1967
2.0000,-0.0830,0.1970
2.0000,-0.0915,0.1932
2.0000,-0.0932,0.1960
2.0000,-0.1037,0.1897
2.0000,-0.1146,0.1827
2.0000,-0.1171,0.1837
2.0000,-0.1169,0.1873
2.0000,-0.1268,0.1805
2.0000,-0.1326,0.1774
2.0000,-0.1395,0.1730
2.0000,-0.1470,0.1677
2.0000,-0.1559,0.1607
2.0000,-0.1648,0.1534
2.0000,-0.1654,0.1541
2.0000,-0.1733,0.1471
2.0000,-0.1779,0.1432
2.0000,-0.1806,0.1407
2.0000,-0.1913,0.1300
2.0000,-0.1931,0.1278
2.0000,-0.1922,0.1280
2.0000,-0.2007,0.1185
2.0000,-0.2017,0.1161
2.0000,-0.2067,0.1094
2.0000,-0.2145,0.0995
2.0000,-0.2122,0.0994
2.0000,-0.2240,0.0849
2.0000,-0.2268,0.0790
2.0000,-0.2245,0.0780
2.0000,-0.2361,0.0626
2.0000,-0.2350,0.0596
2.0000,-0.2354,0.0548
2.0000,-0.2398,0.0456
2.0000,-0.2429,0.0374
2.0000,-0.2405,0.0344
2.0000,-0.2499,0.0193
2.0000,-0.2429,0.0202
2.0000,-0.2465,0.0102
2.0000,-0.2523,-0.0023
2.0000,-0.2565,-0.0135
2.0000,-0.2497,-0.0140
2.0000,-0.2503,-0.0222
2.0000,-0.2502,-0.0300
2.0000,-0.2580,-0.0460
2.0000,-0.2481,-0.0446
2.0000,-0.2498,-0.0550
2.0000,-0.2558,-0.0700
2.0000,-0.2469,-0.0705
2.0000,-0.2433,-0.0763
2.0000,-0.2449,-0.0877
2.0000,-0.2372,-0.0901
2.0000,-0.2399,-0.1030
2.0000,-0.2400,-0.1135
2.0000,-0.2392,-0.1234
2.0000,-0.2316,-0.1266
2.0000,-0.2240,-0.1301
2.0000,-0.2290,-0.1463
2.0000,-0.2282,-0.1570
2.0000,-0.2237,-0.1639
2.0000,-0.2144,-0.1663
2.0000,-0.2058,-0.1696
2.0000,-0.2059,-0.1817
2.0000,-0.1956,-0.1834
2.0000,-0.1976,-0.1976
2.0000,-0.1859,-0.1981
2.0000,-0.1833,-0.2079
2.0000,-0.1714,-0.2084
2.0000,-0.1734,-0.2229
2.0000,-0.1609,-0.2229
2.0000,-0.1636,-0.2381
2.0000,-0.1523,-0.2393
2.0000,-0.1383,-0.2378
2.0000,-0.1421,-0.2542
2.0000,-0.1338,-0.2583
2.0000,-0.1258,-0.2629
2.0000,-0.1086,-0.2580
2.0000,-0.0998,-0.2615
2.0000,-0.1005,-0.2745
2.0000,-0.0901,-0.2763
2.0000,-0.0782,-0.2765
2.0000,-0.0681,-0.2783
2.0000,-0.0644,-0.2864
2.0000,-0.0571,-0.2908
2.0000,-0.0413,-0.2866
2.0000,-0.0407,-0.2973
2.0000,-0.0232,-0.2909
2.0000,-0.0207,-0.2994
2.0000,-0.0103,-0.2998
2.0000,0.0033,-0.2967
2.0000,0.0037,-0.3066
2.0000,0.0253,-0.2950
2.0000,0.0337,-0.2965
2.0000,0.0326,-0.3071
2.0000,0.0460,-0.3030
2.0000,0.0579,-0.3000
2.0000,0.0663,-0.3002
2.0000,0.0703,-0.3046
2.0000,0.0873,-0.2956
2.0000,0.0944,-0.2963
2.0000,0.1023,-0.2957
2.0000,0.1093,-0.2956
2.0000,0.1275,-0.2841
2.0000,0.1326,-0.2853
2.0000,0.1437,-0.2799
2.0000,0.1477,-0.2814
2.0000,0.1647,-0.2695
2.0000,0.1724,-0.2665
2.0000,0.1744,-0.2688
2.0000,0.1861,-0.2609
2.0000,0.2031,-0.2473
2.0000,0.1995,-0.2539
2.0000,0.2182,-0.2377
2.0000,0.2208,-0.2372
2.0000,0.2310,-0.2287
2.0000,0.2350,-0.2258
2.0000,0.2492,-0.2123
2.0000,0.2467,-0.2151
2.0000,0.2578,-0.2038
2.0000,0.2607,-0.2003
2.0000,0.2779,-0.1819
2.0000,0.2865,-0.1717
2.0000,0.2844,-0.1717
2.0000,0.2920,-0.1616
2.0000,0.3012,-0.1494
2.0000,0.3026,-0.1444
2.0000,0.3087,-0.1344
2.0000,0.3200,-0.1187
2.0000,0.3223,-0.1115
2.0000,0.3204,-0.1080
2.0000,0.3250,-0.0976
2.0000,0.3357,-0.0806
2.0000,0.3298,-0.0798
2.0000,0.3387,-0.0637
2.0000,0.3402,-0.0546
2.0000,0.3472,-0.0394
2.0000,0.3425,-0.0356
2.0000,0.3457,-0.0235
2.0000,0.3543,-0.0055
2.0000,0.3514,0.0014
2.0000,0.3561,0.0163
2.0000,0.3540,0.0248
2.0000,0.3528,0.0346
2.0000,0.3531,0.0462
2.0000,0.3521,0.0570
2.0000,0.3478,0.0648
2.0000,0.3515,0.0810
2.0000,0.3449,0.0871
2.0000,0.3471,0.1025
2.0000,0.3364,0.1053
2.0000,0.3360,0.1186
2.0000,0.3305,0.1272
2.0000,0.3349,0.1459
2.0000,0.3261,0.1518
2.0000,0.3254,0.1659
2.0000,0.3264,0.1820
2.0000,0.3204,0.1913
2.0000,0.3073,0.1937
2.0000,0.3075,0.2097
2.0000,0.3028,0.2210
2.0000,0.2895,0.2237
2.0000,0.2885,0.2390
2.0000,0.2837,0.2506
2.0000,0.2667,0.2501
2.0000,0.2615,0.2615
2.0000,0.2593,0.2760
2.0000,0.2463,0.2798
2.0000,0.2442,0.2945
2.0000,0.2382,0.3054
2.0000,0.2252,0.3093
2.0000,0.2131,0.3141
2.0000,0.2017,0.3195
2.0000,0.1954,0.3301
2.0000,0.1804,0.3319
2.0000,0.1775,0.3457
2.0000,0.1695,0.3544
2.0000,0.1538,0.3553
2.0000,0.1421,0.3600
2.0000,0.1265,0.3607
2.0000,0.1203,0.3707
2.0000,0.1066,0.3730
2.0000,0.0991,0.3813
2.0000,0.0908,0.3886
2.0000,0.0754,0.3886
2.0000,0.0569,0.3852
2.0000,0.0457,0.3889
2.0000,0.0328,0.3907
2.0000,0.0256,0.3979
2.0000,0.0071,0.3934
2.0000,0.0039,0.4039
2.0000,-0.0105,0.4029
2.0000,-0.0307,0.3958
2.0000,-0.0373,0.4019
2.0000,-0.0537,0.3977
2.0000,-0.0682,0.3952
2.0000,-0.0791,0.3958
2.0000,-0.0841,0.4019
2.0000,-0.0999,0.3968
2.0000,-0.1172,0.3897
2.0000,-0.1217,0.3949
2.0000,-0.1432,0.3828
2.0000,-0.1471,0.3876
2.0000,-0.1584,0.3846
2.0000,-0.1798,0.3711
2.0000,-0.1921,0.3661
2.0000,-0.1965,0.3684
2.0000,-0.2078,0.3634
2.0000,-0.2261,0.3508
2.0000,-0.2332,0.3488
2.0000,-0.2411,0.3456
2.0000,-0.2621,0.3286
2.0000,-0.2645,0.3296
2.0000,-0.2781,0.3190
2.0000,-0.2941,0.3052
2.0000,-0.2966,0.3044
2.0000,-0.3139,0.2883
2.0000,-0.3194,0.2833
2.0000,-0.3335,0.2691
2.0000,-0.3432,0.2587
2.0000,-0.3519,0.2488
2.0000,-0.3541,0.2447
2.0000,-0.3687,0.2275
2.0000,-0.3783,0.2148
2.0000,-0.3766,0.2128
2.0000,-0.3831,0.2020
2.0000,-0.3995,0.1807
2.0000,-0.4044,0.1702
2.0000,-0.4124,0.1560
2.0000,-0.4071,0.1547
2.0000,-0.4193,0.1351
2.0000,-0.4216,0.1249
2.0000,-0.4267,0.1113
2.0000,-0.4304,0.0985
2.0000,-0.4329,0.0865
2.0000,-0.4398,0.0694
2.0000,-0.4480,0.0504
2.0000,-0.4434,0.0437
2.0000,-0.4412,0.0341
2.0000,-0.4497,0.0132
2.0000,-0.4550,-0.0050
2.0000,-0.4508,-0.0142
2.0000,-0.4497,-0.0270
2.0000,-0.4558,-0.0474
2.0000,-0.4548,-0.0613
2.0000,-0.4447,-0.0664
2.0000,-0.4515,-0.0891
2.0000,-0.4511,-0.1048
2.0000,-0.4454,-0.1157
2.0000,-0.4468,-0.1340
2.0000,-0.4377,-0.1424
2.0000,-0.4296,-0.1520
2.0000,-0.4305,-0.1711
2.0000,-0.4226,-0.1816
2.0000,-0.4138,-0.1915
2.0000,-0.4129,-0.2097
2.0000,-0.4061,-0.2223
2.0000,-0.4030,-0.2388
2.0000,-0.3992,-0.2548
2.0000,-0.3899,-0.2656
2.0000,-0.3780,-0.2740
2.0000,-0.3755,-0.2920
2.0000,-0.3652,-0.3023
2.0000,-0.3515,-0.3095
2.0000,-0.3441,-0.3230
2.0000,-0.3308,-0.3308
2.0000,-0.3220,-0.3432
2.0000,-0.3206,-0.3630
2.0000,-0.3037,-0.3673
2.0000,-0.2934,-0.3783
2.0000,-0.2856,-0.3918
2.0000,-0.2757,-0.4032
2.0000,-0.2548,-0.4035
2.0000,-0.2403,-0.4102
2.0000,-0.2298,-0.4208
2.0000,-0.2228,-0.4348
2.0000,-0.2072,-0.4400
2.0000,-0.1936,-0.4471
2.0000,-0.1846,-0.4587
2.0000,-0.1616,-0.4561
2.0000,-0.1578,-0.4724
2.0000,-0.1411,-0.4756
2.0000,-0.1230,-0.4772
2.0000,-0.1085,-0.4821
2.0000,-0.0923,-0.4849
2.0000,-0.0730,-0.4844
2.0000,-0.0627,-0.4927
2.0000,-0.0451,-0.4931
2.0000,-0.0321,-0.4978
2.0000,-0.0193,-0.5024
2.0000,0.0036,-0.4964
2.0000,0.0191,-0.4974
2.0000,0.0334,-0.4991
2.0000,0.0518,-0.4963
2.0000,0.0635,-0.4997
2.0000,0.0826,-0.4952
2.0000,0.0988,-0.4931
2.0000,0.1061,-0.4993
2.0000,0.1215,-0.4969
2.0000,0.1421,-0.4887
2.0000,0.1632,-0.4795
2.0000,0.1719,-0.4820
2.0000,0.1831,-0.4814
2.0000,0.2100,-0.4645
2.0000,0.2225,-0.4615
2.0000,0.2386,-0.4540
2.0000,0.2478,-0.4530
2.0000,0.2687,-0.4394
2.0000,0.2722,-0.4428
2.0000,0.2886,-0.4324
2.0000,0.3059,-0.4205
2.0000,0.3243,-0.4067
2.0000,0.3346,-0.4004
2.0000,0.3471,-0.3911
2.0000,0.3581,-0.3826
2.0000,0.3664,-0.3760
2.0000,0.3811,-0.3624
2.0000,0.3940,-0.3498
2.0000,0.4021,-0.3413
2.0000,0.4180,-0.3242
2.0000,0.4313,-0.3090
2.0000,0.4404,-0.2973
2.0000,0.4489,-0.2853
2.0000,0.4613,-0.2688
2.0000,0.4633,-0.2619
2.0000,0.4742,-0.2453
2.0000,0.4895,-0.2237
2.0000,0.4929,-0.2132
2.0000,0.5012,-0.1971
2.0000,0.5103,-0.1794
2.0000,0.5164,-0.1641
2.0000,0.5216,-0.1488
2.0000,0.5268,-0.1330
2.0000,0.5254,-0.1229
2.0000,0.5351,-0.1012
2.0000,0.5329,-0.0907
2.0000,0.5461,-0.0641
2.0000,0.5400,-0.0560
2.0000,0.5457,-0.0356
2.0000,0.5450,-0.0209
2.0000,0.5557,0.0057
2.0000,0.5504,0.0170
2.0000,0.5486,0.0324
2.0000,0.5537,0.0552
2.0000,0.5553,0.0751
2.0000,0.5437,0.0823
2.0000,0.5458,0.1039
2.0000,0.5486,0.1266
2.0000,0.5414,0.1397
2.0000,0.5343,0.1534
2.0000,0.5345,0.1750
2.0000,0.5310,0.1932
2.0000,0.5165,0.2008
2.0000,0.5114,0.2183
2.0000,0.5081,0.2379
2.0000,0.5076,0.2607
2.0000,0.4952,0.2719
2.0000,0.4834,0.2840
2.0000,0.4777,0.3025
2.0000,0.4679,0.3172
2.0000,0.4642,0.3381
2.0000,0.4527,0.3515
2.0000,0.4427,0.3666
2.0000,0.4270,0.3761
2.0000,0.4244,0.3989
2.0000,0.4052,0.4052
2.0000,0.3881,0.4137
2.0000,0.3755,0.4267
2.0000,0.3637,0.4406
2.0000,0.3595,0.4621
2.0000,0.3363,0.4647
2.0000,0.3315,0.4855
2.0000,0.3068,0.4863
2.0000,0.3014,0.5065
2.0000,0.2848,0.5152
2.0000,0.2631,0.5187
2.0000,0.2463,0.5271
2.0000,0.2276,0.5332
2.0000,0.2153,0.5456
2.0000,0.2039,0.5586
2.0000,0.1854,0.5642
2.0000,0.1674,0.5700
2.0000,0.1468,0.5729
2.0000,0.1326,0.5820
2.0000,0.1053,0.5775
2.0000,0.0964,0.5910
2.0000,0.0751,0.5917
2.0000,0.0557,0.5939
2.0000,0.0316,0.5909
2.0000,0.0182,0.5981
2.0000,-0.0035,0.5965
2.0000,-0.0171,0.6025
2.0000,-0.0396,0.5990
2.0000,-0.0573,0.5998
2.0000,-0.0751,0.5999
2.0000,-0.0884,0.6038
2.0000,-0.1158,0.5930
2.0000,-0.1382,0.5866
2.0000,-0.1474,0.5927
2.0000,-0.1645,0.5903
2.0000,-0.1880,0.5806
2.0000,-0.2112,0.5707
2.0000,-0.2262,0.5681
2.0000,-0.2384,0.5677
2.0000,-0.2581,0.5589
2.0000,-0.2782,0.5490
2.0000,-0.2947,0.5418
2.0000,-0.3179,0.5272
2.0000,-0.3285,0.5244
2.0000,-0.3516,0.5083
2.0000,-0.3696,0.4965
2.0000,-0.3828,0.4885
2.0000,-0.4008,0.4750
2.0000,-0.4068,0.4725
2.0000,-0.4238,0.4582
2.0000,-0.4472,0.4367
2.0000,-0.4518,0.4330
2.0000,-0.4657,0.4193
2.0000,-0.4791,0.4050
2.0000,-0.4919,0.3906
2.0000,-0.5149,0.3651
2.0000,-0.5228,0.3538
2.0000,-0.5369,0.3354
2.0000,-0.5432,0.3239
2.0000,-0.5514,0.3097
2.0000,-0.5680,0.2860
2.0000,-0.5742,0.2721
2.0000,-0.5838,0.2538
2.0000,-0.5975,0.2305
2.0000,-0.5956,0.2221
2.0000,-0.6094,0.1971
2.0000,-0.6172,0.1772
2.0000,-0.6175,0.1640
2.0000,-0.6235,0.1442
2.0000,-0.6376,0.1157
2.0000,-0.6358,0.1022
2.0000,-0.6348,0.0870
2.0000,-0.6465,0.0586
2.0000,-0.6455,0.0419
2.0000,-0.6550,0.0141
2.0000,-0.6455,0.0045
2.0000,-0.6478,-0.0176
2.0000,-0.6478,-0.0381
2.0000,-0.6546,-0.0659
2.0000,-0.6551,-0.0882
2.0000,-0.6487,-0.1042
2.0000,-0.6499,-0.1284
2.0000,-0.6413,-0.1434
2.0000,-0.6356,-0.1619
2.0000,-0.6339,-0.1849
2.0000,-0.6327,-0.2090
2.0000,-0.6280,-0.2300
2.0000,-0.6209,-0.2491
2.0000,-0.6033,-0.2581
2.0000,-0.6054,-0.2873
2.0000,-0.5984,-0.3078
2.0000,-0.5836,-0.3208
2.0000,-0.5738,-0.3392
2.0000,-0.5625,-0.3564
2.0000,-0.5586,-0.3813
2.0000,-0.5428,-0.3945
2.0000,-0.5326,-0.4137
2.0000,-0.5139,-0.4244
2.0000,-0.5009,-0.4411
2.0000,-0.4881,-0.4582
2.0000,-0.4734,-0.4734
2.0000,-0.4652,-0.4953
2.0000,-0.4489,-0.5090
2.0000,-0.4282,-0.5184
2.0000,-0.4223,-0.5427
2.0000,-0.3952,-0.5457
2.0000,-0.3773,-0.5577
2.0000,-0.3685,-0.5789
2.0000,-0.3443,-0.5845
2.0000,-0.3330,-0.6029
2.0000,-0.3121,-0.6115
2.0000,-0.2877,-0.6163
2.0000,-0.2741,-0.6317
2.0000,-0.2543,-0.6407
2.0000,-0.2395,-0.6543
2.0000,-0.2150,-0.6580
2.0000,-0.1897,-0.6604
2.0000,-0.1766,-0.6747
2.0000,-0.1452,-0.6704
2.0000,-0.1285,-0.6802
2.0000,-0.1143,-0.6920
2.0000,-0.0935,-0.6968
2.0000,-0.0674,-0.6957
2.0000,-0.0477,-0.7005
2.0000,-0.0171,-0.6938
2.0000,0.0049,-0.6951
2.0000,0.0193,-0.7034
2.0000,0.0465,-0.6982
2.0000,0.0607,-0.7054
2.0000,0.0848,-0.7019
2.0000,0.1096,-0.6970
2.0000,0.1324,-0.6934
2.0000,0.1525,-0.6917
2.0000,0.1738,-0.6880
2.0000,0.2037,-0.6749
2.0000,0.2253,-0.6693
2.0000,0.2422,-0.6676
2.0000,0.2628,-0.6613
2.0000,0.2827,-0.6548
2.0000,0.3039,-0.6462
2.0000,0.3283,-0.6334
2.0000,0.3453,-0.6271
2.0000,0.3658,-0.6164
2.0000,0.3900,-0.6009
2.0000,0.4089,-0.5900
2.0000,0.4296,-0.5761
2.0000,0.4440,-0.5676
2.0000,0.4654,-0.5512
2.0000,0.4806,-0.5399
2.0000,0.4943,-0.5291
2.0000,0.5118,-0.5136
2.0000,0.5340,-0.4922
2.0000,0.5481,-0.4780
2.0000,0.5668,-0.4582
2.0000,0.5738,-0.4491
2.0000,0.5942,-0.4255
2.0000,0.5998,-0.4157
2.0000,0.6127,-0.3976
2.0000,0.6341,-0.3699
2.0000,0.6464,-0.3504
2.0000,0.6594,-0.3292
2.0000,0.6705,-0.3088
2.0000,0.6812,-0.2879
2.0000,0.6883,-0.2695
2.0000,0.6999,-0.2457
2.0000,0.7005,-0.2320
2.0000,0.7162,-0.2021
2.0000,0.7143,-0.1889
2.0000,0.7208,-0.1664
2.0000,0.7336,-0.1366
2.0000,0.7306,-0.1217
2.0000,0.7347,-0.0989
2.0000,0.7389,-0.0751
2.0000,0.7408,-0.0527
2.0000,0.7536,-0.0186
2.0000,0.7502,0.0002
2.0000,0.7514,0.0244
2.0000,0.7461,0.0428
2.0000,0.7455,0.0667
2.0000,0.7418,0.0882
2.0000,0.7448,0.1172
2.0000,0.7467,0.1458
2.0000,0.7326,0.1589
2.0000,0.7333,0.1876
2.0000,0.7245,0.2074
2.0000,0.7288,0.2408
2.0000,0.7111,0.2529
2.0000,0.7022,0.2742
2.0000,0.6940,0.2968
2.0000,0.6932,0.3272
2.0000,0.6788,0.3445
2.0000,0.6725,0.3702
2.0000,0.6645,0.3947
2.0000,0.6513,0.4143
2.0000,0.6388,0.4350
2.0000,0.6206,0.4503
2.0000,0.6038,0.4672
2.0000,0.5968,0.4941
2.0000,0.5834,0.5147
2.0000,0.5703,0.5359
2.0000,0.5534,0.5534
2.0000,0.5315,0.5660
2.0000,0.5101,0.5791
2.0000,0.4940,0.5975
2.0000,0.4745,0.6126
2.0000,0.4640,0.6366
2.0000,0.4360,0.6429
2.0000,0.4234,0.6647
2.0000,0.4029,0.6783
2.0000,0.3767,0.6861
2.0000,0.3506,0.6936
2.0000,0.3399,0.7164
2.0000,0.3150,0.7248
2.0000,0.2949,0.7375
2.0000,0.2614,0.7365
2.0000,0.2385,0.7457
2.0000,0.2171,0.7560
2.0000,0.1907,0.7608
2.0000,0.1719,0.7728
2.0000,0.1534,0.7845
2.0000,0.1287,0.7895
2.0000,0.1051,0.7950
2.0000,0.0763,0.7948
2.0000,0.0498,0.7961
2.0000,0.0198,0.7933
2.0000,-0.0018,0.7982
2.0000,-0.0203,0.8055
2.0000,-0.0449,0.8059
2.0000,-0.0718,0.8032
2.0000,-0.1011,0.7973
2.0000,-0.1207,0.8003
2.0000,-0.1553,0.7875
2.0000,-0.1757,0.7879
2.0000,-0.2046,0.7790
2.0000,-0.2241,0.7785
2.0000,-0.2505,0.7702
2.0000,-0.2792,0.7586
2.0000,-0.2994,0.7545
2.0000,-0.3187,0.7503
2.0000,-0.3447,0.7384
2.0000,-0.3744,0.7218
2.0000,-0.3953,0.7129
2.0000,-0.4187,0.7004
2.0000,-0.4374,0.6916
2.0000,-0.4666,0.6711
2.0000,-0.4808,0.6645
2.0000,-0.4980,0.6539
2.0000,-0.5296,0.6277
2.0000,-0.5402,0.6214
2.0000,-0.5687,0.5960
2.0000,-0.5838,0.5829
2.0000,-0.6052,0.5624
2.0000,-0.6153,0.5519
2.0000,-0.6412,0.5246
2.0000,-0.6550,0.5082
2.0000,-0.6768,0.4825
2.0000,-0.6915,0.4629
2.0000,-0.7078,0.4405
2.0000,-0.7181,0.4229
2.0000,-0.7310,0.4016
2.0000,-0.7454,0.3777
2.0000,-0.7589,0.3535
2.0000,-0.7715,0.3290
2.0000,-0.7846,0.3030
2.0000,-0.7878,0.2858
2.0000,-0.7929,0.2656
2.0000,-0.8049,0.2373
2.0000,-0.8127,0.2123
2.0000,-0.8215,0.1850
2.0000,-0.8253,0.1619
2.0000,-0.8380,0.1287
2.0000,-0.8360,0.1094
2.0000,-0.8450,0.0779
2.0000,-0.8473,0.0523
2.0000,-0.8439,0.0313
2.0000,-0.8518,-0.0018
2.0000,-0.8556,-0.0318
2.0000,-0.8559,-0.0591
2.0000,-0.8535,-0.0845
2.0000,-0.8485,-0.1083
2.0000,-0.8471,-0.1364
2.0000,-0.8454,-0.1649
2.0000,-0.8306,-0.1812
2.0000,-0.8273,-0.2096
2.0000,-0.8289,-0.2437
2.0000,-0.8219,-0.2698
2.0000,-0.8041,-0.2856
2.0000,-0.8057,-0.3216
2.0000,-0.7954,-0.3462
2.0000,-0.7848,-0.3709
2.0000,-0.7727,-0.3946
2.0000,-0.7613,-0.4196
2.0000,-0.7494,-0.4445
2.0000,-0.7355,-0.4678
2.0000,-0.7245,-0.4942
2.0000,-0.7044,-0.5119
2.0000,-0.6914,-0.5370
2.0000,-0.6768,-0.5608
2.0000,-0.6502,-0.5727
2.0000,-0.6428,-0.6040
2.0000,-0.6147,-0.6147
2.0000,-0.5971,-0.6360
2.0000,-0.5738,-0.6517
2.0000,-0.5641,-0.6809
2.0000,-0.5328,-0.6886
2.0000,-0.5177,-0.7124
2.0000,-0.4892,-0.7226
2.0000,-0.4783,-0.7504
2.0000,-0.4439,-0.7545
2.0000,-0.4277,-0.7764
2.0000,-0.4073,-0.7940
2.0000,-0.3805,-0.8050
2.0000,-0.3462,-0.8080
2.0000,-0.3213,-0.8201
2.0000,-0.3073,-0.8426
2.0000,-0.2714,-0.8428
2.0000,-0.2476,-0.8546
2.0000,-0.2192,-0.8614
2.0000,-0.1981,-0.8748
2.0000,-0.1687,-0.8794
2.0000,-0.1426,-0.8866
2.0000,-0.1104,-0.8871
2.0000,-0.0793,-0.8879
2.0000,-0.0551,-0.8950
2.0000,-0.0255,-0.8958
2.0000,-0.0035,-0.9035
2.0000,0.0294,-0.8995
2.0000,0.0526,-0.9042
2.0000,0.0803,-0.9037
2.0000,0.1181,-0.8921
2.0000,0.1394,-0.8960
2.0000,0.1657,-0.8940
2.0000,0.2008,-0.8822
2.0000,0.2195,-0.8858
2.0000,0.2568,-0.8697
2.0000,0.2809,-0.8657
2.0000,0.3116,-0.8542
2.0000,0.3313,-0.8524
2.0000,0.3605,-0.8400
2.0000,0.3937,-0.8225
2.0000,0.4113,-0.8194
2.0000,0.4470,-0.7969
2.0000,0.4667,-0.7894
2.0000,0.4877,-0.7793
2.0000,0.5185,-0.7581
2.0000,0.5369,-0.7482
2.0000,0.5699,-0.7223
2.0000,0.5888,-0.7093
2.0000,0.6126,-0.6901
2.0000,0.6346,-0.6715
2.0000,0.6590,-0.6491
2.0000,0.6811,-0.6278
2.0000,0.6954,-0.6130
2.0000,0.7213,-0.5852
2.0000,0.7300,-0.5734
2.0000,0.7532,-0.5458
2.0000,0.7689,-0.5244
2.0000,0.7900,-0.4963
2.0000,0.8047,-0.4733
2.0000,0.8238,-0.4446
2.0000,0.8378,-0.4198
2.0000,0.8450,-0.4004
2.0000,0.8550,-0.3771
2.0000,0.8694,-0.3481
2.0000,0.8868,-0.3148
2.0000,0.8905,-0.2940
2.0000,0.9096,-0.2566
2.0000,0.9152,-0.2315
2.0000,0.9157,-0.2103
2.0000,0.9285,-0.1757
2.0000,0.9339,-0.1473
2.0000,0.9366,-0.1205
2.0000,0.9452,-0.0868
2.0000,0.9461,-0.0595
2.0000,0.9497,-0.0286
2.0000,0.9484,-0.0016
2.0000,0.9504,0.0297
2.0000,0.9454,0.0550
2.0000,0.9463,0.0872
2.0000,0.9478,0.1209
2.0000,0.9418,0.1480
2.0000,0.9357,0.1757
2.0000,0.9338,0.2086
2.0000,0.9307,0.2411
2.0000,0.9236,0.2702
2.0000,0.9092,0.2929
2.0000,0.9069,0.3283
2.0000,0.8893,0.3490
2.0000,0.8847,0.3833
2.0000,0.8755,0.4137
2.0000,0.8611,0.4393
2.0000,0.8452,0.4640
2.0000,0.8325,0.4924
2.0000,0.8221,0.5234
2.0000,0.7954,0.5387
2.0000,0.7862,0.5716
2.0000,0.7657,0.5936
2.0000,0.7531,0.6238
2.0000,0.7255,0.6391
2.0000,0.7038,0.6605
2.0000,0.6952,0.6952
2.0000,0.6688,0.7121
2.0000,0.6466,0.7334
2.0000,0.6278,0.7580
2.0000,0.5940,0.7675
2.0000,0.5775,0.7943
2.0000,0.5508,0.8108
2.0000,0.5209,0.8238
2.0000,0.5057,0.8514
2.0000,0.4732,0.8614
2.0000,0.4448,0.8753
2.0000,0.4210,0.8933
2.0000,0.3973,0.9111
2.0000,0.3699,0.9248
2.0000,0.3301,0.9257
2.0000,0.3029,0.9385
2.0000,0.2749,0.9500
2.0000,0.2509,0.9650
2.0000,0.2148,0.9673
2.0000,0.1814,0.9716
2.0000,0.1594,0.9865
2.0000,0.1271,0.9904
2.0000,0.0892,0.9880
2.0000,0.0676,1.0010
2.0000,0.0348,1.0019
2.0000,0.0025,1.0025
3.0000,0.0006,0.0015
3.0000,0.0006,0.0024
3.0000,-0.0006,0.0021
3.0000,-0.0078,-0.0043
3.0000,-0.0098,-0.0057
3.0000,-0.0117,-0.0069
3.0000,-0.0051,0.0002
3.0000,-0.0090,-0.0032
3.0000,-0.0069,-0.0008
3.0000,-0.0062,0.0003
3.0000,-0.0079,-0.0013
3.0000,-0.0135,-0.0067
3.0000,-0.0150,-0.0083
3.0000,-0.0107,-0.0040
3.0000,-0.0082,-0.0016
3.0000,-0.0164,-0.0101
3.0000,-0.0178,-0.0118
3.0000,-0.0122,-0.0067
3.0000,-0.0201,-0.0151
3.0000,-0.0187,-0.0142
3.0000,-0.0119,-0.0082
3.0000,-0.0130,-0.0101
3.0000,-0.0163,-0.0143
3.0000,-0.0120,-0.0110
3.0000,-0.0230,-0.0230
3.0000,-0.0125,-0.0137
3.0000,-0.0222,-0.0246
3.0000,-0.0187,-0.0224
3.0000,-0.0117,-0.0169
3.0000,-0.0220,-0.0286
3.0000,-0.0112,-0.0194
3.0000,-0.0140,-0.0239
3.0000,-0.0223,-0.0339
3.0000,-0.0187,-0.0321
3.0000,-0.0209,-0.0362
3.0000,-0.0090,-0.0263
3.0000,-0.0155,-0.0348
3.0000,-0.0162,-0.0376
3.0000,-0.0147,-0.0382
3.0000,-0.0076,-0.0333
3.0000,-0.0142,-0.0421
3.0000,-0.0068,-0.0371
3.0000,-0.0115,-0.0441
3.0000,-0.0034,-0.0384
3.0000,-0.0100,-0.0474
3.0000,-0.0014,-0.0413
3.0000,-0.0002,-0.0426
3.0000,-0.0044,-0.0493
3.0000,-0.0043,-0.0517
3.0000,-0.0028,-0.0528
3.0000,-0.0012,-0.0538
3.0000,-0.0031,-0.0582
3.0000,-0.0003,-0.0580
3.0000,0.0091,-0.0512
3.0000,0.0138,-0.0491
3.0000,0.0124,-0.0531
3.0000,0.0099,-0.0581
3.0000,0.0182,-0.0524
3.0000,0.0199,-0.0532
3.0000,0.0196,-0.0560
3.0000,0.0175,-0.0605
3.0000,0.0237,-0.0568
3.0000,0.0254,-0.0575
3.0000,0.0315,-0.0536
3.0000,0.0313,-0.0562
3.0000,0.0301,-0.0595
3.0000,0.0369,-0.0549
3.0000,0.0354,-0.0584
3.0000,0.0379,-0.0580
3.0000,0.0372,-0.0606
3.0000,0.0486,-0.0510
3.0000,0.0504,-0.0510
3.0000,0.0536,-0.0494
3.0000,0.0537,-0.0509
3.0000,0.0488,-0.0573
3.0000,0.0541,-0.0533
3.0000,0.0573,-0.0514
3.0000,0.0641,-0.0457
3.0000,0.0615,-0.0493
3.0000,0.0603,-0.0514
3.0000,0.0616,-0.0509
3.0000,0.0671,-0.0461
3.0000,0.0742,-0.0395
3.0000,0.0787,-0.0354
3.0000,0.0718,-0.0426
3.0000,0.0819,-0.0325
3.0000,0.0825,-0.0319
3.0000,0.0804,-0.0338
3.0000,0.0787,-0.0352
3.0000,0.0819,-0.0315
3.0000,0.0851,-0.0277
3.0000,0.0845,-0.0275
3.0000,0.0939,-0.0171
3.0000,0.0902,-0.0198
3.0000,0.0891,-0.0196
3.0000,0.0946,-0.0127
3.0000,0.1004,-0.0053
3.0000,0.0973,-0.0066
3.0000,0.0929,-0.0091
3.0000,0.0943,-0.0057
3.0000,0.0971,-0.0007
3.0000,0.1063,0.0109
3.0000,0.1082,0.0154
3.0000,0.0992,0.0091
3.0000,0.1023,0.0150
3.0000,0.1001,0.0159
3.0000,0.1089,0.0278
3.0000,0.1068,0.0291
3.0000,0.1086,0.0343
3.0000,0.1074,0.0368
3.0000,0.1038,0.0370
3.0000,0.1034,0.0405
3.0000,0.1011,0.0423
3.0000,0.1007,0.0461
3.0000,0.1042,0.0540
3.0000,0.1030,0.0573
3.0000,0.0966,0.0555
3.0000,0.0942,0.0578
3.0000,0.0943,0.0628
3.0000,0.0918,0.0652
3.0000,0.1017,0.0802
3.0000,0.0888,0.0726
3.0000,0.0924,0.0815
3.0000,0.0938,0.0883
3.0000,0.0847,0.0847
3.0000,0.0926,0.0981
3.0000,0.0885,0.0998
3.0000,0.0781,0.0952
3.0000,0.0826,0.1054
3.0000,0.0723,0.1011
3.0000,0.0744,0.1091
3.0000,0.0702,0.1110
3.0000,0.0620,0.1088
3.0000,0.0582,0.1111
3.0000,0.0599,0.1189
3.0000,0.0619,0.1271
3.0000,0.0554,0.1267
3.0000,0.0533,0.1308
3.0000,0.0497,0.1334
3.0000,0.0416,0.1315
3.0000,0.0350,0.1310
3.0000,0.0335,0.1357
3.0000,0.0254,0.1337
3.0000,0.0278,0.1423
3.0000,0.0257,0.1462
3.0000,0.0227,0.1493
3.0000,0.0091,0.1416
3.0000,0.0031,0.1416
3.0000,0.0063,0.1505
3.0000,0.0017,0.1517
3.0000,-0.0045,0.1512
3.0000,-0.0153,0.1460
3.0000,-0.0162,0.1505
3.0000,-0.0197,0.1524
3.0000,-0.0288,0.1485
3.0000,-0.0352,0.1473
3.0000,-0.0312,0.1563
3.0000,-0.0408,0.1515
3.0000,-0.0393,0.1578
3.0000,-0.0492,0.1524
3.0000,-0.0606,0.1454
3.0000,-0.0572,0.1531
3.0000,-0.0643,0.1500
3.0000,-0.0758,0.1424
3.0000,-0.0748,0.1472
3.0000,-0.0824,0.1430
3.0000,-0.0867,0.1421
3.0000,-0.0873,0.1446
3.0000,-0.0910,0.1438
3.0000,-0.0963,0.1411
3.0000,-0.1099,0.1301
3.0000,-0.1137,0.1284
3.0000,-0.1199,0.1243
3.0000,-0.1200,0.1260
3.0000,-0.1263,0.1212
3.0000,-0.1286,0.1201
3.0000,-0.1312,0.1186
3.0000,-0.1419,0.1087
3.0000,-0.1443,0.1069
3.0000,-0.1495,0.1019
3.0000,-0.1515,0.1000
3.0000,-0.1558,0.0954
3.0000,-0.1618,0.0889
3.0000,-0.1649,0.0850
3.0000,-0.1603,0.0886
3.0000,-0.1621,0.0854
3.0000,-0.1667,0.0792
3.0000,-0.1759,0.0681
3.0000,-0.1820,0.0598
3.0000,-0.1769,0.0625
3.0000,-0.1785,0.0582
3.0000,-0.1800,0.0538
3.0000,-0.1919,0.0385
3.0000,-0.1924,0.0345
3.0000,-0.1989,0.0242
3.0000,-0.1970,0.0220
3.0000,-0.1984,0.0162
3.0000,-0.1924,0.0177
3.0000,-0.2013,0.0039
3.0000,-0.1968,0.0032
3.0000,-0.2038,-0.0092
3.0000,-0.1978,-0.0089
3.0000,-0.2026,-0.0196
3.0000,-0.2043,-0.0275
3.0000,-0.2048,-0.0344
3.0000,-0.2046,-0.0408
3.0000,-0.1984,-0.0415
3.0000,-0.1995,-0.0497
3.0000,-0.2026,-0.0602
3.0000,-0.2033,-0.0685
3.0000,-0.1922,-0.0651
3.0000,-0.2015,-0.0824
3.0000,-0.1974,-0.0865
3.0000,-0.1964,-0.0939
3.0000,-0.1904,-0.0965
3.0000,-0.1879,-0.1027
3.0000,-0.1810,-0.1046
3.0000,-0.1843,-0.1170
3.0000,-0.1818,-0.1238
3.0000,-0.1806,-0.1319
3.0000,-0.1739,-0.1347
3.0000,-0.1766,-0.1471
3.0000,-0.1662,-0.1464
3.0000,-0.1670,-0.1570
3.0000,-0.1609,-0.1609
3.0000,-0.1592,-0.1693
3.0000,-0.1520,-0.1721
3.0000,-0.1405,-0.1709
3.0000,-0.1345,-0.1751
3.0000,-0.1338,-0.1847
3.0000,-0.1335,-0.1947
3.0000,-0.1233,-0.1949
3.0000,-0.1149,-0.1968
3.0000,-0.1132,-0.2055
3.0000,-0.1085,-0.2112
3.0000,-0.0956,-0.2087
3.0000,-0.0946,-0.2180
3.0000,-0.0920,-0.2257
3.0000,-0.0792,-0.2231
3.0000,-0.0719,-0.2260
3.0000,-0.0624,-0.2266
3.0000,-0.0644,-0.2386
3.0000,-0.0491,-0.2332
3.0000,-0.0433,-0.2373
3.0000,-0.0421,-0.2457
3.0000,-0.0341,-0.2473
3.0000,-0.0265,-0.2491
3.0000,-0.0107,-0.2427
3.0000,-0.0119,-0.2530
3.0000,-0.0012,-0.2512
3.0000,0.0121,-0.2466
3.0000,0.0166,-0.2507
3.0000,0.0188,-0.2569
3.0000,0.0365,-0.2474
3.0000,0.0360,-0.2558
3.0000,0.0527,-0.2468
3.0000,0.0579,-0.2490
3.0000,0.0615,-0.2526
3.0000,0.0725,-0.2485
3.0000,0.0755,-0.2521
3.0000,0.0945,-0.2395
3.0000,0.0986,-0.2415
3.0000,0.1081,-0.2378
3.0000,0.1179,-0.2334
3.0000,0.1153,-0.2412
3.0000,0.1312,-0.2300
3.0000,0.1394,-0.2264
3.0000,0.1463,-0.2236
3.0000,0.1493,-0.2244
3.0000,0.1535,-0.2236
3.0000,0.1724,-0.2078
3.0000,0.1788,-0.2041
3.0000,0.1855,-0.1999
3.0000,0.1930,-0.1943
3.0000,0.1982,-0.1907
3.0000,0.2001,-0.1900
3.0000,0.2028,-0.1882
3.0000,0.2142,-0.1772
3.0000,0.2189,-0.1726
3.0000,0.2246,-0.1665
3.0000,0.2338,-0.1566
3.0000,0.2358,-0.1534
3.0000,0.2387,-0.1489
3.0000,0.2509,-0.1348
3.0000,0.2487,-0.1346
3.0000,0.2631,-0.1175
3.0000,0.2690,-0.1084
3.0000,0.2724,-0.1014
3.0000,0.2714,-0.0985
3.0000,0.2779,-0.0875
3.0000,0.2741,-0.0865
3.0000,0.2874,-0.0680
3.0000,0.2915,-0.0583
3.0000,0.2856,-0.0583
3.0000,0.2926,-0.0449
3.0000,0.2874,-0.0434
3.0000,0.2968,-0.0269
3.0000,0.2959,-0.0202
3.0000,0.2991,-0.0092
3.0000,0.2974,-0.0026
3.0000,0.2951,0.0037
3.0000,0.3040,0.0215
3.0000,0.2997,0.0266
3.0000,0.3061,0.0426
3.0000,0.3012,0.0477
3.0000,0.2984,0.0551
3.0000,0.2934,0.0607
3.0000,0.2952,0.0735
3.0000,0.2949,0.0844
3.0000,0.2917,0.0927
3.0000,0.2895,0.1022
3.0000,0.2937,0.1185
3.0000,0.2917,0.1287
3.0000,0.2895,0.1391
3.0000,0.2812,0.1436
3.0000,0.2712,0.1465
3.0000,0.2695,0.1580
3.0000,0.2711,0.1730
3.0000,0.2641,0.1795
3.0000,0.2606,0.1898
3.0000,0.2573,0.2004
3.0000,0.2532,0.2104
3.0000,0.2445,0.2158
3.0000,0.2411,0.2268
3.0000,0.2332,0.2332
3.0000,0.2187,0.2332
3.0000,0.2141,0.2431
3.0000,0.2111,0.2547
3.0000,0.1963,0.2546
3.0000,0.1941,0.2671
3.0000,0.1901,0.2778
3.0000,0.1813,0.2837
3.0000,0.1742,0.2913
3.0000,0.1633,0.2951
3.0000,0.1461,0.2925
3.0000,0.1427,0.3037
3.0000,0.1361,0.3116
3.0000,0.1231,0.3130
3.0000,0.1132,0.3174
3.0000,0.1022,0.3204
3.0000,0.0935,0.3258
3.0000,0.0810,0.3272
3.0000,0.0768,0.3367
3.0000,0.0640,0.3374
3.0000,0.0503,0.3371
3.0000,0.0401,0.3400
3.0000,0.0352,0.3480
3.0000,0.0158,0.3412
3.0000,0.0139,0.3517
3.0000,0.0014,0.3514
3.0000,-0.0075,0.3544
3.0000,-0.0219,0.3515
3.0000,-0.0338,0.3509
3.0000,-0.0443,0.3512
3.0000,-0.0508,0.3554
3.0000,-0.0618,0.3546
3.0000,-0.0824,0.3438
3.0000,-0.0849,0.3509
3.0000,-0.0994,0.3455
3.0000,-0.1136,0.3401
3.0000,-0.1163,0.3456
3.0000,-0.1359,0.3339
3.0000,-0.1406,0.3367
3.0000,-0.1524,0.3319
3.0000,-0.1688,0.3221
3.0000,-0.1740,0.3231
3.0000,-0.1863,0.3164
3.0000,-0.2017,0.3062
3.0000,-0.2013,0.3113
3.0000,-0.2137,0.3031
3.0000,-0.2314,0.2891
3.0000,-0.2416,0.2822
3.0000,-0.2406,0.2859
3.0000,-0.2596,0.2691
3.0000,-0.2609,0.2694
3.0000,-0.2777,0.2537
3.0000,-0.2886,0.2435
3.0000,-0.2960,0.2362
3.0000,-0.2967,0.2351
3.0000,-0.3058,0.2250
3.0000,-0.3133,0.2160
3.0000,-0.3271,0.2001
3.0000,-0.3286,0.1961
3.0000,-0.3363,0.1852
3.0000,-0.3393,0.1785
3.0000,-0.3449,0.1687
3.0000,-0.3598,0.1491
3.0000,-0.3586,0.1450
3.0000,-0.3714,0.1264
3.0000,-0.3745,0.1170
3.0000,-0.3746,0.1100
3.0000,-0.3786,0.0986
3.0000,-0.3855,0.0837
3.0000,-0.3873,0.0736
3.0000,-0.3850,0.0669
3.0000,-0.3933,0.0492
3.0000,-0.3929,0.0397
3.0000,-0.4035,0.0187
3.0000,-0.3969,0.0144
3.0000,-0.3969,0.0031
3.0000,-0.4042,-0.0160
3.0000,-0.3965,-0.0205
3.0000,-0.4023,-0.0390
3.0000,-0.4029,-0.0527
3.0000,-0.4022,-0.0656
3.0000,-0.4010,-0.0783
3.0000,-0.3930,-0.0846
3.0000,-0.3940,-0.1003
3.0000,-0.3919,-0.1133
3.0000,-0.3933,-0.1300
3.0000,-0.3897,-0.1423
3.0000,-0.3778,-0.1464
3.0000,-0.3788,-0.1638
3.0000,-0.3800,-0.1817
3.0000,-0.3695,-0.1881
3.0000,-0.3651,-0.2010
3.0000,-0.3586,-0.2120
3.0000,-0.3523,-0.2233
3.0000,-0.3498,-0.2388
3.0000,-0.3379,-0.2450
3.0000,-0.3381,-0.2634
3.0000,-0.3296,-0.2735
3.0000,-0.3192,-0.2816
3.0000,-0.3055,-0.2867
3.0000,-0.3007,-0.3007
3.0000,-0.2866,-0.3055
3.0000,-0.2882,-0.3261
3.0000,-0.2770,-0.3339
3.0000,-0.2640,-0.3401
3.0000,-0.2499,-0.3450
3.0000,-0.2469,-0.3611
3.0000,-0.2310,-0.3643
3.0000,-0.2237,-0.3759
3.0000,-0.2035,-0.3747
3.0000,-0.1943,-0.3844
3.0000,-0.1892,-0.3980
3.0000,-0.1793,-0.4068
3.0000,-0.1587,-0.4047
3.0000,-0.1482,-0.4125
3.0000,-0.1411,-0.4236
3.0000,-0.1280,-0.4285
3.0000,-0.1110,-0.4292
3.0000,-0.0924,-0.4281
3.0000,-0.0885,-0.4414
3.0000,-0.0711,-0.4410
3.0000,-0.0577,-0.4443
3.0000,-0.0366,-0.4396
3.0000,-0.0228,-0.4418
3.0000,-0.0101,-0.4447
3.0000,-0.0009,-0.4509
3.0000,0.0133,-0.4517
3.0000,0.0327,-0.4468
3.0000,0.0381,-0.4555
3.0000,0.0572,-0.4502
3.0000,0.0678,-0.4528
3.0000,0.0886,-0.4447
3.0000,0.0949,-0.4508
3.0000,0.1178,-0.4397
3.0000,0.1297,-0.4391
3.0000,0.1422,-0.4374
3.0000,0.1573,-0.4326
3.0000,0.1673,-0.4323
3.0000,0.1806,-0.4282
3.0000,0.2018,-0.4156
3.0000,0.2072,-0.4182
3.0000,0.2192,-0.4137
3.0000,0.2390,-0.4007
3.0000,0.2446,-0.4014
3.0000,0.2660,-0.3855
3.0000,0.2784,-0.3781
3.0000,0.2891,-0.3717
3.0000,0.3060,-0.3586
3.0000,0.3162,-0.3514
3.0000,0.3191,-0.3509
3.0000,0.3397,-0.3321
3.0000,0.3422,-0.3306
3.0000,0.3582,-0.3151
3.0000,0.3664,-0.3065
3.0000,0.3747,-0.2974
3.0000,0.3868,-0.2836
3.0000,0.4019,-0.2663
3.0000,0.4062,-0.2591
3.0000,0.4102,-0.2514
3.0000,0.4226,-0.2347
3.0000,0.4352,-0.2172
3.0000,0.4451,-0.2016
3.0000,0.4498,-0.1905
3.0000,0.4549,-0.1785
3.0000,0.4610,-0.1648
3.0000,0.4597,-0.1578
3.0000,0.4750,-0.1335
3.0000,0.4797,-0.1192
3.0000,0.4812,-0.1075
3.0000,0.4887,-0.0891
3.0000,0.4826,-0.0838
3.0000,0.4899,-0.0643
3.0000,0.4970,-0.0446
3.0000,0.4914,-0.0368
3.0000,0.4945,-0.0199
3.0000,0.4954,-0.0046
3.0000,0.4958,0.0108
3.0000,0.4991,0.0296
3.0000,0.5032,0.0498
3.0000,0.4945,0.0577
3.0000,0.4989,0.0792
3.0000,0.5034,0.1011
3.0000,0.4902,0.1060
3.0000,0.4982,0.1325
3.0000,0.4886,0.1418
3.0000,0.4821,0.1547
3.0000,0.4803,0.1726
3.0000,0.4744,0.1868
3.0000,0.4732,0.2061
3.0000,0.4646,0.2184
3.0000,0.4577,0.2326
3.0000,0.4484,0.2448
3.0000,0.4452,0.2633
3.0000,0.4407,0.2809
3.0000,0.4248,0.2873
3.0000,0.4233,0.3083
3.0000,0.4158,0.3235
3.0000,0.4015,0.3320
3.0000,0.3892,0.3427
3.0000,0.3813,0.3580
3.0000,0.3719,0.3719
3.0000,0.3568,0.3802
3.0000,0.3458,0.3926
3.0000,0.3319,0.4022
3.0000,0.3247,0.4185
3.0000,0.3160,0.4332
3.0000,0.3027,0.4434
3.0000,0.2811,0.4453
3.0000,0.2737,0.4612
3.0000,0.2549,0.4656
3.0000,0.2435,0.4773
3.0000,0.2310,0.4878
3.0000,0.2113,0.4909
3.0000,0.1941,0.4963
3.0000,0.1820,0.5065
3.0000,0.1717,0.5184
3.0000,0.1506,0.5192
3.0000,0.1293,0.5195
3.0000,0.1126,0.5240
3.0000,0.0957,0.5281
3.0000,0.0840,0.5371
3.0000,0.0645,0.5378
3.0000,0.0518,0.5449
3.0000,0.0305,0.5430
3.0000,0.0168,0.5483
3.0000,-0.0061,0.5439
3.0000,-0.0180,0.5500
3.0000,-0.0404,0.5452
3.0000,-0.0523,0.5503
3.0000,-0.0646,0.5544
3.0000,-0.0905,0.5445
3.0000,-0.1017,0.5486
3.0000,-0.1238,0.5413
3.0000,-0.1435,0.5358
3.0000,-0.1546,0.5382
3.0000,-0.1778,0.5278
3.0000,-0.1853,0.5326
3.0000,-0.2043,0.5251
3.0000,-0.2213,0.5189
3.0000,-0.2360,0.5144
3.0000,-0.2584,0.5015
3.0000,-0.2681,0.5005
3.0000,-0.2934,0.4833
3.0000,-0.3022,0.4817
3.0000,-0.3257,0.4647
3.0000,-0.3304,0.4658
3.0000,-0.3477,0.4535
3.0000,-0.3677,0.4377
3.0000,-0.3824,0.4264
3.0000,-0.3879,0.4235
3.0000,-0.4053,0.4078
3.0000,-0.4182,0.3960
3.0000,-0.4348,0.3796
3.0000,-0.4434,0.3704
3.0000,-0.4584,0.3540
3.0000,-0.4663,0.3439
3.0000,-0.4764,0.3307
3.0000,-0.4956,0.3077
3.0000,-0.5048,0.2938
3.0000,-0.5160,0.2771
3.0000,-0.5266,0.2602
3.0000,-0.5283,0.2514
3.0000,-0.5344,0.2374
3.0000,-0.5414,0.2217
3.0000,-0.5497,0.2040
3.0000,-0.5665,0.1769
3.0000,-0.5702,0.1622
3.0000,-0.5793,0.1414
3.0000,-0.5765,0.1316
3.0000,-0.5785,0.1162
3.0000,-0.5905,0.0903
3.0000,-0.5902,0.0758
3.0000,-0.5984,0.0522
3.0000,-0.6023,0.0320
3.0000,-0.6008,0.0167
3.0000,-0.6034,-0.0034
3.0000,-0.6044,-0.0226
3.0000,-0.6011,-0.0380
3.0000,-0.6029,-0.0593
3.0000,-0.6049,-0.0814
3.0000,-0.5944,-0.0915
3.0000,-0.5899,-0.1082
3.0000,-0.5865,-0.1265
3.0000,-0.5861,-0.1484
3.0000,-0.5881,-0.1732
3.0000,-0.5759,-0.1842
3.0000,-0.5801,-0.2122
3.0000,-0.5750,-0.2313
3.0000,-0.5588,-0.2397
3.0000,-0.5502,-0.2561
3.0000,-0.5433,-0.2745
3.0000,-0.5369,-0.2938
3.0000,-0.5358,-0.3188
3.0000,-0.5175,-0.3269
3.0000,-0.5068,-0.3428
3.0000,-0.5003,-0.3631
3.0000,-0.4845,-0.3745
3.0000,-0.4850,-0.4022
3.0000,-0.4684,-0.4131
3.0000,-0.4594,-0.4317
3.0000,-0.4456,-0.4456
3.0000,-0.4271,-0.4549
3.0000,-0.4159,-0.4716
3.0000,-0.4045,-0.4881
3.0000,-0.3873,-0.4988
3.0000,-0.3743,-0.5136
3.0000,-0.3533,-0.5205
3.0000,-0.3417,-0.5367
3.0000,-0.3216,-0.5442
3.0000,-0.3046,-0.5547
3.0000,-0.2845,-0.5620
3.0000,-0.2734,-0.5781
3.0000,-0.2564,-0.5880
3.0000,-0.2377,-0.5960
3.0000,-0.2176,-0.6024
3.0000,-0.1971,-0.6080
3.0000,-0.1840,-0.6207
3.0000,-0.1615,-0.6237
3.0000,-0.1448,-0.6321
3.0000,-0.1209,-0.6328
3.0000,-0.1063,-0.6425
3.0000,-0.0761,-0.6361
3.0000,-0.0598,-0.6430
3.0000,-0.0453,-0.6514
3.0000,-0.0171,-0.6454
3.0000,-0.0031,-0.6531
3.0000,0.0247,-0.6465
3.0000,0.0458,-0.6458
3.0000,0.0669,-0.6447
3.0000,0.0846,-0.6462
3.0000,0.1058,-0.6436
3.0000,0.1175,-0.6498
3.0000,0.1436,-0.6409
3.0000,0.1606,-0.6404
3.0000,0.1823,-0.6344
3.0000,0.2001,-0.6315
3.0000,0.2252,-0.6207
3.0000,0.2476,-0.6116
3.0000,0.2610,-0.6108
3.0000,0.2886,-0.5949
3.0000,0.2968,-0.5977
3.0000,0.3147,-0.5898
3.0000,0.3404,-0.5733
3.0000,0.3526,-0.5693
3.0000,0.3739,-0.5554
3.0000,0.3881,-0.5478
3.0000,0.4080,-0.5335
3.0000,0.4337,-0.5125
3.0000,0.4459,-0.5040
3.0000,0.4632,-0.4895
3.0000,0.4835,-0.4711
3.0000,0.4883,-0.4672
3.0000,0.5059,-0.4497
3.0000,0.5236,-0.4310
3.0000,0.5427,-0.4100
3.0000,0.5508,-0.3990
3.0000,0.5599,-0.3862
3.0000,0.5794,-0.3619
3.0000,0.5912,-0.3444
3.0000,0.5963,-0.3326
3.0000,0.6060,-0.3153
3.0000,0.6198,-0.2930
3.0000,0.6312,-0.2721
3.0000,0.6374,-0.2555
3.0000,0.6507,-0.2310
3.0000,0.6535,-0.2160
3.0000,0.6643,-0.1921
3.0000,0.6644,-0.1779
3.0000,0.6752,-0.1522
3.0000,0.6755,-0.1363
3.0000,0.6909,-0.1042
3.0000,0.6852,-0.0925
3.0000,0.6879,-0.0716
3.0000,0.6981,-0.0423
3.0000,0.7037,-0.0169
3.0000,0.7007,0.0007
3.0000,0.6996,0.0210
3.0000,0.6995,0.0430
3.0000,0.7025,0.0688
3.0000,0.6950,0.0848
3.0000,0.7006,0.1146
3.0000,0.6901,0.1289
3.0000,0.6936,0.1578
3.0000,0.6825,0.1728
3.0000,0.6804,0.1973
3.0000,0.6790,0.2232
3.0000,0.6691,0.2410
3.0000,0.6652,0.2653
3.0000,0.6489,0.2777
3.0000,0.6474,0.3054
3.0000,0.6389,0.3265
3.0000,0.6297,0.3472
3.0000,0.6145,0.3623
3.0000,0.6074,0.3859
3.0000,0.5980,0.4075
3.0000,0.5834,0.4241
3.0000,0.5733,0.4455
3.0000,0.5615,0.4655
3.0000,0.5385,0.4743
3.0000,0.5227,0.4905
3.0000,0.5125,0.5125
3.0000,0.4936,0.5258
3.0000,0.4771,0.5416
3.0000,0.4669,0.5638
3.0000,0.4492,0.5784
3.0000,0.4329,0.5944
3.0000,0.4091,0.6028
3.0000,0.3955,0.6214
3.0000,0.3754,0.6332
3.0000,0.3544,0.6440
3.0000,0.3288,0.6500
3.0000,0.3188,0.6714
3.0000,0.2969,0.6805
3.0000,0.2762,0.6907
3.0000,0.2566,0.7016
3.0000,0.2267,0.7018
3.0000,0.2100,0.7148
3.0000,0.1831,0.7172
3.0000,0.1626,0.7257
3.0000,0.1453,0.7368
3.0000,0.1195,0.7388
3.0000,0.0892,0.7358
3.0000,0.0655,0.7389
3.0000,0.0509,0.7504
3.0000,0.0213,0.7464
3.0000,-0.0030,0.7470
3.0000,-0.0213,0.7530
3.0000,-0.0449,0.7529
3.0000,-0.0769,0.7436
3.0000,-0.0921,0.7504
3.0000,-0.1163,0.7475
3.0000,-0.1469,0.7374
3.0000,-0.1695,0.7344
3.0000,-0.1893,0.7334
3.0000,-0.2099,0.7307
3.0000,-0.2356,0.7221
3.0000,-0.2608,0.7130
3.0000,-0.2764,0.7126
3.0000,-0.3033,0.7000
3.0000,-0.3194,0.6972
3.0000,-0.3458,0.6831
3.0000,-0.3668,0.6735
3.0000,-0.3893,0.6613
3.0000,-0.4070,0.6529
3.0000,-0.4270,0.6413
3.0000,-0.4496,0.6259
3.0000,-0.4736,0.6081
3.0000,-0.4885,0.5984
3.0000,-0.5120,0.5790
3.0000,-0.5279,0.5662
3.0000,-0.5427,0.5533
3.0000,-0.5600,0.5369
3.0000,-0.5880,0.5087
3.0000,-0.6008,0.4946
3.0000,-0.6132,0.4798
3.0000,-0.6297,0.4598
3.0000,-0.6469,0.4381
3.0000,-0.6630,0.4163
3.0000,-0.6684,0.4041
3.0000,-0.6819,0.3828
3.0000,-0.6940,0.3619
3.0000,-0.7131,0.3327
3.0000,-0.7279,0.3069
3.0000,-0.7284,0.2944
3.0000,-0.7378,0.2719
3.0000,-0.7458,0.2497
3.0000,-0.7599,0.2204
3.0000,-0.7657,0.1984
3.0000,-0.7722,0.1747
3.0000,-0.7849,0.1438
3.0000,-0.7858,0.1238
3.0000,-0.7848,0.1047
3.0000,-0.7951,0.0733
3.0000,-0.7988,0.0478
3.0000,-0.7980,0.0257
3.0000,-0.7978,0.0022
3.0000,-0.8038,-0.0284
3.0000,-0.8011,-0.0510
3.0000,-0.8016,-0.0777
3.0000,-0.8029,-0.1060
3.0000,-0.7970,-0.1278
3.0000,-0.7946,-0.1539
3.0000,-0.7931,-0.1816
3.0000,-0.7847,-0.2030
3.0000,-0.7781,-0.2269
3.0000,-0.7670,-0.2469
3.0000,-0.7594,-0.2711
3.0000,-0.7533,-0.2972
3.0000,-0.7496,-0.3263
3.0000,-0.7373,-0.3473
3.0000,-0.7315,-0.3753
3.0000,-0.7164,-0.3944
3.0000,-0.7075,-0.4202
3.0000,-0.6921,-0.4397
3.0000,-0.6747,-0.4577
3.0000,-0.6654,-0.4839
3.0000,-0.6538,-0.5083
3.0000,-0.6294,-0.5200
3.0000,-0.6118,-0.5387
3.0000,-0.6015,-0.5649
3.0000,-0.5886,-0.5886
3.0000,-0.5672,-0.6039
3.0000,-0.5498,-0.6232
3.0000,-0.5266,-0.6368
3.0000,-0.5132,-0.6602
3.0000,-0.4928,-0.6764
3.0000,-0.4610,-0.6812
3.0000,-0.4485,-0.7052
3.0000,-0.4245,-0.7175
3.0000,-0.4033,-0.7323
3.0000,-0.3762,-0.7411
3.0000,-0.3557,-0.7562
3.0000,-0.3347,-0.7704
3.0000,-0.3056,-0.7763
3.0000,-0.2873,-0.7925
3.0000,-0.2639,-0.8032
3.0000,-0.2360,-0.8090
3.0000,-0.2144,-0.8205
3.0000,-0.1892,-0.8280
3.0000,-0.1589,-0.8298
3.0000,-0.1262,-0.8287
3.0000,-0.1097,-0.8430
3.0000,-0.0761,-0.8396
3.0000,-0.0474,-0.8405
3.0000,-0.0260,-0.8479
3.0000,0.0029,-0.8471
3.0000,0.0305,-0.8468
3.0000,0.0501,-0.8537
3.0000,0.0748,-0.8547
3.0000,0.1122,-0.8421
3.0000,0.1296,-0.8486
3.0000,0.1605,-0.8408
3.0000,0.1851,-0.8382
3.0000,0.2078,-0.8366
3.0000,0.2343,-0.8303
3.0000,0.2622,-0.8215
3.0000,0.2917,-0.8100
3.0000,0.3236,-0.7952
3.0000,0.3415,-0.7933
3.0000,0.3653,-0.7843
3.0000,0.3946,-0.7688
3.0000,0.4213,-0.7548
3.0000,0.4451,-0.7425
3.0000,0.4609,-0.7371
3.0000,0.4859,-0.7213
3.0000,0.5068,-0.7084
3.0000,0.5353,-0.6868
3.0000,0.5506,-0.6771
3.0000,0.5743,-0.6579
3.0000,0.6039,-0.6315
3.0000,0.6197,-0.6177
3.0000,0.6371,-0.6011
3.0000,0.6589,-0.5789
3.0000,0.6826,-0.5535
3.0000,0.6920,-0.5413
3.0000,0.7102,-0.5190
3.0000,0.7341,-0.4897
3.0000,0.7386,-0.4787
3.0000,0.7591,-0.4504
3.0000,0.7760,-0.4246
3.0000,0.7867,-0.4036
3.0000,0.8033,-0.3756
3.0000,0.8123,-0.3540
3.0000,0.8218,-0.3307
3.0000,0.8303,-0.3073
3.0000,0.8438,-0.2777
3.0000,0.8494,-0.2548
3.0000,0.8604,-0.2254
3.0000,0.8668,-0.1995
3.0000,0.8807,-0.1650
3.0000,0.8815,-0.1425
3.0000,0.8923,-0.1089
3.0000,0.8951,-0.0823
3.0000,0.8948,-0.0578
3.0000,0.9019,-0.0249
3.0000,0.8985,-0.0015
3.0000,0.9054,0.0331
3.0000,0.8986,0.0550
3.0000,0.8933,0.0793
3.0000,0.9009,0.1174
3.0000,0.8950,0.1427
3.0000,0.8895,0.1693
3.0000,0.8897,0.2024
3.0000,0.8830,0.2293
3.0000,0.8668,0.2475
3.0000,0.8682,0.2840
3.0000,0.8564,0.3079
3.0000,0.8442,0.3320
3.0000,0.8423,0.3670
3.0000,0.8273,0.3895
3.0000,0.8161,0.4163
3.0000,0.8035,0.4421
3.0000,0.7882,0.4657
3.0000,0.7741,0.4909
3.0000,0.7567,0.5132
3.0000,0.7419,0.5384
3.0000,0.7277,0.5644
3.0000,0.7124,0.5897
3.0000,0.6959,0.6140
3.0000,0.6767,0.6357
3.0000,0.6498,0.6498
3.0000,0.6361,0.6772
3.0000,0.6110,0.6933
3.0000,0.5932,0.7167
3.0000,0.5682,0.7329
3.0000,0.5484,0.7542
3.0000,0.5272,0.7739
3.0000,0.4958,0.7833
3.0000,0.4735,0.8016
3.0000,0.4545,0.8230
3.0000,0.4206,0.8292
3.0000,0.4028,0.8512
3.0000,0.3745,0.8623
3.0000,0.3489,0.8757
3.0000,0.3127,0.8781
3.0000,0.2929,0.8964
3.0000,0.2575,0.8986
3.0000,0.2334,0.9115
3.0000,0.2071,0.9217
3.0000,0.1758,0.9262
3.0000,0.1524,0.9379
3.0000,0.1148,0.9348
3.0000,0.0831,0.9367
3.0000,0.0579,0.9445
3.0000,0.0315,0.9502
3.0000,0.0027,0.9527
3.0000,-0.0338,0.9466
3.0000,-0.0586,0.9513
3.0000,-0.0870,0.9514
3.0000,-0.1167,0.9493
3.0000,-0.1532,0.9394
3.0000,-0.1838,0.9344
3.0000,-0.2118,0.9309
3.0000,-0.2408,0.9254
3.0000,-0.2729,0.9155
3.0000,-0.2956,0.9141
3.0000,-0.3247,0.9050
3.0000,-0.3498,0.8988
3.0000,-0.3850,0.8813
3.0000,-0.4101,0.8726
3.0000,-0.4368,0.8611
3.0000,-0.4630,0.8488
3.0000,-0.4951,0.8295
3.0000,-0.5139,0.8220
3.0000,-0.5441,0.8020
3.0000,-0.5756,0.7793
3.0000,-0.5939,0.7685
3.0000,-0.6140,0.7545
3.0000,-0.6409,0.7324
3.0000,-0.6634,0.7134
3.0000,-0.6904,0.6884
3.0000,-0.7106,0.6689
3.0000,-0.7306,0.6483
3.0000,-0.7521,0.6249
3.0000,-0.7703,0.6033
3.0000,-0.7985,0.5704
3.0000,-0.8142,0.5486
3.0000,-0.8264,0.5289
3.0000,-0.8462,0.5003
3.0000,-0.8599,0.4764
3.0000,-0.8788,0.4460
3.0000,-0.8898,0.4221
3.0000,-0.9020,0.3958
3.0000,-0.9225,0.3598
3.0000,-0.9356,0.3300
3.0000,-0.9434,0.3041
3.0000,-0.9523,0.2759
3.0000,-0.9648,0.2427
3.0000,-0.9629,0.2228
3.0000,-0.9787,0.1840
3.0000,-0.9871,0.1513
3.0000,-0.9913,0.1217
3.0000,-0.9902,0.0962
3.0000,-0.9991,0.0596
3.0000,-0.9987,0.0312
3.0000,-0.9969,0.0031
4.0000,-0.0041,-0.0052
4.0000,0.0051,0.0030
4.0000,0.0012,-0.0020
4.0000,-0.0047,-0.0092
4.0000,-0.0028,-0.0085
4.0000,0.0040,-0.0030
4.0000,-0.0007,-0.0090
4.0000,-0.0021,-0.0118
4.0000,0.0048,-0.0063
4.0000,-0.0017,-0.0143
4.0000,0.0007,-0.0134
4.0000,0.0007,-0.0149
4.0000,0.0059,-0.0112
4.0000,0.0122,-0.0064
4.0000,0.0089,-0.0112
4.0000,0.0050,-0.0168
4.0000,0.0024,-0.0209
4.0000,0.0059,-0.0189
4.0000,0.0067,-0.0197
4.0000,0.0058,-0.0221
4.0000,0.0082,-0.0212
4.0000,0.0097,-0.0213
4.0000,0.0202,-0.0122
4.0000,0.0132,-0.0207
4.0000,0.0199,-0.0154
4.0000,0.0164,-0.0204
4.0000,0.0208,-0.0173
4.0000,0.0243,-0.0152
4.0000,0.0233,-0.0174
4.0000,0.0183,-0.0236
4.0000,0.0293,-0.0137
4.0000,0.0252,-0.0189
4.0000,0.0331,-0.0121
4.0000,0.0311,-0.0151
4.0000,0.0288,-0.0182
4.0000,0.0267,-0.0212
4.0000,0.0341,-0.0146
4.0000,0.0347,-0.0146
4.0000,0.0428,-0.0071
4.0000,0.0399,-0.0105
4.0000,0.0452,-0.0056
4.0000,0.0420,-0.0092
4.0000,0.0420,-0.0093
4.0000,0.0448,-0.0067
4.0000,0.0383,-0.0132
4.0000,0.0442,-0.0072
4.0000,0.0458,-0.0054
4.0000,0.0495,-0.0014
4.0000,0.0443,-0.0062
4.0000,0.0489,-0.0011
4.0000,0.0454,-0.0040
4.0000,0.0459,-0.0028
4.0000,0.0522,0.0044
4.0000,0.0536,0.0067
4.0000,0.0507,0.0050
4.0000,0.0509,0.0064
4.0000,0.0497,0.0065
4.0000,0.0510,0.0092
4.0000,0.0544,0.0142
4.0000,0.0507,0.0122
4.0000,0.0609,0.0242
4.0000,0.0551,0.0203
4.0000,0.0594,0.0266
4.0000,0.0533,0.0227
4.0000,0.0622,0.0337
4.0000,0.0523,0.0263
4.0000,0.0523,0.0287
4.0000,0.0516,0.0306
4.0000,0.0539,0.0356
4.0000,0.0603,0.0448
4.0000,0.0590,0.0464
4.0000,0.0501,0.0405
4.0000,0.0608,0.0543
4.0000,0.0553,0.0520
4.0000,0.0522,0.0522
4.0000,0.0533,0.0567
4.0000,0.0534,0.0602
4.0000,0.0496,0.0600
4.0000,0.0482,0.0622
4.0000,0.0503,0.0680
4.0000,0.0408,0.0623
4.0000,0.0427,0.0680
4.0000,0.0396,0.0688
4.0000,0.0426,0.0758
4.0000,0.0421,0.0792
4.0000,0.0390,0.0802
4.0000,0.0399,0.0852
4.0000,0.0274,0.0769
4.0000,0.0272,0.0808
4.0000,0.0277,0.0855
4.0000,0.0223,0.0843
4.0000,0.0235,0.0898
4.0000,0.0221,0.0926
4.0000,0.0128,0.0875
4.0000,0.0169,0.0959
4.0000,0.0072,0.0904
4.0000,0.0089,0.0964
4.0000,0.0013,0.0930
4.0000,0.0071,0.1029
4.0000,0.0039,0.1039
4.0000,-0.0044,0.0997
4.0000,-0.0091,0.0991
4.0000,-0.0134,0.0989
4.0000,-0.0160,0.1002
4.0000,-0.0219,0.0983
4.0000,-0.0259,0.0981
4.0000,-0.0253,0.1025
4.0000,-0.0207,0.1108
4.0000,-0.0305,0.1046
4.0000,-0.0359,0.1027
4.0000,-0.0431,0.0989
4.0000,-0.0381,0.1073
4.0000,-0.0485,0.1001
4.0000,-0.0440,0.1077
4.0000,-0.0561,0.0986
4.0000,-0.0553,0.1022
4.0000,-0.0646,0.0956
4.0000,-0.0624,0.1004
4.0000,-0.0626,0.1027
4.0000,-0.0642,0.1034
4.0000,-0.0793,0.0905
4.0000,-0.0834,0.0884
4.0000,-0.0805,0.0931
4.0000,-0.0836,0.0917
4.0000,-0.0867,0.0901
4.0000,-0.0935,0.0846
4.0000,-0.0943,0.0850
4.0000,-0.0972,0.0830
4.0000,-0.0990,0.0820
4.0000,-0.1039,0.0777
4.0000,-0.1111,0.0709
4.0000,-0.1153,0.0668
4.0000,-0.1164,0.0658
4.0000,-0.1113,0.0707
4.0000,-0.1215,0.0601
4.0000,-0.1274,0.0536
4.0000,-0.1227,0.0574
4.0000,-0.1243,0.0549
4.0000,-0.1323,0.0455
4.0000,-0.1326,0.0438
4.0000,-0.1342,0.0405
4.0000,-0.1361,0.0368
4.0000,-0.1427,0.0280
4.0000,-0.1412,0.0272
4.0000,-0.1388,0.0271
4.0000,-0.1409,0.0222
4.0000,-0.1462,0.0140
4.0000,-0.1415,0.0155
4.0000,-0.1439,0.0097
4.0000,-0.1533,-0.0033
4.0000,-0.1467,-0.0005
4.0000,-0.1537,-0.0116
4.0000,-0.1526,-0.0147
4.0000,-0.1548,-0.0213
4.0000,-0.1578,-0.0289
4.0000,-0.1544,-0.0304
4.0000,-0.1541,-0.0351
4.0000,-0.1516,-0.0379
4.0000,-0.1471,-0.0388
4.0000,-0.1478,-0.0451
4.0000,-0.1472,-0.0502
4.0000,-0.1519,-0.0609
4.0000,-0.1441,-0.0592
4.0000,-0.1470,-0.0685
4.0000,-0.1432,-0.0711
4.0000,-0.1423,-0.0768
4.0000,-0.1407,-0.0819
4.0000,-0.1423,-0.0905
4.0000,-0.1340,-0.0892
4.0000,-0.1350,-0.0974
4.0000,-0.1364,-0.1061
4.0000,-0.1378,-0.1150
4.0000,-0.1305,-0.1152
4.0000,-0.1232,-0.1155
4.0000,-0.1225,-0.1225
4.0000,-0.1142,-0.1220
4.0000,-0.1132,-0.1289
4.0000,-0.1142,-0.1379
4.0000,-0.1125,-0.1442
4.0000,-0.1024,-0.1422
4.0000,-0.0957,-0.1437
4.0000,-0.0923,-0.1484
4.0000,-0.0945,-0.1589
4.0000,-0.0902,-0.1628
4.0000,-0.0840,-0.1649
4.0000,-0.0775,-0.1666
4.0000,-0.0725,-0.1699
4.0000,-0.0755,-0.1811
4.0000,-0.0633,-0.1771
4.0000,-0.0622,-0.1842
4.0000,-0.0530,-0.1832
4.0000,-0.0425,-0.1808
4.0000,-0.0463,-0.1926
4.0000,-0.0401,-0.1943
4.0000,-0.0335,-0.1956
4.0000,-0.0211,-0.1910
4.0000,-0.0177,-0.1953
4.0000,-0.0112,-0.1964
4.0000,-0.0010,-0.1937
4.0000,0.0044,-0.1956
4.0000,0.0103,-0.1970
4.0000,0.0183,-0.1960
4.0000,0.0153,-0.2059
4.0000,0.0220,-0.2060
4.0000,0.0298,-0.2047
4.0000,0.0388,-0.2022
4.0000,0.0471,-0.2001
4.0000,0.0579,-0.1953
4.0000,0.0644,-0.1946
4.0000,0.0585,-0.2061
4.0000,0.0675,-0.2025
4.0000,0.0728,-0.2024
4.0000,0.0872,-0.1928
4.0000,0.0887,-0.1961
4.0000,0.1027,-0.1865
4.0000,0.0983,-0.1951
4.0000,0.1058,-0.1914
4.0000,0.1157,-0.1852
4.0000,0.1177,-0.1865
4.0000,0.1239,-0.1834
4.0000,0.1414,-0.1687
4.0000,0.1426,-0.1699
4.0000,0.1429,-0.1718
4.0000,0.1536,-0.1630
4.0000,0.1577,-0.1605
4.0000,0.1640,-0.1554
4.0000,0.1693,-0.1511
4.0000,0.1740,-0.1470
4.0000,0.1761,-0.1452
4.0000,0.1905,-0.1308
4.0000,0.1887,-0.1322
4.0000,0.1994,-0.1207
4.0000,0.2048,-0.1144
4.0000,0.2018,-0.1160
4.0000,0.2156,-0.1005
4.0000,0.2112,-0.1028
4.0000,0.2146,-0.0970
4.0000,0.2214,-0.0875
4.0000,0.2219,-0.0839
4.0000,0.2221,-0.0803
4.0000,0.2278,-0.0709
4.0000,0.2301,-0.0645
4.0000,0.2372,-0.0530
4.0000,0.2348,-0.0506
4.0000,0.2357,-0.0447
4.0000,0.2395,-0.0354
4.0000,0.2455,-0.0236
4.0000,0.2461,-0.0170
4.0000,0.2474,-0.0093
4.0000,0.2528,0.0028
4.0000,0.2561,0.0131
4.0000,0.2522,0.0165
4.0000,0.2469,0.0188
4.0000,0.2502,0.0300
4.0000,0.2526,0.0406
4.0000,0.2531,0.0496
4.0000,0.2466,0.0519
4.0000,0.2527,0.0669
4.0000,0.2481,0.0717
4.0000,0.2501,0.0831
4.0000,0.2519,0.0947
4.0000,0.2401,0.0929
4.0000,0.2359,0.0989
4.0000,0.2378,0.1114
4.0000,0.2370,0.1212
4.0000,0.2388,0.1338
4.0000,0.2314,0.1375
4.0000,0.2322,0.1495
4.0000,0.2286,0.1573
4.0000,0.2175,0.1578
4.0000,0.2148,0.1668
4.0000,0.2071,0.1709
4.0000,0.2020,0.1777
4.0000,0.2013,0.1892
4.0000,0.1953,0.1953
4.0000,0.1862,0.1985
4.0000,0.1830,0.2076
4.0000,0.1780,0.2150
4.0000,0.1701,0.2195
4.0000,0.1651,0.2270
4.0000,0.1582,0.2327
4.0000,0.1494,0.2364
4.0000,0.1390,0.2385
4.0000,0.1315,0.2435
4.0000,0.1272,0.2517
4.0000,0.1274,0.2644
4.0000,0.1190,0.2684
4.0000,0.1029,0.2647
4.0000,0.1008,0.2748
4.0000,0.0853,0.2715
4.0000,0.0769,0.2752
4.0000,0.0722,0.2824
4.0000,0.0636,0.2856
4.0000,0.0600,0.2937
4.0000,0.0441,0.2893
4.0000,0.0312,0.2878
4.0000,0.0320,0.2998
4.0000,0.0155,0.2942
4.0000,0.0132,0.3027
4.0000,-0.0047,0.2953
4.0000,-0.0136,0.2967
4.0000,-0.0147,0.3057
4.0000,-0.0254,0.3048
4.0000,-0.0331,0.3066
4.0000,-0.0469,0.3020
4.0000,-0.0557,0.3022
4.0000,-0.0649,0.3016
4.0000,-0.0818,0.2931
4.0000,-0.0923,0.2907
4.0000,-0.1003,0.2903
4.0000,-0.1064,0.2915
4.0000,-0.1127,0.2922
4.0000,-0.1269,0.2846
4.0000,-0.1281,0.2897
4.0000,-0.1424,0.2813
4.0000,-0.1477,0.2814
4.0000,-0.1588,0.2754
4.0000,-0.1765,0.2624
4.0000,-0.1804,0.2628
4.0000,-0.1830,0.2640
4.0000,-0.2030,0.2473
4.0000,-0.2027,0.2506
4.0000,-0.2105,0.2454
4.0000,-0.2215,0.2364
4.0000,-0.2287,0.2309
4.0000,-0.2341,0.2267
4.0000,-0.2465,0.2150
4.0000,-0.2471,0.2147
4.0000,-0.2653,0.1963
4.0000,-0.2611,0.1998
4.0000,-0.2776,0.1822
4.0000,-0.2754,0.1829
4.0000,-0.2888,0.1673
4.0000,-0.2896,0.1640
4.0000,-0.3008,0.1498
4.0000,-0.3038,0.1433
4.0000,-0.3152,0.1279
4.0000,-0.3135,0.1252
4.0000,-0.3190,0.1148
4.0000,-0.3245,0.1039
4.0000,-0.3332,0.0894
4.0000,-0.3301,0.0862
4.0000,-0.3381,0.0714
4.0000,-0.3352,0.0672
4.0000,-0.3364,0.0583
4.0000,-0.3372,0.0494
4.0000,-0.3507,0.0274
4.0000,-0.3427,0.0264
4.0000,-0.3512,0.0086
4.0000,-0.3535,-0.0035
4.0000,-0.3549,-0.0151
4.0000,-0.3538,-0.0246
4.0000,-0.3481,-0.0299
4.0000,-0.3547,-0.0478
4.0000,-0.3443,-0.0492
4.0000,-0.3498,-0.0668
4.0000,-0.3519,-0.0814
4.0000,-0.3506,-0.0929
4.0000,-0.3407,-0.0962
4.0000,-0.3464,-0.1153
4.0000,-0.3338,-0.1164
4.0000,-0.3379,-0.1346
4.0000,-0.3342,-0.1453
4.0000,-0.3290,-0.1546
4.0000,-0.3276,-0.1681
4.0000,-0.3166,-0.1722
4.0000,-0.3219,-0.1928
4.0000,-0.3151,-0.2015
4.0000,-0.3111,-0.2134
4.0000,-0.2950,-0.2132
4.0000,-0.2939,-0.2281
4.0000,-0.2890,-0.2395
4.0000,-0.2859,-0.2528
4.0000,-0.2686,-0.2520
4.0000,-0.2614,-0.2614
4.0000,-0.2630,-0.2797
4.0000,-0.2482,-0.2817
4.0000,-0.2449,-0.2952
4.0000,-0.2262,-0.2933
4.0000,-0.2204,-0.3045
4.0000,-0.2159,-0.3169
4.0000,-0.2110,-0.3288
4.0000,-0.1951,-0.3298
4.0000,-0.1884,-0.3399
4.0000,-0.1750,-0.3432
4.0000,-0.1611,-0.3460
4.0000,-0.1551,-0.3566
4.0000,-0.1410,-0.3590
4.0000,-0.1270,-0.3612
4.0000,-0.1202,-0.3706
4.0000,-0.1121,-0.3785
4.0000,-0.0967,-0.3789
4.0000,-0.0832,-0.3810
4.0000,-0.0708,-0.3840
4.0000,-0.0559,-0.3842
4.0000,-0.0500,-0.3933
4.0000,-0.0427,-0.4005
4.0000,-0.0206,-0.3929
4.0000,-0.0160,-0.4023
4.0000,-0.0037,-0.4037
4.0000,0.0085,-0.4049
4.0000,0.0299,-0.3965
4.0000,0.0441,-0.3951
4.0000,0.0543,-0.3972
4.0000,0.0661,-0.3972
4.0000,0.0773,-0.3976
4.0000,0.0896,-0.3964
4.0000,0.0973,-0.3993
4.0000,0.1100,-0.3969
4.0000,0.1311,-0.3856
4.0000,0.1377,-0.3883
4.0000,0.1478,-0.3869
4.0000,0.1618,-0.3813
4.0000,0.1702,-0.3807
4.0000,0.1885,-0.3697
4.0000,0.2013,-0.3636
4.0000,0.2095,-0.3617
4.0000,0.2297,-0.3472
4.0000,0.2364,-0.3457
4.0000,0.2465,-0.3401
4.0000,0.2580,-0.3327
4.0000,0.2714,-0.3227
4.0000,0.2821,-0.3150
4.0000,0.2873,-0.3120
4.0000,0.3015,-0.2996
4.0000,0.3153,-0.2869
4.0000,0.3256,-0.2770
4.0000,0.3323,-0.2703
4.0000,0.3333,-0.2686
4.0000,0.3443,-0.2563
4.0000,0.3583,-0.2404
4.0000,0.3632,-0.2331
4.0000,0.3761,-0.2170
4.0000,0.3769,-0.2125
4.0000,0.3833,-0.2018
4.0000,0.3911,-0.1891
4.0000,0.3953,-0.1793
4.0000,0.4094,-0.1591
4.0000,0.4075,-0.1542
4.0000,0.4184,-0.1361
4.0000,0.4281,-0.1184
4.0000,0.4237,-0.1144
4.0000,0.4386,-0.0904
4.0000,0.4371,-0.0822
4.0000,0.4451,-0.0641
4.0000,0.4435,-0.0548
4.0000,0.4473,-0.0398
4.0000,0.4443,-0.0310
4.0000,0.4472,-0.0157
4.0000,0.4445,-0.0055
4.0000,0.4478,0.0112
4.0000,0.4527,0.0300
4.0000,0.4540,0.0457
4.0000,0.4458,0.0523
4.0000,0.4531,0.0749
4.0000,0.4499,0.0875
4.0000,0.4401,0.0938
4.0000,0.4452,0.1154
4.0000,0.4374,0.1247
4.0000,0.4337,0.1384
4.0000,0.4379,0.1603
4.0000,0.4356,0.1761
4.0000,0.4310,0.1900
4.0000,0.4194,0.1972
4.0000,0.4203,0.2170
4.0000,0.4129,0.2290
4.0000,0.4002,0.2359
4.0000,0.3975,0.2531
4.0000,0.3826,0.2584
4.0000,0.3766,0.2726
4.0000,0.3756,0.2921
4.0000,0.3697,0.3069
4.0000,0.3597,0.3177
4.0000,0.3447,0.3237
4.0000,0.3360,0.3360
4.0000,0.3249,0.3461
4.0000,0.3139,0.3563
4.0000,0.3008,0.3644
4.0000,0.2932,0.3781
4.0000,0.2812,0.3874
4.0000,0.2684,0.3958
4.0000,0.2524,0.4011
4.0000,0.2415,0.4114
4.0000,0.2368,0.4277
4.0000,0.2167,0.4286
4.0000,0.2056,0.4384
4.0000,0.1927,0.4462
4.0000,0.1820,0.4561
4.0000,0.1632,0.4576
4.0000,0.1535,0.4681
4.0000,0.1383,0.4728
4.0000,0.1232,0.4774
4.0000,0.1034,0.4769
4.0000,0.0878,0.4805
4.0000,0.0787,0.4901
4.0000,0.0651,0.4950
4.0000,0.0521,0.5001
4.0000,0.0302,0.4959
4.0000,0.0185,0.5015
4.0000,-0.0024,0.4976
4.0000,-0.0156,0.5008
4.0000,-0.0253,0.5072
4.0000,-0.0460,0.5021
4.0000,-0.0684,0.4948
4.0000,-0.0728,0.5050
4.0000,-0.0977,0.4942
4.0000,-0.1084,0.4970
4.0000,-0.1259,0.4925
4.0000,-0.1481,0.4827
4.0000,-0.1532,0.4894
4.0000,-0.1746,0.4793
4.0000,-0.1866,0.4779
4.0000,-0.2006,0.4739
4.0000,-0.2161,0.4678
4.0000,-0.2327,0.4599
4.0000,-0.2474,0.4534
4.0000,-0.2579,0.4502
4.0000,-0.2761,0.4388
4.0000,-0.2903,0.4307
4.0000,-0.3079,0.4184
4.0000,-0.3220,0.4090
4.0000,-0.3296,0.4053
4.0000,-0.3473,0.3908
4.0000,-0.3558,0.3849
4.0000,-0.3761,0.3663
4.0000,-0.3864,0.3571
4.0000,-0.3920,0.3518
4.0000,-0.4023,0.3411
4.0000,-0.4155,0.3267
4.0000,-0.4299,0.3104
4.0000,-0.4343,0.3034
4.0000,-0.4465,0.2878
4.0000,-0.4596,0.2705
4.0000,-0.4657,0.2595
4.0000,-0.4830,0.2365
4.0000,-0.4886,0.2246
4.0000,-0.4951,0.2110
4.0000,-0.5010,0.1973
4.0000,-0.5043,0.1854
4.0000,-0.5102,0.1702
4.0000,-0.5204,0.1500
4.0000,-0.5202,0.1396
4.0000,-0.5335,0.1149
4.0000,-0.5296,0.1067
4.0000,-0.5324,0.0911
4.0000,-0.5415,0.0686
4.0000,-0.5492,0.0468
4.0000,-0.5416,0.0397
4.0000,-0.5540,0.0120
4.0000,-0.5561,-0.0061
4.0000,-0.5488,-0.0154
4.0000,-0.5548,-0.0385
4.0000,-0.5511,-0.0526
4.0000,-0.5502,-0.0700
4.0000,-0.5486,-0.0872
4.0000,-0.5473,-0.1053
4.0000,-0.5390,-0.1170
4.0000,-0.5458,-0.1441
4.0000,-0.5354,-0.1545
4.0000,-0.5295,-0.1700
4.0000,-0.5244,-0.1866
4.0000,-0.5216,-0.2060
4.0000,-0.5122,-0.2191
4.0000,-0.5142,-0.2440
4.0000,-0.4991,-0.2522
4.0000,-0.4936,-0.2703
4.0000,-0.4908,-0.2914
4.0000,-0.4785,-0.3033
4.0000,-0.4713,-0.3205
4.0000,-0.4613,-0.3352
4.0000,-0.4453,-0.3441
4.0000,-0.4411,-0.3649
4.0000,-0.4294,-0.3786
4.0000,-0.4206,-0.3951
4.0000,-0.4053,-0.4053
4.0000,-0.3928,-0.4184
4.0000,-0.3809,-0.4322
4.0000,-0.3632,-0.4402
4.0000,-0.3545,-0.4571
4.0000,-0.3407,-0.4691
4.0000,-0.3250,-0.4790
4.0000,-0.3120,-0.4915
4.0000,-0.2915,-0.4965
4.0000,-0.2785,-0.5090
4.0000,-0.2641,-0.5197
4.0000,-0.2528,-0.5335
4.0000,-0.2361,-0.5417
4.0000,-0.2133,-0.5436
4.0000,-0.1935,-0.5481
4.0000,-0.1803,-0.5591
4.0000,-0.1603,-0.5630
4.0000,-0.1523,-0.5785
4.0000,-0.1276,-0.5770
4.0000,-0.1175,-0.5897
4.0000,-0.0941,-0.5887
4.0000,-0.0810,-0.5977
4.0000,-0.0555,-0.5936
4.0000,-0.0389,-0.5982
4.0000,-0.0185,-0.5983
4.0000,-0.0062,-0.6062
4.0000,0.0148,-0.6047
4.0000,0.0385,-0.6001
4.0000,0.0548,-0.6023
4.0000,0.0751,-0.5999
4.0000,0.0976,-0.5946
4.0000,0.1185,-0.5903
4.0000,0.1337,-0.5911
4.0000,0.1453,-0.5948
4.0000,0.1710,-0.5838
4.0000,0.1896,-0.5791
4.0000,0.2012,-0.5806
4.0000,0.2310,-0.5633
4.0000,0.2457,-0.5603
4.0000,0.2615,-0.5555
4.0000,0.2799,-0.5473
4.0000,0.2930,-0.5436
4.0000,0.3170,-0.5282
4.0000,0.3350,-0.5179
4.0000,0.3542,-0.5057
4.0000,0.3686,-0.4974
4.0000,0.3800,-0.4913
4.0000,0.3972,-0.4786
4.0000,0.4163,-0.4630
4.0000,0.4326,-0.4494
4.0000,0.4385,-0.4454
4.0000,0.4564,-0.4285
4.0000,0.4754,-0.4096
4.0000,0.4787,-0.4054
4.0000,0.4974,-0.3851
4.0000,0.5146,-0.3654
4.0000,0.5156,-0.3610
4.0000,0.5285,-0.3438
4.0000,0.5424,-0.3246
4.0000,0.5511,-0.3099
4.0000,0.5656,-0.2885
4.0000,0.5752,-0.2711
4.0000,0.5849,-0.2527
4.0000,0.5908,-0.2373
4.0000,0.5994,-0.2182
4.0000,0.6144,-0.1921
4.0000,0.6140,-0.1804
4.0000,0.6233,-0.1582
4.0000,0.6226,-0.1452
4.0000,0.6336,-0.1196
4.0000,0.6393,-0.0986
4.0000,0.6393,-0.0826
4.0000,0.6384,-0.0667
4.0000,0.6443,-0.0431
4.0000,0.6518,-0.0173
4.0000,0.6523,0.0023
4.0000,0.6455,0.0152
4.0000,0.6535,0.0438
4.0000,0.6531,0.0644
4.0000,0.6534,0.0865
4.0000,0.6483,0.1038
4.0000,0.6507,0.1292
4.0000,0.6385,0.1407
4.0000,0.6395,0.1658
4.0000,0.6275,0.1785
4.0000,0.6322,0.2085
4.0000,0.6179,0.2199
4.0000,0.6131,0.2413
4.0000,0.6045,0.2594
4.0000,0.6071,0.2890
4.0000,0.5922,0.3015
4.0000,0.5887,0.3260
4.0000,0.5713,0.3367
4.0000,0.5601,0.3540
4.0000,0.5583,0.3810
4.0000,0.5384,0.3902
4.0000,0.5336,0.4147
4.0000,0.5164,0.4270
4.0000,0.5027,0.4429
4.0000,0.4869,0.4570
4.0000,0.4725,0.4725
4.0000,0.4582,0.4882
4.0000,0.4517,0.5118
4.0000,0.4297,0.5199
4.0000,0.4204,0.5408
4.0000,0.3942,0.5446
4.0000,0.3845,0.5649
4.0000,0.3691,0.5795
4.0000,0.3489,0.5891
4.0000,0.3237,0.5936
4.0000,0.3099,0.6093
4.0000,0.2969,0.6255
4.0000,0.2666,0.6243
4.0000,0.2471,0.6335
4.0000,0.2316,0.6465
4.0000,0.2095,0.6525
4.0000,0.1957,0.6665
4.0000,0.1757,0.6739
4.0000,0.1471,0.6722
4.0000,0.1285,0.6801
4.0000,0.1030,0.6808
4.0000,0.0889,0.6921
4.0000,0.0607,0.6890
4.0000,0.0425,0.6953
4.0000,0.0232,0.6999
4.0000,0.0003,0.7003
4.0000,-0.0169,0.7058
4.0000,-0.0426,0.7020
4.0000,-0.0700,0.6961
4.0000,-0.0922,0.6945
4.0000,-0.1054,0.7012
4.0000,-0.1386,0.6871
4.0000,-0.1573,0.6869
4.0000,-0.1795,0.6824
4.0000,-0.1958,0.6828
4.0000,-0.2156,0.6791
4.0000,-0.2431,0.6667
4.0000,-0.2684,0.6558
4.0000,-0.2892,0.6483
4.0000,-0.3035,0.6466
4.0000,-0.3211,0.6406
4.0000,-0.3389,0.6334
4.0000,-0.3639,0.6182
4.0000,-0.3849,0.6061
4.0000,-0.4010,0.5978
4.0000,-0.4253,0.5804
4.0000,-0.4395,0.5721
4.0000,-0.4545,0.5621
4.0000,-0.4749,0.5456
4.0000,-0.5018,0.5216
4.0000,-0.5085,0.5169
4.0000,-0.5235,0.5027
4.0000,-0.5477,0.4784
4.0000,-0.5625,0.4624
4.0000,-0.5742,0.4487
4.0000,-0.5871,0.4325
4.0000,-0.5999,0.4156
4.0000,-0.6234,0.3868
4.0000,-0.6359,0.3681
4.0000,-0.6447,0.3521
4.0000,-0.6575,0.3311
4.0000,-0.6610,0.3183
4.0000,-0.6745,0.2946
4.0000,-0.6812,0.2767
4.0000,-0.6978,0.2479
4.0000,-0.7037,0.2287
4.0000,-0.7113,0.2070
4.0000,-0.7217,0.1816
4.0000,-0.7209,0.1663
4.0000,-0.7266,0.1437
4.0000,-0.7357,0.1167
4.0000,-0.7393,0.0943
4.0000,-0.7415,0.0725
4.0000,-0.7528,0.0407
4.0000,-0.7536,0.0185
4.0000,-0.7461,0.0039
4.0000,-0.7561,-0.0291
4.0000,-0.7514,-0.0481
4.0000,-0.7491,-0.0703
4.0000,-0.7443,-0.0907
4.0000,-0.7449,-0.1173
4.0000,-0.7371,-0.1362
4.0000,-0.7413,-0.1677
4.0000,-0.7381,-0.1924
4.0000,-0.7291,-0.2119
4.0000,-0.7243,-0.2364
4.0000,-0.7104,-0.2522
4.0000,-0.7120,-0.2841
4.0000,-0.6953,-0.2981
4.0000,-0.6855,-0.3195
4.0000,-0.6781,-0.3437
4.0000,-0.6776,-0.3754
4.0000,-0.6565,-0.3867
4.0000,-0.6446,-0.4076
4.0000,-0.6327,-0.4289
4.0000,-0.6205,-0.4502
4.0000,-0.6138,-0.4772
4.0000,-0.5993,-0.4965
4.0000,-0.5735,-0.5049
4.0000,-0.5592,-0.5248
4.0000,-0.5454,-0.5454
4.0000,-0.5288,-0.5632
4.0000,-0.5198,-0.5888
4.0000,-0.4971,-0.6006
4.0000,-0.4807,-0.6188
4.0000,-0.4615,-0.6340
4.0000,-0.4369,-0.6439
4.0000,-0.4240,-0.6653
4.0000,-0.4003,-0.6757
4.0000,-0.3809,-0.6903
4.0000,-0.3502,-0.6932
4.0000,-0.3389,-0.7154
4.0000,-0.3073,-0.7170
4.0000,-0.2916,-0.7342
4.0000,-0.2618,-0.7369
4.0000,-0.2380,-0.7452
4.0000,-0.2159,-0.7548
4.0000,-0.1970,-0.7671
4.0000,-0.1694,-0.7703
4.0000,-0.1538,-0.7849
4.0000,-0.1217,-0.7826
4.0000,-0.1058,-0.7957
4.0000,-0.0704,-0.7888
4.0000,-0.0545,-0.8008
4.0000,-0.0194,-0.7929
4.0000,0.0049,-0.7951
4.0000,0.0219,-0.8038
4.0000,0.0526,-0.7982
4.0000,0.0699,-0.8051
4.0000,0.0997,-0.7987
4.0000,0.1262,-0.7948
4.0000,0.1568,-0.7860
4.0000,0.1795,-0.7841
4.0000,0.2015,-0.7821
4.0000,0.2280,-0.7746
4.0000,0.2463,-0.7744
4.0000,0.2739,-0.7639
4.0000,0.2975,-0.7564
4.0000,0.3265,-0.7425
4.0000,0.3489,-0.7342
4.0000,0.3700,-0.7262
4.0000,0.3952,-0.7130
4.0000,0.4117,-0.7074
4.0000,0.4363,-0.6926
4.0000,0.4590,-0.6788
4.0000,0.4836,-0.6617
4.0000,0.4972,-0.6548
4.0000,0.5239,-0.6335
4.0000,0.5448,-0.6168
4.0000,0.5657,-0.5990
4.0000,0.5781,-0.5886
4.0000,0.6065,-0.5610
4.0000,0.6264,-0.5409
4.0000,0.6346,-0.5312
4.0000,0.6583,-0.5049
4.0000,0.6774,-0.4819
4.0000,0.6898,-0.4646
4.0000,0.7059,-0.4424
4.0000,0.7186,-0.4225
4.0000,0.7322,-0.4004
4.0000,0.7421,-0.3809
4.0000,0.7610,-0.3514
4.0000,0.7663,-0.3343
4.0000,0.7827,-0.3050
4.0000,0.7849,-0.2887
4.0000,0.7962,-0.2622
4.0000,0.8016,-0.2406
4.0000,0.8127,-0.2123
4.0000,0.8278,-0.1788
4.0000,0.8262,-0.1610
4.0000,0.8327,-0.1341
4.0000,0.8374,-0.1080
4.0000,0.8424,-0.0806
4.0000,0.8415,-0.0580
4.0000,0.8532,-0.0220
4.0000,0.8558,0.0058
4.0000,0.8527,0.0289
4.0000,0.8549,0.0581
4.0000,0.8552,0.0863
4.0000,0.8494,0.1092
4.0000,0.8433,0.1326
4.0000,0.8454,0.1649
4.0000,0.8353,0.1859
4.0000,0.8344,0.2168
4.0000,0.8218,0.2365
4.0000,0.8214,0.2693
4.0000,0.8083,0.2899
4.0000,0.8012,0.3171
4.0000,0.7893,0.3400
4.0000,0.7825,0.3686
4.0000,0.7761,0.3981
4.0000,0.7565,0.4149
4.0000,0.7477,0.4428
4.0000,0.7303,0.4625
4.0000,0.7134,0.4831
4.0000,0.6977,0.5053
4.0000,0.6849,0.5305
4.0000,0.6755,0.5594
4.0000,0.6504,0.5729
4.0000,0.6308,0.5920
4.0000,0.6246,0.6246
4.0000,0.6005,0.6395
4.0000,0.5799,0.6577
4.0000,0.5650,0.6818
4.0000,0.5350,0.6908
4.0000,0.5232,0.7178
4.0000,0.4976,0.7311
4.0000,0.4703,0.7424
4.0000,0.4499,0.7605
4.0000,0.4255,0.7743
4.0000,0.4019,0.7887
4.0000,0.3754,0.7998
4.0000,0.3547,0.8165
4.0000,0.3279,0.8267
4.0000,0.3051,0.8404
4.0000,0.2733,0.8447
4.0000,0.2518,0.8589
4.0000,0.2263,0.8684
4.0000,0.1895,0.8662
4.0000,0.1657,0.8763
4.0000,0.1342,0.8782
4.0000,0.1181,0.8947
4.0000,0.0803,0.8889
4.0000,0.0558,0.8956
4.0000,0.0284,0.8987
4.0000,-0.0040,0.8960
4.0000,-0.0316,0.8973
4.0000,-0.0625,0.8943
4.0000,-0.0872,0.8968
4.0000,-0.1109,0.8993
4.0000,-0.1407,0.8947
4.0000,-0.1725,0.8872
4.0000,-0.1965,0.8865
4.0000,-0.2209,0.8844
4.0000,-0.2573,0.8693
4.0000,-0.2849,0.8617
4.0000,-0.3144,0.8513
4.0000,-0.3362,0.8475
4.0000,-0.3666,0.8339
4.0000,-0.3896,0.8266
4.0000,-0.4109,0.8197
4.0000,-0.4396,0.8043
4.0000,-0.4659,0.7902
4.0000,-0.4929,0.7740
4.0000,-0.5204,0.7563
4.0000,-0.5448,0.7403
4.0000,-0.5600,0.7323
4.0000,-0.5855,0.7126
4.0000,-0.6082,0.6946
4.0000,-0.6272,0.6789
4.0000,-0.6490,0.6591
4.0000,-0.6801,0.6288
4.0000,-0.6927,0.6157
4.0000,-0.7136,0.5930
4.0000,-0.7288,0.5746
4.0000,-0.7542,0.5448
4.0000,-0.7669,0.5264
4.0000,-0.7913,0.4950
4.0000,-0.8059,0.4721
4.0000,-0.8123,0.4561
4.0000,-0.8297,0.4279
4.0000,-0.8449,0.4005
4.0000,-0.8602,0.3719
4.0000,-0.8692,0.3482
4.0000,-0.8877,0.3138
4.0000,-0.8952,0.2893
4.0000,-0.9022,0.2640
4.0000,-0.9127,0.2339
4.0000,-0.9199,0.2061
4.0000,-0.9220,0.1821
4.0000,-0.9360,0.1452
4.0000,-0.9429,0.1142
4.0000,-0.9401,0.0919
4.0000,-0.9423,0.0634
4.0000,-0.9516,0.0268
4.0000,-0.9493,0.0007
4.0000,-0.9554,-0.0348
4.0000,-0.9472,-0.0569
4.0000,-0.9452,-0.0861
4.0000,-0.9504,-0.1235
4.0000,-0.9439,-0.1500
4.0000,-0.9345,-0.1746
4.0000,-0.9402,-0.2151
4.0000,-0.9240,-0.2343
4.0000,-0.9253,-0.2719
4.0000,-0.9148,-0.2985
4.0000,-0.9004,-0.3218
4.0000,-0.8961,-0.3558
4.0000,-0.8794,-0.3780
4.0000,-0.8716,-0.4098
4.0000,-0.8594,-0.4377
4.0000,-0.8454,-0.4643
4.0000,-0.8297,-0.4896
4.0000,-0.8172,-0.5186
4.0000,-0.8010,-0.5442
4.0000,-0.7796,-0.5650
4.0000,-0.7719,-0.5998
4.0000,-0.7445,-0.6151
4.0000,-0.7333,-0.6469
4.0000,-0.7088,-0.6655
4.0000,-0.6945,-0.6945
4.0000,-0.6685,-0.7118
4.0000,-0.6518,-0.7386
4.0000,-0.6243,-0.7545
4.0000,-0.6033,-0.7768
4.0000,-0.5737,-0.7905
4.0000,-0.5490,-0.8090
4.0000,-0.5277,-0.8306
4.0000,-0.5009,-0.8466
4.0000,-0.4684,-0.8566
4.0000,-0.4530,-0.8835
4.0000,-0.4196,-0.8919
4.0000,-0.3963,-0.9102
4.0000,-0.3699,-0.9248
4.0000,-0.3325,-0.9280
4.0000,-0.3114,-0.9470
4.0000,-0.2714,-0.9465
4.0000,-0.2462,-0.9603
4.0000,-0.2155,-0.9680
4.0000,-0.1877,-0.9778
4.0000,-0.1496,-0.9767
4.0000,-0.1255,-0.9888
4.0000,-0.0980,-0.9967
4.0000,-0.0621,-0.9954
4.0000,-0.0326,-0.9997
4.0000,0.0055,-0.9945
